-4.842543433558962995e+00
-5.620356620234923994e+00
-4.787488290801176660e+00
-5.623587823629863536e+00
-4.979398815724224825e+00
-4.769875800491663931e+00
-5.626283420197426111e+00
-5.749465074590661473e+00
-5.341203406111358021e+00
-5.138891447548625813e+00
-4.883797737230482383e+00
-5.796898345699313282e+00
-5.926644067056215270e+00
-5.963189125039120242e+00
-5.170002748775866408e+00
-5.010105406754121304e+00
-4.913772275988836924e+00
-3.547767810368336328e+00
-6.692393208999568799e+00
-5.299041861463128278e+00
-3.430324707171612086e+00
-6.071559714230080118e+00
-6.283565261888762521e+00
-4.515138847331389371e+00
-3.935753981184020311e+00
-5.157540348054247659e+00
-5.522532295524616330e+00
-5.483441199836619262e+00
-5.715840131970174376e+00
-6.922546815882865801e+00
-4.574368325600371321e+00
-4.213546534559814205e+00
-5.801695611966573907e+00
-4.447392162294356410e+00
-4.026856853766011213e+00
-6.930020603457316852e+00
-5.505005715854453641e+00
-4.762574047492327267e+00
-4.651705320546972722e+00
-5.455508887526772988e+00
-6.810216285894270527e+00
-6.294374848599022521e+00
-4.189235713633603808e+00
-4.148076163064266630e+00
-4.579465257897420649e+00
-4.927318568579130975e+00
-4.855826652514194208e+00
-4.392616789869922655e+00
-4.393652868465937722e+00
-5.227979406418499231e+00
-5.198247780190046186e+00
-4.992462116532141891e+00
-6.105232148204823517e+00
-4.652521243668308770e+00
-4.040959710537584293e+00
-5.724613866861862022e+00
-6.002007736337736432e+00
-6.584809996601078907e+00
-6.374952019880759657e+00
-3.961651549526958416e+00
-5.522179542871348268e+00
-4.521353218767462323e+00
-6.136805363022292070e+00
-4.956794446062485981e+00
-4.858330738082052846e+00
-6.727259359667986161e+00
-4.980325797084265815e+00
-5.026910237940062309e+00
-4.558283492821511018e+00
-4.537362738344107527e+00
-5.472575734736669695e+00
-5.082084648585985853e+00
-5.227024732646734506e+00
-4.669961241392845075e+00
-2.884745494533295318e+00
-4.998884422733889998e+00
-4.851839058291777640e+00
-3.805719476848504979e+00
-6.071902240024916964e+00
-3.745299790471462220e+00
-5.432375340877316994e+00
-6.291406117760287131e+00
-5.445289338307430782e+00
-4.652424636723382356e+00
-8.873521070838107150e+00
-6.084243227618983951e+00
-4.057011597769771605e+00
-5.870718556785670117e+00
-4.646428839653511389e+00
-5.871079485684533417e+00
-4.586194340669066172e+00
-4.626316607376420365e+00
-4.573202545863239266e+00
-4.973538109538035101e+00
-4.108869229080217345e+00
-4.960683709311866529e+00
-4.317944267153190907e+00
-4.106978451443054290e+00
-6.159410092640537293e+00
-4.020719521334501501e+00
