-9.057298776685430042e+00
-8.544261977018880572e+00
-8.848511575100612703e+00
-9.622587671644790674e+00
-9.138648402928353676e+00
-1.003185454062953141e+01
-9.134570012056242305e+00
-8.406322586243764050e+00
-9.441178073281284000e+00
-1.012066642619390855e+01
-9.972645978550600532e+00
-8.944407866612252178e+00
-9.532126204220851662e+00
-9.773489672363337988e+00
-9.415394750363498488e+00
-9.300030141016074836e+00
-8.817576276243361377e+00
-8.681916790584928378e+00
-8.775770804767748956e+00
-9.523891976713747098e+00
-9.718029039362342303e+00
-9.813856374979847530e+00
-9.869844702466300745e+00
-8.711833697860567938e+00
-9.208992678907680585e+00
-9.312126304898448836e+00
-9.672772563431971449e+00
-9.349149375627778369e+00
-1.023684686801230548e+01
-9.246867302265700417e+00
-9.209752861740776453e+00
-9.948518771347105272e+00
-8.885533635652629769e+00
-9.223702638624697414e+00
-9.470442447982737377e+00
-9.217299910933817841e+00
-9.259683083527589176e+00
-9.257229520317222793e+00
-1.007748861350452074e+01
-1.029792072397779457e+01
-9.069076178193194337e+00
-9.250216461961105807e+00
-1.055797635721014061e+01
-9.362380504827839900e+00
-8.621585733508320359e+00
-9.873346583985748381e+00
-9.876584697704849702e+00
-8.925831522776324078e+00
-9.307308130530456580e+00
-8.355029440347431446e+00
-9.235509876786917260e+00
-9.909576966478066851e+00
-9.637403166591381520e+00
-9.432140247940569822e+00
-9.511973213142207229e+00
-8.355330997857413067e+00
-9.117031531569100622e+00
-9.559985748053941634e+00
-8.784255572668518752e+00
-9.451758025937577301e+00
-9.867194822087867578e+00
-1.022579243429800933e+01
-8.972316090826472745e+00
-9.719206410665965024e+00
-8.961552965239075519e+00
-9.302427087493837732e+00
-9.285534896229332702e+00
-9.262464980900192657e+00
-9.548882046403191382e+00
-8.897845425950833942e+00
-9.717167403749858323e+00
-8.560724007937027480e+00
-9.680719782464759504e+00
-9.643381650808814598e+00
-9.258499406627249684e+00
-9.765449491282788941e+00
-9.780713877976587867e+00
-9.190279034994720320e+00
-9.473961931517399293e+00
-9.178942302151863686e+00
-8.819151652625720317e+00
-9.973307203588877456e+00
-8.443183777790133959e+00
-9.894029155405299036e+00
-9.426296166774665863e+00
-9.181243666291354799e+00
-1.006329502020434852e+01
-9.126584932348569268e+00
-8.124996446142391804e+00
-9.228609652073043179e+00
-9.300069996414306317e+00
-9.161625580450335704e+00
-9.464703851178075666e+00
-9.825674267318506239e+00
-8.289415381522141857e+00
-9.838127688543210070e+00
-8.659676645933304329e+00
-8.766923626169610628e+00
-9.590401688723668272e+00
-9.463956085629421366e+00
