-4.169336225220120484e-01 2.714165317545191858e-01 -2.767192766894980838e-01 3.374628682639307375e-01 1.848089860090701975e-01 1.825961273466421893e-03 -1.001864557017024121e-01 1.644404795024278221e-01 2.587168518286533381e-01 2.749160427893383440e-01 5.997167586482937685e-02 -2.533352487702826839e-01
2.930563666673572376e-01 5.780348505438197559e-01 1.201152260566382690e-01 2.458223488303350468e-01 -5.195893439629539062e-02 -2.671281844291540919e-01 2.818639990732759171e-01 -2.884331122936433234e-01 5.258878238782019876e-01 5.842452003559256424e-01 -3.094303550312604290e-01 -2.936156266860212929e-02
-5.370108695773265911e-02 -6.930850530826057621e-02 3.945829505526264325e-01 3.678417361552777098e-01 4.964853458669809538e-01 -3.192055502394464811e-02 5.265625995029191708e-01 -5.399374111824566391e-01 3.557349736802522533e-01 -1.212328130097041906e-01 -5.908612125196872900e-02 -2.131242572469520258e-01
-5.038068676522441391e-01 1.882015310032113531e-01 -4.440655075710780997e-01 2.610869819284959426e-01 1.175094489378944451e-01 -2.474697752309778023e-02 -3.164553652196865907e-01 -3.292965381705890704e-01 4.157244278875014271e-02 -5.784637674943239778e-03 5.428174886665587673e-01 -6.201439928989900541e-02
2.846310366958478277e-01 1.083207527525426039e-01 -1.812610216472642921e-01 4.190203291054803159e-02 -1.657982000646041898e-01 -4.877267917920242724e-01 -8.156212912720657571e-02 3.318374975313510000e-01 2.429580784698558427e-01 1.874252960744300645e-01 -5.040445046941279678e-02 9.288076451261842448e-02
-4.421143676465301708e-01 -6.193032870525204681e-01 8.666914613823537006e-02 1.153952411236568720e-01 -3.701099544297075661e-01 9.504398967032363921e-02 1.012718765431425555e-01 -5.765160244166910308e-01 -8.137181082707471702e-02 3.468932347152751672e-01 -1.080043722066169193e-01 1.243149274648732705e-01
9.910005955166429834e-03 4.767997589171583117e-01 -4.438603180897220946e-01 5.429159742946405576e-01 2.505123215162714523e-01 2.358022051249461515e-01 -1.669828701330782206e-01 6.332422975699395495e-01 -5.914359507646976821e-01 3.707752834342362136e-01 -1.656421658869156321e-01 -4.647253858864675014e-01
1.053912540814038873e-01 5.180349632405880506e-02 1.028422207289349383e-01 1.974127782277602938e-01 2.987118377318940809e-01 -1.543618546862212948e-01 5.935661579808787502e-01 3.147128862677495698e-01 -1.551845383770561193e-01 9.669577570152946069e-03 4.287955369544019790e-01 -1.133021615405288389e-02
8.886055967586009574e-02 -5.927541994107865531e-01 7.186380820475095632e-01 -3.585636694720368417e-02 -1.498875441947613851e-01 -8.261926491395761574e-02 1.233544026364886137e-01 -1.131146983608931345e-01 -1.315595136097553741e-01 1.713277545666409274e-01 2.695059478945783030e-02 -2.000739382731400173e-01
2.396199762603800631e-01 -4.904886455822549118e-01 1.000585625340979778e-01 1.044495693032893441e-01 -5.095429939620318288e-02 -2.096542271416929337e-01 -1.246003435366886403e-01 -4.047619973622074152e-01 -5.744275650015243651e-01 6.766082298630587966e-02 -5.217433951652316465e-02 -2.250197494491574801e-01
-4.954568494015029745e-03 -9.365063607407485280e-03 -4.205057625500132068e-01 -6.494100484039955212e-02 -6.560122157015592093e-01 -5.200843924695763842e-01 -6.299494525126106415e-02 1.332729635825219972e-01 -4.920411340982480675e-02 7.117391162535337268e-02 2.140796165222932090e-01 7.331528621312047300e-02
3.631211754325096019e-01 -5.894740274699769578e-02 -3.218708464687547455e-01 4.076385347950460258e-01 6.922612283137242750e-01 -1.610683214558234766e-01 -1.074038236421884368e-01 3.180669766717161284e-01 4.104067272957116486e-01 -3.924429620912963101e-01 -2.526208140468469421e-01 6.392055725987082215e-02
-3.523900047689409454e-01 -4.184137598329067398e-01 -3.721950036837650688e-01 -1.305721196231141024e-01 1.898055948248683900e-01 7.169028723667458802e-02 9.060495424101509820e-02 -9.552252990275830746e-02 3.257036818312815663e-01 3.221665155119375346e-01 -1.469915809158284514e-01 7.534702714416464941e-02
-3.095395310358219909e-01 2.049679913891279681e-01 -2.940436639101682292e-01 3.491500903699367164e-01 8.974053322066158356e-02 -5.874238352955009068e-01 7.482242575316662425e-02 4.189344320923225895e-02 -3.756245412214974100e-01 6.690395464490560273e-02 -2.859497559985202386e-01 1.562569060201419169e-01
1.967619210834979648e-01 3.237891348917930345e-02 5.387565357834367408e-01 2.861195556422371777e-01 2.646250401752786030e-01 -2.448267432869339344e-01 -3.224099821670428634e-01 -1.070351920031189508e-01 -2.414304483862579898e-01 3.961388204930225143e-01 -3.413414189337407589e-01 -5.235258105826620101e-01
-2.266101386416526642e-01 2.872285040315212812e-01 -1.727941697126183784e-01 1.109727785355385382e-01 -2.622475003294253426e-01 6.637405664423001728e-02 1.137664098104038124e-01 1.857044537413435614e-01 -2.197239312865833516e-01 1.052054754522961516e-01 6.326324534197441674e-02 -1.145123420714729834e-01
1.329049752740536494e-01 -8.933158350111002066e-02 -8.181062858174763253e-02 4.498587533953423701e-01 1.358138413320475191e-01 4.974173796788765589e-01 -4.804622082675656936e-01 7.744934305429890253e-02 -2.541716618416062778e-01 5.344940707357160870e-01 2.777545718339611280e-01 -1.146477355328315850e-01
8.314694514290714433e-02 3.238604972295678341e-01 1.874538045055887045e-02 4.956235533909734148e-01 8.305638971458714770e-02 2.686977660378460017e-02 4.775151118511631876e-01 -2.169016706834076685e-02 -2.250304323930015504e-01 -1.346561022899523119e-01 1.660894692519628568e-01 -7.415126846672791261e-02
-1.470074305793964697e-01 -6.302635461113240134e-02 -1.704138679379737231e-01 -4.688034508576086751e-02 1.822783771261723418e-01 1.854385776797840557e-01 3.427074179907921847e-01 3.895091422635765244e-01 -2.437830191174598926e-02 1.015791915127111505e-02 7.844450415401224563e-02 2.450290589149572151e-01
5.983189900338906630e-01 -5.968833692900183951e-01 -1.329556956946547908e-01 -3.430370915775005775e-02 7.196069552308817507e-02 -5.146800159727895618e-01 -1.157082080183395312e-01 1.823265998683535338e-01 6.279767557230810926e-01 -7.850284461769267697e-02 -2.212773456398432204e-01 4.288709538162410045e-02
-3.137959577817096002e-01 -1.341493693200836723e-01 -3.676713135904035590e-01 -2.596572011993455442e-01 -7.348053993208419898e-02 -9.176388225205744931e-02 2.913674358319069957e-01 -3.251087274268454896e-02 2.711843618994556060e-01 -1.801776142691467186e-01 -4.838902634889120646e-01 6.725950402510535442e-01
-1.460047848337419490e-02 -1.636805578104663650e-01 -6.060486594185036935e-02 2.395490716613917631e-02 5.177973514556291068e-01 1.897543036276145567e-01 -4.011780725895591204e-01 -3.545930438800961038e-01 3.574392678745834107e-01 -1.881806887414662066e-01 -4.113794422696989139e-01 -3.836325953350164242e-01
3.257007148519312500e-01 -2.848793376907709507e-01 -1.714455700134943639e-01 -4.183843567465305724e-01 1.852598258924596231e-01 3.503033416512817966e-01 -3.720879238959245439e-01 3.980318312815128885e-03 -2.018141440116825169e-01 -8.594889694689278326e-02 -1.937675027831077257e-01 -2.398568655685626716e-01
5.147316890939671596e-01 6.144547862243359554e-02 -1.187662764326748513e-02 7.324765891697006259e-02 -6.565613904976758120e-03 5.860625016605575111e-01 2.635385828200527691e-01 8.376934261879211141e-02 -4.336876476325779994e-01 1.109434738614688137e-01 -4.163990878152065145e-01 4.977709755394540414e-01
-7.129201095070161753e-02 1.557695761376182431e-01 3.623329813002730271e-01 -1.713530683505842811e-01 4.463937775748165193e-01 -7.017985588973982281e-02 -3.978100365303163799e-01 2.600549044788605380e-02 -1.712039505204190071e-01 5.238146378828319183e-02 -5.035576117845055322e-01 7.014537956159664356e-01
-7.531490742455686227e-02 1.933525710294685396e-01 1.728374848290775007e-02 1.078937034884201590e-01 -2.226391968659006959e-01 2.621088752467529148e-01 -2.670169575116229654e-01 -1.426363475597633435e-01 -1.739951079539515388e-01 -3.411981529294023097e-01 2.757580572787754133e-02 6.364030688663081525e-01
-1.792524457748377043e-01 -1.194752478725392142e-01 1.215464492632362670e-01 -1.579941569482143926e-01 1.307370027458051587e-01 3.453896817069544434e-01 -1.803216880282977330e-01 -2.220150940517515437e-01 -3.574586265218235859e-01 -3.723942436910740450e-01 1.447608719569475066e-01 7.847785951830082984e-02
-3.783415291254476481e-02 -3.984472832281636956e-01 -7.833786455296187778e-02 3.785159721582750936e-01 -2.999402196597965031e-01 7.711351439994706958e-02 -1.230650666967351425e-01 1.566769646557606976e-01 -3.908231089389301305e-01 -6.615722706314594581e-02 4.654375599500190086e-01 3.232651692897773876e-01
-4.147078234715655953e-01 -3.275534006344107407e-01 -4.152033107712454485e-01 6.711504385264691064e-02 -4.469796657220709984e-02 -3.162486089382907650e-01 2.734694520020334862e-01 -2.795118127599157676e-01 1.311961913875115404e-01 -4.191612745102025750e-01 -1.286536866395757706e-01 -1.508801817788844391e-03
2.078160779921377210e-01 -1.935513995181916413e-01 2.984077144157927242e-01 1.664710849256222092e-01 -4.980034353002618652e-02 -8.206601379133318663e-02 -1.361218592698588692e-01 -2.746029415676394247e-01 -1.756754496888133232e-01 -1.720799876654767468e-02 4.296854247896133572e-01 -9.458830384829423898e-02
5.808193791401551342e-01 -1.046294256170344217e-01 -3.509391888459795772e-01 3.819160352778666612e-02 1.100766364018650328e-01 -2.833407159035907230e-01 3.885405266482478415e-01 -1.033296069523493288e-01 1.319193274703154561e-01 -2.404976023217663128e-01 -5.355168613942947742e-01 9.366204289152583184e-01
-1.497252828595268814e-01 9.160894474226113915e-02 -1.301793491366606825e-01 -2.166621106303638078e-01 1.470358506440138380e-01 4.119357121064990412e-01 1.249383532969740168e-01 -2.286851551032128838e-01 -1.902252414403698619e-02 -6.687532536172123843e-01 -1.298594646775002859e-01 -4.568034609758233611e-01
1.901906280163888352e-01 -5.081478418585634316e-01 2.029263108082106082e-01 2.090402588312161858e-01 -6.590808859451365020e-02 -2.346020686679342604e-01 3.291368600651773391e-01 1.044641667572363819e-01 7.813787486674080851e-01 3.075411347704938847e-01 -2.799159091066820079e-02 -2.854957068893195782e-01
-4.821794067154288460e-02 -1.806652577976715357e-01 -2.333844886401314211e-01 -2.739443203053820372e-02 2.616739146184763332e-01 3.097222721005991053e-01 -4.338981380095736223e-02 1.009370847329350840e-01 -6.278283347698424000e-02 6.180302522659814751e-02 -2.863952756035899605e-01 2.471664887397237442e-01
2.184668960330169718e-01 4.491811585717418731e-02 -3.345778797629671564e-01 6.302145702100530045e-01 -3.033501307619275722e-01 -6.203880067274282657e-03 -4.682076281045885469e-01 1.177657688521629720e-01 4.219006709197185567e-01 -9.429788150892882970e-02 -4.155184040702668002e-01 2.886742173504861300e-02
-5.661104334072149247e-02 -5.762373311966086792e-02 -4.029109692483714977e-01 -6.605240272895543940e-01 4.407679689619568575e-01 3.034245042098732137e-01 3.528327741419939323e-01 7.579510674460320299e-03 -2.861701185552419924e-01 1.605722454248142417e-01 2.506570242280077854e-01 2.898121685608480713e-01
-9.522414916745176872e-02 4.574999502471522456e-02 6.746132040153625387e-02 3.019907562768504583e-01 -1.299417003925720793e-01 -3.077281843384528370e-01 1.095617059487252049e-01 6.752666387887998334e-02 2.968882204929985669e-01 1.699807276883776030e-01 -8.774800583581733593e-02 -3.888157047074374262e-01
9.128992676859302990e-02 1.224784215535638758e-02 -4.068064073952356030e-01 6.178681973718361808e-01 4.006558605475022961e-01 5.722065287529756739e-02 3.579514338644090299e-01 -3.362249501308955391e-01 1.473650347878405487e-01 3.909179806007117008e-01 -3.458554266463318427e-01 -6.170478234709363408e-01
3.118908486141056535e-01 -2.834486252602739231e-01 -3.261258817254191755e-01 -4.244040791694914105e-01 -1.230594758886283807e-02 -2.608120820169555487e-01 -4.900010941744725040e-02 -2.614704624028833455e-02 -3.526704278800880110e-01 -4.008625133201009771e-01 -2.173896832006258217e-01 6.261070170603800777e-01
-2.313520390503568391e-01 -1.850208287207348035e-01 -4.079264561251793042e-01 3.458042163101863187e-01 1.898948630947209781e-01 -2.603641312556537191e-01 -8.618472508721146397e-02 -4.620207525149569450e-01 1.508771518107301091e-01 -9.684062012018805621e-02 -4.486048963265525935e-01 -4.443234406378114842e-01
1.107020109705485061e-01 -3.616539472295889068e-02 -3.149118320315261177e-01 2.034006508074913400e-01 -3.251858210164700336e-01 5.833274223478811527e-01 -7.244413888493861364e-02 3.316271195624098111e-01 -1.965727638448692624e-02 -1.314219150948759962e-01 6.180729368054069250e-02 9.152218641780505981e-02
2.534387361444403464e-01 5.877170974204794923e-02 2.884409872614425094e-02 2.228347762837417367e-01 1.491612109045837298e-01 -8.698402856510370484e-02 -4.344418918811072949e-02 2.596861721030244707e-01 -4.909536023460548543e-02 -5.701839031353450604e-01 -1.189520058900239707e-01 -1.639959659141127304e-02
-3.215088897558844305e-01 4.131998414139236020e-02 -1.388253587976119308e-01 -1.735737390054824247e-02 1.519183473589444666e-01 -6.655735397828485000e-01 -9.586394816746753034e-02 -2.716593348698521926e-02 -2.344565335248741111e-01 -5.606659259880607538e-01 -1.686932637966479520e-01 -4.588355830793042212e-01
1.023810139277753356e-01 -1.566615402195826734e-01 -6.739356216887373296e-01 -1.085770678434189312e-01 -2.267382948004149634e-01 7.980531406310613363e-02 4.971525988641384286e-01 1.743516394886816256e-01 -2.624760154672068357e-01 3.300629380721935568e-01 1.137946270585380865e-01 1.105754217755844510e-01
4.095972950625125786e-01 -3.683953895406084644e-01 -3.942795215417162907e-02 -2.562801532962016293e-01 4.650773585457120274e-01 3.158946209281477402e-01 6.964478559117254219e-01 7.015966158029961208e-02 2.732019379960302641e-01 2.517659047037411058e-01 4.161090707885684720e-02 -3.412467323609383874e-01
-3.173112338900365703e-01 -4.792006778237871134e-01 -9.734187283516289313e-02 1.303659708764618452e-01 -4.184893426156135465e-01 2.452220630927099410e-01 -4.690441145205549445e-01 1.166316198171319096e-01 -2.446667850341281980e-01 -7.282479306086227233e-02 2.896545899122575651e-01 2.684695828466557854e-01
5.432505845976483283e-02 -3.642641680953093153e-01 -8.008671670147684066e-03 -2.606738860039889416e-01 -2.336900610598049155e-01 1.883010470078780030e-01 -3.697046235824134608e-01 3.259313551579980928e-01 3.501997687028806094e-01 -1.514497950894183875e-01 -1.848000992255711128e-01 -4.483086426022189763e-01
-3.999883092447729244e-03 -1.721089117883432829e-01 -5.442299636300307331e-01 6.478397843413957746e-01 2.892674602117949537e-02 -3.359368845260584657e-01 2.291844315366384499e-01 3.355776047046668542e-01 -2.739324671198054006e-02 8.693308188409895609e-03 6.322290030868060740e-01 1.639844898265024609e-01
1.000277941158912443e+00 -1.049462472885335194e-02 -4.545758953713325279e-01 -3.326189056787724474e-01 7.356236124266973819e-01 -5.069166015848038109e-02 5.720741002949135401e-03 2.274913785082096074e-01 -2.512349088105546024e-01 -3.547443890464667127e-01 -1.748598352166072789e-01 6.456479408335689951e-02
-2.380551594719492736e-01 3.927472252745783238e-02 1.878584082010455181e-01 5.272606226710869759e-01 2.409121878937750261e-01 1.635831601436689986e-01 2.375516560545293948e-02 1.305352573035675756e-01 -1.385404176682416937e-02 2.686822123281547015e-01 8.496429533289834302e-01 -1.941714301622250727e-01
-6.909726366582136237e-02 -3.613052835258610540e-01 8.084446618582132038e-02 -4.542596289348990735e-01 4.682111064756671048e-01 1.256931895582382719e-01 -4.356600219594783385e-01 6.186255980573692748e-01 9.988991093721144576e-02 -1.820018919599980245e-01 -3.280053563718771797e-02 4.892931821306530371e-01
2.630404604535869217e-01 -2.273909230888002952e-01 1.619809827503500832e-01 -4.667301107680030259e-01 -1.454782048288032203e-01 3.211022275148855409e-01 7.284272643447267659e-02 -3.334645903109994536e-01 2.986314381818344632e-01 -3.325993983440359014e-01 -4.428233373040305620e-01 -2.879173357037209113e-01
1.871290223983578249e-01 -3.377618440122418658e-02 1.650378209620063374e-01 6.594381424503804878e-02 -5.103581477772020092e-01 -3.232954559591874610e-01 -2.323501578389511879e-01 1.000697080886347318e-02 1.864418574874769641e-01 -1.906414169007566994e-01 -1.001483851735614390e-02 -2.062967954274781690e-02
-1.359227969759387311e-01 7.161756432456972687e-02 1.193792285503540440e-01 4.554675545465452502e-01 8.873589148204047428e-02 1.588575944882890667e-01 -5.811159672216548167e-01 -1.803750834113732882e-01 -3.699105062454139392e-01 2.181160237466637369e-02 1.432229007270217624e-01 -1.374045424842834304e-02
-1.145467325092660617e-02 -2.363862625738730738e-01 2.718410013947649209e-02 -1.086735479829858547e-01 -2.517060970365283742e-02 1.430725702157354708e-02 -7.624193990624442141e-02 2.201270819033383785e-01 -1.935701866093246515e-01 -5.834384145632251495e-02 1.338867477967659037e-01 -2.233689741080064628e-01
2.560180256773545437e-01 1.307402055446185707e-01 3.570934499842485788e-01 3.256356872605607050e-02 6.246515458430250689e-01 4.608858718671953736e-01 -1.608404982147030593e-01 -1.922904588481451904e-01 2.534446832606764843e-01 1.881703130109491084e-01 1.782266893863287405e-01 -1.945960198568024435e-01
8.151351942124954175e-02 1.201414209808191469e-01 -3.385015998241699964e-02 2.426758218209051354e-01 2.242433539325110452e-03 -6.239799499117845705e-02 3.185226038062886622e-01 2.179479061629527592e-01 -1.209513321342453457e-01 -9.735884850353086761e-02 -3.580588078889808124e-01 -1.183321792148742981e-02
9.253701065536436288e-02 1.756666359052334314e-01 -2.176779633155536409e-01 -2.167374880399822457e-01 3.362509828321799676e-01 -1.535117908854145286e-01 2.415905184919696636e-01 -2.089908325100648112e-01 1.264210354638580780e-01 -1.631251622104679389e-01 -5.044700292822738019e-01 -1.611527228779872228e-02
7.057087561785965746e-02 1.579769702920418295e-01 2.450330548569854272e-01 9.661332103986826347e-02 3.898823268812789400e-01 -2.056667285642584941e-01 -4.177569153912502609e-01 4.747949576985457387e-01 4.613349022945281708e-02 -1.927235281007045609e-01 9.481373942589983728e-02 3.181651202600642714e-01
-1.095167231737176859e-02 2.575223017911770218e-01 -3.493648684504975510e-03 -2.624064303729969905e-01 -3.966349545434538076e-02 1.510425681389095387e-01 1.062479287735346584e-01 -6.779692759785967138e-02 2.627311737297620686e-01 2.200645765135933463e-02 -9.244565667949454502e-02 -6.137778619139689917e-01
6.273606736588747956e-02 7.069185351903975456e-02 1.017730302755792127e-01 -1.547933225267701662e-01 2.624210534898829827e-01 -7.626665982630338736e-02 -7.261250426928317347e-01 -3.265691674343614848e-01 1.531589944940071023e-02 -3.109332831119252516e-01 -3.078453315561096026e-01 3.618371614241976397e-01
6.703354059529161024e-02 -2.164615453190620598e-01 5.589744220461434487e-02 1.620482699196741094e-01 -2.748961137778893615e-01 5.885421835716415639e-01 -3.081424201997017276e-01 -7.062878897352264929e-01 -7.716195887674198728e-01 -5.996425524917571304e-01 3.328225361207231559e-01 1.610121846991343086e-01
-1.769435530699017475e-02 4.426030035856197697e-01 -2.669964496962546133e-02 1.164600266042039312e-01 1.110831425026344993e-01 -2.014790707766709044e-01 5.411836989262157165e-03 3.939506923820282891e-01 -6.132184104395650009e-02 -4.815618712123941880e-01 4.355157218739376668e-01 -1.051819552357943950e-02
-2.437650727031296163e-02 -1.476089257759554685e-01 -2.219515358731741494e-01 1.424772445386773001e-01 -5.806510528173288582e-02 -4.481909311921800643e-01 4.424341229249835195e-01 -4.759214058378063994e-02 3.704008526215189501e-01 -4.045460779947474550e-01 -2.107823662875484005e-02 -3.565916696817622022e-01
6.734507261344745144e-02 -3.107431186015289365e-02 3.143165095579558699e-01 -4.919390324471591830e-02 -4.588849349121519317e-01 4.159674069867660973e-01 -4.891577109673397178e-02 -3.497048586359414735e-01 1.160538779542249627e-01 4.585611142846680172e-02 3.770063087178528449e-01 3.442836216680766337e-01
-4.431406247052843139e-01 -4.208685569566708584e-01 5.349961042116486709e-01 6.589643463288001601e-02 -1.332734340673548401e-01 -1.318188652961453378e-01 -2.512984673053256582e-02 4.490438529038902060e-01 3.197729677506617740e-01 9.146818978461115912e-02 2.350891647786208793e-01 -3.890073153973481745e-01
9.560739344452942601e-02 4.992620730849181565e-01 -3.878526721649733222e-01 4.602586885608888623e-01 3.092115845020552145e-01 -3.663629266060742379e-02 -3.422479370632105500e-01 -3.588241706276971144e-01 -6.360991756663665619e-02 -3.539307852936379034e-02 -4.371056411687165161e-03 -1.491175599409481738e-02
9.057587321191455654e-02 1.507201268348879464e-01 -1.288679003370603315e-01 3.461031723744594779e-01 -5.399049494656144033e-01 -1.993953787333727079e-01 2.895469854287539002e-01 2.129114078977773217e-01 2.570294904745696329e-01 -4.021719585934168534e-02 -2.765660683030589650e-01 -4.282158294278529814e-02
-2.488720774769918320e-01 2.845326682884283254e-01 -1.176244151006087951e-01 -4.228658843377177123e-01 2.111485474102564874e-01 -1.941768690613550688e-02 -7.322144869031359526e-01 -8.449736969777714435e-02 4.910093572340977763e-01 9.910636533803201739e-03 3.895884363769396008e-02 2.686974933156985879e-01
3.652877088157478747e-02 4.148206212171819396e-01 4.699423053866927380e-01 2.336757324095305177e-01 -1.376813056486091980e-01 3.642890643301336523e-02 -3.932812846871681645e-01 2.967610409034360797e-01 -1.110500142042951562e-02 7.555350595111882950e-02 3.491903040110518053e-02 -2.281776170491398026e-01
5.356727765041416865e-03 2.078970453157358289e-01 2.470389997296218790e-02 -8.221486190052502974e-02 -2.140650266749664909e-01 2.064894427561994594e-01 2.593880856593279161e-01 -1.159928026691264269e-01 7.657530606202624102e-02 -7.597052805495041472e-01 -5.250265402054846708e-01 2.015873449533257811e-01
-2.991784375320743483e-01 9.086188310665779255e-01 -1.424210484996160098e-01 3.182514927173200614e-01 4.638530820623327777e-01 1.031213761312912647e+00 8.318936886935354713e-02 -1.028815539921981437e-01 -8.765773536669885235e-02 4.881932567415406821e-01 1.789488163970630874e-01 -7.351967377150402383e-01
4.129831434176059468e-01 -5.965282862881465809e-01 7.625234356268345559e-02 -1.987921015964720373e-01 -4.461573029943396995e-01 2.379397927837835769e-01 -4.970592083471666450e-02 2.113192014770647331e-01 -2.612837999775885489e-01 1.570774577873849387e-01 2.415360477422327443e-02 -2.396191471282903274e-01
1.740805022632396434e-02 -5.781650740529511133e-03 -3.588428968450844275e-02 9.448879481332521368e-02 -1.448613992455727584e-01 2.752696894146989051e-02 2.432815431222588032e-01 -1.983615811485251457e-01 2.542868259836947864e-01 1.653568093583701881e-01 -4.541350782884149839e-01 -6.086053012367770298e-01
-1.759285074639782565e-02 8.961075591193014278e-02 4.123487439628893414e-01 -2.359607500550327530e-01 -3.898932934184885096e-02 -1.072445657558460247e-01 -1.876291951814690884e-01 -6.165013996473057284e-02 -2.252389441397241454e-01 4.751189063480600883e-01 -6.096153588764716136e-02 2.516890546221305439e-02
3.871008890593263252e-01 -7.453751422199587917e-02 -2.873729630727263062e-01 -8.184284417833244396e-02 -2.776528573657116028e-01 -7.131761728229861763e-01 1.080689568871881084e-01 2.468752776316793796e-01 6.301250220611714914e-02 -4.131178808983154011e-02 -1.768395405135898824e-01 -3.828284917115800778e-03
-3.235297574110639895e-01 -5.443332040861754706e-01 1.654052676794570340e-02 7.200602904334378884e-01 -8.634673896110908742e-02 1.781121147547820582e-01 8.541539485140825505e-02 9.420199016039759732e-02 -1.779084057348377379e-01 3.210004077179398618e-01 -1.124221510834743365e-01 -8.435693617229675922e-01
9.461969233735932627e-02 6.379341896892067043e-02 -4.309474748787461840e-01 -6.142654521428184133e-02 5.634012899379325923e-01 -2.600396275081806596e-01 2.405895143876196629e-01 -1.300976280080806124e-01 3.927593033676239354e-01 1.128484071829356505e-01 2.085842052184016804e-01 -4.458710814627239727e-01
3.358753258609028514e-01 -9.112680072234689010e-01 -2.945888824854330235e-01 -2.373823290841994491e-02 2.215210910207408568e-01 7.986435191428686853e-02 -3.738956709152992108e-02 1.862368519907606212e-01 3.257626260357252002e-01 1.638614988346193957e-01 -2.893698927617076588e-01 1.085391871556741911e-01
-1.720919093566305735e-01 6.510104579787289181e-01 9.180488650417130414e-02 1.347441693595375078e-01 2.716477021137617132e-01 -4.003585479661833646e-01 -5.357965697242393910e-01 1.869881862798234984e-01 1.394667096692505104e-01 8.790235669713067357e-02 -4.307972125477269043e-02 -5.573895792666103827e-02
1.558853951305192234e-02 5.430704490138505980e-01 -4.416473310151247111e-01 8.491757651035157506e-02 1.895609434878478203e-02 -3.997172230299665674e-02 2.866763325002378848e-01 -1.217410377523026194e-01 5.177499012976398696e-01 1.339879774325501149e-01 -2.462662171092429575e-01 2.943120924175008923e-01
5.593990346484651877e-01 9.806397882109327280e-02 -3.480311354548107916e-01 -3.325976851340005647e-01 -1.809661938997428610e-01 -6.300721397547000002e-01 3.226092377835752117e-02 1.609961981536362496e-01 1.971800412702440775e-01 -3.791226335248609192e-01 -2.334096623167000450e-01 -1.315172190735904023e-01
2.487927790104793591e-02 5.037565422707022122e-01 4.160417719157451510e-01 5.705837864526445286e-02 1.878479604161440442e-01 3.445620628473762114e-03 3.508689699510970650e-01 -1.469230541867104500e-02 1.987827950021022472e-01 7.089089812965426729e-02 -3.540121368218191455e-01 2.547480214270030907e-01
3.387402327830426052e-01 -3.336151970559438906e-01 -1.970565103466261625e-01 -2.087760304244254683e-01 -1.437054200232682211e-01 -3.298199208536450877e-01 -4.681771057413255943e-03 1.992766132255611444e-01 -1.545758071650714105e-01 4.220874749463092435e-02 -5.055225458385241843e-01 1.278907169899918261e-01
1.959327088404690387e-01 2.802442268155668770e-01 -3.472178813452252988e-01 -1.460625436470232574e-01 1.403449562201472267e-01 -2.283150559819560887e-01 4.863109137106333413e-02 -4.726914156236501907e-01 4.140145302736974314e-02 -1.987724819925900388e-01 -2.877277118575496950e-02 5.280756471126270002e-01
5.423390272433574744e-01 -3.092425352151211837e-01 -2.342025504717871465e-01 -1.667253534873799903e-01 -3.200197334383297898e-02 -4.492272942774067634e-01 1.058045724114371061e-01 5.658135111852487242e-02 3.511255460009184426e-01 4.363436150706492822e-01 2.007076058583333600e-01 -1.522583403113970946e-01
-3.246370445661821424e-01 -4.433959690984972113e-01 -5.130355958166410435e-01 3.933676178798808931e-01 3.451120602159752915e-01 -2.325946781427751242e-01 -1.276939117326469642e-01 -1.910075722690965372e-01 3.909708892687236981e-01 -3.697123163661336642e-01 -8.295195295728731433e-02 -2.165728353202100165e-01
6.217603081037850199e-01 -4.700194692160292176e-01 -4.654603440476826060e-01 -6.058135176470691441e-02 4.308400838530684895e-02 -1.256705384016601756e-01 -3.047532996381174253e-01 4.943634211118573818e-01 5.397239637528218614e-02 5.531816531709092821e-01 -3.475618359009461505e-02 3.011365097331059060e-01
-8.987059451143576683e-02 4.620987075027622182e-01 9.557579291149512213e-02 4.960585853566552156e-02 4.048845236469813536e-01 4.918290556650420919e-01 -1.897015200678059399e-01 1.628209071593063884e-01 3.929484467729258412e-01 3.463719654134247983e-01 8.125345331052218067e-02 1.336060092510342745e-01
7.496631362317629499e-01 -1.392069005332293996e-01 1.021035332637464932e-01 2.560588528795698648e-01 -1.806349765510762428e-01 -3.284854375650325120e-01 -5.137070332333283362e-01 -3.163950650085331495e-02 3.785304543782900821e-01 -2.037854382313925017e-01 1.561996495447866007e-01 6.630080503461949215e-02
3.704176237950768807e-02 -5.738264957593036675e-01 -8.450585928165306460e-02 3.128785944764616578e-01 -2.261280198813639952e-01 3.834355276338748120e-02 5.737038760759736178e-01 1.395098606583009271e-01 2.430097945065789675e-02 -4.179625044749852303e-01 3.294556108288834717e-01 -1.765594042624266634e-03
-1.957520681999243006e-01 3.004979488226620088e-01 -2.738037995911375422e-01 -3.473105462626766698e-02 -2.879999617527492783e-01 -3.924777593288165112e-01 3.729114501616597188e-01 2.378186444973921232e-01 -9.186771583241554184e-02 4.455035815662461429e-01 -4.639338324495501098e-02 3.235166165631530588e-01
-2.549138323419389285e-01 1.896849135040283296e-01 -3.877762239609230943e-01 2.094734239061008807e-01 -3.762598345349630335e-01 2.921802251096112801e-01 -8.504998979204803772e-03 2.776404932723707808e-01 1.769347990723564301e-01 -3.447184806374180566e-01 4.394282883039151572e-03 -7.713784183238657499e-02
-2.099482984426568333e-01 2.438919565885845908e-01 -1.227709285554039187e-01 -4.623956673914807469e-01 -8.504055263949289456e-02 -4.094996687828776349e-01 -5.229498161748869639e-02 -3.813407119579096949e-01 2.103427284767304950e-01 -2.691576779618628512e-01 1.160911781829094547e-01 4.313002529091267689e-01
3.292255037702649934e-01 3.805819483667057246e-01 -7.362304794651228224e-02 6.151110045419726502e-01 -1.157535319972603505e-01 -2.609219719774779622e-01 -4.972271561899603565e-02 2.623816845642359397e-01 5.577165779715642646e-01 7.894168087043417215e-01 3.288473223088411029e-02 -2.391939472056421878e-01
-1.814707056269473928e-01 -2.344029616516092041e-01 -3.623231519674420809e-01 1.150218697385780448e-02 7.428785980664537325e-02 -7.291082108718600630e-01 5.308701790349148464e-01 2.241542225890146012e-01 -1.643333490449877810e-01 2.464386921278190479e-01 -1.833610253591830552e-01 -1.637173069427420857e-01
6.210339194823764064e-01 1.479942112236033447e-01 2.031264312941385430e-01 6.222540922053046430e-02 -2.282173942392787258e-01 3.117342267310639348e-01 -6.181492116448673579e-01 -8.349541183637301800e-02 3.209693751013193985e-01 3.802544609864516034e-01 2.298041968689530923e-01 7.062668673557088994e-02
-1.099045347952993940e-01 1.507976914086846809e-01 -7.363468227124034260e-02 3.054452949543898788e-01 -5.691608741173564967e-02 5.308547749981576969e-01 2.708110526258422079e-01 3.775620437233255244e-01 -2.721262208233910518e-01 1.109612094143557909e-01 -1.690780095400389316e-01 6.800061272895833141e-03
7.502262630405389342e-03 2.832964055474019860e-01 -5.024532619318535787e-01 -3.597246154410754793e-01 3.323469101601692066e-01 -3.828188317191774659e-01 -2.813509193183137969e-01 -6.588513993104537503e-02 8.688621689163671113e-03 -2.817916404155683674e-01 4.463446460124195214e-01 3.754344013064260799e-01
4.072186375602123154e-01 -3.041152007210065622e-01 3.579763725867741164e-01 3.090851586294993819e-02 -2.748309901414784928e-01 -8.795167389526992174e-01 2.545798567032110937e-01 1.651984782259792173e-01 1.176898846829971118e-01 4.101621936236315535e-04 5.238027395183193768e-02 -5.410144313709214919e-02
