2.851560922411565668e-01 1.292326697296490023e-01 1.728328987078216472e-01 2.542638503728071320e-01 2.066111645282752152e-01 1.979804858973654158e-01 1.436091933881594451e-01 1.783251960543850156e-01 2.924787442455266118e-01 1.395097048348538371e-01
2.732155603261868237e-01 1.237385178433197536e-01 1.619551396461345050e-01 1.615127433255354461e-01 1.384142547463151629e-01 1.667514337160648785e-01 2.170716032256937711e-01 2.267896979329008245e-01 2.681801975577617903e-01 2.623708516800875024e-01
1.555993798903548553e-01 1.568006179642005282e-01 1.973391278378257008e-01 1.995004765333965868e-01 2.650264516078754129e-01 2.233634016612135176e-01 1.984246148128905318e-01 2.307554045080524863e-01 1.796673787971082847e-01 1.935231463870823176e-01
2.447532801366342770e-01 2.820192691922459027e-01 1.814706676590397416e-01 2.007348579714271497e-01 1.911780639908741974e-01 1.915812011050457286e-01 2.617961642980856651e-01 1.678840881116844264e-01 1.485709004112190645e-01 1.300115071237452624e-01
1.922741838231424860e-01 9.691034648310106747e-02 1.309934995902704014e-01 2.790495229369026609e-01 1.843919111184829651e-01 1.813647729312110879e-01 2.517911343603911334e-01 2.471656398568715107e-01 2.063987209792614574e-01 2.296602679203662845e-01
2.365961305070683751e-01 1.663847818536033085e-01 1.995287846041563784e-01 1.257808507996265868e-01 1.713050855635441794e-01 2.430649255182305291e-01 1.783156668147795332e-01 2.252121058920130148e-01 2.204327511735961753e-01 2.333789172733830575e-01
1.354326284102878586e-01 2.516502885399209410e-01 2.281700258311611940e-01 1.390546215000131314e-01 1.813421813992409093e-01 3.301372767459124780e-01 2.041948868169275177e-01 2.275117178211842339e-01 1.388028286238739417e-01 1.637035443114786548e-01
2.810483373583753108e-01 1.735673849977775740e-01 2.220647992646184732e-01 1.713560762178141239e-01 1.218424929317652866e-01 2.021560852932905994e-01 1.862806266369711472e-01 1.556167865109051585e-01 2.387361553153436455e-01 2.473312554731380841e-01
1.992032513316711051e-01 1.455389817803912911e-01 1.457082179913504194e-01 2.502319040258733085e-01 1.714919724977236326e-01 2.605670825085258935e-01 1.855719001786458044e-01 3.479322718484760824e-01 9.959628012048556134e-02 1.941581377168581368e-01
1.542710969727497383e-01 1.269694527814025919e-01 1.386414624952554409e-01 2.585795023726008002e-01 2.083700172373105231e-01 3.057469894868203308e-01 1.316376334156111327e-01 1.805216247352522951e-01 2.704374701233704936e-01 2.248247503796275693e-01
2.897734666563725470e-01 1.683616876843143095e-01 1.923176308609789997e-01 1.161919359241318228e-01 2.216713776846000183e-01 2.133939492644502112e-01 1.899190685890649322e-01 1.616670633721280226e-01 2.310629651389323191e-01 2.156408548250265123e-01
3.012675713685791790e-01 1.281718609643566764e-01 2.546950189452214519e-01 2.194336488166365173e-01 1.923079014162416278e-01 2.558666451495079652e-01 8.572901278032993289e-02 9.907633095298565284e-02 3.007264307763622413e-01 1.627255788297790329e-01
1.287417996669167897e-01 2.704545776734184059e-01 1.952528328531201729e-01 2.387136700125258859e-01 1.877568268599307810e-01 1.038349519609145094e-01 2.687099381008402066e-01 1.760867041755053153e-01 3.347986221197625234e-01 9.565007657706596500e-02
2.769506579939516322e-01 2.081445133309354212e-01 1.940421764588232678e-01 2.203893541373001252e-01 1.979890362722430408e-01 1.353086837304130763e-01 1.148822935103939596e-01 1.555549904587719690e-01 1.857126636675534570e-01 3.110256304396147864e-01
1.528835278509638740e-01 1.571356577455761128e-01 1.911483474462299936e-01 2.583921260216428539e-01 2.605787024289409892e-01 2.373201859222102694e-01 1.675929198996289060e-01 1.914007753127605349e-01 1.732053258781258986e-01 2.103424314939208173e-01
2.100563823409642705e-01 2.889128772449464089e-01 2.224948540970722033e-01 1.755614863579494367e-01 1.706362201646443311e-01 2.183828536133415321e-01 2.275001482270217479e-01 9.800662063695549098e-02 1.841383180830326316e-01 2.043102392340737095e-01
2.608526903750525427e-01 1.231785115068484565e-01 1.455990777732595332e-01 1.469207402941722362e-01 2.545298866479027700e-01 1.938006499079581724e-01 2.225342458467533535e-01 1.797060137689681369e-01 2.990632919088131447e-01 1.738148919702726114e-01
1.844877356863490747e-01 2.743511469746496290e-01 1.379929883978645577e-01 2.086238836777463690e-01 2.498802176425609367e-01 2.086941332703594332e-01 1.964954265182413673e-01 2.128458914167849492e-01 1.796762404986190775e-01 1.469523359168253829e-01
1.964018026326559418e-01 1.806905258191531805e-01 1.621123203105735988e-01 2.894773831293973032e-01 2.821166046813124995e-01 1.919082770611381106e-01 1.393897303587532388e-01 3.185376960734401797e-01 1.306915751540004000e-01 1.086740847795755055e-01
2.182618063389850649e-01 1.725494499113881808e-01 1.881509934084074631e-01 1.753292072033401094e-01 2.662623824291336927e-01 2.145133355127093466e-01 2.027054140811337946e-01 2.456570345864504401e-01 1.614097011408303362e-01 1.551606753876219047e-01
1.275844242763857495e-01 6.598402672454303786e-02 1.721619003719461749e-01 2.749456355773972627e-01 2.269803673080595663e-01 2.143667789187734263e-01 1.980166644440190249e-01 2.262296581315539623e-01 2.395328960798910334e-01 2.541976481674317334e-01
1.083319679833207594e-01 2.510685827879047816e-01 1.569532197779666682e-01 2.525239448625279381e-01 1.410896035050346609e-01 2.906643630237197851e-01 2.113339150208229378e-01 1.875513100453272686e-01 1.790771639203255494e-01 2.214059290730508167e-01
2.216257902069668773e-01 2.261497399488684168e-01 1.912546873113315227e-01 1.638692824819643623e-01 1.500108470004458128e-01 1.590508743157894589e-01 2.865457459341212987e-01 1.378939624322806923e-01 2.908695890316386756e-01 1.727294813365924941e-01
2.103799653332856789e-01 1.691146239531011730e-01 1.903480784458995156e-01 2.039791689369416794e-01 2.487071762999623348e-01 1.309858832180763044e-01 2.897931918543903973e-01 1.742723870650522977e-01 1.937769047527733435e-01 1.886426201405167757e-01
1.896741105354794732e-01 1.043151378709119281e-01 1.454539812079165551e-01 2.171508219283098950e-01 3.214307983553214010e-01 1.365390001862374358e-01 2.443125675267836250e-01 2.384978525028826901e-01 2.167046682776022359e-01 1.859210616085550105e-01
1.643275556378430702e-01 1.283551166805913246e-01 2.979584512869584700e-01 1.573863346334792024e-01 2.413275631621966955e-01 1.537629136878591318e-01 2.365618220348660039e-01 2.127484822956995092e-01 2.360923513643404248e-01 1.714794092161670003e-01
2.969902926480888494e-01 1.491015095283232117e-01 1.208563924348161345e-01 1.591728623695163047e-01 2.874670920928035778e-01 2.363702857652891509e-01 1.740119178726945992e-01 2.003445438076759677e-01 2.430051442583219812e-01 1.326799592224706947e-01
1.721802924786359767e-01 1.548743415627696629e-01 1.462242195206857887e-01 1.998982683624084822e-01 1.226030569313249358e-01 1.585103298269004424e-01 3.237391605104039116e-01 3.020463059124370853e-01 2.148929314393361600e-01 2.050310934550974851e-01
1.637217368735581213e-01 2.588094394046297486e-01 1.516675649772599721e-01 2.067177190471247150e-01 2.568287395476697155e-01 2.486130483155412629e-01 1.422335527320776893e-01 1.399698603193369195e-01 2.549455506513781944e-01 1.764927881314238833e-01
1.070940288382917494e-01 1.218346424992785282e-01 3.170679213575285371e-01 1.354794778480325201e-01 3.593560797053936273e-01 1.176042695619530787e-01 1.301233171195452787e-01 1.776044705843135285e-01 2.746068267460253232e-01 2.592289657396378288e-01
1.840154535708988515e-01 2.195129096236311528e-01 9.718773374433326007e-02 9.827490771877585296e-02 3.067878740099742041e-01 1.470726181000747701e-01 2.143320428712637837e-01 1.715135670139176782e-01 2.837556622477264145e-01 2.775472310994034908e-01
2.037354972613724668e-01 1.884724842302036296e-01 1.914509896768058494e-01 2.174919626678584739e-01 2.242743411211076121e-01 1.307149783845305835e-01 1.486327629861686761e-01 1.754148312005867072e-01 2.890336566163759779e-01 2.307784958549906895e-01
1.522410754123503518e-01 2.284150925525825215e-01 2.210357847216354865e-01 1.808123858123503735e-01 2.267326885916521872e-01 2.444410746810224411e-01 1.083293450969443350e-01 1.697887373531089539e-01 2.104566112062916383e-01 2.577472045720610727e-01
1.562365770381210217e-01 3.322939236609934177e-01 1.547454174841864649e-01 1.999981261675337074e-01 2.588809607024281645e-01 1.598036716383804401e-01 2.273346812456336630e-01 1.335636645785426013e-01 1.165874481535977419e-01 2.605555293305834019e-01
1.418525458204646372e-01 3.015447729721592030e-01 2.133415934556254223e-01 2.142196985553364019e-01 1.539633141128672611e-01 1.591559573839851360e-01 1.927415663233363607e-01 1.617623866363148144e-01 2.542209923722891229e-01 2.071971723676200028e-01
3.009839527903188094e-01 1.244834625481289619e-01 2.144537110702672000e-01 2.012478256932013210e-01 1.806155120444730144e-01 1.724441803490664449e-01 2.210493366609170840e-01 1.327200725504703027e-01 1.645428435971332815e-01 2.874591026960239826e-01
2.472729177379906773e-01 2.361109634802593948e-01 2.391552238039804934e-01 1.467602722794824344e-01 1.863516023511750663e-01 1.730477126405586819e-01 2.496523200875571391e-01 2.709835814291946532e-01 1.424283390437789676e-01 1.082370671460217704e-01
2.877367385989607618e-01 1.521596514875894479e-01 2.306567738576469906e-01 1.336147788433679207e-01 2.784678872173762532e-01 1.602027304272719554e-01 2.506695120723722026e-01 2.000637890162602628e-01 1.391946716152379637e-01 1.672334668639166022e-01
1.858241981739794380e-01 3.067754581755682275e-01 2.130052093759499665e-01 8.618359970009334403e-02 1.840969364373196693e-01 1.665403146312487426e-01 1.752093981956027169e-01 1.995792188232996534e-01 2.793690614842724851e-01 2.034166050026641193e-01
1.793028275541380390e-01 2.728592084274225060e-01 1.555654227553119884e-01 1.203784760189178932e-01 3.274236791565467986e-01 2.563506255816576651e-01 1.540868602686646383e-01 1.443332372983033851e-01 1.538374971335153274e-01 2.358621658055233272e-01
1.609864916966734505e-01 1.885928484184392073e-01 2.674799011080231659e-01 1.819277302344709801e-01 2.736882148547795102e-01 1.575879476112983790e-01 2.209563591285324813e-01 1.541076017337660031e-01 2.411355545038716408e-01 1.535373507101444879e-01
1.770374519815554604e-01 2.419902452115029190e-01 2.050923590647886208e-01 2.468335718275341817e-01 1.145759906998894684e-01 2.545151246531292544e-01 2.018631701288857161e-01 9.782861177895495197e-02 2.720286339818675514e-01 1.882348406718934442e-01
2.363661133845518236e-01 2.785185800320424399e-01 1.261240713092472432e-01 1.908421057623035377e-01 1.600252883339122745e-01 2.124211150290996886e-01 2.288380003097759130e-01 1.570143657100917522e-01 2.051607461931986010e-01 2.046896139357768651e-01
2.163829447580425391e-01 2.383515351176120900e-01 2.146636168649212195e-01 2.548578078259624569e-01 2.091549812168475297e-01 2.053259811773772703e-01 1.423140084267325578e-01 1.307728395575453173e-01 2.404636159243858096e-01 1.477126691305743200e-01
2.237623721111847708e-01 2.284452963326247255e-01 1.596965812137597363e-01 2.594808529249387208e-01 2.722501361229269223e-01 2.378031267116627046e-01 1.571880613129523208e-01 1.586500658386169327e-01 1.715645964181391203e-01 1.311589110131938241e-01
2.485815513743314664e-01 1.293641124547854349e-01 1.323697358298470683e-01 2.020057208258075887e-01 2.103104808005000215e-01 2.512488857662557584e-01 1.520979183207562813e-01 2.134681559042716503e-01 2.070244262831312243e-01 2.535290124403137835e-01
1.881415645628772282e-01 1.848100507967061490e-01 2.494241035711249888e-01 1.820529780959159183e-01 2.517139148878226873e-01 2.188469872115182402e-01 1.376130601899735462e-01 1.989901126896108929e-01 1.664321463132713563e-01 2.219750816811797700e-01
2.151967633497817167e-01 1.860153652005009928e-01 9.726271023509372449e-02 2.105452801961692766e-01 2.468116640416347929e-01 1.969274928248408996e-01 2.320932318984535170e-01 1.289440609702151019e-01 2.872048787041939777e-01 1.989985525791168053e-01
2.274263540613998824e-01 2.089713394737167940e-01 2.442122074939014620e-01 2.043921631282360485e-01 1.951471605261431708e-01 2.071615684718109973e-01 1.984908426975502960e-01 1.097284014897426385e-01 1.706502511941327405e-01 2.338197114633665807e-01
2.413801089797937560e-01 1.848150176422137803e-01 2.239041401517586904e-01 2.163011593415478107e-01 1.250977023892935192e-01 1.250730980522255509e-01 2.807559286976403223e-01 2.050155728063473015e-01 1.832836733972427190e-01 2.143735985419371048e-01
1.664838883712451145e-01 1.738779443096867827e-01 2.303609023904311104e-01 2.264026063745367412e-01 2.371977002604185036e-01 1.242342004689385576e-01 3.348353013881809059e-01 2.134164147797183719e-01 1.467958464901495397e-01 1.463951951666944973e-01
1.583214302318117495e-01 1.461589540460783709e-01 2.035369806343239329e-01 2.344863980250617153e-01 2.717722840297419618e-01 2.040463872247997579e-01 1.473382477068345686e-01 1.817244555196047551e-01 2.507434493423003619e-01 2.018714132394429372e-01
2.293846573438618475e-01 1.650478415439155522e-01 1.807545856210851787e-01 1.901175024472869235e-01 1.890227678055495519e-01 2.229974653196790113e-01 2.210876506928520779e-01 2.277206134525112391e-01 1.827965769275973207e-01 1.910703388456612417e-01
1.331514091904402453e-01 2.651363794982357081e-01 1.395034947162592798e-01 1.242726614423711462e-01 2.019038242978856701e-01 2.363577612557374308e-01 3.438154755406460650e-01 1.370622308103098264e-01 2.971585449426485392e-01 1.216382183054658811e-01
2.021165180974742737e-01 1.526890120555602359e-01 2.332347571690685517e-01 1.875864229072364275e-01 1.972406704414850220e-01 2.636136755432363366e-01 1.839330914780461235e-01 2.525520162658152490e-01 1.382489738318220529e-01 1.887848622102557550e-01
3.322365603236333009e-01 2.453266727099332745e-01 2.262870747639879609e-01 2.144600695174720129e-01 2.109030082306473097e-01 1.260414466886942142e-01 1.255948536619929112e-01 2.492119666778410125e-01 1.471448642644784532e-01 1.227934831613197719e-01
1.955230202112361870e-01 2.418021784996510770e-01 2.480653227049875453e-01 2.117730512443211643e-01 1.861505208217089646e-01 3.394961356625517124e-01 1.413585254273525826e-01 1.369451333297754814e-01 1.916926593927827660e-01 1.071934527056339070e-01
1.837029248451462760e-01 1.580354103785221453e-01 1.367147620393417418e-01 2.200409878826383170e-01 1.674846192465159200e-01 3.050768752830385067e-01 1.349595404825175704e-01 2.011771213255237889e-01 2.770457265387890611e-01 2.157620319779675055e-01
2.021058649728172951e-01 1.665677937179478318e-01 1.364893712482863619e-01 2.716789198861516708e-01 2.182453463371535340e-01 2.780398768577895807e-01 1.808316043332044432e-01 2.438821485387012433e-01 9.445720319332440162e-02 2.077018709146225550e-01
1.211486606377341346e-01 2.860507333565648902e-01 1.922095510824681219e-01 2.438344986834440897e-01 1.246765613922637683e-01 2.032062539439975779e-01 1.331056135790226191e-01 1.534482549949854335e-01 2.563860327592467070e-01 2.859338395702736846e-01
2.601164896221119793e-01 1.859531102765472899e-01 2.745497698770397732e-01 1.873241303951011794e-01 8.959037133976718859e-02 2.146913205635031519e-01 2.429018795315391055e-01 1.839804827463717429e-01 2.271287137611210927e-01 1.337637318868977188e-01
1.741773204558299815e-01 2.212966547374149995e-01 1.904227588417539696e-01 1.434564577747204084e-01 2.544848753780248884e-01 2.546839790714414686e-01 1.772655424754014386e-01 2.107680732769488807e-01 2.355926220453452014e-01 1.378517159431196237e-01
2.030450180447006536e-01 3.468103834373683081e-01 1.962584082584296064e-01 1.447804393016861590e-01 2.054210344451853354e-01 1.908585111623756769e-01 1.191639818198825945e-01 1.826939143617619388e-01 1.399231772284205699e-01 2.710451319401893100e-01
2.049650537107063353e-01 1.266131633426169634e-01 2.167643369376383577e-01 2.369087227387075001e-01 2.264785314719801601e-01 1.864589047448183545e-01 1.853421239864970205e-01 1.693505736138770923e-01 2.780969374967889873e-01 1.690216519563697561e-01
2.675626441311753645e-01 2.685907956222129966e-01 1.139559766350649872e-01 1.097919380884888468e-01 2.315882514479229159e-01 2.584534730988838347e-01 2.083618483227800411e-01 1.174924536051140389e-01 1.200342264380994534e-01 3.041683926102583535e-01
1.779994760059315229e-01 3.358266407240569351e-01 2.189423923835922547e-01 1.047653204495287982e-01 1.695001925299400303e-01 2.789709381137858157e-01 2.374242908068122104e-01 1.207867574481610584e-01 2.206739805627283835e-01 1.351100109754632961e-01
1.960975016068539634e-01 2.304397690819366407e-01 2.744627448286195426e-01 2.166458703838519129e-01 1.929841238743891241e-01 1.089563840121324234e-01 1.554294810061614962e-01 3.255156032168070035e-01 9.523258293459908874e-02 2.042359390546496511e-01
1.421399925106061057e-01 2.054852960675386253e-01 3.007255967234266913e-01 2.380539497502130453e-01 2.204069153308098605e-01 1.647893387612404947e-01 2.300532376994945394e-01 1.725187800722768339e-01 1.808557932653135636e-01 1.449710998190795463e-01
2.076344571045351528e-01 1.715073853487389388e-01 2.635380610947015700e-01 2.056063324529555647e-01 9.042954293943997190e-02 1.901401055786086092e-01 2.591951093299030839e-01 2.364659873966341030e-01 2.571657435025461735e-01 1.183172752519374010e-01
1.366894945647590953e-01 2.781892444996560410e-01 2.300874851627467965e-01 1.467763516468570950e-01 2.645047592565421546e-01 1.746730990842592368e-01 1.622471576303134988e-01 1.977021646888864059e-01 1.352119722072257502e-01 2.739182712587543422e-01
1.625852245400356000e-01 1.575628935399913666e-01 1.821854187655098101e-01 2.294455969507844806e-01 1.842021757269785842e-01 2.003304257460894466e-01 1.849345848497643274e-01 2.203182482756303184e-01 1.941619262404121193e-01 2.842735053648037247e-01
2.168918946280129489e-01 2.836221189889591709e-01 1.522352667694245043e-01 1.229713120869853765e-01 3.374253332619803203e-01 1.781730231068872905e-01 1.225081807156704616e-01 2.344936478426068727e-01 1.930951488640172409e-01 1.585840737354550778e-01
2.041806782486813854e-01 1.733821627587607828e-01 2.269238566676217705e-01 2.130943021789324654e-01 1.304283618399109113e-01 2.260785513983183392e-01 2.069124820773648732e-01 2.342267164935319668e-01 2.090048212130060368e-01 1.757680671238714132e-01
3.036583768736984545e-01 1.331006837966314804e-01 3.037865695387532705e-01 1.988785768318054314e-01 2.528455942152558755e-01 1.452026439890209686e-01 1.616248731395063531e-01 2.072607519273343690e-01 1.477013925552508045e-01 1.459405371327422152e-01
2.075664453600383208e-01 2.646685094438041563e-01 2.469991232651769786e-01 2.317402967073897424e-01 2.017816981591240011e-01 1.722279333897276943e-01 2.369300827864969095e-01 1.617089802421360356e-01 8.903160235121956867e-02 1.873453282948863430e-01
1.643341915799748920e-01 1.953599171615842955e-01 2.160591661225560456e-01 1.970770747252251209e-01 3.533917152864187727e-01 1.423009131776070968e-01 1.656375298850238098e-01 1.670011678321790816e-01 1.314559104368454301e-01 2.673824137925851496e-01
1.798906592012679551e-01 1.353216429451451763e-01 2.535849282368710100e-01 3.033395597612291716e-01 1.098694355906818243e-01 1.243076724041532327e-01 1.784774406215218767e-01 3.105891009887151721e-01 2.669471529246261743e-01 1.376724073257882264e-01
2.736479868900111301e-01 2.386559454765703470e-01 2.234002414912635848e-01 1.469587029817672197e-01 2.715843072595742758e-01 1.702190170662407076e-01 7.922076455596380185e-02 1.797257451729400157e-01 2.592843764407123386e-01 1.573029126649559684e-01
1.027710759239767596e-01 1.802168430091281304e-01 2.912042450748439926e-01 2.280462362658820519e-01 1.721846025915787504e-01 1.481944305228857228e-01 1.447289488747872110e-01 2.455477734415195123e-01 2.038747478986755735e-01 2.832310963967232809e-01
1.724861153657494539e-01 2.757870028757195002e-01 2.461918329792399107e-01 1.432372371692467727e-01 2.041393712165820717e-01 1.156645168818402902e-01 1.583887859963836742e-01 2.536622430213611445e-01 2.371321652629330978e-01 1.933107292309460545e-01
8.994056698779921699e-02 1.464415051217419772e-01 2.110252236989878516e-01 2.584215789476395075e-01 9.651723361339739626e-02 3.689009128444134533e-01 1.599897531136966200e-01 1.869621538149820461e-01 2.278460079117060888e-01 2.539550639456354952e-01
2.773837765449574388e-01 1.695121617541779091e-01 2.282085006645988567e-01 2.212099795762766385e-01 2.357506625396393052e-01 1.764099765906413098e-01 1.722690664804942817e-01 2.186097999731508312e-01 1.661444723222319231e-01 1.345016035538325605e-01
8.652932007744801313e-02 2.453210690860936072e-01 1.849941585650227982e-01 3.379569613929644945e-01 1.394631836305434414e-01 1.929822109427236643e-01 2.560998775218940593e-01 1.884989599402968896e-01 2.217943251236062785e-01 1.463599337194081973e-01
1.618755440836243398e-01 2.407970579495835317e-01 2.990188012360377456e-01 2.584693746147326832e-01 1.148504509707885812e-01 1.125441591696006438e-01 1.574023207764571886e-01 3.432619295549318439e-01 1.848544610659550447e-01 1.269259005782875649e-01
2.278147406729552071e-01 1.386304792078691395e-01 1.146711156505029472e-01 2.660095822126935516e-01 1.577855513847603031e-01 1.287038012441512058e-01 3.085864782083583835e-01 3.004456424922459790e-01 1.925593424808379472e-01 1.647932664456254748e-01
1.919177972497478901e-01 2.018368079286548267e-01 2.607739335511245482e-01 1.301689895824132415e-01 1.928261394649129212e-01 1.645844837712043818e-01 3.129152246632281864e-01 2.448967404797667557e-01 1.508654294237383731e-01 1.492144538852097357e-01
2.406730364018059287e-01 2.130321563103673710e-01 1.641812365758172632e-01 1.769619948565791523e-01 1.203196182289977406e-01 2.371973507554531180e-01 2.246774068970446570e-01 1.585195954042299404e-01 2.997706379372389596e-01 1.646669666324652170e-01
1.522949929510967748e-01 1.125705639685586207e-01 1.342742354156500340e-01 2.831565800951283407e-01 3.034238370934362328e-01 1.748896577389989770e-01 2.226456716300039829e-01 1.504373841203479611e-01 1.966388495055847174e-01 2.696682274811942892e-01
2.344267142302420281e-01 1.062500408880255043e-01 1.790097255389362096e-01 1.607789749695378023e-01 1.095262236549416346e-01 2.769977166009767733e-01 2.812077286580330071e-01 2.555366567323871241e-01 2.144309770363086454e-01 1.818352416906115210e-01
2.240630371674626475e-01 1.240629439363542530e-01 1.127031276824079636e-01 1.398963780347284303e-01 2.158055752844950104e-01 2.685771564710457970e-01 2.779790948233283876e-01 2.675637696779569197e-01 1.261304282695268064e-01 2.432184886526931045e-01
8.207664047286930553e-02 2.770662447808146522e-01 1.023981530591347305e-01 2.363399933180051204e-01 2.871047187462716366e-01 2.560265230858402852e-01 2.123071628232849895e-01 2.146578711317017052e-01 1.922588860254666465e-01 1.397638065566118581e-01
1.154249478133198281e-01 2.714157097631909599e-01 2.078909851039706380e-01 1.366938644361997413e-01 1.469394837243185314e-01 2.464377497709167586e-01 2.226860520310871561e-01 1.737793503774753556e-01 2.089656811956403237e-01 2.697661757838812902e-01
2.348626089772088976e-01 2.358281277723030533e-01 1.815492862726998391e-01 2.539099894999148344e-01 2.262304634993361763e-01 2.516003182274013650e-01 2.698660507921174512e-01 1.331254585322470818e-01 9.937084628955111798e-02 1.136568501372198225e-01
1.203710533089924622e-01 2.689314546436071263e-01 1.604911781741555910e-01 1.877514592557310014e-01 2.415159715028448173e-01 2.183483294700059307e-01 2.121522445728543649e-01 1.655544646088481509e-01 1.729988966583166643e-01 2.518849478046440993e-01
2.052754171032023511e-01 2.626471150549681277e-01 1.007624587116237452e-01 1.448246027277600989e-01 1.842902689748190659e-01 2.809361209270199722e-01 1.355567579813494739e-01 3.081486336968023432e-01 1.329608041725024725e-01 2.445978206499517527e-01
2.501047598436088037e-01 1.729264149214561896e-01 1.822938478456103129e-01 1.513732999655416078e-01 1.725144861732989809e-01 3.504760508155446708e-01 2.356920608348985202e-01 1.654117106299285989e-01 1.496892624363616864e-01 1.695181065337498516e-01
2.651951536742086502e-01 1.556903859208655094e-01 1.663349197612627450e-01 3.158175801770851110e-01 1.784304915059349017e-01 2.216516547098785206e-01 1.138056497373447634e-01 2.542987872235458191e-01 1.735954236784086058e-01 1.551799536114641942e-01
1.316412409622352842e-01 1.235631666542254814e-01 2.822426960282258812e-01 1.449678204914530699e-01 2.421567852624479933e-01 2.689048539025953310e-01 1.369415662123908972e-01 2.274190605998797632e-01 2.478095450634106023e-01 1.943532648231366400e-01
1.659798341884708428e-01 2.741517192139170112e-01 2.030216170072509374e-01 7.336205989259032834e-02 9.471262632668386861e-02 1.845889402703861371e-01 3.174765703835989994e-01 1.435354943742341849e-01 2.152957765022668613e-01 3.278753618406009540e-01
2.096662617928823913e-01 1.806249460489906811e-01 2.724396189737365859e-01 1.654425743651835590e-01 1.315097757709566550e-01 1.749130397271261850e-01 2.386957753029191887e-01 2.606819242991287311e-01 1.860291856227750673e-01 1.799968980963022602e-01
