1.484690864552275918e-02 -1.291044058838485692e-02 4.225637776101963394e-02 -4.515009562537816018e-02 -1.145071833479423262e-01 1.080520322289784119e-01 2.090739940650933326e-02 7.818090572337381416e-02 -1.307160296235840291e-02 -3.803857244245478775e-02 2.029811958569584240e-01 -2.512294896870674067e-03
2.949150753320929630e-02 -1.520675969900475537e-02 -4.521076756232243754e-02 -2.547238465058488943e-01 -1.287168643537600077e-01 -4.033088392455726895e-02 4.790416194160450336e-02 -5.770821812367975950e-02 2.293549998595915788e-03 4.310334729010359411e-02 -3.434323524412117440e-02 -7.106191007164694429e-02
1.321832698966087793e-01 -2.281596365747591559e-02 -1.054325921247801778e-01 -1.472753627544765853e-01 1.255843184978990001e-01 -9.237851339722874533e-02 -8.057031271168695052e-02 1.032243992599653493e-01 6.874683769650236477e-04 1.498404583953425184e-01 8.089381234050915456e-03 -7.095342034143430412e-03
-4.554729430841952809e-02 4.180105727437423424e-02 7.998969078482261186e-02 -1.447532427289754953e-01 -4.840990852469164579e-02 -9.758409076036900220e-02 4.566075446868922416e-02 -1.479781188086305987e-01 -9.588211726116147027e-02 -1.201317667789644078e-02 -4.882673277035415316e-02 1.380046252792695716e-01
-5.048004634795619922e-02 1.246477812838544114e-01 3.925400944772622358e-02 -2.006587774845074168e-01 8.078998315400220953e-02 1.098160360425857324e-02 1.605758291619939840e-02 1.368216731979377543e-01 7.449847945663568179e-03 1.295588041188648100e-02 -1.136556788421927422e-01 -2.091879913298467283e-03
2.584503310299353374e-02 1.402117431815300408e-01 -2.559956491820697400e-01 -2.936932920603195843e-02 -9.172458533760746713e-02 1.413673244817048036e-01 -1.000459243186566441e-02 1.126057207997658294e-01 6.200192925974465363e-02 8.903715362423242352e-02 -5.278946648392755098e-02 -1.872857299541812737e-01
-1.214517689951885721e-01 2.692405339102679762e-02 -7.603586788602419329e-03 2.773389647224482404e-02 6.468454435489583154e-02 -1.264532410586220040e-02 8.593563284396019131e-03 8.822021628312082253e-02 9.073936163313911507e-02 -1.339831555535738461e-01 1.755510185228106035e-01 -1.877666028516219165e-01
4.267275940111297898e-03 8.616064653605169654e-02 -5.173232608093655815e-02 9.438842078885329931e-03 1.977934874949643929e-01 -1.990336806861018881e-01 -4.474466396216418909e-04 -5.430280656652214377e-02 1.350875358713058139e-01 3.031634438945820034e-02 6.577983492500101559e-02 -1.667809375643246605e-01
7.707987526920812016e-02 1.836253974908172715e-01 -4.140811585283817736e-02 3.898013165267556063e-02 1.554769128627955799e-01 -8.593111163769399929e-02 5.342648975830958241e-02 -5.648793426849218341e-02 4.578307347795711885e-02 -3.534400670077893908e-02 -1.653090893488297075e-01 -3.228950166652779646e-02
9.814842507358531587e-02 -1.396901413847371209e-01 -6.680213025685587114e-02 6.511422320583709622e-02 4.262790635121539717e-02 -2.596878783450714753e-02 2.427444974747698103e-01 -2.768684775543150955e-02 -6.627689945765420643e-02 -9.098543097765537935e-02 8.177141975007282126e-02 -7.301527278971355062e-02
2.970718824439809169e-01 4.507852401808022658e-02 -1.223498868124342914e-01 1.191788216704787193e-03 -2.981723072118931846e-03 1.069443792933446810e-02 -1.235600839143101565e-01 4.525969063620361582e-02 7.738458890032945403e-02 -1.459437427072244053e-01 2.509885640721610384e-02 1.899432908493002559e-02
-6.555622937942238992e-02 -8.691408476138626216e-02 5.480571254400878889e-02 -2.499075519186956529e-02 -1.552382610883403236e-01 1.069011440865871160e-02 3.618431146387287439e-02 -2.643724142869167959e-02 6.447175026323775926e-02 -1.083578366996960224e-02 1.620659867519079755e-01 -7.159864542219437911e-02
-1.336388361207170583e-01 3.404274446072624166e-02 1.874986160494641618e-01 4.105340984140524313e-02 -4.049550922311828671e-02 -1.426604361655696984e-01 3.109278184496217651e-02 -1.735606560980497981e-01 7.335673214215963911e-02 1.893033542721765106e-01 1.370772954082939976e-01 -3.465841772719362862e-02
7.435232399666046044e-02 5.530015570580951167e-02 1.382652540370222019e-02 2.488817410927452178e-01 -1.438667132395677895e-01 -4.777320810149728730e-02 1.075277476417550448e-01 2.003470687886494978e-03 6.472402686645532810e-02 6.267895800620647793e-03 6.299871783120913893e-02 1.389788033882624618e-01
-1.642478078771143490e-01 3.968462310150516759e-02 1.588406558821736925e-01 -5.957135615391043193e-02 -2.136488507187338792e-01 2.659580005566102370e-02 6.908487790248853122e-02 -6.633875780942211087e-02 2.022880393532913712e-01 2.984855519164165694e-01 -8.801613967717636378e-02 1.048688131172109683e-01
-1.320137679279862475e-01 -1.375769747106897201e-01 3.525264221165247402e-02 1.727936314812207330e-01 3.154518596868689795e-02 -6.020410361967985097e-02 -8.985039943269243490e-02 -1.815209524739469227e-01 -1.214427980156256581e-01 1.958949744529629375e-02 -3.687225628353385520e-02 1.255532497297176531e-01
3.421397856706322876e-02 -1.224074413105334797e-01 -1.012804243653067787e-01 -7.442863831578391820e-02 1.992163889851678860e-01 1.306729791465270907e-01 -1.534385514624484192e-01 -8.835496637998981051e-02 1.494227471107984206e-01 -1.092209795729659483e-01 7.526186286617297938e-02 -1.120784828955216084e-01
1.473457039790503076e-01 -1.273568035295440937e-01 4.989402852079428963e-02 -2.889236207474931220e-02 2.843303078093288860e-01 -8.613687049296264719e-02 -1.649472211470003058e-01 7.358285769404575294e-02 4.225394321815634235e-02 6.947109546110065426e-02 -1.378736369321293190e-02 1.456974813284949988e-01
1.171791949386606357e-01 -2.858107968624731821e-01 1.841984061488835811e-01 5.868944770069542405e-02 -3.014964953126833547e-02 1.473718739728921423e-01 1.551620664262185478e-01 -1.118831477459788538e-02 -9.560857969910180332e-02 4.686591275784502547e-02 2.380918878169728872e-02 3.574881518471679132e-04
4.769111490024807026e-02 -5.541623448553156112e-02 -2.865301879864096818e-02 -9.843179327004730750e-02 -1.182464761750120705e-02 9.373668491165831895e-02 6.708114596623966641e-02 -3.885985129595453946e-02 2.404558327870183823e-02 -4.961199819741798217e-02 9.171463241249010190e-02 -4.654439462148904361e-02
-2.321708575332623037e-01 1.403046705035739805e-01 -4.551199922992934382e-02 1.158749292062879466e-01 -1.380895279435001011e-01 -2.495443791658992147e-02 -1.208683512988439727e-02 -1.367535434918905335e-01 1.617392591208360875e-02 4.925543510823576776e-02 2.898615706293846891e-02 8.618629236671294935e-02
-3.441082824888234276e-02 3.067402288893815790e-02 -8.220941267391362883e-02 -7.416998683732767272e-02 4.300077462266677086e-02 -4.271092454552066764e-04 2.201271844585405424e-01 -8.304420099008591113e-03 -2.749214051097007006e-02 9.247541264430127195e-02 -4.240122792039862504e-02 7.643656436779633356e-02
-1.376885108180595507e-01 4.928628121886972219e-02 6.444351473035422884e-02 -1.738635802977651634e-01 -2.106239195766788572e-02 -6.178373057305566740e-02 7.983724426068365687e-02 1.041099895704988010e-01 9.527073617684161944e-02 -8.897093306789025102e-02 -5.949643669054554412e-02 1.230833163542911952e-02
8.657879755407473822e-04 -7.927615961222253538e-02 1.201156333189315195e-01 1.914927711141775069e-01 -1.599828915736613566e-01 -4.691807140332480974e-03 1.169398958936678223e-01 -1.303469355296833776e-01 -1.554534941976763555e-02 1.350353309395084800e-01 -8.530395641080064373e-02 1.239317160520894412e-01
-9.006736236133625062e-02 1.302255802103848559e-01 -1.245384446946505019e-01 -6.122532540046954352e-02 8.541392893599110414e-02 3.509952108924557779e-02 -3.660291344200886782e-02 7.034841358178266224e-02 8.932899103475162861e-02 1.343131723877670491e-02 -1.189390545379739594e-01 6.051911889521441323e-02
-8.102311468579580234e-02 -1.330397148130109120e-01 -3.256474089604353972e-02 -4.922987586607032590e-02 -2.072953069166044715e-01 5.538804041376399478e-02 1.448145553133576777e-03 -1.548514084532999213e-01 6.024813639952130567e-02 9.602924137885487932e-02 -1.081671785608579184e-01 1.508514156060216660e-01
-4.431350968098794058e-02 1.128309587773655837e-01 1.026018373667593464e-01 -1.124197895194948976e-01 -1.844958816833627488e-02 1.759155768618295701e-01 1.322933276207813313e-01 -3.860889690156056597e-03 6.902685030471354677e-02 -1.749162393328921317e-01 5.845449441191952200e-02 3.968197151839916725e-02
6.972154538251558453e-02 -6.685917959314045811e-02 7.763106771175110055e-02 -7.354210823644770356e-02 2.383493297196161501e-02 1.014802674500685370e-01 6.663948277357556460e-02 -1.393028839752928627e-01 -4.442690123910689008e-03 -3.376277223998412711e-03 2.782708994182472514e-03 5.899978762544799693e-02
1.480220800392081371e-01 -2.268362828433347078e-02 1.594558118235243072e-01 -6.077591112412868146e-02 1.342122331531409862e-01 -2.009453076319710763e-01 6.504245625616987547e-02 -1.034469625310493746e-01 -1.339263295631943906e-01 2.093326024637278682e-01 -7.115046890396571622e-02 4.568711772940332178e-02
-1.175226920105615636e-01 2.467076821124314090e-01 1.182298482162054687e-01 -7.782115611060083649e-02 3.231398567231490854e-02 -6.352952923916492523e-02 1.605653414930604816e-01 -8.780783035138413350e-02 9.751621692465205216e-02 -2.574412123948150583e-02 -4.499509375838756098e-02 8.016144386023028867e-03
3.715868076244624538e-04 2.787629027234684448e-02 -1.405812186536638531e-01 -9.466130451438438398e-02 -1.085380004380121499e-01 -8.842371750073863002e-02 2.360226153195785909e-02 -5.992294403358046362e-02 4.643942139205714959e-04 -1.438011416526953357e-02 -1.352697304762018049e-01 -2.926519400262183809e-02
7.200072734002201102e-02 -5.037024359036280929e-02 -9.899523657159995174e-03 -7.706251380767203951e-02 3.929250395078212610e-02 1.128499012098262561e-01 -6.846337604845709190e-02 -1.481408152797654698e-01 7.700976249460778208e-04 1.455474554662844477e-01 -8.166264187622222781e-03 9.739373877256247980e-02
-9.715405944770622026e-02 1.042752205986689634e-01 8.129576676473299068e-02 5.443545228231666359e-03 -1.132867712095996793e-01 -1.285088313553569075e-02 -9.339953931350671035e-02 -5.854638484743338728e-02 1.649711819453296424e-01 9.791297378343945257e-02 4.609528028345383915e-02 1.287688635755827038e-01
-7.693493034328437175e-02 6.099519940892159792e-02 4.700593123230356780e-03 1.567869404351146245e-01 -1.338257092631265077e-01 -2.481753031548618038e-01 -3.510273734046100158e-02 -5.114408953430504834e-02 5.201284930522513672e-03 9.436525526480959991e-02 -2.507938618989878632e-02 7.834838478357142311e-02
2.873615387417625261e-02 -4.644815175709742817e-03 -4.362990413784725158e-02 -3.507068150929245481e-02 5.318258029485844335e-02 -4.045842697407830979e-02 2.034353813107350750e-02 -3.004342534771726331e-02 -1.134511524157919421e-01 6.435027412441524791e-03 -1.183923185535797895e-01 8.271105154049435138e-02
-1.334807890394380248e-01 8.430427180144228760e-02 -4.903540692033935000e-03 1.338117181708905201e-01 2.773137333446491770e-02 -5.236254909336578861e-02 3.798358314674313979e-02 -3.590088157202318137e-02 9.720139485006606961e-03 -4.552329334709857150e-02 -1.282238527336313771e-01 1.618814381695015889e-02
5.975545333763079836e-02 7.398105602502605405e-02 9.562669726170815176e-02 -2.739314147215975159e-02 -1.033763616736185498e-01 -4.841035017379486521e-02 -1.219499809729642989e-02 6.578603943934896447e-02 2.340754220304478717e-01 6.115855101762390778e-02 -6.302565485830423364e-02 4.782793388080441854e-02
-4.134078166643245789e-02 9.062836161686027570e-02 -1.056355642776947434e-01 1.342386733521384323e-01 -1.638051829728573786e-02 2.469462840412523646e-02 1.597868537075593925e-02 6.762000724721516087e-02 2.570490239539066635e-02 -6.768638686279684902e-02 -6.577522423011052111e-02 -2.299730464084091541e-01
3.978800079798151118e-02 -2.217075632085105732e-02 6.927620292435358873e-02 2.616401503995563482e-02 6.388891868385469797e-02 -7.895222135879420566e-02 7.547616670669216044e-02 5.992684863761822689e-02 -2.574311191707732288e-02 -1.228675933627780548e-02 -9.265181895786081534e-02 3.959715808863191466e-02
1.609542376580292700e-01 6.997723454234520968e-02 3.874269149449965921e-02 -1.137004907479037402e-01 -1.881019668942399414e-01 -2.968408878659175090e-02 -6.432124865248604884e-02 5.747438274514524159e-02 -2.003933028725906063e-01 1.258752277851459267e-01 1.973087293002306203e-02 1.321277335927519281e-01
-5.524506726920902500e-02 6.148654775895003033e-02 1.187322040535445516e-01 1.289645899919267952e-02 -9.262584623342631773e-03 -1.710510031295432720e-01 -7.259477847091902122e-04 -8.514480915936309402e-02 -1.762434448867201686e-01 2.411431137372472416e-02 -6.199438376499232656e-03 4.214288760924984889e-02
-3.619781862290585156e-02 -1.485439223118375507e-01 -2.502890171457134577e-02 7.446562520272438646e-02 1.341932659491626989e-01 7.635641100351725497e-02 -2.749705404083030089e-02 -7.518036920086421104e-02 -1.174350960173767278e-01 4.173609688342057832e-03 -3.716346279033872629e-02 -5.500406764407289595e-02
1.030331905606157589e-01 -4.973654059757099538e-03 8.639519744495484377e-02 8.372337158033094084e-02 2.583776098557165682e-02 1.819778461859311580e-01 -6.520036502424393643e-02 -1.951216578960038306e-02 1.055373371801404669e-01 3.366340665647984433e-03 -1.328217129494190796e-01 1.757531403198441255e-01
-2.016762932603138533e-02 -3.247769749564135416e-02 1.745925961647266100e-01 -4.454174739030872243e-02 -1.145299055218000350e-01 1.431873916072580744e-01 -3.319542035420865872e-02 -1.069299103658891137e-01 -7.064007572314220940e-02 -1.010931792575948673e-01 -1.323070021840490156e-02 7.661421224000838914e-02
-1.517687040263216158e-01 -1.947791857095853008e-01 -1.608987683604940974e-02 2.560141207959922352e-02 7.315368512312052374e-02 -1.225674901097461994e-01 -5.370707115680944943e-02 1.636001388948488122e-01 2.686857596856743330e-02 -6.365669449518981948e-02 3.699215230015082123e-02 2.592569921695527801e-01
-1.304525202436219999e-01 -8.173039479888208336e-02 -6.736059542799607835e-02 -2.901831009789222759e-02 1.565418818678073754e-01 3.528865362979785592e-02 -3.516768556603980245e-02 8.202718151145899084e-02 -1.863602538675966647e-01 9.116915397051277665e-04 1.061170285858210188e-01 9.118912367355418158e-02
1.437651064965020653e-01 1.463351427008487415e-01 -1.111841501788330029e-02 6.414499408995903706e-02 5.680710261416854062e-02 -4.694108465902701449e-02 -1.698662704515087607e-01 -1.867878237604309044e-01 -3.960218576065324680e-02 -2.529033694116631925e-01 2.782774807388328497e-01 -2.012054719196442604e-02
-5.732757249318051751e-02 -3.128658462874382012e-02 -1.715277041212034601e-02 -2.374162631615844843e-02 6.230412881652563906e-02 1.659193799803403424e-01 4.819686755728458394e-02 1.762273397830658450e-01 -9.444440236433176983e-02 8.837347583989485500e-02 -1.456970029205031381e-01 2.898788369539685716e-02
1.126223720388402072e-01 1.693217566169066476e-02 -8.245967177722690611e-02 6.175226947194170646e-02 1.591020498679330264e-01 -5.162195626167816014e-03 -4.905211442321567167e-02 7.920850821669037090e-02 -1.869787852460405922e-02 -1.067854427471587320e-01 1.197195206295055547e-01 1.304438782244057122e-04
-5.825772812314736204e-02 -1.280327160449011292e-01 -4.053658115679007086e-03 -5.678760578193098318e-02 2.257360040508834750e-02 -4.427819424607938592e-02 4.230551642704860615e-02 7.087291712888020567e-02 -4.959921592196737776e-03 -1.677334158401110054e-01 -9.441288205075192008e-03 -1.403227987357301143e-01
-2.374330088645986575e-02 -4.683379311120610539e-02 -5.510121700160575120e-02 1.409162403773160654e-01 -3.796852754226944654e-02 1.425795939180520278e-01 -3.780590072783460848e-02 -1.228590069909696186e-01 4.894350404741079630e-02 1.437634741954628981e-01 2.416286159146634888e-02 -6.471812258524577144e-02
5.390008465328926385e-02 6.363012813091026287e-02 5.107887408846655680e-02 4.270624171422778004e-02 -1.557186194234911336e-01 9.733418260031140301e-02 -2.202228104300248124e-02 2.604105541141868985e-01 -1.367658973156864188e-01 1.012990682609182791e-01 2.225290029308102380e-02 -6.902595909738178104e-02
-1.236500891054906348e-02 2.367459901959473312e-02 -2.701426027485646919e-02 -1.168996719394266304e-01 1.770701312224690627e-01 1.148640145011466940e-01 9.847917497147268273e-02 9.893967391835485625e-02 -9.946842552394356829e-02 -3.286068505999825001e-02 4.859746943009932846e-02 8.202448907688381086e-02
5.756545318584970622e-02 -8.461568503163570398e-02 -1.981407128228030584e-02 -4.066058379006113471e-02 -4.487174494265947639e-03 5.176765865802179789e-02 9.781238868096948924e-02 5.171092383535511039e-02 -2.391982466351223469e-01 -5.069472505501829845e-02 1.249533029468739287e-01 -4.686607389569566462e-02
8.154085488772372381e-02 6.832450827313336916e-02 -3.127089412370095273e-02 6.342727456365744587e-02 3.286703221095909483e-02 -6.721213517484503353e-02 9.072299523593711779e-02 1.061091003316497888e-02 -6.607604971325828358e-02 -7.319224314312908208e-02 -1.512479870896923650e-01 -5.915789132156734631e-02
-7.114218944878108325e-03 -2.314946360050694832e-02 -5.144339384799932052e-02 6.830890787213545270e-03 1.165975891014692095e-01 5.905146367613698516e-02 2.401208195847850946e-01 -1.835920646129902967e-02 1.270584797044796710e-01 7.441461428141826762e-02 4.484847412215644397e-02 -1.384290705175852121e-01
-2.033416195067800844e-02 -9.646981259064668635e-02 -5.805003240611777277e-02 7.906866356408601137e-02 -1.954626347079122528e-01 -5.811849564002028595e-02 1.006090986132976983e-01 7.097281627526265402e-02 6.947555959060182362e-02 2.075140408839455664e-02 -2.631246790340058869e-03 -1.544495715932312774e-01
-5.973488783692611215e-02 8.859555882185549125e-02 1.254677169908382517e-01 8.933471352820450406e-02 1.347618674061876465e-01 1.429220026571088320e-01 2.402682205393750700e-02 -6.152052254773787698e-02 1.057640045374401289e-01 -1.521411504719427932e-01 -1.194607856588098538e-01 -1.806035942223358295e-02
-1.509199224494497116e-01 -4.418840173124174292e-02 -1.359919361773274330e-03 -2.879468577514745706e-02 -6.673231820304910758e-03 3.706927232843586217e-02 9.850361710650425151e-02 -1.168040376711593498e-01 -3.061357973332334836e-02 6.878623087909667422e-02 -7.182716112228978989e-02 -6.728831671533110070e-02
3.303178556928215714e-02 3.313525796154456055e-02 1.030878838333845887e-01 -1.748605882905711340e-01 9.415460747840184372e-03 -1.566278396967725195e-01 -3.486243382965181076e-02 4.045130165989860999e-02 2.604610560621349602e-02 -6.768123378236853838e-02 1.380322174925616152e-01 3.180883828377858297e-02
7.702896323724457706e-02 5.191237851947964194e-02 2.079438704079607236e-02 -1.050116999617725644e-02 2.186526271691735177e-02 -2.370031353721428757e-02 1.795605203440327896e-02 -1.774470456479218250e-01 1.448236190231935727e-02 2.350264273637375084e-02 -1.438142685076101990e-01 3.936280531527013710e-02
-1.219798322465265178e-01 5.705347393318874888e-02 3.287081369863328190e-02 -9.875930584072779850e-02 2.398321534454508214e-02 -5.230400986430286392e-02 4.064666539194169113e-03 1.958610134696240831e-02 6.620746031363392188e-03 -4.839352940941152315e-02 4.103618029912489695e-02 -1.313838553565731537e-01
4.051307201587234404e-03 1.132593634654371073e-01 1.542781916208540473e-02 -6.804357299806430837e-02 -6.046036344093502074e-02 -1.201540599570014370e-02 -1.680359133613893441e-01 -4.107359668978485118e-02 -2.476454703008627023e-01 1.572697645840860636e-01 6.407755798123841717e-02 -3.404460377828572720e-02
1.947213924777412355e-02 -8.185941870852229268e-03 -1.258675946946630764e-01 7.576521196762699140e-02 -7.601975124539216144e-02 -9.171155336079445108e-02 -1.341675666894393826e-01 -1.214584489554796920e-01 -3.408218960642223072e-02 -2.981254733352113606e-02 8.050284246539801680e-02 1.356173948860370237e-01
-1.975711212739479916e-01 4.279286705085624115e-02 -1.440212629471678552e-01 1.292053683818085996e-01 -1.530328538452614129e-01 1.291462765547995439e-01 -2.869253430086981527e-01 3.783853822765265856e-02 -8.495579849158481356e-02 1.612445982061331759e-02 -2.462686073775394446e-01 -1.805854099167294446e-01
6.574672525742304707e-02 -6.780086469707556629e-02 5.473822569811573335e-02 -4.322059982144370316e-02 -1.422593833732024166e-02 -6.619816445599664700e-02 -3.525482827418714021e-02 -1.407610633832142022e-01 1.596541019522639271e-01 3.505037418863636567e-02 3.954982057579371768e-02 -7.398825745951355393e-02
-7.852468989833849555e-02 1.188655409453468099e-02 9.205137533400513383e-02 -2.488255032839208347e-01 4.335269851381326868e-04 -9.963314865410301605e-03 6.493667456990910580e-02 -8.461674783144877698e-02 -1.004454968969374362e-01 9.278901770037351060e-02 -2.281086070842613597e-02 -2.028841169140282313e-02
5.847525984112250663e-02 -4.544716440652865619e-03 -3.673021421922995772e-02 -7.715324619712897458e-02 -1.233183084031787800e-02 -6.828444975316405596e-02 7.890401541528041518e-02 5.445274461011228445e-02 -2.999052803128196207e-02 -6.196894308275187335e-02 3.110321286017003577e-03 1.002710227869414994e-01
3.072265822510950734e-02 1.663526102297182563e-01 1.193051268455489478e-01 -1.288593481648118155e-01 3.967289993030030659e-02 -9.012646213849118126e-03 -5.046785035456159696e-02 -2.793809287617509199e-02 2.010244506187839342e-01 -1.738748600045043613e-01 4.111919555493150080e-03 -7.957878928746026093e-02
4.987757724115232660e-02 7.304835833982921411e-02 -2.313591944427751540e-02 -6.573765707654716239e-02 9.944389976821717270e-02 1.750933110317302033e-01 -1.623235860238388811e-02 2.720617754220822776e-03 6.407491336851998953e-02 -3.542274648461656711e-02 -8.268396022212689059e-03 2.176117318361041608e-01
1.383452306840995127e-01 -1.656526261739462713e-01 2.275910202818852979e-01 1.083043153929832692e-01 -4.465420755064025519e-03 -2.543853606943486528e-02 1.051546961734117769e-01 -4.536235398968939056e-03 8.766238875865733915e-02 -1.425115156001871899e-02 -1.664728003114835930e-01 3.429399937577687352e-02
-3.144148835486263588e-02 1.717937763308151067e-01 -2.007779523193968865e-02 1.414304720072064731e-02 -3.531195998022575167e-02 -1.070510712003256426e-01 -5.775276605097710153e-02 -5.459227257884425276e-03 7.243595189044692295e-02 5.407126831423125085e-02 4.554214560986483140e-02 1.434596329030573270e-01
-4.555856736174002108e-02 4.813849416223955902e-02 2.999914132398028097e-03 1.079853997108606301e-01 9.889225575710930416e-02 -1.763882980421436208e-01 -4.952750251403389981e-02 -1.019880728672247355e-01 -1.233017832592356450e-01 -2.183433861572624535e-01 -8.818802372889089636e-02 2.297336199790310785e-01
1.530318761514525561e-01 7.550621614263414161e-02 -1.609777567922145436e-01 -1.633160764453602254e-01 3.861568006772619476e-03 -9.680416584509562994e-02 -4.208811592824245745e-02 -5.198817839548183772e-02 9.107762408143355026e-02 -2.712718159831988343e-02 6.625373555980818008e-02 1.087368254439704113e-01
-4.615721541283300013e-03 -1.705907284234048082e-01 -1.594511353739228726e-02 3.540413810556779922e-02 1.413699642806070245e-01 1.395858958571230823e-01 7.030125097820484614e-02 -7.376410237202178644e-02 8.589986473390665012e-02 6.096206783055666163e-03 5.056264723038738501e-02 2.000040735690754995e-02
-3.442721001561768052e-02 -1.927513927319099152e-01 6.238676252629604679e-02 5.071719219359528685e-02 2.600399676823259704e-02 2.420639060883543470e-02 9.705213266104366354e-02 -1.092038431533129128e-01 -3.672760525433740181e-02 -5.272636743867850639e-02 -1.040181124551463054e-01 3.790821786529879889e-02
-9.226352527779087265e-02 6.476860403577512637e-02 1.838312374811320107e-02 4.631610263146976325e-02 1.178690511683338528e-02 2.644181131578202809e-02 -5.324865239594361171e-02 -7.120399776236174816e-02 -1.819735469686061258e-01 1.535788580163038042e-01 1.051459993298949763e-02 -8.777014345389645700e-02
-6.950001112348501431e-02 3.597894895839426344e-02 -5.997495008257095611e-02 -6.323779993612241301e-02 -1.167859133728927495e-01 4.988326834982415720e-02 5.769948793935944509e-02 -1.807177770130810601e-01 3.447561423267247321e-02 -4.881718941747831275e-02 6.239723985457986018e-03 5.685666401006701787e-02
1.021964861553502218e-01 2.797567177398554983e-02 -2.122663428080441561e-01 -1.894926290567958416e-01 -6.199415877869377672e-03 -4.408995308617581071e-02 -1.551066686720502519e-01 -2.859527213492645339e-02 -4.839585759927031439e-02 1.846755354100397192e-02 2.887233143856184348e-01 8.260278780896763984e-02
7.067102218279146253e-02 -8.385336786517254282e-02 3.628120835053721960e-02 3.833967877067171598e-02 2.255892651147391181e-02 -6.548380919677083967e-02 -7.865907658105743272e-02 -3.997265825616444501e-02 4.353568783508215967e-02 -5.713276687023665507e-02 9.329767709424655400e-03 5.152643730834188113e-02
-7.224085591321265098e-02 1.114366609442494216e-01 -2.417402850137973305e-02 1.306471392560072664e-02 -7.091388123260035370e-02 7.239413211939964288e-02 -1.298392026144682132e-01 -1.225884815497286368e-02 -1.676137508785549013e-01 9.268623325383872069e-02 1.604609023599022979e-02 -9.965819649538378011e-02
-9.893229082165461152e-02 -9.966270800830095977e-02 -1.294008246995003164e-01 9.296245062566786677e-03 7.659184986590726607e-02 -5.140663334756015446e-02 -7.928357969383031945e-02 3.349877684197809236e-02 1.051969818378712118e-01 -7.033793762281699558e-02 7.673653186342825616e-02 -1.185287234115459110e-01
1.151128258899777879e-01 -6.574447811919192919e-02 -7.776562684155434446e-03 -7.299660025129223184e-02 -4.513779054849648142e-02 5.796349792854812999e-02 -8.963493570293723511e-02 5.387851006525761627e-02 -1.423966026870354395e-01 2.072011351654977906e-01 -3.305613238673392462e-03 -5.546970651727534118e-02
-1.189902099914263468e-02 -5.969397725721493908e-02 -2.339571743980867202e-02 -1.565903067581152497e-01 -9.125440984316433857e-02 -2.580682181664531449e-02 9.836397050422743260e-02 -1.294388528323574088e-02 -8.058499289415568811e-02 -5.145910759131033102e-02 8.656151581173324172e-02 6.977030278063792862e-03
2.227181552989324631e-01 -5.029247770435890663e-02 9.789102450304999065e-03 2.158015647664248901e-02 -4.952509983386529924e-02 -4.441741480142148701e-02 7.505593033485968846e-02 -3.075415131227478283e-02 3.198189654065730636e-02 -1.734534031304514057e-01 2.385941526146621861e-01 -1.661685907425771713e-01
-8.103782136424025895e-02 8.566732327282783332e-02 -1.214028468211452577e-02 -5.207167501621294374e-03 -1.144130359949195042e-01 -8.683528169310324174e-02 -1.189638240082121871e-02 9.111303958521121960e-02 -1.778697312096249109e-02 -1.766663375664596636e-01 -7.764137120889391674e-02 1.170913011809999599e-01
-3.788039297307517483e-02 -8.493452503708519286e-02 -6.950060733114424294e-02 9.025897934741875656e-03 4.329413907738124262e-02 -2.302336804636586146e-02 -3.188457682380026192e-02 -6.402980895158599112e-03 -5.347900941845578487e-02 -6.099865715633756569e-02 5.422591335782633859e-02 -2.714759213818164485e-02
1.227372109415651447e-01 7.023913161174515085e-02 -8.579622963401736802e-02 -1.716751030186095331e-02 1.611029093180716965e-01 -2.136936500155237340e-01 8.153613614050608804e-02 -1.799635665106488203e-01 1.247182235741695067e-01 1.317846496794523696e-02 -7.400283534274552932e-02 2.915082717902429173e-03
1.398951871701731992e-02 1.271864024329689424e-01 1.834398676182889265e-01 9.119362487210656842e-02 1.422842324422480542e-01 1.787094903471634494e-02 1.798989118643683216e-02 2.428056873729833587e-02 2.016766183557564818e-01 -4.364216677280325501e-02 -1.808306921350573138e-01 1.293082001967089112e-01
1.446160859395364401e-02 -4.689337451683611019e-02 4.543085981967319442e-02 8.435202692862470153e-02 3.318057597360564437e-02 -1.486072058430135401e-01 -5.814896961905462874e-02 -3.130487631600913090e-02 4.409942768472981806e-02 -9.825134240293115218e-02 1.685695552411791420e-01 -2.351097624491290186e-02
8.228135808427582826e-03 1.322916867486109982e-01 -2.281912601383931372e-01 1.526862006638821656e-01 3.915935542204326304e-03 1.272325191884680906e-02 -7.693885698510442850e-02 -8.032999460392215019e-02 1.122454525260645763e-01 2.123849501607734391e-02 -1.281453705758016093e-01 -1.066367589156501650e-01
-2.828751595696235577e-02 -1.451962767975985974e-02 1.160011453770235790e-01 4.837944288525709152e-02 -1.506613324786140219e-02 1.322142132779497159e-01 1.064078742252358989e-01 9.318100672331279533e-02 8.489891565049319244e-02 -7.245153740401849563e-02 1.161060171796823443e-01 1.653240280424426722e-01
-6.378496385961805737e-02 -1.226151277188723687e-02 -3.113963028685749757e-02 7.719896608037739305e-02 -7.383579926860603382e-02 -2.358167939679013392e-01 -2.753002991637537589e-01 -3.438893286608194627e-02 -6.425522005877682373e-03 -5.020827085210258917e-02 8.023855683334439257e-03 4.639597614637841483e-02
2.560631011484734362e-02 6.708379449765677904e-02 -2.506426057585188216e-01 -3.035083303135941574e-02 3.848167510143601922e-02 -1.071201789683254024e-01 3.257305133920842394e-02 1.233979666093486249e-02 -5.787201505997389278e-02 -2.583144649585401159e-02 -5.648591720471040495e-02 6.953105952175279991e-02
8.557624175535168132e-02 -6.601833934054839037e-02 1.182715602335043664e-01 -1.163792882387179595e-01 -6.044450171572916114e-02 6.869640019285049026e-02 3.979102702534991626e-02 9.655246049096549710e-02 6.711797029237602519e-02 -9.219733295209320278e-02 -1.359027775148746175e-01 1.068129705570661364e-01
2.127395908890665766e-01 2.703793140236064943e-02 -6.761295987010532138e-02 -1.347431673288887292e-02 -5.168735687967464243e-02 -3.704439214772033834e-02 2.411832008843250389e-03 6.463933497155915919e-02 -1.645344492694122140e-01 1.392989391306514481e-02 -5.161761834237674207e-02 6.626580400075560151e-02
2.609229122329554274e-03 -3.021573035226751691e-02 -3.588888358228697895e-02 1.662226446505953720e-02 4.900326574414420183e-02 4.652419084757602324e-02 3.473960331255353945e-02 8.233063905674307958e-02 -2.026775478156739654e-02 7.942117541544689574e-02 -1.004325832218775222e-01 5.463594533007740117e-02
1.036019199154757930e-01 -2.502876126426718112e-02 -4.439559014903063372e-02 9.681648821581428921e-02 4.932873238714329672e-02 -3.172049197833910483e-01 3.955918997135190324e-02 5.059865762035853365e-02 -2.788432049856836084e-02 -3.054528411490781831e-02 -1.751961490552073897e-01 -7.885366095017973254e-02
-9.876828716487399962e-02 1.526537068189273705e-02 6.151517242616100223e-02 -8.838483388397506968e-02 -9.361849198928706706e-02 2.599554596026550091e-02 -3.092078831821731474e-02 -3.127182054548723056e-02 1.343800475091095625e-01 2.464656658228694605e-02 -1.221560594252301402e-01 1.672892991820823863e-02
-8.801147981457388414e-02 -6.310574460737690405e-03 -8.122054450655641356e-02 4.987879742118727505e-02 1.594534723462979198e-01 4.861819886848337685e-02 4.620716485068949303e-02 4.006455798995992544e-03 -7.121658937274839840e-02 2.237458978991247460e-01 1.008530433408901250e-01 6.606725051053945197e-02
