-3.826032971473360078e+00
-3.951131841855187510e+00
-3.917964023809566321e+00
-3.954941395659811398e+00
-3.884679641529174887e+00
-3.926348984199607539e+00
-3.887427053107630925e+00
-3.997625738019683350e+00
-3.938657483017756977e+00
-3.855525236967268121e+00
-4.024029990653636091e+00
-3.977973579395367221e+00
-4.010153316195976814e+00
-3.955859795501441845e+00
-4.036982855832599526e+00
-3.908701442881258092e+00
-3.897852481903989919e+00
-4.010547046036724517e+00
-3.988931999184666122e+00
-3.998381523758964828e+00
-3.914156062483773457e+00
-3.965866886068807329e+00
-3.929773902093192106e+00
-4.037438581076647104e+00
-3.913141587186215187e+00
-3.997047312563066335e+00
-3.944953858119428780e+00
-3.882694338428857694e+00
-3.910025609757179943e+00
-3.964043266530397958e+00
-3.932837276947191985e+00
-3.958272778179051432e+00
-3.998301037945986014e+00
-3.976284638366227142e+00
-3.911818185057106767e+00
-3.894166208886922220e+00
-4.157582913024548965e+00
-3.909775514490501980e+00
-4.017026785973460967e+00
-4.041057541301717571e+00
-3.957306803825372921e+00
-3.929112158353988526e+00
-3.922664619496015526e+00
-3.896469413715163643e+00
-3.973597472990110901e+00
-3.993193590794447800e+00
-3.906659197527753591e+00
-3.968751549082638164e+00
-3.972794783133290153e+00
-3.972869305378422311e+00
-3.937868443805204510e+00
-3.925556802824825553e+00
-3.995391839064347028e+00
-3.902446989225751839e+00
-3.962203219507339114e+00
-3.971420855206997835e+00
-3.928329098755039439e+00
-3.904000197143461026e+00
-3.985491286419368340e+00
-3.868107533367751039e+00
-3.997767198369319708e+00
-3.934091109347574111e+00
-3.956919078132280276e+00
-4.039981846597977544e+00
-3.946025773947277493e+00
-4.031247188119112757e+00
-3.955597306455525430e+00
-3.937211544145547304e+00
-3.895437695565715064e+00
-3.913347010734311571e+00
-3.834752908890605383e+00
-4.073986751385823446e+00
-3.984329322462004441e+00
-3.929144759700230694e+00
-4.076883465614042024e+00
-4.013092997382198490e+00
-3.909260995709184172e+00
-3.924645114281937186e+00
-4.067523841513136063e+00
-3.968908034337675694e+00
-3.966832592119008627e+00
-4.033460005084558375e+00
-3.817783494246174136e+00
-3.998449681232732367e+00
-3.876239664821850006e+00
-3.915706644840740047e+00
-3.945672717434276500e+00
-3.951219126268981530e+00
-3.893186241544952964e+00
-4.020042014644858774e+00
-3.959077999123289615e+00
-3.954041508187510878e+00
-3.927895809571057661e+00
-4.070627402151373531e+00
-3.951727349233565612e+00
-4.068716755719487210e+00
-3.969124259887796935e+00
-3.989396045870497343e+00
-4.025680952466075269e+00
-4.021011373777567677e+00
