1.387014098114651428e-01 1.344626754012819558e-01 -2.345608989699236521e-03 -5.232566056569096929e-02 1.720379057745786977e-01 -3.908723845733864249e-02 8.534588189767329525e-02 1.304293811636490497e-01 -5.342084252958501089e-02 2.523429336873993321e-03 1.796195702217198431e-01 7.422869594115032166e-02
1.171261264948620373e-01 1.195346725883853108e-02 2.362503716581514090e-01 -5.138496941462849382e-02 -7.843571842591551269e-02 -1.414310019293431309e-01 1.504210980722995583e-01 -1.139456335734816694e-01 -5.692418452068753049e-02 3.031201139684192719e-02 1.209754871460871038e-02 -5.041650399734159960e-02
5.875931114677257483e-02 1.374365211304554579e-01 5.689242127940770388e-02 -5.344004915412719353e-02 -5.498665855512984563e-02 -6.681016425919976409e-02 -1.817132910372272134e-02 3.779089290238118320e-02 8.414575462951327800e-02 -1.943985982743168597e-02 3.104990866903811764e-02 3.208411422680833985e-02
2.026568052035121817e-02 8.182006006104940036e-04 9.827241252304254326e-02 1.245567406963802304e-01 -9.009377007200966569e-02 -2.056317743233689391e-02 -1.310240322861962459e-01 -2.175610039942434126e-01 1.780599198873848987e-01 2.495608792771026041e-01 -1.367469351891529017e-01 2.590368459469856444e-02
9.814588943170692026e-02 -3.224474205162080644e-03 2.972880965281244486e-03 7.816943058627376373e-02 4.155372028035500542e-02 -1.119309692646200116e-01 4.042424403270036132e-02 7.401284229930281400e-02 2.782592088274324013e-02 -5.623575522621095113e-02 1.489407211136302700e-01 6.181802673041467827e-02
1.534301570416925220e-01 4.328672088744995455e-02 1.446644152783004358e-02 -1.977709349081486767e-01 9.345432534676578751e-02 6.310806675766258977e-02 1.681706607549643129e-01 1.201558690096725668e-01 -1.146165815971228047e-01 5.683193811393295880e-02 -1.278594027610138462e-01 -4.808513125484706330e-02
9.476797360637452539e-03 5.919523732204400729e-02 -3.254996651750007713e-02 -2.263293716040273157e-02 1.569069769623757937e-01 -1.187426926855764120e-01 3.336574449868949521e-02 -5.924368054885307405e-02 5.172873719781807822e-02 -2.156707524574486001e-02 2.085098407008315058e-01 1.753073558418039579e-01
-7.325946801225735605e-02 -8.783480634335318060e-02 3.829926186671252925e-02 -2.962291393029832520e-02 5.270630805190367613e-02 3.709118132321208988e-02 2.021079062551409122e-02 1.719595971037057580e-01 -2.017247228822845462e-01 -8.020250006920004449e-02 -5.913735093298242568e-02 -1.260815296029316884e-02
1.036456555700023818e-01 4.017191403712962877e-02 -3.747769415636766077e-02 -3.538544801654930350e-02 2.171118294479212063e-01 -1.559924962660283465e-01 -6.952321695014133940e-02 1.814440023341108363e-02 -2.495344617935311982e-02 -1.434762287214044058e-02 1.074868164853843011e-01 -5.094360979403921713e-02
-5.892955145135334721e-02 6.184931261534529212e-02 9.498717953728769148e-02 1.339417199590810237e-01 -2.075341031317343155e-02 -4.735897719868872174e-02 1.374270483777796648e-01 1.408167400591386204e-02 6.066544070553643586e-02 1.368038405543666458e-01 1.245585081096062252e-01 -4.995825456277069865e-02
7.215478900426790417e-03 -1.331786995995792588e-01 -1.054201207489010444e-01 1.174122397569942189e-01 5.246356824246968531e-02 -4.661647794541221024e-02 -1.907303689865309793e-01 8.675118519015390106e-02 -1.827737310644050595e-01 2.116246638517836620e-02 -4.299177297830564237e-02 2.749242245656537478e-03
1.991045281791894994e-02 2.001055549179759502e-02 -1.615011081291111983e-01 -2.302805794869189349e-02 5.447870403418086233e-02 -7.328152709532859133e-02 1.395315592115717318e-01 -2.594405295080863538e-02 4.177360303734108105e-02 -8.519698710539744257e-02 1.053667763680432162e-01 -1.541324624910699881e-01
6.616581033787395649e-02 9.950653102699682367e-03 -1.645149434214230877e-01 -3.016660351686228578e-02 3.163074355297413459e-02 -5.421650640339538418e-02 -6.257874460556539509e-02 1.757014881940287543e-01 1.835987038561993911e-02 -8.614259585876589409e-02 1.503889486931082702e-02 -2.305228035463244562e-01
7.798890386180695744e-02 1.157798513030513093e-01 1.154475559144180902e-01 -1.240126043630410541e-01 9.463000718014807910e-02 4.935845880820338011e-03 -8.054161033186886531e-02 -9.936084170553326211e-02 -1.239807453279757055e-01 -5.186833096555210076e-03 7.734030984102496786e-02 7.009395216240061309e-03
-3.685294455333662511e-02 -2.022372892594797439e-02 -1.534417440232026253e-01 -2.798943339609454017e-02 7.507530702981264625e-02 -9.886095440392550504e-02 7.273941248960477668e-02 -1.754590510609242704e-01 -3.297335318799465842e-02 -1.408224531613853081e-01 1.931657353913554965e-03 2.920072717717921498e-02
1.698794775160042056e-02 -9.003581375308018775e-02 -4.715879120335995933e-02 1.471884170111314727e-01 4.276674775634096981e-02 -1.123417677225361788e-01 5.967526728811476527e-02 9.026227521461438474e-02 1.167080360533650218e-01 9.484592291084004145e-02 2.196608595818355658e-02 -4.758639782980644828e-02
-1.292463779920388113e-02 8.755647842376063084e-02 3.649285783253609916e-02 -7.296905846777772264e-02 -7.947855178578433488e-02 1.711466966854962579e-01 1.264440619697432544e-01 5.036662901127719055e-02 1.279106268793955559e-01 -1.089986875493109686e-01 -7.201489472491391652e-02 1.096229691111004351e-01
-5.848899219345250755e-02 9.600180748069498532e-03 -1.952072729740169099e-01 1.497268903771537332e-02 -2.880228883289207703e-02 -1.294885203023154185e-01 -4.092460676082942950e-02 -4.341563444159381689e-03 -4.228293831189793017e-02 9.142058964946600530e-02 5.889420734788287926e-02 1.802189816810954208e-03
6.881028643489972563e-02 3.494875853444661881e-03 -2.070997254175001856e-01 2.466625489476439309e-02 1.756631996282473629e-01 -1.275810515032389514e-01 -2.391633847463463525e-01 1.351242767453020577e-01 -4.787657469669277799e-02 5.168365339771380240e-02 -1.304739400277881156e-01 1.434715804161532937e-01
2.155245644775930780e-01 -7.023061239382663579e-02 -1.084197659379502326e-02 -7.016532250372890800e-02 1.896693900344831318e-02 -2.656536802339378930e-02 1.414543115934801046e-02 -1.359923464236079682e-01 9.472769349573634257e-02 -9.489668592530645097e-02 -2.386373960316601206e-01 7.505572365375735855e-02
5.153372973389100387e-02 -2.725040650168914554e-03 -1.227147463614100958e-01 1.362692872557833557e-01 1.215348541981842029e-01 1.012377845586939912e-01 1.329427292066248101e-01 -2.070355818356485467e-01 2.124885615726522167e-02 5.870209857719552171e-02 -3.975373568544268710e-02 2.338545968630162397e-02
-4.519474700128760236e-02 8.008493815971158905e-03 7.976578257632850610e-02 -9.538353362400215155e-03 -1.172164026961781610e-03 -2.995935328829218980e-02 1.776138709395021047e-03 2.396488593646652621e-01 -4.421305459107758434e-02 1.160072629734058697e-01 -1.207613875691834066e-01 -1.903047883819212194e-01
-2.834586555039938019e-02 -9.813457505359238220e-03 1.765224486217231367e-02 2.438544464468651168e-02 5.670437546202016649e-02 7.314145789690608412e-02 7.718794509125542769e-02 -9.737720795281822050e-02 -7.641258031882758317e-02 9.105947563793383159e-02 1.910830322536273551e-02 -1.931331113874824174e-02
-1.160791687583064835e-01 -1.289889692990597338e-02 -3.719393640307758209e-02 -6.416888344663901345e-02 -7.255130831316043694e-02 -1.104689368656619763e-01 -1.197728846719049028e-01 -6.606332844450729658e-02 5.563239161676886146e-02 8.195857024199501573e-02 2.593050379033498554e-02 -4.935529734899610915e-02
1.257925665530151560e-01 5.148300914528730621e-02 9.464755845853906058e-02 -1.578985783026146117e-01 6.592792296095516258e-02 1.633453500210353682e-02 1.020566962378535031e-02 -1.313582760886831957e-01 1.214408249134321799e-01 5.546056232319700879e-02 -4.091074314017192903e-02 3.824833181489131761e-02
-7.409651187062811506e-02 1.305931356528429454e-01 2.161796655313341642e-02 -1.162923069261669468e-01 2.505186953175709830e-01 6.188501986071864858e-02 -1.411399980274572197e-01 4.266180107522767051e-02 -1.969353381260722513e-01 -8.857197165386752891e-02 -3.606216172302454531e-02 -2.466554387317521080e-02
-8.386382807406338180e-02 -1.669110985267645633e-02 7.965529266420308396e-02 2.340319028197088147e-02 -5.659449795577027598e-02 -9.437455083470330797e-02 -5.230358921115372400e-02 8.336564328932798140e-02 6.259028432597190522e-03 1.216303837486998191e-01 1.098609902233727564e-01 -5.104965397247306774e-02
-4.663155074806278784e-03 -3.180399410313980435e-02 6.379579567378804161e-02 4.149395808661308221e-02 3.735134513441069198e-02 1.467152025419143357e-01 -1.299846706842096300e-01 8.749069645828899677e-02 1.786720185361502164e-02 -3.813982160067762371e-04 2.364741295360220721e-02 1.531322042722997046e-01
6.155264240748350990e-02 -5.363411858907967539e-03 2.124375156722075886e-01 5.010385333093336779e-02 -6.162897126557792538e-03 -5.738161428635278616e-03 3.102222863223701253e-03 -1.928788088385191557e-02 4.622298525769508171e-02 -6.648524573760808409e-02 1.131988825513191160e-01 -1.195442780041553466e-01
2.412056774326689149e-02 3.037738285785349795e-02 1.268726220433326890e-01 3.800380786552661622e-02 -6.700600426125565001e-02 -7.947695402642550311e-02 -6.594123727771776522e-02 -7.512549594202558301e-02 -2.633320379428064767e-02 1.438857546163848922e-01 -2.680777467233485048e-02 -6.453155867626732267e-02
6.879083301349067647e-02 -6.989362964134247791e-02 3.620234573010527174e-02 8.680472412119955017e-02 -1.546018630899415880e-01 -1.569053940066170161e-02 1.219807699626699604e-01 1.048981866507209815e-01 -1.478201809021027213e-01 4.377757538947224525e-02 3.447526683860515501e-02 1.085269834134595067e-02
-1.314650603018522601e-01 -1.614985661657669658e-01 -2.445567883091257638e-02 -5.712666029591066501e-04 7.070253489129880997e-02 -4.118090763708834312e-02 -4.089615908699290037e-02 -2.765418780863469761e-03 5.872452052577842307e-02 4.090028936307794905e-02 9.999735352441252445e-02 1.538802484585820585e-01
1.933232032912233223e-01 -1.040096745358656642e-02 -1.165479917095632312e-01 -6.406500967414956171e-02 1.881040644772452031e-01 -2.709858782092628426e-01 -1.943828028580459055e-02 2.129594180746809118e-02 8.782243964650741572e-03 -1.645095306246270872e-01 8.981193846629734190e-02 -7.938844361886829293e-02
-9.538170026068272522e-02 2.941642170220776231e-03 5.932452885251889019e-02 -2.246353105596869959e-01 -3.696405914729716281e-03 2.241131566312847250e-03 -2.064985442456462178e-02 -3.631749724040591459e-02 5.807042471370613829e-02 1.014344036161085039e-01 -1.966580645949030440e-02 5.790409793782583248e-02
1.820891560242041685e-01 -5.810038045919217048e-02 -4.850546205724298732e-02 -3.371198857148927780e-02 3.649993073310787376e-03 -5.921011115883745290e-02 5.512649820188845334e-02 8.031677617187943374e-02 3.385471748513097651e-02 1.377653794323824010e-01 1.110110559871391178e-01 -1.258805558936245683e-01
1.308698357538852775e-01 3.227405023788538357e-02 2.350347432280987248e-02 -7.189983903040748914e-02 2.501369605595864590e-02 1.291717703003939823e-02 -1.237813063851287976e-01 2.055759123309829073e-02 -2.465216391631609716e-02 1.599683245584880287e-01 3.937369404975185616e-02 2.221005753312559339e-01
-1.829635506147295546e-02 -4.635832552094027587e-02 -1.338171730210005739e-01 -1.213491284621550509e-01 -3.314481483742450219e-01 -1.218230198498104350e-01 -2.530351558572301388e-02 -1.624180550644447607e-01 -1.109829850079528391e-01 4.724093586417667939e-02 -1.173941962347230944e-01 -2.553787294069036554e-03
-1.125226701402180784e-02 -5.933958026909805575e-03 -4.710422216730639211e-02 5.838299652997672867e-02 3.633817841709369861e-02 -8.442294608505440667e-02 9.060321374427682262e-02 3.261331771526791018e-02 7.049193399395770054e-02 -1.754963214449401510e-01 1.792291799032989241e-01 1.169884333148538541e-01
1.689107047602848508e-02 -1.762965097679448090e-01 2.863016609416770344e-02 -7.212403351838406196e-02 7.228348328610890994e-03 -9.762549775106339756e-02 -1.133608584526552276e-01 3.259083571912262806e-02 -5.336567355719634004e-02 -1.848385009040609192e-02 1.328881010241428073e-01 -7.000853899633577293e-02
-3.814432634925998822e-02 -5.116640369534857652e-02 -1.230702707826335229e-02 -5.237585712586365072e-02 6.081795825178378835e-03 -8.239641003129904995e-02 -1.237268989905650901e-01 -9.331516353862133462e-02 7.072124709509831908e-02 -8.893407822739947399e-02 4.861111439665995182e-02 -1.324802487245829441e-01
-1.076566580932670353e-01 3.006532753848175157e-02 -5.237884153644948443e-02 -2.118402754144836642e-01 -1.888718525505454771e-02 1.680509313408493077e-01 -9.844207030382004509e-02 9.145108391360246003e-02 2.739836629651032363e-02 2.168545708696787908e-02 1.503282180200792295e-01 5.108411542157040297e-02
7.186738057787286915e-02 -4.473246425730157023e-03 -4.359746217072381358e-02 -9.005654953454492184e-02 1.925364609349824452e-01 1.295068472359344469e-01 1.400245264236159304e-01 8.103784594439947947e-03 7.837499010530613042e-02 -5.614021532223154032e-02 -1.052776722092662320e-01 -8.470484027369053204e-02
8.683390299237736532e-02 -7.163781707519799834e-03 3.810403682994583600e-03 1.500521115379150894e-01 -1.866859430188402558e-01 -6.886845320466099263e-02 6.438479050280696003e-02 2.387053061712230556e-02 1.477647835960708457e-02 1.346239950540269181e-02 4.163209445151387633e-02 6.217822413767150336e-02
3.699111262740739647e-02 -6.199540802937403283e-02 1.417163411705012199e-01 2.831366299163387210e-02 -9.187316021548000422e-02 -4.678894401935212999e-02 5.778940294590404619e-02 -6.126416052304212156e-02 1.792946146891102321e-01 -5.870612339270474961e-02 1.136897297754992792e-01 1.204206845923562474e-01
5.669980208920750997e-02 2.509802684966308192e-02 5.477228942831269265e-02 -9.611841058412086414e-02 -4.882291414410139946e-02 5.464251670114100151e-02 1.141742611036300065e-01 1.779872955889391095e-01 -1.352700983981886332e-02 -8.957671688437046642e-02 -2.269033613974694996e-01 -3.157102369151729149e-02
-2.192500421619964640e-03 1.295746736234387186e-01 -1.674965967917709797e-01 1.841899454154224958e-01 -3.007996114600514082e-02 1.719977149784547577e-01 -2.175801034381013577e-01 -1.952372468814182749e-02 -2.489434421131190081e-02 -7.829451433173913177e-02 -1.177234686014339872e-02 -1.269732223130239646e-01
-6.521878049606433594e-03 -5.891122013976957117e-02 4.028296709330669856e-02 2.769598597668731718e-02 1.343508061295937139e-01 -7.866927674626679468e-02 7.750368638341842420e-02 3.551191519057563667e-02 1.081332917431968195e-02 -3.156629824644225507e-02 5.019933978117042950e-02 5.162563959725864626e-02
1.101305587740865344e-01 3.718217902117530206e-03 -1.286424752037183296e-02 5.039248671207888913e-02 -4.116500071180700937e-02 7.307156416304731728e-02 3.456632886183127334e-02 -2.040196947065220090e-01 1.191321545786319103e-01 -2.547222531465199568e-03 -1.615130561927909103e-01 -4.883637039473861380e-02
2.291389748325827272e-02 -1.965281704502268301e-02 -1.363067172658058712e-01 -1.024190444291146473e-01 1.685922989191005750e-01 -1.226463653421827477e-01 3.961006273054927529e-02 3.022516393076798633e-02 -1.160803670217513128e-01 -7.250455632665172255e-03 5.823433873103801839e-02 8.052115296692752278e-02
-1.463272875998793410e-01 3.128952704988826466e-02 -1.042736073255298018e-01 -1.105284540929807879e-01 -1.116609025836225871e-02 1.204781908183745059e-01 -7.610635743508833984e-02 1.731807155409175944e-02 1.251697540865350511e-01 -5.872873621584537990e-02 -3.748021962204666629e-02 1.532586126333487508e-01
1.775284039280751180e-01 9.294708590332811937e-02 1.442558471447301927e-01 2.469313465874980670e-02 -9.803332588055536923e-02 -1.236594970626647139e-01 -4.196287311494364199e-04 -2.021689690398913858e-02 2.113150311241869181e-02 2.086478647150230657e-03 -7.355293542239800531e-02 2.635994763413678291e-02
3.730145412453584990e-04 1.093822843946298529e-01 1.150311823785972049e-01 2.764644350994244770e-01 4.453861404717894545e-03 -1.090715060824298420e-03 3.109002178848134859e-02 -7.397585249262887686e-02 -4.518922432148544943e-02 -3.371497507370703473e-02 -2.284361825748466163e-02 -8.177155919628850689e-02
-2.084284195505774206e-02 5.924480731399999617e-02 -7.218487214758886883e-02 1.276772581511813331e-02 -5.736433870920615297e-02 -7.936242484336666903e-02 1.907557760982064518e-03 1.753547046560073597e-02 -5.132740220469860642e-02 -5.863361428826733418e-02 2.739657810156341869e-02 -6.672288500268140632e-02
-3.476975299651523937e-02 6.841105035899019970e-02 -6.991999388012905270e-02 -2.794374273692700958e-02 1.255790098719492820e-01 1.640082399477499342e-01 -4.588522334297980704e-02 -3.907232435188220943e-02 1.258535925825748636e-01 -1.267456529167751700e-01 9.919222554864137731e-02 6.690380753430709426e-02
-1.097182392981248811e-01 -6.996010221324686085e-02 9.217798629535275956e-02 -6.141300372476732328e-02 -8.247434644405522708e-02 -2.859286190668415550e-02 2.229241452235758425e-02 -3.513267065289448626e-02 8.480176938321050406e-02 5.384025216584698015e-02 5.745658570194241144e-02 2.822763797183340528e-02
8.005842751533848167e-03 1.001691112453186872e-01 9.821345975077347412e-02 1.773687635809182428e-01 1.464681291506012561e-01 -6.393666966141073327e-02 -8.133283366059877728e-02 -2.777983019998805925e-02 -1.095019605927132073e-01 -3.795888781630235576e-02 -1.609925445423474738e-02 -1.611785417774571905e-01
1.604625943063587856e-01 -3.247199511082054374e-02 7.656864046421335557e-02 -3.476942389830613850e-02 4.813390830825634709e-03 -2.956126511872260790e-02 -6.446132872990655016e-02 -1.938979298492780889e-02 2.075365497721559371e-01 -1.822392937669401747e-01 9.591399329016606079e-02 -2.463954607755013473e-02
7.985656586117590924e-03 1.526989956886718250e-02 -1.206979882575492380e-01 -1.048057999554594943e-01 2.006249598549101065e-01 -7.353592614207187655e-03 -4.547215114720541511e-03 7.230121279567384984e-02 6.712222018384568500e-02 -1.027731823217489932e-01 1.760959073842705003e-01 1.361108826196643640e-01
-1.364019562615258196e-01 -4.878678966788842220e-02 -1.550880171635767024e-01 2.724986935593032983e-02 -4.208111210463505621e-03 -4.321327465474679441e-02 4.839362895217181465e-02 8.255495142159940958e-02 1.400859931246449530e-01 -7.063921195833298972e-02 9.138006127340680962e-02 -5.458008154976330684e-02
-2.521169917861206325e-02 -6.489208331294893384e-02 -7.010749281377684494e-02 1.715299632654341266e-01 1.636210798958393775e-01 2.099238710485900050e-01 -1.440329608487467272e-02 9.209191904314467658e-02 8.264559045552163918e-02 9.236185727533011147e-02 -1.090098130099599605e-01 7.282965235345038868e-02
-7.223091038010436005e-02 2.513001935334178982e-02 -2.219711364100217937e-02 -1.103347226697266870e-01 3.605605682106950011e-02 -5.980389413293737966e-02 -3.402545885743783055e-02 -5.797828628060789496e-02 3.070744123487660973e-02 -3.980566433795634795e-02 3.638318649926355203e-02 -3.279124424215506400e-02
7.723424960339611567e-02 4.802166983654213711e-02 -8.060996369705387965e-02 -1.032251650104447707e-02 9.821454523390393820e-02 3.619436115561546624e-02 -5.932962235922073502e-02 1.039235324366890867e-01 -4.987664768327026293e-02 6.827114369489154129e-03 -1.417685931240818820e-01 7.812826559870139631e-02
-7.153160993270450685e-02 -1.935431868720544624e-01 6.242372819257439170e-02 1.169761881011973856e-02 6.356159101172917381e-03 -1.256841951639340038e-01 7.896155892278960975e-02 -7.604063358772085446e-02 6.932209139908011852e-02 2.555406168707743952e-02 6.161506070144678882e-02 1.600903366209667222e-01
6.352810732487940149e-02 8.955467150432294687e-02 3.887177574452439777e-02 -6.547963247724940261e-02 -6.377910079833119805e-02 6.205524199255772061e-02 -1.941611696947702706e-02 -1.598879153374428430e-01 -1.485696694245017824e-01 9.140844686297971977e-02 -2.029419186104213790e-01 -1.455437232321072638e-01
1.555641054307667082e-01 1.214282541362191187e-01 -1.721915454007136859e-01 1.076972338274289759e-01 -1.049135192188895283e-01 -9.774948630328733623e-02 1.355397435142466078e-01 4.337846550732112061e-02 -6.233809816135554849e-02 -9.959963628986959194e-02 4.609526964170232444e-02 5.181506941160933695e-03
1.656553859366697856e-01 5.596002999793961430e-02 -8.362777820755251668e-02 -1.851637872193286904e-01 1.159218277012897813e-01 2.288922435368172942e-02 -1.465018353616925895e-01 5.344161729238017028e-04 -1.369206521244655250e-01 -8.156565362181681517e-03 -3.011414723444445080e-02 -2.123585728551964924e-01
-2.199513553408889155e-01 5.162660539843047514e-02 6.199336893957729105e-02 -1.342536026784108272e-01 -3.463034898725281252e-02 2.218380015763237179e-01 1.524955301003422942e-02 8.030105003682189158e-02 -7.939816235575823666e-02 7.142615272502571278e-02 -3.334049440716824880e-02 3.358344449779374075e-02
8.904621593772232488e-03 4.378482068450195719e-02 1.842202929769666264e-01 -7.857153911218170417e-02 4.571003968687978314e-02 -9.285595240254106153e-02 -1.056432201872546384e-01 6.841374171000869607e-03 1.028898095318488554e-01 -1.571446127753361732e-01 2.741497138122190452e-02 1.650581528335830495e-01
-5.459900487027129906e-02 2.099749816784887702e-02 5.626528890643175095e-03 4.536549963991341576e-03 2.337800112222369053e-01 3.800086926631523476e-01 -7.769658839942232553e-02 -5.092820814008386376e-02 -4.187348780455807384e-02 9.931428961877031281e-02 -1.494286323441510063e-04 -4.192074755020727683e-02
2.310291872806672763e-03 5.772311518072997111e-02 1.969551475259461171e-01 -8.056940623126595744e-03 -8.153018438472421289e-04 -4.774292618613223266e-02 -6.496721299547519174e-03 -1.055738290112064742e-01 1.588163612808411174e-01 -9.256175794569192206e-02 3.144017607498670458e-02 7.270089915527051805e-02
8.591042199950227332e-02 3.085854425107502075e-01 4.034315443364840797e-02 -1.154404352992817635e-02 -8.611468491746593346e-02 -2.020648663036447856e-02 1.691431326448191996e-01 1.208122027511335794e-01 1.184552203861256592e-01 -1.357698314554738606e-01 7.827928544427603663e-02 1.265005571112343963e-01
-2.875607200055712784e-02 1.319933121337240889e-01 1.613389101492844827e-02 -1.185675073492345605e-01 -5.831584291114096097e-02 1.225392131513458049e-01 -7.224059790728291908e-02 -2.943473863501949173e-01 -1.733218388314673453e-01 -8.953826096721657912e-02 -2.035990188794532113e-02 8.448266355539142680e-03
-2.439578166364897160e-01 2.150598115578543357e-01 1.389153018056793476e-01 1.418667541068035359e-02 -7.042016628156505531e-02 -2.108948650943566205e-01 -4.444973457804302780e-03 -4.629794899418954168e-02 6.748896613768906594e-02 -6.283539476380124028e-03 1.317286921421917216e-02 2.604533325678191902e-02
-1.116328228863483069e-01 8.829485555382533823e-02 1.521336662762660247e-02 1.960985955641580680e-01 -4.042738951085206311e-02 -7.495418914711958480e-02 3.545333151433494728e-02 -2.757007044926419737e-02 5.565422929836482541e-02 -8.449397828456095549e-02 2.450153371336597288e-02 6.690724846080603472e-02
-9.617235241546533142e-02 5.448606840487960762e-02 -1.591650148842146950e-01 -2.343941463130332359e-01 1.210350774486496084e-01 -1.740316908078657354e-01 -1.689560483424144832e-02 -1.456447305296860451e-01 -2.548050821872187288e-02 -2.258520177880392332e-02 4.939417163307868730e-02 -7.382725569195897064e-02
-1.856797403225860510e-01 8.092427094011495070e-02 -4.198813015549321404e-02 4.637180743612449862e-02 9.334992545810316678e-02 1.425003149537519831e-01 1.875229166395562391e-02 4.081468536393725866e-02 -4.829386527694025377e-02 -1.612769673225442901e-01 -2.104611087309475603e-02 -1.671099936641725625e-01
3.782591612586492374e-02 3.873682447948759155e-02 -1.610894048451597116e-01 2.101144500405193599e-02 -1.154825249955169358e-02 1.606605617844992714e-02 3.302884994633335097e-02 9.832207531566132530e-02 1.720332009557420591e-02 -1.004620349490587261e-01 2.645288948082978320e-01 4.539435018203033523e-02
1.006410393046877350e-01 1.296957174023715131e-01 7.646781762808431415e-02 -1.202502752193561480e-01 -1.205003670621663248e-01 -2.618380901300677160e-02 6.302877215955864434e-04 5.344453393177295286e-02 -1.028873682841780490e-01 9.280202050444448514e-02 3.485866156224196738e-02 1.555613227210862481e-01
1.999559344013865370e-02 -1.009091319726102692e-01 5.993469109202095857e-02 1.990792032370057498e-03 -6.932024302740587285e-02 -6.279369518276255169e-02 -1.935173237769236276e-01 -2.323747398270249731e-01 3.986601428891292653e-02 -8.753279058087155839e-02 -5.389381699223451394e-02 6.749787374130369888e-02
3.457502209877810068e-02 1.016928828087831915e-01 -1.336933131271582920e-01 -9.362489891972081146e-02 3.334713120574841344e-02 6.938226099328491381e-02 -1.009532757833165040e-01 -2.811636835252692146e-01 1.107252058513509968e-01 1.626545706217407405e-01 4.696418116714638769e-02 8.574847377213266897e-02
4.594724862443642227e-02 1.084005341214239193e-01 -1.058862310584661112e-02 2.661426050487275194e-02 5.808550835931729911e-02 1.770198026458182430e-02 -1.603736198139016356e-01 -5.764753368795180744e-02 -5.638282660073670738e-02 6.681387240168847053e-03 -4.174090905237656801e-02 9.876752165956135046e-03
-4.898830496401398310e-02 1.180527028224400143e-01 -5.458388862659216412e-02 1.694093558711609604e-01 9.511531334550779593e-02 -2.220254145286842951e-03 -4.889733237780911554e-03 -1.376167408458608132e-01 -1.976317142610755084e-01 -1.270263982421156457e-01 -2.565036634518660930e-02 -9.981338883528924344e-02
-9.545324069443840431e-02 1.530924426553716133e-01 1.986331692371914315e-01 1.549904907216426986e-01 -3.547906183644613382e-02 -1.762815305672837604e-02 8.978970245685199969e-02 5.384657258856648254e-02 8.246984834203138770e-02 3.538742535448476806e-02 -2.155458600718464235e-02 2.323321153699597075e-01
8.887290488304887270e-02 1.060509421727530849e-01 7.077625359193215338e-02 2.364777948213043698e-02 -2.686826144087866089e-02 -4.993834189091710812e-02 9.608401622264606257e-02 -1.238363162709288923e-01 -6.340192838696885602e-02 -1.879240151673730874e-01 -1.060800096826775979e-01 9.606415385142404173e-03
1.325229764588128391e-02 4.766051090661388434e-03 1.559047555208584457e-01 1.305911510109556972e-01 1.742802066377651671e-01 -4.974868666307386694e-02 1.490163178506301311e-01 5.784893379840586047e-02 2.790459689949690604e-03 4.801020567947336323e-03 4.150824759689228198e-03 -1.184141162449591916e-01
2.333438225143793510e-01 -3.892100734399769196e-03 2.601896028096577218e-02 -4.381479508573075943e-02 -5.946978056110449606e-02 6.646778760997062996e-02 6.075410538401777860e-03 2.275312801599671531e-02 -1.179137626171653380e-01 4.081474961002515972e-02 6.850783436040000507e-02 4.206915142713015324e-03
2.820678193548955062e-02 1.029162212201179954e-01 -3.129702629763905092e-02 1.991126842642138017e-01 -1.482104394376259904e-01 -7.433389406553818357e-02 -2.360655517469163744e-02 -1.277566513155562744e-01 -1.839523093117407734e-02 6.922336323743121141e-03 7.473692240292355293e-02 1.570771519888972401e-01
1.036814068657485044e-01 -7.276880256202848674e-02 -2.038346611182732110e-02 4.707950402714380228e-02 -3.895829259933192290e-02 1.394150051634339416e-01 -1.102131267600509335e-01 9.404934211679043254e-02 -7.976614784533031521e-02 9.905488229849879200e-03 -8.044005720460561948e-02 3.401606616431202251e-03
1.013266388509453109e-01 5.320473499436405990e-02 -1.019997458103751205e-02 -2.826573045558444797e-02 1.218484073348803653e-02 1.747202837282125776e-01 1.469551834782993893e-01 -5.352039250153023398e-02 -6.708190428771147740e-02 3.254912453633463515e-02 3.270237196178379241e-02 -3.062828419143166087e-02
-3.206469432636650102e-02 7.053535702021090925e-02 1.136450618587537820e-01 -4.248101914496384829e-02 -5.287151796568562330e-03 1.358103607767297688e-02 -1.113533922481306365e-01 -2.662855627700035366e-01 5.724636485781282869e-02 -7.187759764957664388e-02 -1.006710114894653063e-02 -4.728758996729129360e-02
-1.216658078605013238e-01 6.212727173779011847e-02 8.445772864686278136e-02 -1.187479033350755109e-01 5.206076093099987201e-02 -3.481061417078571557e-02 -1.717497038446868726e-02 -6.492647730762092506e-02 4.707217129468460604e-02 1.304541140860469017e-01 -7.139307455096453869e-02 5.734438283378814893e-03
-1.692898740589655060e-01 -1.715028607266787936e-02 1.308489138788294370e-01 -9.781247337713572243e-02 1.310600929581833274e-01 -2.149465032959374088e-03 -8.100674040322038139e-02 5.930014699473882406e-02 -3.909747348624154073e-02 7.044828203923080012e-02 1.264006047081991657e-01 -9.278610057983821546e-02
-1.770367073161058930e-02 1.349640850328960411e-02 1.219612247723029647e-01 3.798896208888359605e-02 -5.394075261062397653e-02 -5.003130574194219332e-02 -1.724261378012390336e-02 -8.002335044008275500e-02 -5.282815120168491557e-02 7.547789604931190444e-02 6.904353299214417705e-02 1.371902575306834238e-01
4.766731279549855232e-02 -1.874547771451816613e-01 -9.653973147256079967e-02 3.666425907459773190e-03 3.142717438690306037e-02 -8.749203248757955742e-02 -5.727566004985568289e-03 -6.240814674684752594e-02 -1.793847268013651630e-01 -1.893991219215634958e-02 3.768959081170270009e-02 -1.895463238035380027e-01
-1.199291937204556846e-01 9.281150421681627627e-02 5.738359968425396640e-02 3.739423690018444518e-02 8.273665676601522911e-02 6.424698206151067958e-02 -6.169981178584479919e-02 -1.001185574278717384e-02 8.581471995250339324e-02 -4.811806065435334651e-02 -1.395346295762087130e-01 -1.066519468384492580e-04
1.333983957585611196e-02 -1.691204131556393042e-01 4.287207531652255550e-03 -1.414923097653397743e-01 6.345534759932084171e-03 -4.171827821134556358e-02 5.580118291828912828e-03 -2.442243201230189648e-02 -9.826385786755403862e-02 -3.349091023283156526e-02 -1.424601864190214173e-01 -8.823353450105486662e-02
2.431542556050887705e-02 -3.024651994645097958e-02 -1.008699807014019765e-04 -1.187822373037727142e-01 4.645486994589570484e-02 1.024191906586835038e-01 -7.576555486427162533e-02 -1.334430018452887889e-01 6.071243573821748923e-02 -3.155225677144763569e-02 8.277714315313271232e-02 -3.398759064218975084e-02
2.953297970152274007e-02 -7.395381419521410149e-02 -8.660954471024909229e-02 1.353525565738801506e-01 2.658313197661287819e-01 1.222579417588027378e-01 1.609299270441787253e-03 -1.368515373860278717e-01 -1.808809371860791576e-02 -4.890222502910636371e-02 -1.593105133334604684e-01 -7.553960108314024258e-02
2.814050630536413938e-02 2.855864006605875194e-02 9.892226965365213953e-02 1.804242581754974054e-02 -1.845700609907890977e-01 -8.392526557303557622e-02 -9.446289548442120265e-02 -8.117668877216913104e-02 -2.559613551337006770e-02 -1.192109413239150068e-02 -1.827821690857544049e-02 -7.394619698011523079e-02
-1.031838364066851449e-01 5.441092154956513050e-02 -2.204444128023448635e-02 -1.211478719765273909e-01 -1.314477695438536764e-01 7.536954688877940678e-02 -3.599859182164748955e-02 1.082854444196730548e-01 8.495875080349057917e-02 -1.414012719242747906e-01 -1.755132344177226800e-01 3.823291850993192076e-02
