-1.488756327355227060e-01 3.737457740245271887e-01 1.898041760497427566e-01 -4.295311445264086148e-01 -3.022705853051777525e-01 3.259078258706708808e-02 5.156422177079645897e-01 6.432677861084433457e-02 -4.556264325606081411e-01 -3.845963403808831671e-02 -6.489010251059657008e-01 -1.840106013153679915e-02
-9.384125943492619415e-01 1.715845835454326770e-02 2.670189004184376214e-01 -7.578052951859204356e-02 3.086455349477165155e-01 -1.828827234394601528e-02 5.688188728010129536e-01 -1.021029322342997592e+00 -6.293662879285567557e-01 -1.066725962250705123e-01 8.621612095295012601e-01 -2.338406700871066557e-01
9.094462478282142603e-01 -1.328901544864060508e-02 3.571069953735650504e-01 2.665004576809280532e-02 1.541229585908308053e-01 -2.734603589517780597e-01 -1.429647678978525176e-02 2.372877579185960761e-01 6.816127270993628529e-02 -2.620531335958229541e-02 7.559163450328842959e-02 -7.793767218560002652e-01
5.497976686240283462e-01 -7.737769405070550333e-01 1.311633852476478124e-01 -3.883645890637000275e-01 4.955578713264162105e-01 -6.478768521694414639e-01 -2.252255376230670632e-03 -5.647085685044660186e-02 -1.624101874116247735e-01 -1.837327161568611256e-01 -5.156043214624482160e-03 5.753487399367860355e-01
-3.739168502288055529e-01 7.489056944417002426e-02 -9.514704479087421340e-01 -1.019224747986459748e-02 1.704928811165103697e-01 6.771768263019214418e-01 -1.346538062556831838e-01 1.052725399644109938e+00 -3.240491055493894268e-01 2.977922286643301386e-01 -2.365456836080304936e-01 -4.041664574468195603e-01
5.189212954809359069e-01 1.018302618780682511e+00 9.360746813796687674e-03 5.820894989950878839e-01 -3.117233188052753040e-02 -1.578721421556004423e-01 -2.105802476179580163e-01 -7.349244763230702304e-01 -1.406403044717939033e-01 -6.485976813265601493e-01 9.344849765522685037e-02 -3.812387581393318348e-01
2.539779562402982305e-01 -1.402933516570172845e-01 7.123440470687633086e-01 -5.747225197358761806e-01 2.637170895037659335e-01 -5.361277241443697106e-01 8.457933417798718656e-02 2.844059208009128703e-01 3.065261052632606842e-01 -6.881921862147681868e-01 -3.162882661316581134e-01 -4.717773913868174573e-01
-2.900354578723447485e-01 -1.021831910118685405e-01 2.299967820968551180e-01 -1.564315524880743324e-01 -3.277126038247752393e-01 2.025625041452733255e-01 1.529621478785826993e-01 -4.819953797724784716e-01 -4.861406567657055033e-01 4.300475403798449947e-01 4.241315836657719718e-01 3.239344786319776626e-01
-2.006835090095650809e-01 -4.919387479127885210e-01 -9.020933480231801971e-01 5.455031588230530026e-01 -7.836505971765665990e-01 2.125179560370174248e-01 2.834946171790072578e-01 -4.564040194848966586e-02 5.134519696551392842e-01 -3.175088475669685106e-01 -6.153016482329562997e-01 7.518402757663745772e-01
6.053613417325200974e-01 2.004436669306093044e-01 3.944873764067676203e-01 -7.088071721351475452e-01 7.010613779942320711e-01 3.651526614776524071e-01 2.387603782500016814e-01 4.672436743141095139e-01 -1.612523104076733216e-01 -5.497153964299369283e-02 4.344672200588788891e-01 -4.553281400784661703e-01
-6.696466245918462901e-02 1.301933750325920514e+00 -2.081498691575256466e-01 2.665227477526996847e-01 8.461023993988389114e-01 -9.139500982070500879e-01 3.067343203178897748e-01 6.718706088561278156e-01 -1.759702238100356586e-01 4.439120637040938622e-01 7.763439437619187866e-02 3.802803833433612141e-02
7.321531602948020412e-01 1.215673149028410616e-01 5.257876888278549821e-01 7.130312274381805926e-02 7.245349312449549384e-01 1.923224048106312797e-02 2.458948473256589856e-02 3.742561093740436329e-01 6.239349238936358066e-01 4.468504413744177617e-01 -9.573501233475728567e-02 -2.047668510753564153e-01
4.016312590397723703e-01 1.184362608452201177e-01 6.664840005049272875e-01 1.426086791750300342e-01 -5.496203541267603576e-01 1.930208237724694298e-01 8.497564191367326658e-02 6.329965974329205824e-01 3.423112739566153140e-01 -1.690053822057537292e-01 3.086208767371544925e-01 -4.599826311310669519e-02
-3.078384249024543884e-01 -5.781378726092791798e-01 -2.513427543577799184e-01 -3.044849886811928918e-02 -3.203778331699161375e-01 1.173934326986111713e-02 -2.020000209642568156e-02 -2.630403416438155118e-01 1.164779574675236240e-01 -1.821610965396289750e-01 -4.068713163535774280e-01 -1.113205917934320666e-01
7.142406297898828971e-01 2.259879668995146418e-01 -2.426526491525380358e-01 -1.897920617739530802e-01 8.099906147981477122e-01 3.053641434296369139e-01 2.471161003794256628e-01 -2.122705537178193602e-01 5.331217086208401845e-01 5.525534568342277408e-01 6.029942837759261209e-01 -4.771632223300563691e-01
7.348098082251461882e-01 5.883985790332095789e-01 -5.616612943606649200e-01 2.922599842783440427e-01 -3.540424952407253967e-01 3.636626904580375630e-01 -2.299655381331948412e-01 3.486894895085267954e-01 -4.397689433738214970e-01 -9.418875660074728096e-01 -9.095992929032695740e-01 -1.171382212773234288e+00
-4.133422881009168326e-01 -3.746042946764618353e-01 -8.504297188578657796e-02 1.647423355552069812e-01 -5.381902078400601086e-01 -5.805775490720335164e-01 1.325565223775833745e+00 -2.269636472214477674e-01 -1.524125285788507367e-01 3.252906469555082447e-01 -7.623699810171805646e-01 -6.992290519266173288e-01
-5.835918070419142678e-01 -7.596678783682195846e-01 4.442990539446357023e-01 -1.606598186468820300e-01 -2.157407728204524533e-01 -6.590907000125513227e-01 -5.166439467566287247e-01 2.468017059200855456e-01 -2.198982049205822908e-01 -1.805278346535699185e-01 8.740981565860362901e-01 -8.424291974201614241e-01
-5.054254489914414838e-01 -1.603840208342526830e-01 -4.794136495972082801e-01 3.400724203614360341e-01 -5.424708948186067747e-01 -1.173072695456646442e-01 -6.190159181855012793e-01 -1.432659317600874262e-02 4.774562205433633549e-02 -4.218977920609612298e-01 4.388690497936545976e-01 -2.204354045285528696e-01
-3.613962603876776369e-01 -1.595791815759075305e-01 2.135978555538223245e-01 -1.801074858648655519e-01 -2.358529053652488883e-01 4.820950819406178423e-01 -1.096838109181296428e+00 -4.715305504963852590e-01 -1.394841095730511016e-01 5.817068918218242235e-01 -1.406977202659025900e-02 5.403413365593830175e-02
7.612652467599542172e-01 8.050199267808685333e-01 7.563450186654047114e-01 -1.216346621701938774e-01 -2.442134919590242537e-01 3.087610951088723063e-02 -3.781113880968028362e-01 -3.714921613093304098e-02 -8.627868399370605679e-02 -5.027819393110000146e-01 8.299037054644127220e-01 5.405142618459835013e-02
4.576158531270176355e-01 -7.453655968938692478e-02 6.189280832059448206e-02 -3.212980319237310201e-01 1.274176852925537895e-01 -4.521016813668081724e-01 -5.471411414404395712e-01 -1.054354434011035568e+00 -2.311858739843264399e-01 -7.481330278194600059e-01 -1.147437415057571825e-01 5.329494536140592098e-01
9.239964431997790828e-02 5.719550939810522788e-02 -6.655007579317009370e-01 -4.865296702256152739e-01 -2.351075350331914837e-01 6.957686536104921160e-01 5.912797270452362364e-01 -3.891580555100980221e-01 1.142741681953057808e+00 -3.804541672267662822e-01 -2.660011683772269819e-01 3.372863740160502721e-01
-1.362242945073266043e+00 -6.978530443698786057e-01 -5.609587487608743706e-01 1.305759775841244530e-01 -9.162378939680458911e-01 -4.631849344531748236e-01 -1.845509326849675003e-01 1.221679459120832145e-01 4.661160624627044280e-01 -7.169364296666044800e-02 8.967959497304521799e-01 -1.058865888222677021e-01
-7.798338264494535377e-01 3.434244619968986889e-01 1.166557819590142639e-02 -6.444510126960006913e-02 3.107027398808462348e-01 5.622072030009811483e-02 -3.931767001378742576e-01 5.126021440910516480e-01 -1.576632662169516752e-01 -3.535482946750467259e-01 -2.005176396998134547e-01 2.189930403180074259e-01
-1.707659048030706339e-01 -8.251182097849376618e-01 -5.441240330726924979e-02 4.796364744282758386e-01 -6.461260354119249261e-01 -5.670195194982048381e-01 6.520197636893882397e-03 4.522940817424483950e-01 -1.243803421190449411e-03 -1.037666233251349990e+00 -4.312566531609645093e-01 1.056149485720779407e-01
5.808186735574280002e-01 3.878646145370333032e-01 -1.569447919074391795e-01 -1.672456880677891111e-01 -5.243383532516411316e-01 -1.441367339173968698e-01 -2.972848869452600629e-01 5.465477966073442051e-01 1.708468284230708067e-01 1.191333214256703688e+00 -3.787916827899536765e-01 -7.414179357255484826e-02
7.289987586248285467e-01 5.784236317031604679e-01 6.337296540609658191e-01 -2.101638361113770392e-01 2.658185934599825995e-01 -6.591465452811714476e-01 9.693130256729443062e-02 7.072431566711604445e-01 1.283528604258677396e-02 1.197454816302093855e-01 1.133851868453798817e+00 5.738619434041971612e-01
-3.122008053055491672e-01 -3.973719784400313038e-01 -5.247237933925991138e-01 -6.861516928392363823e-01 9.828057716403740818e-01 2.701314881493710723e-03 -4.273514111980322161e-01 -1.154749060764731716e+00 -3.053716776727844473e-01 7.909412741332304542e-01 -8.374554460303358649e-02 -2.874823353470430387e-01
8.691084141841089183e-02 -6.629905076613706871e-01 2.407997928038017321e-01 8.275473392802074057e-01 8.896549370867141981e-02 5.629071329625914277e-01 -1.382613844172159157e-01 4.344491446035187443e-01 -4.084260832793137896e-02 3.928482424270737239e-01 4.081388624222176964e-01 -4.639499125554366055e-01
-1.219711063803015527e+00 -1.295858934559064035e-01 -5.272326898249666272e-01 -6.091794257879333818e-01 3.274961584028029948e-01 5.059709519849927561e-01 4.848150397331497663e-01 8.388948095084186596e-01 7.639565626945316046e-01 5.824061651761919256e-01 5.341963380992805766e-01 7.257358593318458118e-01
-6.934273518649834989e-01 8.671981442152379427e-02 -6.040359272454729478e-01 5.351807121157440283e-01 -4.704812663197658895e-01 -3.719098090081964236e-01 1.157376792269705135e+00 2.526760255061150096e-01 -3.491355261993123738e-01 -2.677109817059104002e-01 9.684222826581356802e-01 -1.331417263407796703e-01
-4.349435180569807824e-01 -3.113229422561212822e-01 -1.171568206218907560e-01 -1.129453657198202787e+00 -2.329314852405681147e-01 -2.474792946623513290e-01 6.942372221572454261e-02 2.879626167964396272e-02 -7.506979894423379540e-03 -2.149034483931675510e-01 -2.383845627277185186e-01 -4.134765124653937418e-01
-4.057040584709825648e-01 6.051687211192689764e-02 -8.797002491930911994e-01 9.154110143506046793e-01 -2.874382617548746355e-01 -3.202108206302809457e-01 -1.981016963321408919e-01 -5.030250269001486085e-01 -5.491754520610921952e-01 1.418449892468325590e-01 -3.034530038873253233e-01 -4.029540827838561934e-01
-4.061337812994096907e-01 -1.705198787717752962e-01 4.565039280040629754e-01 -1.270924689418410358e-01 -1.119171902054349743e-01 1.526544601867122208e-01 -8.032896468716498317e-01 -2.317966505625005669e-01 7.112991595407345269e-01 4.661270557425679084e-01 -3.927853355327926010e-01 4.200945145795838553e-01
-9.362590055492965302e-01 -4.048631457661567845e-01 -3.918468904544120668e-01 -5.082492770246008762e-01 3.990337025559225759e-01 -3.358603651511969934e-01 -1.590089626510469423e-01 -6.330863250591962643e-01 -8.971762371414258030e-01 2.972208533716285128e-01 -6.517134254762784185e-01 2.563422208421011206e-01
-7.487381820993072035e-01 1.846459997085525273e-01 1.454805736301427455e-01 5.608091428860894068e-01 -1.554231074981294869e-01 1.104795758120768578e+00 2.869895477881367341e-01 8.220135891807692774e-01 4.593547792878052149e-01 1.284187569547299013e-01 4.711492041778841955e-01 -1.924341496085520964e-01
-3.856833078274802401e-02 -1.706877379816739981e-01 -1.878796382316783031e-02 3.902800137876584752e-01 1.104349523775939035e-01 -2.981758777734879740e-01 -4.753211354189314508e-01 4.520207947545983873e-01 -7.900371257906155797e-01 -2.377138296584835053e-01 9.809439511396815803e-01 7.031322751399967652e-01
-7.272094374603934458e-03 -9.196411863961876376e-01 1.854050315050689290e-01 3.023664374052935089e-01 -9.988328897968516973e-01 8.638350381044072046e-01 -6.178241327171531960e-01 4.176106193792518684e-01 -4.504336484402716168e-01 -4.971943682538131765e-02 -3.321422012681107816e-01 -1.724696469990563141e-01
5.021668063940083471e-01 3.677001926006400745e-01 1.238079863621902310e-01 2.140930263750585316e-01 5.296212800702103651e-01 4.240312095120931102e-01 -4.907951272121915953e-01 2.266206226201748219e-01 -2.600858774720344324e-01 -2.163344119419645106e-01 7.285477083616646032e-01 -1.606813903584488334e-01
-1.817098644257334472e-01 -3.142631291903172364e-01 -3.022442535698246502e-01 -1.634488680892051127e-01 -3.324697329048160732e-01 1.177602445371998263e-01 -5.688911696567772180e-01 -2.140600581106822664e-01 -1.123627147662857595e-01 4.134311282239073321e-02 1.238093257917914219e-01 7.999866313940180718e-02
1.057971434926937432e-01 1.078853923736560860e+00 -3.040871092354183181e-01 -1.794589972816506840e-01 1.996771004263181160e-01 -4.775070457725481554e-01 -2.266572520193059215e-01 -2.199130947074441900e-01 -2.822472239076420641e-01 2.488312465197590195e-01 2.127891969220239432e-01 1.220215355594368167e-01
4.795742393820194849e-01 3.361685213647069848e-01 -3.888839106731012962e-01 -6.338257182068279816e-02 3.527931321729416148e-01 -1.296664064817426576e-01 -7.086528277097844941e-02 -1.517654350568442001e-01 -3.061120329962166171e-03 -5.276913849068868290e-01 -2.727343313602400010e-01 -2.959287003411001926e-01
5.768610477173517770e-02 1.013964632674409089e-01 -3.221041044561809980e-03 -7.917624934028326678e-01 -2.092321338205092307e-01 -9.771491268122410867e-01 1.576189391715528687e-01 -1.917462079455787075e-02 7.864106846231172510e-02 -6.182221927722726385e-01 -1.126855696244045135e-01 -5.431247233900344806e-01
3.240383866862392437e-01 1.090600860941002559e-01 -1.814093065978189881e-02 -4.985196045316818703e-01 1.347672877617709930e-01 -4.229358500260058662e-01 3.286388827144768321e-01 -1.360840135122276806e-01 5.121018650415003481e-01 6.433803765317218648e-01 2.981616777430315390e-01 -7.658076140837379031e-02
-7.533894425321685517e-02 -8.854848770073238118e-01 5.075753270283558383e-01 2.946407307468851267e-01 1.978237410283472664e-01 -9.528296911960260074e-01 1.565469984756643063e-01 8.262545101074452170e-01 5.020444338339338231e-01 3.205174324332115132e-01 1.066268387654275701e-01 3.237848589745029315e-01
1.924680477807851620e-01 1.096125217396387019e-01 5.668089193979329865e-01 2.198418747966026862e-02 1.564298304205059276e-01 -6.405302644937557188e-01 -5.621850497786843454e-02 1.334039837705226494e-01 -1.910105871471926287e-01 -3.990284056892792752e-02 -4.505621926999855420e-01 -6.629005543885171381e-01
5.351608825336915398e-01 7.090265036592642567e-02 -5.875382388792002031e-01 3.196571153778793306e-01 5.645769274723080322e-01 -1.094665166277794199e+00 -1.461415175145273082e-01 5.896957509348437210e-01 -7.026782353916345425e-01 6.898261499910667005e-02 -4.449939931937541004e-01 3.904027276722988327e-01
-5.294893254044149566e-01 -5.840585595064931024e-01 7.999312152683664412e-02 -1.083604548861427652e-01 5.343147113469781662e-01 8.385813406179114526e-01 -3.172735517930615479e-01 -3.363075237241227589e-01 -2.291189403857177287e-01 6.860593135064877446e-01 -9.930006365946143498e-01 7.322059597217280835e-01
7.231535120331068767e-02 -1.305767613061276089e-01 2.372734185639905069e-01 4.548616549144577914e-01 3.263680910938481228e-01 -3.197469503744829744e-01 3.285773810489528435e-01 -1.230560661245185955e-01 -8.262376779716990027e-02 -1.845280185691558772e-01 3.250172997982728740e-01 8.198503429916228491e-01
8.086950387367164428e-02 9.259641924144980385e-02 2.472423277356867663e-02 6.264805044063496975e-02 3.846290259889621477e-01 4.566135942188525587e-01 3.202920492017171106e-01 3.244488739679906031e-01 3.819006631083615710e-01 3.814227404758922524e-01 3.154245560645406177e-01 6.320696580653809016e-02
2.706174758464938712e-01 -9.998869260622847421e-02 8.260626199801159864e-01 -1.177155785607764127e-01 2.379690493206411406e-01 1.277516281122466957e+00 1.634255035799066780e-01 1.205678713609520170e+00 8.552118415637254278e-01 6.162091268280294187e-01 2.697145040753378686e-01 -4.012681662352750034e-01
-2.991384426122594142e-01 -8.633332237149136112e-01 7.517770064096573890e-01 7.482056024008930661e-01 8.792909258204726353e-01 2.154324894060848095e-01 8.131435865541948582e-02 -4.379742258086175011e-01 -2.713515140814242721e-01 -5.841962832758589297e-01 3.076520396557893555e-01 -4.851882082857969514e-01
4.830804809413039025e-01 -2.935450260900818731e-01 5.535571621283909005e-01 -2.390167358755885263e-01 1.933758858967466188e-01 2.963687949522995080e-01 4.244962416825998619e-01 4.648690579143554547e-01 -4.176668254696049298e-01 -9.798859980916704293e-01 -2.056142069776151493e-01 -5.025914451872068867e-01
-1.884207358104445784e-01 -6.303794842795997777e-01 -1.111273593510044178e+00 5.458017410986933104e-02 -1.883257170509726186e-01 1.596218779083583700e-02 1.949619679823023644e-01 -7.581428012041269149e-01 7.635659368438696415e-01 -8.991320938952851449e-02 -5.177190285861234947e-02 1.179193497735873397e-01
5.029779753688661259e-01 -6.205791430896671068e-01 6.849646679423503359e-01 -1.050631799082886175e+00 -4.468601316608620810e-01 -2.452369228663347778e-01 8.568113768763728766e-01 -1.445049884575827226e-01 3.408578052158111049e-01 4.322741108951659583e-02 -3.973179095563421637e-01 8.202597966657579898e-01
2.265655618887238154e-01 2.144419983952617348e-01 -2.348075985941774635e-01 -5.512351448563267420e-01 -4.143618774986656539e-01 -4.120124536936813353e-01 5.160858315086495063e-01 4.922032606195430454e-02 -9.928696273561299357e-02 2.446457530453549634e-01 5.988224078011596119e-02 -1.104876027155264201e-01
3.732423223601210038e-01 -5.839155533590545399e-01 -2.063586075885509019e-01 3.977940851352967933e-01 -8.520358275474985144e-01 -2.429798352946107021e-01 8.467641293066374697e-01 -7.980382918694333555e-03 3.320902828578155969e-02 -4.406583335397907253e-01 -2.485767941228021749e-01 -1.135312959111223069e-01
1.804652878508982705e-01 5.615390179119960079e-01 2.788675627254910694e-01 -5.945528937695743893e-02 -8.487698089550806957e-01 -5.019042312964271391e-01 2.625501131123846865e-01 -3.734567133508464032e-01 -1.258338638626660178e+00 6.227271842065652818e-02 -2.329919132241699553e-01 3.475140837611213895e-02
3.043481822605056952e-01 2.388566377206262081e-01 3.090508263242844889e-01 4.490534423863664082e-01 -8.486142596965216001e-01 4.322970690103651870e-01 3.939090835964696447e-01 8.962025532062252442e-02 2.407886961092536027e-01 -9.902826517774283507e-03 1.315397925622803221e-01 8.089136318573185436e-02
3.912013744385108849e-01 -5.044960900066471909e-01 5.789644285112238720e-01 -6.376890884197488063e-01 -5.953894988489731865e-01 5.566307251736383188e-01 1.199051244685330753e+00 -5.524073087423608808e-01 -3.549666284377316350e-01 2.102952428484073655e-01 -3.304375951520308607e-01 -6.124546400874250063e-01
1.228142316044877336e-01 -8.927077373805838434e-01 8.697224285239222308e-01 2.083967708539507802e-01 4.231563320745286849e-01 -8.329520994751423713e-01 -2.632480600243286561e-01 3.462828777698029326e-01 7.600471605703039701e-01 5.264405933942824245e-02 -7.100163445165385001e-01 -7.167461533373372662e-01
-1.072372263986998558e-01 -4.503749665795817037e-01 -6.361458879130684752e-01 1.314999542467811366e+00 4.011929582853011877e-02 -1.798058366982362988e-01 8.773335856197690685e-02 -1.458600198608072662e-01 -7.279203009318560014e-01 5.013867371905812442e-01 4.683880422200588645e-01 -4.377975394863338754e-01
5.801822509403782302e-01 3.094777067472110899e-01 9.696384026994097072e-01 4.908104902418239900e-03 -2.494909175634103804e-01 5.787755471266759627e-02 -2.628436979066713919e-01 -6.165936626618784278e-01 5.643364568467137410e-01 -1.150735158357663566e-02 1.688037613616815147e-01 -1.148104260765576257e+00
-4.537864415436960175e-01 4.687060528682360783e-01 -6.781367277640576452e-01 -2.837656219068612762e-01 -5.362857701501979601e-01 -7.345909973227375822e-01 8.064302118312867140e-01 -1.779624155454498924e-01 -3.079826500237731746e-01 1.602298314007948310e-01 2.469045650281508353e-01 3.592037775426275021e-03
1.070838764148929867e+00 7.143801635452498022e-01 1.882785989639786661e-01 1.568688671870130946e-01 -2.177141453972710472e-01 6.979498112908132379e-01 4.425793166000445700e-01 4.807982600896109487e-02 -8.489596143517622595e-01 3.710215303575665757e-01 3.878015126104590871e-01 -8.087712842564876992e-01
-8.393673455680010498e-02 -1.352580274883917077e+00 -6.620449206661088715e-01 -8.687501810000639590e-01 5.503267407618483986e-01 6.931277995453595242e-01 -1.260735037071745723e-01 -4.245278560169896687e-01 -2.217362869585038643e-01 2.207239905515198941e-01 2.800517320551104694e-01 -6.388316493274405206e-01
1.393850740756502338e-01 7.577301722897513692e-01 -4.713055778734032142e-01 9.927776267642555164e-01 3.790251315592388370e-01 -1.674102193360380297e-01 3.905865690657755462e-01 -3.682499510908421314e-01 2.482468626223901798e-01 -3.578751033852084484e-01 -4.005356848321358076e-01 4.020205323858180857e-01
-2.248259928778328087e-01 6.558677577447898088e-02 6.918936523479469747e-01 -2.314782596676344950e-01 4.336022616292255216e-02 -6.507839692752456773e-02 3.779173315084871643e-01 2.309686447496745593e-02 -1.616775717337622653e-01 5.186853377286818612e-01 -3.291639430807204447e-01 -4.109789656670996827e-01
4.007374092271888399e-02 5.923401507813786937e-01 -6.978735764111220208e-01 3.240887402217434987e-01 -2.624633021898615248e-01 9.414042155435127512e-03 3.343922046656741531e-01 -1.146040107330116076e+00 -8.138913159810490239e-01 -1.873859429738131133e-01 1.056483101083415033e+00 -3.236854291385314886e-01
-1.677369591031968588e-02 -6.921867848040149651e-01 -9.477257382606464609e-02 7.009856652658686960e-01 6.980246483960967918e-01 -2.456101526726743312e-01 2.189850844179992428e-01 -8.301349693573274735e-02 -7.295197464648192076e-01 9.223069749040537779e-01 -3.536365076916270778e-01 4.516743911357745112e-01
-3.035541825366283586e-01 3.022494419764988616e-02 -1.618412075967743391e-01 -2.135517056200731678e-01 -1.586916806864958063e-01 5.463664061586245291e-01 -5.383245586843298236e-01 -5.228202162125455965e-01 -6.117651789084610492e-01 -4.006656085179850779e-02 -3.695748203924422715e-01 2.326865844267734795e-01
-1.043731969173714719e-01 -4.389909872392756540e-01 -5.429171117113396061e-01 -7.106677442687741042e-01 -2.410349438725029880e-01 -2.068721630389504240e-01 2.466334897576233642e-01 1.337880574569826342e+00 -3.609953502712595075e-01 -7.187785574216639661e-01 -6.705682424289487464e-01 3.134876493137842557e-01
-3.416637271110282703e-01 -8.417796756830956406e-01 7.124164528575437083e-02 6.473882268532766826e-01 2.659115846976867759e-01 5.340560106388899664e-01 4.789593011878918727e-01 -5.127170610487432612e-01 -1.247915182198844342e-01 -1.617116701638672271e-01 1.317209114214452637e-01 1.389716751577627918e-01
-7.697145650357661850e-01 5.210996164700377326e-02 7.074636088536899736e-01 2.278031814160588475e-01 -9.774798647982383404e-01 -3.486219189604449209e-01 -1.262252567294109007e-01 4.099247281725457714e-01 -3.604747917386789124e-01 -5.303440683822263635e-01 -2.902314521853044393e-01 2.037296485913027977e-01
-1.374739030382469418e-01 -4.414748453951581886e-01 2.636362734269732111e-01 3.900671982755385958e-01 2.811892433486838927e-01 5.969966243528554983e-01 6.645727015285639583e-01 2.069056279051017522e-01 -6.780409641223844597e-01 -2.290292803122999654e-01 -7.432167378590931461e-02 -1.327087514222975717e-01
-5.693519235048578597e-01 -4.681898054135473219e-01 8.625187097061900454e-01 5.643728911788025160e-01 -2.569646146744115067e-01 9.447119770734356548e-02 -7.581381383617060710e-01 -1.460651118750563304e+00 6.572928798046280274e-01 2.649279712563893940e-01 2.064247965803297780e-01 3.162919395458679284e-01
-3.286592109434173237e-01 -9.077501883484254686e-01 -1.125718917228392402e-01 -4.448144729348980642e-01 -4.002103203433827749e-01 -8.334352162079583515e-01 -4.101157626743625606e-01 6.024182581639716538e-01 3.733469869293939425e-01 5.527968208411814244e-01 1.084778861786894089e+00 7.798622724710270182e-01
2.716201654913055763e-01 -4.509347942450646629e-01 2.355543605644219371e-02 4.881745960167961362e-01 -3.267531989415582983e-01 -1.207999434977250902e-01 3.205668639762500050e-01 -4.872965887188375755e-01 3.601293425436135065e-01 -3.702312271720925585e-01 -4.674277382616937038e-01 -1.052509777795434531e-01
-5.041558835235554481e-01 -2.231092435438003230e-01 -1.952365845383339793e-01 -2.070533328132472678e-02 -1.417571213657104756e-01 -5.656360969272358069e-02 1.143744305423175289e+00 3.090469688649803426e-01 -2.360833201726320330e-01 -1.101460905799043433e+00 1.468469804776025567e-01 8.113730960832080119e-02
4.476787607119716017e-01 3.243195535398716300e-01 2.236921823512023622e-01 2.800318104918080864e-01 3.240107882023193775e-01 -1.143435414092641933e+00 -1.164237952168329232e-01 9.798872801252825893e-01 -4.646073770744585940e-01 5.877169516151899975e-01 2.645788661572450254e-02 -2.398512485048724385e-01
1.034906376205792844e+00 2.346998731861950627e-01 -4.003301154396619599e-01 6.506778482502328931e-01 4.171189710285532204e-01 -4.294470367755092582e-02 2.315140404594282289e-02 -7.245480810443161168e-01 -7.199712754693847819e-03 -1.533879151237042826e-01 -1.723346916699087517e-01 -6.637696929915488930e-02
-1.356925207189937088e-01 -7.764767768289589922e-01 -5.173104185258891041e-01 2.252167457287124197e-01 3.635358125473112101e-01 -6.513102176416622757e-02 -1.482310446268940429e-01 -8.728038262432193939e-01 -1.473824695771255855e-01 -8.082763412642354761e-02 -6.856086303684354455e-01 -2.844068763745987161e-01
5.944414009335535765e-02 9.391398277131738359e-01 7.124775024732962064e-03 3.277000763519818394e-01 7.034605836764618036e-02 -8.110563360117720721e-01 -1.972495641401157684e-01 -5.552440068869083367e-01 -1.764820293964568521e-01 3.089005083200492552e-02 -2.927383808534119725e-01 -4.317243376599050331e-01
4.256576890494956911e-01 3.195271404016067351e-01 1.547042355185023754e-01 -3.710956599810782963e-01 -5.210454031966100796e-01 5.746254446246815833e-02 4.358525947250567467e-02 -3.712225893396988718e-01 3.600759794907008038e-01 1.956106693562293108e-01 -8.409918563252292145e-01 1.424024771442292114e-01
7.020227418571171052e-01 8.563655428961403082e-01 -3.920358857307693068e-01 -2.547846223892187290e-01 -1.027760778855665968e+00 -1.000397002660142892e-01 9.149979185591123887e-01 -2.802526698474186451e-01 -1.491264575255862035e-01 -6.087809929205878490e-01 1.158804100368353296e-01 3.000804991547642020e-01
4.988387075687222838e-01 2.433345726244191543e-01 -4.103183009629444156e-01 -5.711923426422901295e-01 -5.029989528009144450e-01 -5.612532835386301322e-01 1.376940885871334175e-01 -7.401903095967976576e-01 7.685884409620379054e-02 -5.495727434422953417e-01 6.397059407593260749e-01 1.339229348561525937e-03
-2.869739058127564468e-01 -8.433023428891860407e-01 -7.998116775370501808e-01 -1.799386012409239788e-01 4.621711659619382462e-01 -6.606292576802773597e-01 -5.518168753383356773e-01 1.642904191387357382e-01 -5.307179939957128445e-01 -4.162198813849355972e-01 -6.620068691089375790e-01 8.606150996775373263e-02
-3.667001217149782472e-02 -1.904632617147282436e-01 -1.706750965669814046e-01 -2.714358208130331351e-01 -6.605095636976787699e-01 2.378300286432316057e-01 5.605829473227928739e-02 -1.395405120423915714e-02 -2.831206084835083958e-01 6.238509446402628056e-01 4.756906122084949007e-01 -4.314269227769485515e-01
-9.607333425065815724e-02 2.440056983080019642e-02 -2.341715950463927332e-01 -5.832431693926845018e-01 -5.903801885134695171e-01 3.953762959937084931e-02 -1.028610112834994414e-02 6.811866300295095489e-02 3.082863836483049624e-01 5.376556689636898811e-01 -7.016418542446486994e-02 -4.645594768995264801e-01
6.384254476581149862e-02 -1.468453964216275276e+00 -6.103902369507363534e-03 4.304607521246026081e-01 -3.496258539414931043e-03 -5.904468001046612180e-01 -3.444551073684758852e-02 -2.915129323626318089e-02 7.338433471262468810e-01 -5.196045415251742128e-01 -3.194571272059608114e-01 -6.611065128037949545e-01
1.455396796288100647e-01 7.245753735681156327e-01 -1.527283745944761073e-01 -1.880183361847028722e-01 4.040763585134297120e-01 -3.535593776126895738e-01 -2.977015251441318955e-01 -2.692298218336495186e-01 -7.469665939424529055e-01 -5.771331436611157883e-01 1.156087049991751103e-01 -2.643557171459083865e-01
3.781599699215666965e-01 -2.627231228906328209e-01 7.967044538758792649e-02 2.362666098873239529e-01 2.315823167950866179e-01 -1.879341015258048919e-01 -3.100113444063924972e-01 1.058065671274831532e+00 1.333272167254913931e+00 4.984918161795492270e-02 1.903089743994399174e-01 5.175286979033884016e-01
2.713948700468691855e-01 1.432481462868620270e-01 4.927962284566993478e-01 1.411492119762119968e-01 -4.577910734464413767e-01 3.706185693955095228e-01 6.669292795243799699e-01 7.118586488638085907e-02 9.709225005495685235e-01 4.173315380572094613e-01 1.353793924126152903e-01 -9.976866403890427559e-01
-3.209131237157299421e-01 5.263525331782138439e-01 9.118547293098688833e-01 -2.344896125958874644e-01 2.278933911722944572e-01 -9.961536284366133698e-01 -1.805718545474258585e-01 -1.939808995586595197e-01 -3.360107300684410103e-01 -9.959924975782471490e-01 1.295827166316347645e+00 4.353288501553885803e-01
5.992658114771026029e-02 -3.253613045178312402e-01 5.095974092787587395e-01 8.061093314188090553e-02 6.804841728559911651e-01 4.292710148013461069e-01 -3.302804827212953431e-01 -4.400631582783517959e-01 -1.402283942485816892e-01 -3.120185706577685569e-01 6.186168992137357492e-01 -6.114502488160432625e-01
3.270717386486998168e-01 1.643117538766965535e-01 -4.884155571552908914e-01 -6.445239664274853286e-01 7.473599523830042335e-01 3.268725891813174522e-01 3.790245004380616428e-02 -2.105564351669514389e-01 6.730796611827012388e-01 2.801804361569431578e-01 -3.733913980685030221e-01 -8.354418161094231965e-02
4.553065645495638081e-01 -5.039986813907169072e-01 -2.281861604135855884e-02 -4.531545341676209704e-01 3.537417015788827945e-01 2.957770369440818406e-02 -7.261265033525595713e-01 -6.349820085354269672e-01 1.005450442929934685e+00 -3.369870820447310455e-01 -1.620497393694231639e-02 7.934793978148860782e-01
-5.614757915645993691e-01 5.036424442988261113e-02 1.588013134653805669e-01 5.526320018781446519e-01 -4.409561453021736410e-01 -6.000948327770002644e-01 -2.574838678674621906e-01 2.241787747944277986e-02 3.858265355472907387e-01 -1.286789922525211627e-01 -4.031131436051688111e-01 3.846418810434977797e-01
1.973324872180383383e-01 -2.807397072501463531e-01 8.556342370033178657e-01 -1.167543596877934187e+00 -3.725901311904140645e-01 -6.972245141284539802e-03 1.013649600945390139e+00 1.954814757787650958e-01 2.468545291756244764e-01 -1.114656501218342331e-02 -6.704972568205106453e-01 -1.384724717970110097e+00
