3.046188542547009423e-02 2.171970983486942730e-02 2.432267627624833117e-02 3.319181101205768980e-02 3.088878573055773777e-02 2.680655642221253798e-02 1.956998345770658704e-02 2.602281322598748101e-02 3.461370578964623190e-02 2.829334835378850138e-02 3.814026646084228700e-02 2.736656540391844278e-02
4.119121452813919587e-02 2.756338649978032698e-02 2.635402826605393392e-02 3.046674789514650095e-02 2.421900453140281642e-02 3.037230863234327907e-02 2.064166598457480711e-02 4.158841193944867037e-02 3.387116601333560462e-02 2.703098609408458725e-02 1.493825755289619403e-02 2.762965363247826128e-02
1.609616199571690595e-02 3.137008612320263401e-02 2.461159782080339642e-02 2.995617645327389167e-02 2.819306528003079002e-02 3.337592147926470715e-02 3.020518459532384875e-02 2.564378504314997892e-02 2.955697971672427427e-02 2.998307317455066456e-02 2.760471402049075734e-02 4.155563052764534027e-02
1.965836396386198837e-02 3.970903701181041634e-02 2.554037644838454482e-02 3.541472647249753469e-02 2.039920915774708077e-02 3.923013575885177240e-02 2.781327633480886602e-02 2.985507870795861551e-02 3.161694566205630608e-02 3.055516537059653828e-02 2.878899015253709795e-02 1.936458376506175819e-02
3.462404222488645045e-02 2.800040638876833202e-02 4.291665793954466818e-02 2.764441844586145239e-02 2.554719326597430437e-02 1.918279240247773923e-02 2.960632569472465905e-02 1.405944852316842741e-02 3.417927189602974064e-02 2.458481138972421279e-02 3.185218084693414164e-02 3.473523543196244123e-02
1.990840588241881912e-02 1.426848425732594669e-02 2.797018478662716134e-02 1.960024224152730199e-02 2.870537571097493343e-02 3.079900453519356443e-02 3.056350708041298547e-02 3.974030168520043677e-02 2.986843781341990203e-02 3.945830054043975715e-02 2.675863370077059475e-02 3.531312271254977847e-02
2.456249030092892346e-02 3.157681478108025769e-02 1.699347887753910324e-02 3.752438757119747753e-02 2.433456500545587084e-02 3.558887069577896384e-02 2.621170245730249440e-02 2.298764616191958932e-02 2.290937745281037066e-02 3.675773059654557223e-02 3.173948032732970548e-02 3.476417813293110337e-02
3.265750319104537835e-02 3.042895211859693652e-02 2.575669603232806984e-02 3.112065252084270095e-02 3.332816780604831025e-02 2.611972350345899418e-02 2.645305589920311090e-02 3.473471316493755012e-02 3.440794719559469445e-02 2.185420876230283888e-02 2.311697560602152604e-02 2.352224642141277633e-02
3.049321347674457255e-02 3.267807619877276248e-02 4.208806716909466866e-02 2.106345943864064776e-02 4.229475779904174476e-02 2.452611752593125000e-02 2.372683083759461603e-02 3.099013001328366351e-02 2.046055561817983898e-02 3.170377225476136984e-02 3.598880095669308027e-02 1.666551231579591064e-02
2.184809581863377675e-02 2.961975221591178070e-02 2.465207537674706656e-02 4.281951945050564701e-02 2.083062580145117124e-02 2.604872109150839499e-02 2.914896617842969995e-02 2.404241910398128082e-02 3.431555798595033180e-02 3.211857775415292299e-02 2.512231619639982913e-02 3.980771407473875784e-02
3.284563713839593752e-02 1.322103754229847321e-02 3.559362415067493512e-02 2.882778289207989231e-02 2.001011411408554902e-02 4.941346387895840381e-02 2.551221702625977583e-02 2.321634904907305536e-02 3.618978213617388140e-02 2.668367994978487062e-02 3.193873801513350680e-02 3.120702866438477760e-02
2.256661882264069871e-02 3.266431104471310271e-02 2.472243320625263849e-02 3.325290253725261824e-02 2.277035440166342087e-02 3.243400016392137403e-02 3.220589622057978135e-02 2.660859115401333075e-02 2.453574501108924874e-02 2.549535704237899936e-02 3.334199698644769311e-02 3.529071670015612727e-02
2.507040891253051185e-02 3.088484976381603367e-02 2.145092170606975948e-02 2.792980783112667537e-02 3.912165235760633325e-02 2.742290028375577587e-02 3.087379828217887145e-02 2.143348939434142411e-02 2.600899015011431253e-02 3.404012816669489683e-02 2.705623263959851602e-02 3.314381895486787771e-02
3.033491784575295322e-02 3.409076970087053515e-02 2.936723525158259351e-02 2.616508202676001357e-02 3.095623347417844617e-02 2.547615358100234137e-02 2.597357217033552726e-02 3.002406504451815214e-02 2.390410240653689442e-02 2.840232563236552016e-02 3.189661431801420199e-02 2.761560104019096171e-02
2.285484609521978502e-02 2.947576138589425021e-02 3.527875365424718024e-02 3.380915633246259905e-02 2.054619635878954589e-02 2.806260731307779269e-02 2.828804456033096396e-02 3.516995158128545518e-02 2.481751082605834074e-02 2.499200507743444197e-02 2.300035507522091641e-02 4.138856141556915280e-02
1.390718643234948280e-02 1.810898279881686945e-02 3.473378965707394489e-02 2.341087857027406363e-02 3.349965090658432038e-02 2.095705633716919009e-02 3.268514426800146061e-02 2.206027042134738395e-02 3.172635454235994690e-02 3.772612200624397838e-02 3.451790979872734061e-02 3.926193087245880009e-02
3.250807983793636141e-02 3.126622766217986710e-02 2.920724951637031566e-02 2.352139005709122377e-02 3.302343389135544566e-02 3.134545484707083191e-02 8.591302347956016744e-03 2.924678585850200990e-02 2.995496557137903443e-02 2.269573232096057033e-02 3.887027023935698405e-02 3.497828798186933263e-02
3.171791705537448103e-02 3.536537288236677595e-02 1.918687831195075785e-02 2.845611922662587279e-02 2.879547282742829853e-02 3.471001783823181308e-02 3.476627265279944035e-02 2.356993991393015533e-02 3.077362558916273139e-02 2.882319029177055417e-02 1.364036753263080451e-02 3.588647339819406312e-02
3.315323475074111875e-02 2.774289422941414104e-02 3.418582479674810853e-02 2.008090656474675190e-02 3.546518697525347791e-02 2.681862079666568963e-02 3.598051335122830902e-02 2.667796733459331868e-02 2.513267437585016764e-02 3.414298820542373269e-02 1.894117737794855094e-02 2.928462595008823541e-02
3.247007706008548517e-02 3.033523075659315046e-02 2.413800597180750310e-02 3.044934844510629665e-02 3.149844260584226674e-02 2.050515816436597125e-02 4.301127734315077222e-02 3.178526296967142117e-02 2.843571916323982263e-02 1.873519739920336338e-02 2.800175300436273662e-02 2.662248893485469337e-02
1.974481240144198083e-02 1.883482904158183951e-02 2.023565678467544385e-02 3.148714870891092948e-02 3.489535090164549991e-02 3.057447351899218388e-02 3.755863580401590240e-02 3.151852105446433655e-02 3.141617891667724399e-02 3.806218138987440408e-02 1.785970483766223180e-02 3.053549522260217558e-02
1.972087265131883954e-02 2.642870721238027229e-02 2.436236188492385893e-02 3.106311715976763088e-02 2.312486769311344892e-02 3.213104437872514596e-02 3.210825127020432851e-02 4.118646190613891450e-02 2.892371380262398484e-02 3.704418574069797548e-02 2.666886072977921879e-02 1.781875970823961278e-02
3.039051132885428955e-02 2.834579051775163588e-02 3.883983836296111408e-02 3.432868363317564953e-02 3.272272525614213640e-02 1.943080501580081790e-02 2.083872450991774289e-02 3.692025063362325971e-02 1.386995525570976738e-02 3.459614568565295284e-02 3.291370196711433660e-02 2.499868705893956364e-02
4.359239511606099321e-02 3.343420213796870905e-02 3.537684522898998374e-02 2.501510392306014255e-02 4.119991814107764466e-02 3.070072665651476726e-02 2.896430663504861655e-02 2.354847848500149152e-02 1.935939082263101255e-02 2.662849217950233327e-02 1.276113043624566186e-02 2.344504596815888756e-02
4.142190484417074964e-02 2.278652838922394508e-02 2.811915985724882522e-02 2.992730634291364614e-02 2.356955332339988676e-02 2.738566184392502226e-02 3.424835037002543769e-02 2.077463534620152541e-02 3.037187913429876054e-02 3.305436601871834107e-02 3.163387340103668982e-02 2.509693433050336209e-02
2.893453288246071106e-02 3.834301133774515452e-02 2.585073114182593473e-02 1.887220021625799632e-02 3.412598657745088970e-02 3.245027073168170462e-02 2.475110578585097351e-02 1.951946094524017669e-02 2.391430203363825030e-02 4.042022975707160876e-02 3.171113696712517249e-02 2.632933267070743447e-02
1.973194519253046800e-02 2.460264414855537624e-02 3.116520769853420997e-02 3.205695492157482895e-02 3.749221718265483005e-02 3.235397455983151510e-02 3.521634345221130724e-02 2.282548729853976777e-02 3.037208745020446993e-02 1.312504043221364262e-02 3.286438078252318373e-02 2.948689471707010429e-02
2.318855167596798120e-02 2.559912566029478101e-02 2.413525198291805243e-02 3.722494652525383529e-02 2.860377993076314990e-02 4.287272700183720336e-02 3.158410199781105238e-02 2.407763137313025797e-02 3.419451224766725805e-02 3.092923324626835335e-02 1.758773318067372721e-02 2.535600341646607886e-02
3.279874269699111639e-02 3.338194971273694689e-02 3.272664781011975360e-02 3.399547430615681293e-02 1.016248035066574622e-02 2.530121232720821886e-02 2.979451968970739037e-02 3.980710074455776071e-02 2.676938703964289526e-02 1.294030718623922528e-02 2.854137520958818439e-02 3.016821982963769147e-02
2.824286704291018371e-02 4.074000117656827180e-02 2.560384823973947330e-02 1.890195519607296495e-02 3.102810129084137419e-02 2.278741858858024730e-02 3.392561047463072549e-02 2.471662027555419569e-02 3.195884543928058374e-02 2.558022512388743314e-02 2.402458116842535671e-02 3.862461862647600941e-02
4.910055871049294474e-02 3.047006787687755666e-02 3.714298178713653503e-02 3.899718487861521254e-02 2.660653805819910428e-02 2.544564433877213178e-02 2.521136086302230156e-02 2.034664333500604133e-02 2.077825328790805157e-02 2.362953588918297737e-02 2.496166614409703333e-02 1.979776228290743012e-02
3.971681847204108773e-02 2.775886325985384498e-02 4.210309144327065850e-02 2.347240019328488206e-02 3.744996359641777905e-02 3.240006487213537012e-02 1.286366980828982688e-02 2.382135928242807080e-02 3.271218863784415565e-02 3.079023100365706894e-02 1.499178909940417255e-02 2.852408918074719399e-02
3.106860614548071289e-02 2.979677065884449305e-02 2.581079135956801385e-02 4.198307342958497446e-02 2.713661082515139017e-02 2.880055632495861703e-02 2.395652954347464100e-02 2.433022855349553995e-02 2.519688929762247190e-02 2.787666983879408256e-02 2.845317537234333741e-02 3.056356358277803262e-02
3.151214369193511972e-02 2.487175562919179475e-02 3.936971046653662404e-02 1.206031143102060353e-02 2.904780019772340224e-02 3.073102268843139542e-02 2.850872665478677154e-02 3.358291467087046178e-02 3.254447211160413356e-02 2.370974185113890534e-02 2.920101786830904544e-02 3.175912949906187221e-02
3.524054386308314579e-02 3.075532786447754754e-02 2.170420072009882767e-02 3.116298973950862652e-02 3.103594272177933461e-02 2.668686483669105089e-02 4.017752464055699552e-02 2.994569822664945591e-02 1.839617539470659799e-02 2.128385004876512041e-02 3.595955858569770125e-02 2.327725341200226686e-02
3.852777467311107457e-02 2.960709849884866213e-02 2.958594579195143043e-02 3.239631502263681795e-02 1.679305543956941330e-02 3.091498211650683253e-02 2.601619876926202987e-02 3.238141565524948334e-02 3.667852282346831944e-02 1.885022003560626533e-02 3.769270063260560244e-02 1.926293795914637078e-02
4.208226893654599260e-02 2.945044687271360789e-02 3.153253276257511617e-02 2.429818443153967944e-02 3.655380377359584987e-02 1.653163199172132461e-02 2.847608634956066281e-02 2.114149486432745709e-02 2.489307435848176625e-02 3.225731739359464362e-02 2.549475503962847500e-02 3.393699359174508906e-02
2.928878135374534189e-02 3.140971029292267264e-02 2.955230871649823163e-02 2.346205766694198919e-02 2.776683397171266637e-02 3.264466322841565182e-02 3.814908166046472593e-02 2.421119821240665798e-02 4.151543305211882057e-02 3.002702486842832863e-02 1.501625609249586032e-02 1.971081952611676916e-02
2.580689716172697781e-02 4.284452259352920095e-02 2.314010372045672767e-02 2.244893145924977199e-02 4.401295602966033560e-02 1.454248133853273776e-02 3.901769142358362669e-02 2.100138243648961081e-02 3.443245598671272611e-02 2.820889021765607754e-02 3.184719880160702399e-02 3.098788262421287715e-02
2.351454406361789054e-02 2.624168015278618288e-02 2.971390954548182653e-02 2.754036400963114778e-02 2.417222285780901841e-02 2.371961376027592952e-02 3.952477593199415357e-02 2.747360453399389293e-02 3.488201508803820405e-02 3.394367552801652588e-02 2.021214690393654742e-02 3.559233606372003839e-02
2.888719752589651371e-02 3.108328869209280726e-02 3.081668111388167000e-02 2.850872284400115392e-02 3.185946938623304692e-02 2.417640170784285045e-02 3.502758930940336191e-02 2.907166790986917895e-02 2.812120222450670629e-02 2.616826007148010877e-02 2.447328690378573063e-02 2.557451306415285675e-02
2.678565742302656955e-02 1.329021491805237702e-02 3.258278472078789123e-02 3.190460252843176081e-02 2.670511768981466416e-02 3.748329595795944075e-02 3.177718353687455227e-02 3.241348469289617729e-02 3.252570515602253715e-02 2.564757353107872603e-02 2.547495642565630533e-02 2.704897453493812151e-02
2.057200443486503078e-02 2.192006431170409261e-02 3.310541366984948858e-02 2.800675610774343641e-02 2.289742410595565006e-02 3.011651462116220895e-02 2.869601511127218771e-02 3.086074918703683376e-02 2.832071689002600007e-02 3.584413480410045261e-02 3.098711519405160375e-02 3.161289745164404252e-02
2.429848790414560269e-02 2.369410375945594713e-02 2.483270959515427451e-02 3.696761022808868480e-02 2.769710636645933421e-02 3.994318573555927926e-02 2.215007422429947706e-02 2.618976604778118153e-02 2.369123557485352735e-02 3.461104987898597912e-02 2.713447743459459008e-02 3.330420967646193636e-02
2.539189954841428176e-02 2.876559393757931876e-02 2.957682732753539115e-02 3.778895343343460084e-02 2.775380781762549695e-02 3.761995341980602786e-02 2.524024547153266504e-02 3.279212023151333727e-02 2.258320234352848357e-02 2.056585475064661925e-02 2.571992669300040071e-02 3.090343278073911029e-02
3.051693451338279017e-02 4.406965557572196240e-02 2.185042573114564027e-02 2.757836556923936797e-02 2.598806256349811550e-02 4.416970962085628449e-02 2.620244180121513930e-02 1.887603063958621236e-02 2.467821301991589972e-02 2.601655816989602299e-02 3.069391820222792250e-02 2.715610517895767143e-02
2.486280586775394680e-02 2.709376715358482665e-02 1.939388688438779471e-02 2.809724279789712134e-02 2.531993890277207948e-02 3.692042020867390001e-02 2.777860341933198127e-02 2.501358373521226156e-02 3.120821811260107020e-02 2.757729219656354647e-02 3.348765242386975843e-02 3.668307809379988543e-02
2.140709984003548796e-02 2.683368371589179430e-02 3.714415918618502871e-02 2.443491798423580441e-02 1.995929758691848688e-02 4.619768482547901428e-02 2.930149514143516598e-02 2.086909725852050326e-02 4.125800209458507090e-02 2.685905890761727116e-02 3.599750889088544625e-02 2.263177727215729546e-02
3.511542438729520904e-02 3.673420135637182199e-02 2.767137648288344950e-02 3.216825522315076152e-02 2.003403157312143995e-02 1.758754540203056466e-02 3.141133612511799039e-02 3.285033180171126332e-02 3.159697773045098967e-02 1.812321799669091779e-02 5.035673832607509559e-02 1.760508588179749909e-02
2.887319187584991981e-02 3.184679928701889678e-02 2.696928671989009402e-02 2.472587556542612044e-02 2.505933291839833321e-02 3.678370097037385322e-02 2.626924223797759417e-02 3.371777966590069897e-02 3.182766684525289991e-02 3.298593884801861997e-02 2.557891345283459794e-02 1.816269828028898095e-02
3.101892565736719121e-02 3.096314249956664405e-02 3.171093766610743464e-02 3.103420005556870379e-02 2.636246610603271492e-02 2.540397305136308029e-02 2.739631647578723295e-02 2.721727781054329373e-02 2.652004441406434834e-02 2.660136978901312191e-02 2.732709809926059386e-02 3.119471922296908686e-02
2.985390161727671798e-02 3.850843974261704966e-02 2.322749704129567147e-02 3.770880442809945027e-02 3.007869948778292557e-02 1.662279086624196198e-02 3.345138055137877875e-02 1.743557485324757211e-02 2.294716982098193858e-02 2.672590521426203639e-02 2.975946636504575929e-02 4.107119699015318592e-02
3.104211040882458653e-02 4.074216500067458224e-02 1.767722001575400270e-02 1.825401528253560793e-02 1.732309211116038125e-02 2.551331461669774717e-02 2.760480388127466850e-02 3.493767649249335944e-02 3.159569067313684060e-02 3.819152274764877480e-02 2.487933542003216772e-02 3.672201493911214643e-02
2.113949238350840837e-02 3.579096928169633873e-02 1.989158946603048969e-02 3.242753440621763683e-02 2.606332615726884502e-02 2.367238379295591097e-02 2.403630761939557978e-02 2.091677494441811919e-02 3.235977140843999261e-02 4.095866660523211217e-02 3.027835796970067272e-02 3.636948837647262928e-02
3.022675524146216722e-02 3.367154887412092401e-02 4.255952125056610552e-02 2.486329675696868566e-02 3.080802310072851616e-02 2.636818999369349228e-02 2.313369024450989339e-02 3.885324913834324601e-02 1.571538049548629537e-02 2.856368353684938730e-02 2.801630334260650154e-02 2.558047614426836244e-02
2.187477261243847559e-02 4.142204038291158463e-02 2.123422605100694707e-02 4.568401210657090789e-02 3.302405136693224025e-02 3.172970819258624092e-02 1.646016975683167391e-02 3.364942230909721138e-02 2.497072440943989488e-02 2.832540670609358033e-02 3.599910800849615011e-02 1.666942413208174004e-02
2.498795112184186776e-02 2.492244438342043622e-02 3.103418356146275467e-02 3.524512749331410594e-02 3.278423192855672158e-02 3.350408154965468788e-02 2.016977065598229979e-02 2.748793831812726754e-02 2.977800049011993314e-02 2.489666786829561676e-02 2.783690585157822320e-02 2.961650077441086923e-02
2.220535669665004916e-02 3.620563817860020239e-02 3.149146197100136796e-02 2.225331571530236863e-02 4.054152951376231023e-02 2.813569260668105990e-02 1.524266103026716661e-02 2.829861367361823435e-02 2.714727967346739629e-02 3.406164342900025455e-02 3.115953735127832691e-02 2.958108488625604826e-02
2.423552329965735636e-02 1.918071796061949358e-02 2.293150884492023769e-02 2.690085542825213297e-02 3.787833280602249247e-02 3.346440699077611602e-02 2.335891744067183223e-02 3.056704407465782661e-02 4.535910936400606996e-02 2.503933458713078139e-02 3.112609789208195532e-02 2.641998695379643367e-02
2.649084970657843846e-02 2.785421845955570602e-02 2.719744704262950022e-02 2.339626291488506801e-02 4.485570318188884797e-02 2.341399286462221563e-02 2.559711897273564754e-02 3.021106627703118441e-02 2.723524601295481545e-02 3.183926956290773075e-02 2.906133882274095429e-02 3.046902053477829053e-02
2.188843118042846023e-02 3.855766997363117149e-02 1.982688167440678495e-02 3.531103999842362395e-02 3.491482595735279776e-02 1.822808838568762413e-02 1.169900538603568796e-02 3.355512034345477929e-02 3.417791549385153227e-02 2.672782018988742458e-02 3.423046840379787015e-02 3.703784444822616484e-02
2.671978008673131164e-02 4.243965497814784771e-02 1.476010446915436598e-02 2.743688927603871869e-02 2.216995822608124056e-02 3.898841924705642725e-02 3.030967757080330754e-02 2.145270395615261894e-02 1.775363723965882323e-02 2.469706554425071462e-02 3.672454190613256425e-02 3.744852693294922069e-02
2.911606652082977115e-02 3.350039068352785726e-02 3.396773746382480280e-02 9.417554654100655440e-03 2.753600354091917737e-02 3.227140540512275779e-02 2.904365408966814999e-02 3.202113422728807696e-02 3.837838448633618116e-02 2.070217473193217833e-02 1.978958875817284080e-02 3.555817356667007045e-02
2.100200027713018322e-02 2.596809677248739998e-02 1.627544963364405822e-02 2.818096576127435138e-02 3.418992091687345775e-02 2.897071973052202723e-02 3.313740052884730364e-02 3.749690492177368967e-02 2.038204085812296909e-02 3.001843381775001762e-02 2.516116256524094166e-02 4.712718851100600181e-02
3.643174086066781198e-02 2.045386235223449131e-02 3.832189529784554155e-02 3.052370454237993136e-02 3.329149925769398638e-02 3.638254085702471302e-02 1.431562122449386160e-02 2.972681006292193437e-02 3.099029836785358039e-02 2.544554667942284035e-02 2.523320152797603119e-02 2.640574647132664168e-02
1.479999982035896076e-02 2.227395648735210412e-02 2.894556982542316470e-02 2.865694857119822567e-02 3.517990908042593207e-02 2.016112757529827174e-02 2.587626089253916919e-02 2.856988034908427426e-02 4.540279290640730769e-02 2.699333579607819666e-02 2.653860948327707928e-02 4.610537378779118456e-02
2.648595066323207112e-02 4.454903282553180494e-02 3.205171317996472619e-02 3.626244339706719694e-02 1.711422711433160937e-02 1.579828687410489430e-02 2.678700833228138400e-02 3.132789315820361936e-02 2.821058011689797640e-02 2.247634144085412441e-02 2.041181951520484525e-02 3.600233244199842891e-02
3.009075175616080650e-02 1.914877493559117086e-02 3.916400290517188520e-02 1.637659883411436701e-02 2.433717911038767862e-02 3.466898040650860657e-02 2.444787486509907709e-02 3.857490019376016294e-02 2.698639814770725787e-02 3.601847543964422499e-02 3.562352519797860190e-02 2.483308972615509702e-02
3.158493350375855824e-02 2.796847938990822818e-02 1.829546874782369062e-02 3.295090436683675850e-02 2.794349687953837091e-02 3.082320158933020762e-02 2.442809978709193156e-02 2.843808023188878001e-02 3.290792356643848504e-02 2.144358766996663779e-02 3.396257325749311301e-02 3.389637097141455502e-02
2.739282114746010438e-02 1.974180637494233476e-02 4.243589068328094960e-02 2.214930610826361390e-02 3.409786043837323422e-02 2.889542608697094270e-02 2.390142217081858353e-02 4.391265357612229164e-02 3.584736005595211272e-02 2.793323582550187936e-02 1.196316760359452183e-02 3.316218514210916152e-02
2.948353607757854544e-02 3.944739776846610535e-02 2.900540280309342467e-02 2.068454465032170536e-02 1.833007462450266314e-02 3.516949191242368239e-02 2.713412504844259221e-02 3.039542597923544642e-02 4.065582824982222343e-02 1.531356719278759854e-02 3.883079990933700071e-02 2.336830399753410045e-02
3.105058544152900640e-02 2.636514798785164621e-02 2.854663418572401384e-02 2.938952692450468029e-02 2.806135383542780748e-02 1.782396246606887669e-02 3.275094269651476070e-02 3.262162536786179096e-02 3.489043309212117722e-02 2.714961677022128400e-02 3.238547147418287253e-02 2.262435858405895117e-02
2.593473293918201888e-02 3.198051406275026487e-02 3.252901080519812749e-02 3.747595732893094223e-02 3.043454000557136233e-02 3.110446298827192896e-02 2.311038401820112581e-02 8.927140914400623004e-03 2.720856289246999932e-02 3.436897076666148299e-02 3.278208901980756568e-02 2.085511472329071650e-02
3.249359781619652610e-02 4.030569632557710197e-02 2.698693291901338442e-02 2.023127676742785680e-02 2.658885614529111346e-02 2.200374594143382490e-02 2.210417739510658203e-02 3.703266441921356650e-02 2.977771199900631008e-02 3.183059801767340602e-02 2.731461536793880138e-02 2.732991185269521839e-02
3.899933077888236010e-02 2.475453600356905190e-02 1.627134207821535547e-02 2.192171434029544300e-02 3.959121167014224146e-02 2.998221174666491906e-02 2.845023280759050727e-02 2.019800305103656990e-02 3.148860063432343259e-02 3.397493960496264509e-02 3.254200677959465104e-02 2.539047769345134653e-02
3.105894907075239936e-02 3.590772285684680487e-02 2.487606583014219733e-02 2.388960547706938525e-02 2.520796551105653968e-02 2.061467909525624073e-02 2.009713017914324315e-02 2.506973632465362561e-02 3.880328410172319969e-02 3.224238986510209737e-02 3.146753638717701002e-02 3.237843558369811470e-02
3.587414333877089745e-02 3.259126892701659506e-02 1.579077053201904252e-02 2.002535549210991694e-02 3.345871913489165128e-02 2.763159918220327652e-02 3.644308833643964546e-02 4.720942901285314630e-02 1.794051986572592697e-02 2.583305359214552177e-02 2.662718604957266602e-02 2.396754450141208234e-02
3.066628108424305360e-02 4.149628116236644265e-02 3.080803945440974134e-02 3.666871694209184601e-02 3.379231041506660510e-02 3.871430189772130659e-02 3.148419435782660175e-02 1.820661773394922217e-02 2.311298720294404849e-02 1.939081410067148778e-02 1.331828227704206363e-02 1.734761828324526967e-02
2.447286934524910140e-02 3.470434136498652677e-02 2.745924098873401414e-02 2.029074633057656105e-02 3.300579759012524372e-02 2.909839997855404037e-02 2.288923222081038281e-02 3.694820737594856075e-02 2.225692418432939287e-02 3.311380047050819370e-02 3.407013104567660489e-02 2.974509109563013357e-02
3.589044202395108574e-02 2.979364577888076598e-02 3.189404802581095877e-02 2.829392910676463771e-02 3.039752678698058597e-02 2.770849184517671163e-02 1.191392431848433027e-02 2.292408865752165389e-02 2.955219022702837775e-02 4.333693159917872961e-02 2.518278709815124569e-02 2.631768321435928870e-02
2.381790020066468228e-02 2.748928626577325229e-02 2.726693081655123807e-02 2.851871277533032240e-02 2.517656149761026557e-02 4.686664183196057737e-02 2.843739385430110733e-02 1.588727658890589159e-02 4.148614576438861001e-02 2.184698990152229153e-02 3.024376191743570474e-02 3.474327196673281104e-02
1.399433988984566737e-02 2.391482859770565489e-02 3.445644275617545244e-02 1.866463123557304815e-02 2.396033107083756636e-02 3.008821893184893126e-02 2.877955653041442546e-02 4.101569792921532648e-02 3.071945742556586242e-02 3.342166342513454985e-02 3.200652875640894179e-02 3.013309726937646316e-02
2.722025440716532158e-02 3.593266071488384478e-02 3.145423445243658578e-02 2.141295987443480806e-02 2.000578017564809408e-02 2.627407360579191165e-02 2.654954914907804372e-02 3.790520184029985001e-02 2.660013613637823154e-02 2.576887166083980177e-02 3.541913592916219600e-02 2.902926252544552749e-02
2.559767747384212797e-02 1.426707661329653168e-02 2.815358218894738196e-02 2.346250420826840113e-02 2.567634538911285971e-02 4.015249200163622384e-02 2.888948316214980105e-02 3.615213718389925085e-02 2.949213466534629860e-02 2.776614225647345419e-02 3.122653901928407888e-02 3.329891206553532712e-02
2.250787350657343019e-02 2.402359549378911552e-02 2.588421612981762696e-02 3.307217334554156396e-02 3.583845481742444633e-02 2.793655512541294225e-02 2.782719448180467209e-02 3.458830648292942483e-02 2.287937649820392244e-02 2.437277906468623967e-02 4.062198472783663805e-02 2.479750903809188958e-02
2.157610021981629794e-02 1.655467244863080209e-02 3.446537265176100040e-02 3.059831160450624671e-02 4.139783320566094854e-02 2.610152952625022574e-02 1.362377966316349193e-02 3.257968975299875558e-02 2.943521466212177182e-02 3.837866016014684911e-02 2.840664288132706966e-02 2.571015180851569243e-02
2.027300623418990672e-02 2.212710565815792507e-02 3.249156510483520305e-02 3.384981505074725200e-02 3.350104367613898626e-02 3.514557984163748511e-02 2.487963681524879914e-02 3.928640717923693321e-02 2.457595262869040342e-02 3.585216374088950886e-02 1.767174380286467422e-02 2.638570392303443354e-02
2.806263582977078577e-02 3.513350392852020165e-02 3.388145555659143743e-02 2.590887064354089470e-02 1.638903891334411722e-02 3.302683573456358102e-02 3.152597685422189877e-02 2.228422127308766348e-02 3.325809593637079481e-02 2.894778422097673415e-02 3.467091414199609950e-02 2.263180116323498456e-02
2.826596803672366820e-02 3.189413774478764424e-02 3.101336775153893527e-02 3.123734890694929156e-02 3.761102089829417711e-02 2.378687758142115569e-02 2.764580014846272984e-02 2.741545774069524544e-02 3.160596552769072420e-02 1.878065189176275976e-02 2.017953388367806078e-02 3.480105720272350794e-02
2.845939746706397516e-02 2.753187607183974275e-02 3.043197263938936248e-02 3.480731923110846199e-02 3.539350668222573937e-02 2.695142061475969825e-02 2.813749015741518963e-02 2.653298497687926055e-02 2.307903065551075716e-02 1.982255746760589604e-02 2.759285495142589292e-02 3.385088380940742825e-02
2.598917149187071965e-02 4.908545047546222090e-02 2.337439052155424607e-02 1.873885880270807769e-02 2.553123194727949588e-02 3.356696335535541698e-02 2.644489013880046632e-02 2.680311933260262278e-02 1.487558718231765144e-02 3.332640966445092612e-02 3.044163339860531461e-02 3.752860078447526476e-02
2.493827369137175884e-02 1.619279868754230911e-02 2.826142067723646373e-02 2.909264935045320633e-02 2.019582894045307553e-02 3.240301996945598589e-02 3.093731110089953731e-02 3.070958879796051658e-02 3.726494167938070728e-02 3.533277868002266536e-02 2.595542965569990618e-02 3.157399981867629879e-02
2.692129763689684457e-02 3.630486053229251692e-02 3.148960121742940682e-02 3.052051947363561626e-02 3.036851742500084814e-02 3.452080318224018396e-02 3.577757466368310102e-02 1.665072539365594281e-02 1.374435183757414213e-02 3.046720400257270367e-02 2.941617253717434058e-02 2.525947845297266472e-02
2.632010527790469220e-02 3.001778695590800322e-02 2.486980917664206175e-02 2.798699986506857432e-02 3.900874571469156032e-02 2.588096634128821127e-02 2.314966655631940998e-02 3.198803670492558066e-02 1.780180483776114264e-02 2.601385002806515245e-02 2.812560962005246704e-02 4.612483257220787586e-02
3.277694026393925680e-02 1.927463826014766402e-02 1.611655285704340773e-02 3.314548517715165676e-02 2.599042673474998358e-02 4.434944784176568511e-02 3.280700999369043358e-02 3.349866472914712207e-02 3.272267173124303319e-02 4.013345192884811008e-02 9.630023604231178688e-03 2.013498488904288605e-02
2.718446978603481293e-02 3.464466286085519930e-02 2.261421252841497656e-02 2.847699763225731637e-02 2.028831810978426464e-02 2.209716405790371208e-02 3.360162302110252658e-02 3.436862320589753605e-02 3.038687215917291670e-02 3.381169374852125570e-02 1.923275318573413467e-02 3.920442566177658600e-02
2.686737973274481994e-02 2.799379511685485059e-02 3.560556385683033565e-02 3.759209577154171839e-02 1.863118377807370871e-02 2.541124144517723296e-02 2.862660990859031834e-02 3.279207952495685058e-02 2.060255827067961412e-02 2.534829071548931612e-02 3.552430083328367988e-02 3.095382750709049433e-02
2.251231070596851694e-02 3.642368057468566706e-02 2.916338524157865292e-02 3.737544343924267126e-02 2.573324047002888831e-02 2.951071599334021897e-02 3.798156481157542036e-02 3.651169161691002196e-02 1.464231698623342202e-02 3.341889731611465825e-02 2.822701732407368116e-02 1.709003200566483818e-02
3.740769152655688823e-02 2.621083485264335405e-02 2.625096716520559578e-02 1.937858280296405819e-02 3.256733385351518600e-02 3.528873754002162522e-02 3.051029547220214175e-02 2.803886492020082888e-02 2.166406541289943657e-02 2.947220889872214852e-02 3.433868475013625993e-02 2.313016456975148030e-02
2.326435974537856624e-02 3.304857139261342669e-02 1.357271675900170553e-02 4.172512689383757467e-02 3.067327935741592793e-02 2.596471312410464360e-02 1.521814586657828892e-02 2.588251739414683394e-02 2.706796966811782224e-02 2.888959903455446190e-02 3.544315628330013679e-02 4.556038632617269435e-02
