-6.191415976320689296e+00
-6.074982674212345835e+00
-6.437539670600427755e+00
-5.942222911186887835e+00
-6.045238115900232856e+00
-6.259426395301672663e+00
-6.137908650381020514e+00
-6.203804312162120915e+00
-5.676312099209106954e+00
-6.298390026514836038e+00
-5.651909362683313454e+00
-6.074747515819741039e+00
-6.225624712279115514e+00
-5.947780653471688161e+00
-5.461097604231942348e+00
-5.687952820207254234e+00
-5.931677849989689832e+00
-6.221294769532634383e+00
-5.924089535422546682e+00
-5.981304197893932972e+00
-5.273163951059118837e+00
-6.062076748467096543e+00
-6.548581642604781372e+00
-5.715375971945654499e+00
-5.730172867923230662e+00
-5.909240508996850494e+00
-6.322976150392282335e+00
-6.405379896465973388e+00
-6.019195807445597346e+00
-5.716162833260091780e+00
-6.168378831912171734e+00
-5.835135999595490119e+00
-6.428116965184798914e+00
-5.927151730608080094e+00
-5.986674581514301430e+00
-5.895960198624929482e+00
-6.057513717374492401e+00
-6.048606805111600870e+00
-5.782231152641834626e+00
-6.027335250897707830e+00
-5.498769484277501007e+00
-6.398550000585666808e+00
-5.812944808187362256e+00
-5.597546773210015481e+00
-5.751525692135984080e+00
-6.007011351180254977e+00
-5.865485575380445127e+00
-5.561232535651363662e+00
-5.643143238574038989e+00
-5.507160219243396604e+00
-6.199296074202129248e+00
-5.817566408430455027e+00
-5.862405796303127303e+00
-6.744049539536150384e+00
-6.285316931618279312e+00
-5.875390800114374201e+00
-5.750655776671903752e+00
-5.880954877682306403e+00
-6.016378892607169071e+00
-6.270553710569284789e+00
-6.099927072632745251e+00
-6.211417347447327764e+00
-5.692399614406301822e+00
-6.038166782716364089e+00
-4.522373091777626364e+00
-5.830062260153654918e+00
-5.046951430223932000e+00
-5.886511210082418621e+00
-5.683020767110561700e+00
-5.315625253936191896e+00
-6.248100646950157433e+00
-5.946799833176412697e+00
-6.104893882412024908e+00
-6.254873787523394846e+00
-6.483799389389920620e+00
-5.900472208237055760e+00
-6.081039227811785075e+00
-5.715581128062055427e+00
-5.651995276718102090e+00
-5.458056430552615801e+00
-6.120117131403505439e+00
-6.171148891978338824e+00
-6.129290657391199382e+00
-5.597051581819079580e+00
-5.703179310898787158e+00
-5.657034745657749220e+00
-6.051766215478232347e+00
-5.862121585012340041e+00
-5.540610530721941984e+00
-5.903591645761960827e+00
-5.944373572103842207e+00
-5.788857774324922545e+00
-5.406380123323351050e+00
-5.689867372421187675e+00
-5.441122208563365703e+00
-5.808640044680656978e+00
-6.147616016383948612e+00
-5.784114686783749626e+00
-6.118304198945677896e+00
-5.590251114693001178e+00
