1.036875204597607347e-01 1.015981580996350442e-01 1.008977913678019978e-01 1.085012346706204361e-01 9.699454970274277998e-02 1.036994723532737722e-01 1.046852010337253752e-01 1.147514842189618356e-01 9.912462986073869442e-02 1.095074516334072490e-01
9.732093435131686232e-02 1.146893484393032570e-01 9.842169722835610035e-02 1.085934312466510648e-01 1.092421030896640888e-01 1.005246829884319376e-01 1.098865824862889917e-01 9.357148639677287383e-02 1.008744279337206312e-01 1.118862067993288689e-01
9.956084201820648849e-02 1.114233950125550765e-01 9.838241447461354428e-02 1.090266449936614229e-01 1.032603126830219931e-01 1.108214568915968368e-01 9.606388227638970601e-02 1.101856378870286757e-01 9.692874340157323076e-02 1.077254557744271590e-01
9.199283814511613477e-02 1.133423599627875616e-01 1.113667836616662882e-01 1.025650192028229740e-01 1.107278371405229916e-01 9.692995984508530338e-02 1.040516398994555530e-01 1.019219947257874737e-01 1.032579560710943090e-01 1.087526057835319915e-01
1.036048687532268309e-01 9.920842539384847059e-02 9.701327817371523110e-02 1.059809517577061100e-01 1.183150799380006390e-01 9.983671382573618136e-02 1.008502428353547226e-01 1.057210154670395197e-01 1.037191911944477102e-01 1.101191006141526985e-01
1.085898617353464601e-01 9.884429634436943390e-02 1.104375052592619921e-01 9.500755467082308559e-02 1.110341268084392707e-01 1.033505012919483379e-01 1.164434518663102908e-01 9.550023887253945853e-02 1.062720731929342466e-01 9.913018757895758482e-02
1.060642912973087937e-01 1.002880603876701582e-01 1.134091351916398926e-01 9.869121747288187030e-02 1.009204712161887313e-01 1.055763288446773945e-01 1.068225141264797645e-01 1.030539726141275897e-01 1.056524793863801714e-01 1.016160444374899774e-01
9.940304519176254572e-02 1.073697815840757436e-01 1.039569882314409222e-01 1.100865126177707903e-01 9.927683330609073098e-02 1.020885922120007422e-01 9.898077115345542409e-02 1.052812119331032192e-01 1.091394756976035024e-01 1.071638762225751162e-01
1.002919458342561437e-01 1.041230937046207783e-01 1.015320378535013446e-01 1.049264623599754920e-01 1.032281267923680773e-01 1.036637331718457816e-01 1.009076647649461700e-01 1.081526653407173383e-01 1.083689968239115176e-01 1.067384960646189374e-01
9.722293677964155556e-02 1.071672586089985196e-01 9.426664252913902198e-02 1.111939799071245266e-01 1.061978131791557339e-01 1.016526433457664164e-01 1.043749965684658970e-01 1.103544238294340285e-01 9.808594866924712219e-02 1.132904066039431695e-01
9.556404330239387512e-02 1.127033401819773767e-01 1.014899673821640924e-01 9.885156678572347422e-02 1.066704175457093146e-01 1.075722386874365666e-01 1.079977131557202930e-01 1.000740422784579947e-01 1.070153883313507692e-01 1.049937907205115706e-01
1.029884923702826111e-01 1.116425790717403971e-01 1.068891272175047230e-01 1.014373622406472275e-01 9.967678465811163901e-02 1.029069197112752743e-01 1.054184613117814390e-01 1.050904219755727093e-01 1.030874927291294818e-01 1.030743704664671412e-01
1.080197309389828025e-01 1.009557872439262871e-01 1.057160333044932371e-01 1.067397500218041778e-01 1.039036675007643656e-01 1.004802634376175535e-01 1.083382306288604852e-01 1.026585791576030693e-01 1.021229644346346305e-01 1.025299289959026444e-01
1.143560538771942470e-01 1.000134484341562990e-01 1.177569871696369230e-01 9.426357463520648738e-02 1.047922515939716803e-01 1.073198676958321413e-01 1.004191081345322395e-01 1.086674948998914564e-01 9.473005038018673940e-02 1.029537436743934303e-01
1.009088142668598392e-01 1.005856931483170708e-01 1.071947024215248734e-01 9.890630202174294228e-02 1.087065515903542362e-01 1.005716734423519609e-01 1.064222249353975608e-01 1.092963188182178164e-01 9.459340493244730586e-02 1.161690080226195354e-01
1.065489060683385281e-01 1.020145462524516267e-01 1.022111295996567387e-01 1.099623093276529268e-01 1.004573534126805140e-01 1.077366877433581505e-01 1.059951915526417682e-01 1.045660754028461814e-01 9.935845715366289910e-02 1.030186560071117696e-01
1.106355840591286832e-01 1.013531308584658119e-01 1.090283430866912234e-01 1.010269171065913962e-01 1.002061560356921066e-01 1.033645667446283639e-01 1.027402338681555616e-01 1.025754912562358290e-01 1.143620173299374349e-01 9.783112463870624609e-02
1.094702205041297727e-01 9.890428363455326666e-02 1.082813438842185477e-01 1.020540818173350239e-01 9.993072916569578634e-02 1.092775667136273721e-01 1.034611411878011422e-01 1.064381661669525636e-01 1.078762143883984087e-01 9.670518060592252219e-02
1.027541681890021263e-01 9.902331245511078461e-02 1.090151788862711857e-01 1.000432499442130418e-01 1.017408502565061573e-01 1.084265412217826213e-01 1.063996642076731891e-01 1.055736362145486273e-01 1.028524015072393577e-01 1.061865169058729685e-01
9.791644221464458619e-02 1.079848059567188739e-01 1.052720879775561058e-01 1.070942098355285033e-01 1.037707906358065063e-01 1.012931493211018108e-01 1.151080719432124450e-01 9.516118607628798465e-02 1.069863857660120210e-01 1.026573757379254520e-01
1.009083138379103795e-01 1.002857276766842831e-01 1.008947711284123860e-01 1.156665383371048988e-01 9.810388758994932623e-02 1.048529279011971710e-01 1.051783199892807469e-01 9.624380249883761340e-02 1.139565887200739425e-01 1.077880822758973817e-01
1.074502123920073743e-01 1.115488144021690303e-01 1.022320820411901504e-01 1.035938344491268565e-01 1.099714912054122196e-01 1.003245571208035702e-01 1.002529410197029597e-01 1.082368627715510068e-01 1.066018882389591221e-01 9.321922810096448797e-02
1.123825914708721785e-01 1.038138537746518680e-01 1.000360436951109877e-01 1.060897848057802267e-01 1.009988172910705473e-01 1.070659947604298279e-01 1.099372580986105463e-01 9.461835530367067315e-02 1.087514796610357520e-01 9.926291858857658190e-02
1.019931021343014610e-01 1.079000475779565565e-01 1.028207672694198688e-01 1.027888480119815429e-01 1.049870712313372006e-01 1.031495900894947582e-01 1.094128679956485745e-01 1.058291045450212436e-01 1.017104847696866654e-01 1.011209356830855693e-01
8.667548856259790768e-02 1.181343511942202218e-01 1.010328047060694567e-01 1.094760477393190851e-01 9.872860643035971662e-02 1.120221405906288575e-01 9.806261737535991452e-02 1.127460807434114559e-01 9.702461829501074497e-02 1.133193528327529065e-01
9.985458897678121948e-02 1.113017736111638206e-01 9.664628263758638649e-02 1.085104818864790627e-01 1.064644734019797728e-01 1.020754184131300590e-01 1.019109900425159837e-01 1.045082775600894992e-01 1.007808932530712964e-01 1.103290632262035331e-01
1.078936278760899425e-01 1.033372300296675622e-01 1.060485006345281422e-01 1.097507989493440861e-01 1.004006390502054508e-01 1.011621496844528068e-01 9.469858610446760250e-02 1.118911050484195507e-01 1.021219745453832151e-01 1.065804212990958538e-01
1.117357638480735160e-01 1.027506447008631196e-01 1.108266867349495394e-01 1.014132346265949058e-01 1.046319998498465437e-01 1.129379149473148658e-01 9.612147959860145585e-02 1.021670414943216670e-01 9.822169539093626722e-02 1.036525075107403021e-01
1.032193819177861793e-01 1.067567390664135168e-01 1.009220313369198208e-01 1.047988525030029566e-01 1.026692146149129486e-01 1.102370373949316806e-01 1.016548260269257709e-01 1.036351701081868193e-01 9.705825246706228926e-02 1.112776854815745592e-01
1.106785914269228510e-01 9.887797500346279245e-02 1.109201027761230751e-01 9.410895237243911693e-02 1.052269094075802131e-01 1.026403909777562212e-01 1.029237466817276431e-01 1.209246122243587962e-01 9.833736726625084967e-02 1.007944417886030286e-01
1.079442785170581370e-01 1.009035716732055998e-01 1.097064267095183981e-01 9.861686550717289890e-02 1.090189969810596016e-01 9.913375985897522613e-02 9.994111670375757650e-02 1.112280011297410720e-01 1.014849569501958676e-01 1.045139861696508937e-01
1.031469929817396547e-01 1.087363430850200458e-01 1.059091938839306080e-01 1.014037900491428640e-01 1.126394994918059056e-01 9.243808176594467407e-02 1.090236342757514715e-01 1.001333162962875917e-01 1.087552619810436272e-01 1.011703016626399887e-01
9.820726998304660227e-02 1.005341139959889663e-01 1.138024457187481603e-01 1.001927168370913557e-01 1.024930634105137017e-01 9.864329437013949486e-02 1.050240627415234967e-01 1.064663774034128596e-01 1.052121978372725364e-01 1.129588164453105836e-01
1.019667867990412258e-01 1.036677858849682776e-01 1.006947351151610826e-01 1.068805624715626623e-01 1.016159563067444010e-01 1.062028687770578128e-01 1.095237801939464711e-01 9.744358681654213816e-02 1.040471886096012710e-01 1.099791260118119923e-01
1.007426652791374166e-01 1.012421421196172261e-01 1.052413947193564098e-01 9.873736989303426304e-02 1.061938062173451297e-01 1.049151311219254507e-01 1.014651809866244370e-01 1.057818147529401426e-01 1.110171350107861110e-01 1.072820770603581386e-01
1.039743722450986729e-01 9.575791419137862082e-02 1.017499468551225777e-01 1.084747382551452533e-01 1.056727812734445521e-01 1.011236956025634015e-01 1.125728272185855944e-01 1.073289911329151775e-01 1.033007010388935082e-01 1.039294536395431040e-01
1.052014390875401217e-01 1.108971700740433858e-01 1.040133339801052464e-01 1.026738185164477596e-01 1.025823528126183215e-01 1.071214842898717962e-01 1.022619785166726386e-01 1.026523854956495480e-01 1.044579368314541568e-01 9.994253236180937472e-02
9.313095416695091333e-02 1.021450195113338399e-01 1.052366371883907414e-01 1.083657402024051225e-01 9.834343621384947220e-02 1.064619197411396656e-01 1.020039262330603852e-01 1.070298733792919982e-01 1.047890644170770130e-01 1.164594068916979391e-01
1.049398268350310581e-01 1.008836807125998575e-01 1.047100396608390410e-01 1.144398179820431960e-01 1.001578209221538618e-01 9.410686315832912652e-02 1.206968490991034981e-01 9.799322675760280266e-02 1.010392077795867205e-01 1.059361039300643764e-01
1.013437600443088948e-01 1.031043364926715611e-01 9.804994023192550867e-02 1.102374989129720623e-01 1.059087194115472252e-01 9.694196771035865079e-02 1.062975196006074458e-01 1.040671353030758195e-01 1.056618803052320615e-01 1.111192886312890454e-01
9.892729905172674421e-02 1.070077636883632471e-01 1.083311670306260771e-01 1.018111664404732081e-01 1.023451659681941656e-01 1.013072050695745657e-01 1.047460241585693314e-01 1.133957565022507413e-01 1.013817303111482215e-01 1.032054306624715923e-01
9.958106770895627791e-02 1.090606531902923448e-01 9.792351775670007918e-02 1.078748350842355930e-01 1.106278395104953460e-01 9.891985705756199676e-02 1.060478212130760989e-01 1.060350184727403278e-01 9.843603594360415820e-02 1.080569856528789813e-01
1.073377501887411434e-01 1.083356188047156221e-01 1.041993611482339849e-01 9.497841166649953482e-02 1.074762100178505708e-01 1.114915155538984681e-01 9.723757187700370064e-02 1.039535133291060037e-01 1.086361259710984517e-01 9.947567240048720005e-02
1.076080935238437619e-01 9.980023073416924295e-02 1.065071576260741559e-01 1.013698385006887998e-01 1.044333403630446355e-01 9.725603210031599777e-02 1.114292910099146799e-01 1.022819333976003608e-01 1.126631134516069416e-01 9.965668519394269009e-02
1.001159677571139828e-01 1.028772894975912289e-01 1.026540657018871067e-01 1.035574992007399636e-01 1.151835672426878565e-01 1.021554436375024244e-01 1.061966999858442312e-01 9.695660495110856869e-02 1.046705221302907246e-01 1.087409154553850149e-01
1.089318849080944673e-01 1.024637327810573456e-01 1.012452132064090987e-01 1.070639262455131968e-01 9.955539791749307144e-02 1.078973951618941579e-01 9.967173868874559806e-02 1.083177753903022539e-01 1.004434530274300186e-01 1.063211028610083070e-01
1.162588348563369789e-01 9.766515551146386087e-02 1.034865269047567093e-01 9.820701579603348386e-02 1.087041915789169894e-01 1.053488310196317168e-01 1.074400417628078863e-01 1.056655121447130641e-01 1.097650438406396478e-01 9.212058413203895457e-02
1.072541799263837109e-01 9.984390450818997342e-02 1.051912115045370161e-01 1.044247946927171489e-01 1.071996101982567451e-01 1.020329899941050528e-01 1.008448052893481245e-01 1.082194459351587257e-01 1.072477234332053359e-01 9.943545257020597328e-02
1.036183500758333376e-01 1.075931839481757274e-01 9.609532520570857050e-02 1.093391681021440437e-01 1.088678224433278358e-01 9.412371378450219706e-02 1.134398532071225069e-01 9.673267281552710983e-02 1.106487612292402223e-01 1.032383846923061316e-01
1.071951199234903729e-01 1.087995969609244357e-01 9.651077664162881209e-02 1.075781035290735987e-01 1.119637030477496076e-01 9.661755268778987604e-02 1.044825258693467818e-01 1.071358621093984609e-01 1.062406801457398131e-01 9.660104587263920739e-02
1.142492251077697196e-01 1.045038133002880870e-01 9.642324406436215967e-02 1.136347284803288227e-01 9.036744397311693988e-02 1.160872083165015445e-01 1.038857166281847294e-01 9.624491430084496091e-02 1.090273840496880919e-01 1.015243025391929926e-01
1.041421083931155234e-01 1.010855539815872228e-01 1.068816794282953370e-01 1.032610021257629324e-01 1.043921794759345434e-01 1.018987963045449863e-01 1.061952033982544313e-01 1.147631208836120825e-01 9.341335215375146106e-02 1.069040082194839675e-01
1.037634163317657232e-01 1.054575766791119862e-01 1.066437928261134288e-01 1.065620545673535008e-01 1.042480159236623266e-01 9.983362878633739168e-02 1.017475356293440630e-01 1.057760022117752302e-01 1.076647921651803508e-01 1.000468404170725967e-01
1.039810681182088276e-01 1.082323217562006640e-01 9.854625853047004058e-02 1.121895935729772115e-01 1.062687901376758864e-01 1.008335966241611925e-01 1.021952107691205119e-01 1.122008257301584516e-01 9.327378598388109954e-02 1.058704744138755233e-01
1.052394574257824456e-01 1.125216138539286564e-01 9.222929017289778486e-02 1.136185774959477257e-01 1.030509035756501379e-01 9.667677350540937464e-02 1.118523824109250581e-01 1.033878902183225784e-01 1.040771026610018274e-01 1.012320770152640437e-01
9.890199734005156174e-02 1.039240619309771685e-01 1.046407747697733481e-01 1.024390871451321683e-01 1.107238235548203276e-01 1.097798371576138993e-01 9.943526710639205568e-02 1.012708546979070451e-01 1.058249593168427566e-01 1.056409487979980688e-01
1.077557052981161223e-01 1.082372579232906695e-01 1.082373358525793861e-01 9.629134576989113736e-02 1.116969882149002335e-01 9.095063900166551474e-02 1.089408277600906888e-01 1.067548705056908243e-01 1.038797733057614386e-01 1.016885208596883527e-01
1.034762196437937626e-01 1.040772572990839445e-01 1.076929355191208054e-01 1.060302484472860074e-01 1.030027919543103354e-01 1.073531703816163474e-01 9.631259870357741781e-02 1.109048866703461478e-01 1.016385934355715087e-01 1.016621794976315385e-01
1.045118528980628070e-01 1.084253917134477968e-01 1.001258771670728437e-01 9.701678661899264255e-02 1.065986886389141131e-01 1.168941141414551049e-01 9.414621194580227725e-02 1.097161526196011039e-01 9.983672803394609552e-02 1.068816127824606249e-01
1.057082864580193710e-01 1.061328001426179585e-01 1.092734086592678927e-01 1.043114545674652949e-01 9.874776175348244645e-02 9.890094022864875933e-02 1.133423191898912802e-01 1.110150436520585954e-01 9.559462837940160829e-02 1.009614237049291097e-01
1.040256110037866832e-01 1.048275585991075426e-01 1.095772054491063602e-01 9.954594298033586641e-02 1.031993780165837427e-01 1.054223610289286434e-01 9.846546767094629948e-02 1.001241100553654229e-01 1.050426012122095687e-01 1.133507335003624689e-01
9.527071839707035306e-02 1.100393842063673994e-01 1.031314544872388439e-01 9.962844265197809412e-02 1.039572180437150495e-01 1.158325831390893540e-01 9.388420097306822421e-02 1.179176556484441696e-01 9.637114986445483034e-02 1.094460527208933331e-01
1.037415436876467367e-01 9.628629887002999876e-02 1.197143300283923795e-01 9.334975669186235114e-02 1.046781899723530779e-01 1.089848494597576017e-01 1.050597348229934669e-01 1.019284930120284427e-01 1.015839390396651304e-01 1.088119670452900867e-01
1.132014783189796425e-01 1.036817823022421620e-01 1.039465204270489662e-01 1.074247117139829760e-01 9.949026229725360659e-02 1.047010869102913549e-01 1.088124614428131465e-01 1.006932321936198221e-01 1.063478857818137280e-01 9.448179633340640649e-02
1.048318260461022638e-01 1.129174837401489967e-01 9.426982965917893309e-02 1.151361099816094191e-01 1.006003244006494490e-01 1.029863186821750737e-01 1.001992682808551249e-01 1.106439093494509945e-01 1.040785827777471889e-01 9.808657290547355412e-02
1.001508330046356893e-01 1.117134209448961413e-01 1.029799732808877738e-01 1.014229769972723461e-01 1.054918473228849407e-01 1.007067319513867271e-01 1.004317808560912656e-01 1.125157896799941354e-01 1.075099526154379703e-01 9.983751885024601258e-02
1.047078093137719795e-01 1.091295251526465948e-01 1.028635687239371072e-01 1.048959092890007216e-01 1.058807677685857374e-01 1.063457533780957504e-01 1.049368378565072590e-01 1.007389052992520989e-01 1.021880882419518577e-01 1.003050517487334703e-01
1.085152582318488629e-01 9.838846892325495141e-02 1.044136629404644329e-01 1.069209871313912402e-01 1.011820157992370933e-01 1.074450193870560982e-01 1.045748980363179481e-01 9.783893562668392885e-02 1.063723681795892412e-01 1.063124533890637269e-01
1.071827822167440852e-01 1.096958524423429643e-01 9.721317334312042091e-02 1.065776758478341052e-01 1.030377084731213810e-01 1.104889980532737515e-01 9.820222337913610267e-02 1.005178110822464721e-01 1.116203601118324756e-01 9.835575053424085168e-02
1.111996767277541320e-01 9.624993854839185292e-02 1.051406732571102676e-01 1.103216558767774608e-01 1.072517155767902103e-01 1.003477871728278153e-01 1.101291232572768342e-01 1.029587102948163746e-01 1.038675458139480395e-01 9.615737556976865219e-02
1.180374578709382505e-01 9.811158207911895024e-02 9.984651197333396788e-02 1.084027167869599517e-01 1.000992474938452031e-01 1.036224734664804997e-01 1.119806299455348847e-01 1.018558848888943547e-01 1.133142255897855027e-01 9.024500991513166592e-02
9.723869991471063845e-02 1.216736795576831426e-01 9.577027046886235628e-02 1.074329863958565362e-01 9.687934929868953493e-02 1.082734436743548606e-01 1.011655104550443773e-01 1.075350150181709208e-01 1.025805454735536221e-01 1.060158760302708919e-01
1.064290869590369532e-01 1.048345136062036609e-01 1.079059807822983635e-01 9.775009180157338828e-02 1.054691922541183269e-01 1.062225209203142562e-01 1.059719666354555223e-01 1.052259145445115923e-01 1.026787570692114099e-01 9.931802445397980295e-02
1.044749247552897442e-01 1.095204490580500289e-01 1.064090921013413488e-01 1.019526558292108420e-01 9.729258563984519159e-02 1.025647013374811900e-01 1.016373332527510387e-01 1.152132650803598529e-01 1.064410409898402105e-01 9.844453351641635486e-02
1.054564258258584852e-01 9.423655373148416559e-02 9.960697502171657336e-02 1.135893321611323864e-01 1.107468925399793247e-01 9.418426699668908109e-02 1.088676788917096877e-01 1.060100354033323838e-01 9.703600019453718917e-02 1.160528489447444911e-01
9.943442394981402699e-02 1.030036544624188394e-01 1.036048867176627836e-01 1.109026747282197689e-01 1.060334117584415675e-01 9.819135368949258313e-02 1.018059020102993345e-01 1.067931511657877058e-01 1.093551170533915429e-01 1.033739470813076905e-01
1.020176250537183499e-01 1.074838181936577514e-01 1.025492225279684005e-01 1.069511390917089882e-01 9.814821458869042725e-02 1.108356775882865936e-01 9.591151707394127146e-02 1.058657853368193125e-01 1.074580954753332346e-01 1.051325933133407109e-01
1.052585156062943728e-01 1.089508363780822553e-01 9.877941924798255835e-02 1.076726630400330897e-01 9.851754021269984452e-02 1.060179345060581063e-01 1.012674822452301338e-01 1.123552021111192817e-01 1.012606688767822422e-01 1.022548746423461441e-01
1.016708114385976025e-01 1.070160027541685877e-01 1.037572883982874339e-01 1.052696525628148971e-01 1.063208067238282928e-01 9.968779980098230187e-02 1.062161001731589532e-01 1.025466740582331310e-01 1.062054526084504763e-01 1.026019976684806323e-01
1.015840332479472641e-01 1.073068343744987690e-01 1.055782995299374138e-01 1.001537650475217839e-01 1.083324594263704171e-01 1.022752263334825301e-01 1.034669088239505708e-01 1.002159851560158466e-01 1.058053956444214294e-01 1.068693007914865850e-01
1.108079001701002819e-01 9.747380983993886305e-02 1.096370365024681715e-01 1.026243504392815586e-01 1.069746185924852627e-01 1.025310303538310847e-01 1.047895172391458546e-01 9.808630457849676354e-02 1.108406363280700357e-01 9.877409049681849795e-02
1.003851877897797978e-01 1.018220414176990996e-01 1.033696529422345051e-01 1.080930585904446711e-01 1.054763751159787100e-01 9.830890573430874080e-02 1.136541144082179322e-01 9.038413991457057428e-02 1.169056211409982976e-01 1.062263865644861027e-01
1.113647568248123387e-01 1.001301732362997882e-01 9.773206763381138418e-02 1.141799313755892248e-01 1.062960402739279581e-01 1.051790656228259457e-01 9.864055376291393229e-02 1.069026078457331747e-01 1.006781598000464212e-01 1.021357304691046380e-01
1.051285472016308120e-01 1.061920813781345452e-01 1.043959164081898899e-01 1.127100121667774235e-01 1.019962535609944404e-01 1.069043978068898865e-01 9.681217293756601283e-02 1.043536365709447633e-01 9.814737349994925864e-02 1.069954484882973678e-01
1.073524589476515662e-01 1.001056980951096909e-01 9.860937997323471205e-02 1.071641869305405836e-01 1.037361431017899266e-01 1.071840179140833571e-01 9.853259972076448825e-02 1.141753512809872001e-01 1.041456519064615088e-01 1.019464551097160609e-01
1.027446461693669322e-01 1.039559283513071530e-01 1.033894341087724794e-01 1.151363289264224626e-01 9.834751307411790378e-02 1.102041272431340674e-01 9.846267271407364852e-02 1.051105933630396422e-01 1.050386594941911805e-01 1.005757215018924927e-01
1.071017530697122022e-01 1.093302986135861882e-01 1.054330700877680049e-01 1.028148669011728217e-01 1.043670459816450208e-01 1.040031847125258702e-01 1.037801255325752625e-01 1.002061993305171234e-01 1.039140563275370438e-01 1.010429727672968181e-01
9.811710775324192224e-02 1.087663688719046756e-01 1.079429818648373757e-01 1.059516277053929312e-01 9.688272984253061548e-02 1.060941664254664712e-01 1.010657928246462556e-01 1.082742681854338834e-01 1.029821213977784589e-01 1.062947914496469304e-01
1.075817094349460490e-01 9.726788760182797366e-02 9.865841983023522499e-02 1.114721528121431771e-01 1.064860513060034847e-01 1.101512185476051370e-01 9.759783477752484449e-02 1.045123282071973581e-01 1.029762341377436496e-01 1.066231315924300316e-01
1.078472185932302929e-01 1.016100195410054585e-01 1.050710699882181770e-01 1.029596832517404165e-01 1.024896951696522285e-01 1.045014217122281208e-01 1.037263156602893505e-01 1.099004047767824510e-01 9.617700688485014693e-02 1.076040168405262010e-01
9.992691556141297671e-02 9.860377844324723362e-02 1.072812476801597581e-01 9.825980422774771572e-02 1.154822356431546987e-01 1.033347373772179750e-01 1.004041557014769270e-01 1.040652965622481385e-01 1.053245253941914178e-01 1.105771124234018188e-01
1.033147061368843989e-01 1.035254330795886968e-01 1.027995313859353388e-01 1.057067712452436636e-01 9.920367240010094512e-02 1.118373398832698956e-01 1.028339401571366912e-01 1.068008969137056591e-01 9.851709067482118665e-02 1.074007792177084780e-01
1.059627850889717643e-01 1.002874291889385011e-01 1.023262755057185724e-01 1.047165622590264106e-01 1.072098454201203394e-01 1.101646498048642620e-01 9.214614534403726964e-02 1.094103401479398774e-01 1.047558214320089970e-01 1.059780071441650678e-01
9.135146235292597450e-02 1.110661184783210131e-01 1.091193104183894591e-01 1.083090301398491051e-01 9.556374109389353944e-02 1.096922366732990678e-01 1.008758806981980283e-01 1.087750062746207502e-01 1.050927067311133306e-01 1.046463940359120409e-01
9.867855486197663062e-02 1.027005222380038829e-01 1.058860728753819452e-01 1.098098104535007585e-01 1.025743402360413392e-01 1.027891136823185503e-01 1.045712687536018981e-01 1.095129977792028420e-01 1.004924554499186801e-01 1.051632290887799942e-01
1.071201894643982466e-01 1.127411131457892457e-01 1.002159329718655678e-01 9.847970119308867287e-02 1.091900635193580188e-01 1.094359682370980164e-01 1.007982358627997621e-01 1.056691023911429383e-01 9.852407330216279846e-02 1.010903365609387844e-01
1.031089005440016665e-01 1.038426507065835641e-01 1.025061763937044623e-01 1.091243526321858254e-01 9.968270299926890177e-02 1.012735412801209905e-01 1.101763496764659317e-01 9.861110592505387129e-02 1.070560644157839691e-01 1.065045515743572452e-01
1.020780904710832659e-01 1.042576724989866116e-01 1.146013873540448064e-01 9.868549197850981503e-02 1.041753423267772899e-01 9.629300645857531704e-02 1.153447430076907088e-01 1.052870137123695371e-01 1.003533409742010662e-01 1.026724870668329626e-01
1.045447532800824614e-01 1.083558727343997274e-01 1.051857135493507733e-01 1.006488072722014487e-01 1.096132337004080554e-01 1.016638192255221174e-01 1.038893197165781379e-01 1.086272960815983513e-01 9.214730082376508535e-02 1.085209760467433227e-01
1.008459737391335098e-01 1.110545083558550639e-01 1.027761687621013414e-01 1.060791858683297340e-01 1.049704783279126058e-01 1.046967420785469005e-01 1.019907630904753476e-01 1.065889633380567303e-01 1.006844192260882287e-01 1.021917879024294984e-01
