-7.841233423855372919e+00
-7.685597856083504098e+00
-7.428522319976141652e+00
-6.598033707773714340e+00
-7.149696986121760744e+00
-7.771848718695831160e+00
-7.799236468493900176e+00
-7.751891115297748769e+00
-7.183295940297978355e+00
-7.698709904856496422e+00
-7.198228919737086784e+00
-7.650132495130428367e+00
-7.636307168650087185e+00
-7.427237987836530664e+00
-7.205905774475553471e+00
-7.997453269062757109e+00
-7.292372648437659421e+00
-7.859352361233217010e+00
-7.648054513645242913e+00
-7.871081287623518108e+00
-8.345166855751074309e+00
-7.601791467603225882e+00
-7.409527002227202175e+00
-7.410304617507471825e+00
-7.081089053619416873e+00
-7.246236386923156303e+00
-7.659626047309586738e+00
-8.337711046780066582e+00
-8.010523603161777473e+00
-8.140831391537641792e+00
-7.676574323804790545e+00
-7.558372087758204572e+00
-8.148136820186588025e+00
-6.518755178730339495e+00
-7.492850096910322222e+00
-7.995911009208742648e+00
-7.507839127215230057e+00
-7.691250194855573596e+00
-7.345800187030419259e+00
-7.369249145896311859e+00
-7.164839235716957688e+00
-7.533166837306989549e+00
-7.403144987069198102e+00
-8.156358688817425318e+00
-7.666177279818562340e+00
-7.817070144031752044e+00
-7.675013563504301750e+00
-7.689235965144348484e+00
-7.787513608957388200e+00
-7.322298408017200444e+00
-8.131900851917112760e+00
-7.651927467712408060e+00
-7.333389039946052179e+00
-7.456888995582984236e+00
-7.526161639434201689e+00
-7.209230782492303646e+00
-7.744882363542721748e+00
-7.715709699291316781e+00
-7.412991602503974597e+00
-8.075222257335727960e+00
-7.768962795195253790e+00
-7.205191270947388205e+00
-7.567164191661017725e+00
-7.735802241996726281e+00
-7.870374957105112479e+00
-7.795017630581693169e+00
-7.463994401758650810e+00
-7.182622107979630854e+00
-7.692111394085583420e+00
-7.449739438950960135e+00
-7.550915355036941889e+00
-7.684261299863480943e+00
-7.857959139270680460e+00
-7.757517733802547610e+00
-7.851650816813700473e+00
-8.193861542621220906e+00
-7.417407580286837998e+00
-7.839757045284779124e+00
-7.677247332782344280e+00
-7.720549278258996395e+00
-7.144022154165359240e+00
-7.505217082003994733e+00
-7.842096290991085183e+00
-7.374840664291106407e+00
-7.544302266052776318e+00
-7.359467171195659851e+00
-7.958852489948093023e+00
-7.285642929389128497e+00
-7.038269849679692491e+00
-7.315769602249144299e+00
-8.013025186706244085e+00
-7.514624608887368495e+00
-7.070619168203407412e+00
-8.278327979160707173e+00
-7.553534510440023553e+00
-7.660446496698480878e+00
-7.378260093603520531e+00
-7.420747346539597444e+00
-6.946107863949045225e+00
-7.455307183018112127e+00
