-4.918800189576762460e-01 -1.143432706714392344e-01 1.615608120493050581e-01 7.237798645007755827e-01 9.818748287849361767e-02 -2.629166562480858005e-01 -2.596543368831661924e-01 -3.631791645157889104e-02 4.352767522930742206e-02 -3.489611889593977057e-01 8.765622971526022822e-02 -1.062775123305125108e-01
1.822507106293143053e-01 1.763457353382830439e-01 2.686924825378070314e-01 4.059866146008279247e-02 -2.381087811125206233e-01 3.917096763176968754e-01 2.549060964990683686e-01 -7.806093694697838759e-01 -3.650314598981420078e-01 6.533315724394439528e-02 1.329882694131304666e-01 -9.780548788315229780e-02
-4.121270403368755275e-01 7.587306724544856662e-01 7.074270617484100798e-01 -3.651365010856167936e-01 2.800132347244706499e-01 -2.607916003612278932e-01 3.997471680043473419e-01 -2.291791779849172150e-01 2.944052929271149810e-01 3.170897377724823940e-01 -5.339667412300876798e-03 -4.123324941734249904e-01
3.512659244224980437e-01 4.952820111245478940e-01 2.389045875208659075e-01 5.276295150597847261e-01 2.723127234249168027e-01 4.868451007871785891e-02 7.158157573040642152e-01 -5.777075801511659392e-02 -1.332932900146137911e-01 2.672603170299230335e-01 2.720407604294997408e-02 1.520254691070182795e-01
-2.888078222652850496e-02 5.276325501760213976e-01 -3.927893549497195047e-01 6.594853695468336219e-02 2.583621816407214999e-01 3.501011895279506625e-01 6.771811204631560388e-01 -2.234052432818447731e-01 2.608480685073849212e-02 5.706342469964779257e-02 2.162103026738081135e-02 6.934032577385822183e-02
1.576844114007565911e-01 -2.261707068960008282e-01 5.425414789005133381e-02 -8.990004988735612879e-02 -1.017472015782207584e-01 1.396517101277554018e-01 2.819829508097978499e-01 -6.371495010357837441e-02 -3.062837906797173937e-01 4.927875870069964304e-02 -4.560848110610621342e-02 -5.348177385805106265e-01
1.597269473073994750e-01 -8.086204718445573481e-02 2.280229489839254164e-01 -1.179374681714990408e-02 1.397675467854408715e-01 -6.707539986827751322e-02 -3.588307047270392069e-01 2.543148149376775469e-02 -6.059167387462488508e-01 1.141021548650996698e-01 -3.024353382853845473e-01 4.962723715975058542e-02
2.456075543593752228e-02 1.947892522711561769e-01 -1.334900373340517921e-01 -2.756176035982202399e-01 -2.369287424292874367e-01 2.610937762285075459e-01 2.155108146787347023e-01 -3.283607377171705033e-01 -3.421991920875027127e-01 -1.884223732335047474e-01 6.683240954730195194e-01 -2.125235043353333186e-01
1.096944714580270486e-01 -1.711392817802926195e-02 2.382881006576613447e-01 -2.537683029962403136e-01 -2.624069046276270023e-02 -6.686731405325672950e-02 -1.356682348910333569e-01 4.073206899203460907e-01 -6.499549373789802187e-02 1.959309754489484412e-01 3.532426403842112705e-01 3.429438767495271989e-01
-1.070231126576533798e-01 1.012216559081431239e-01 1.824648721851137301e-01 -4.668052169384895311e-01 6.818914452408270099e-02 -4.357347339253625496e-01 1.048892378939667164e-01 -1.555017897223701651e-01 -1.826097053134791495e-02 5.250136161302454418e-01 1.721783075307001809e-01 -2.753328522283881030e-01
3.629538222164429423e-02 2.533736589340795375e-01 1.838338157432899411e-01 1.038903378225868035e-01 -3.574824035686081231e-02 8.240396835109166374e-03 -1.310141581291736912e-01 3.727979832991196174e-01 -2.831105289178991180e-01 -1.737920359617786403e-01 4.531579039723197533e-01 2.723663025135201199e-01
2.714831319900474216e-01 1.693108929830577924e-01 -6.272633274222685351e-01 4.504211695913364344e-01 -4.253591138843149655e-01 -2.085164694467984137e-01 -2.359341312199017549e-01 -4.755115848987747501e-02 9.877853375500968147e-02 2.955138502880793380e-03 4.676782074728736971e-01 7.764707246442359434e-02
-2.922230279981333223e-01 6.404290778258124595e-02 4.382921586254414081e-01 -6.006468972844759835e-02 -3.513832384777285101e-01 2.826112905681097964e-01 -1.372455178578418644e-01 -3.196961815252967187e-01 -5.262754433176318469e-02 6.056769655920217765e-01 -6.403688393182649374e-02 -1.609891536387090261e-01
-1.036493721411466118e-01 1.268864206648111226e-01 -1.089389838058177767e-01 -2.292775394541692879e-01 4.473782590052429731e-01 2.165559170081403362e-01 7.381348894019787998e-01 5.834604589070299108e-01 -4.598430028835531203e-01 -6.543602855900319815e-02 -2.633456482182578995e-01 8.582718921958028269e-02
-6.000459585907808036e-02 1.081545111021889605e-01 -3.256472352645772231e-03 1.288884689312295162e-01 2.251447258253636563e-01 4.671509649997094282e-01 -2.055562606908277468e-01 1.467059835995457653e-02 -9.127700483380216112e-02 1.166076308536237449e-01 1.299102011783046517e-01 1.160911299159426979e-01
-2.908624142576513721e-02 -4.051817437905071151e-02 -3.173231687999839012e-01 -4.661587960640419248e-01 -3.088814602636142520e-02 -8.846422190015361398e-02 -5.445954377913257982e-01 -2.592068131180761958e-01 -1.814275100104038863e-02 2.252628444652582940e-01 4.315799868414248452e-01 2.344801346863719937e-01
3.490302435244652668e-01 -2.809139583942882323e-01 -2.184618399583909687e-01 -1.424989583902110980e-02 5.343542054280511211e-01 3.650980607004624678e-01 3.906748746379726245e-01 2.860469616770107693e-01 -3.718205551896707761e-01 -1.033996328171286894e-01 2.151722713864003822e-01 1.063616252444789523e-01
4.322674605253386537e-01 -3.466701902744439567e-01 -1.553856900529484719e-01 2.518012510827619121e-01 1.945726101370857247e-02 -1.817953463770422273e-01 -4.129798584981918264e-02 -2.526465753177383755e-01 -3.797852815943807969e-01 9.460905548139464383e-02 -5.025332828697312015e-01 2.528773315528153320e-01
2.114335491372645315e-01 -4.102244758875371322e-01 -1.847329518930343195e-01 1.880976052324628001e-01 -5.495317077584635328e-03 2.111998316096908301e-01 -5.386003584917604670e-01 1.525780356248641334e-01 -1.873233323823416951e-01 -2.919650786670388576e-02 3.568625852271232746e-01 1.304942805075218759e-01
-4.233524077543108360e-02 5.989036614482873278e-01 -6.417080019074161701e-01 -2.072051673942408301e-01 4.775867922109280905e-02 -1.109998158022864612e-01 -5.220840077897975773e-01 3.303297140504693474e-01 -3.278976824502484178e-01 5.913865767946389906e-02 -2.568202545990603269e-01 4.667019858698560064e-01
2.558043873972291604e-01 -3.981567568162287102e-02 7.152418047998033990e-02 -1.457778856369665310e-01 -7.087500737249337046e-01 2.365258289801748237e-01 -3.348573325070213214e-01 -3.156492373840538712e-01 -6.141758761246548515e-01 -7.330549260142767143e-02 -6.293516543070336589e-01 4.307791976680993007e-01
2.560153508555170210e-01 2.918754949973232926e-01 1.470002205719003231e-02 -2.502953655496231167e-01 -4.329391205003675358e-01 -3.860960165324713311e-01 1.368603428820747703e-01 1.305182546529686238e-01 2.646754249783609403e-01 -1.560909339063224280e-02 1.386297386629026240e-01 -8.886023508259639769e-02
2.866919368046437766e-01 -9.777712432843076520e-03 -4.912770549425747868e-01 4.958137716924069793e-01 -4.168277766368538306e-01 1.901511139375351156e-01 3.583358412045341557e-01 -4.709599304388986662e-01 9.617157358099227837e-02 -1.871563397023144094e-03 3.932277800934602663e-01 4.446719585513955741e-01
1.159299171088511021e-01 4.054164948326612339e-01 3.189847687528683529e-01 1.027897659563019317e-01 -2.820741704445272058e-01 6.746162175577279096e-02 -5.929582878249965022e-02 -2.902306136366275546e-01 1.017672013086686061e-01 1.764853858750429494e-01 5.447021284046554140e-02 -2.325315641936173128e-01
-2.592357423459639224e-02 7.513006134448180912e-03 -2.894939754781468422e-02 4.649375378232566969e-01 3.408332524378819839e-01 1.738334861620517979e-01 3.988233267930960113e-01 2.492678551949799870e-01 1.676482859537309633e-01 -5.830196064364181474e-01 4.136143173187664113e-01 7.458188640481040743e-02
1.963646963518673461e-01 6.473862787373939331e-02 1.349732662106903174e-02 5.959509720017148321e-02 1.180945343987640922e-01 4.969264722454976718e-02 2.146638947939583930e-01 1.322884414663448860e-01 2.273755184412206698e-01 3.933745217788094106e-02 -2.571124819557146779e-01 -7.315464027467405428e-02
5.197454450109394442e-01 -3.765329588802132088e-01 6.294519402859914681e-02 -4.066431806124105042e-01 1.723852301406019749e-01 -2.341986241654477330e-01 1.156242708443743494e-01 5.019095903765521255e-02 4.553967876370648010e-02 -2.813637166078145624e-01 -3.340124859590669348e-02 9.733355711835485480e-02
-6.064186243882588312e-02 -5.778344833218999055e-01 4.226307757834665141e-02 -3.614949938242902894e-01 2.373941297422620944e-01 -1.461711001675289889e-01 -2.597380283141945134e-01 -1.839368762722556894e-01 -1.178095566914925951e-01 -7.786554496793388624e-01 -1.410029657663637026e-01 1.701780097583034113e-01
-5.164913221737611471e-01 8.685575696871823334e-03 -2.185622352065646756e-01 -9.350328970624773028e-02 7.008947245860629172e-02 -2.701266705830527304e-01 2.183824080016872060e-01 -4.029654475178374162e-01 -1.410348475708875504e-01 4.474285303467332442e-01 1.156205883953704411e-01 -4.088054172098327110e-01
-6.745488791577881615e-01 -2.329901388776396964e-01 -7.165818690032614569e-02 2.014774772960866434e-01 9.610805909243080869e-02 -4.176108897354807725e-01 -1.532468886244722495e-01 -1.659126333404443987e-01 -1.211605485408948357e-01 3.501266596576535495e-01 -4.127615477456406667e-01 5.952645530685161945e-02
1.414752649104239202e-01 3.866803297312563781e-01 -3.804872537134364879e-02 -3.163523984332980432e-01 8.464440292660535547e-02 2.362760943752329201e-01 -2.830206910132336828e-01 -2.469773654992281908e-01 -1.492948370697009808e-01 -4.021962841198823552e-02 -7.706725304785896902e-02 -7.772271364217804568e-02
-8.350935245435478493e-02 -4.883302509104864852e-01 2.403194199737364034e-01 -6.737252279997764381e-02 -2.036816862105490789e-01 -1.006389274472209300e-01 -4.971551928568838097e-01 6.798749504900443164e-01 1.608091035216361042e-01 1.324092134533207121e-01 4.610329168008350242e-01 2.089661122957350015e-01
-5.408478044227833098e-02 -3.388992550863534903e-01 2.790227532590888182e-01 1.547183794152957037e-01 -4.352681062611756801e-01 -2.253952419854263756e-01 -5.391364017307034295e-01 1.546565361308823161e-01 -5.141001420008922684e-01 1.544505882551483189e-01 -1.934749673413981574e-01 -1.414090037258538823e-01
7.859414522165631967e-01 5.394302578978626278e-02 1.052887579920773475e-01 5.383671229407042125e-01 7.197004160924785898e-02 9.225978350769226122e-02 3.134815226851468961e-01 -2.293067999707597004e-01 2.968587715098027768e-01 1.477867061996335774e-01 5.828751797410076652e-01 5.824387549407549214e-01
-9.004154580641553218e-02 2.075130851066733506e-01 -6.040628978938249460e-01 7.813072668071684461e-04 -4.205024309596105958e-01 2.700122972277591363e-02 -2.307105723328242708e-02 5.503304635675330125e-01 3.728708425738788135e-01 1.506197334196303084e-01 1.273829785123422320e-01 2.034538562176091137e-01
-3.723966899771490729e-02 9.140818284007793185e-03 -4.318798913037046883e-01 -1.501197876666765241e-01 -1.402102644890937111e-01 -3.995325942369720718e-01 -1.610666227525559269e-01 -1.691371678701097669e-01 -2.578491789761426234e-01 3.531832004985908657e-01 5.378449014342410323e-02 -6.365051578452398870e-03
3.358350940991502304e-02 4.397162272581848774e-01 -5.783819935345658747e-01 3.346395809477265004e-01 2.022964821403209490e-01 -9.695658714991861604e-02 -6.751270513918548877e-02 6.043227939640034158e-02 2.732128570765387510e-01 2.617293339878272729e-01 -2.347927270640455533e-01 -3.242740717848343057e-01
-2.989118776493146501e-01 -2.892074368866263678e-01 5.803198947039239775e-02 -2.608223015018252822e-01 3.515171080380309343e-01 2.843427400090575152e-01 -1.148028699441911021e-01 5.129864321073873690e-02 -2.561422176387715965e-01 -2.848628462154979002e-01 1.854927781407036402e-01 3.192305512622875541e-01
4.842476281454813347e-01 -2.466475176018725068e-01 -1.971537387778903722e-02 -4.099784688134836680e-02 3.808903074879410044e-01 -3.098434499227158828e-02 -2.755348463054489994e-01 1.520709312725188889e-01 3.382348787987494998e-02 4.655768911576445568e-01 -5.645377652986482975e-02 -1.945405798799049735e-01
5.101546539600804869e-02 7.944850652378507294e-02 -5.570488306832547393e-02 2.989750882728562376e-01 -1.056655153292126864e-01 3.129983874626775520e-01 -1.090216664753023840e-01 2.572835541749754484e-01 -5.089708187098892500e-01 1.022799941378456090e-01 -2.606800859480247479e-02 2.267561914825692582e-01
2.712601831930185892e-01 6.148352770575103710e-02 -5.855305153371703764e-02 1.126492666709072998e-01 1.215903456947759614e-01 2.070228777956669985e-01 4.233940637225410697e-01 -2.239706449366831442e-01 -1.096478178372136403e-01 2.790395925244738562e-01 8.256314392752536757e-02 -8.771121909995996391e-02
2.095125920657218976e-01 1.711456923640988503e-01 -6.321243428009459819e-01 -1.063075334032206887e-01 7.598368629743397495e-02 4.026443366991667300e-02 4.133158065910438328e-01 1.071202033296796002e-01 2.821592169767700442e-01 -3.804423830867323386e-01 4.135964284495262204e-03 2.300446079136823918e-01
4.193481852806667520e-01 3.437771590532042176e-01 6.043402924067788062e-02 3.148493388967718021e-01 -3.069416367036537086e-01 3.500401874942116742e-01 1.684070976302288192e-01 -3.088498867276376347e-01 -1.357954764154975513e-01 1.552313078060009177e-01 -6.078163462390089311e-01 3.279876951171794563e-01
-3.913423296060708489e-01 2.286649245971718036e-01 -1.562053234179932304e-01 -1.409978713333953915e-01 3.032006790821754200e-02 -2.089802902503301307e-01 -1.107300975265475135e-01 2.656804025805931113e-01 -3.991723454663811954e-01 -1.999751872339339542e-01 -2.644580891011162338e-01 -4.652445461910011404e-01
-1.038774260123082882e-01 8.913416061106195221e-01 -8.918927814033131285e-02 9.315918230660524824e-02 6.133675136054307642e-02 -2.322516434317828393e-01 -3.108652034429965072e-02 -4.057883933719011460e-01 3.871254597879156822e-01 -7.059780104427033631e-01 3.690170276179360331e-01 -1.882176881519222467e-01
-5.786217329539956600e-01 1.411735704772872080e-01 -4.237770681699832287e-01 7.012367316428925745e-01 3.673300126451560788e-01 5.205287708953467707e-01 -4.149567959583011501e-01 1.098437378127232328e-01 -2.009673931185691209e-01 -3.233178147463569019e-01 -3.110027588931522646e-01 2.435642854513297428e-01
-1.382550903955139243e-01 -2.000703701566237669e-01 3.302115867275587369e-01 -4.184015115573064963e-02 -7.705104774268173307e-02 -1.047760336552987920e-01 -3.977110452060756973e-01 1.995034598251965996e-01 3.736230671565359818e-01 -1.365346572274009629e-01 -2.762028498747246680e-02 -1.154559957121987501e-01
-1.356851798467009762e-01 1.881313275874423258e-03 -4.969081001138251352e-01 3.989302197179275256e-01 2.975512360414894406e-02 -2.769959325702697206e-01 -2.732092237571512316e-01 7.932808615469012781e-02 1.526630639659793398e-01 -1.116031292418470516e-01 -7.002029019761585316e-02 3.380535575974014662e-01
-5.667055504826191276e-02 2.086260123151478518e-01 6.563873587329976944e-01 -5.846763006699120524e-01 1.641373377091942254e-01 7.971692438796988689e-02 -1.277103352842373640e-01 -9.695564228109740945e-01 4.977747822956666429e-02 3.783277410837387889e-01 3.776871388227531767e-01 2.641668676957010034e-02
3.318943876108253477e-01 -2.265233475301037247e-01 1.937989742946169200e-02 2.783130522887550806e-01 4.583170269471640856e-01 2.033823719428735910e-01 -4.150494274130480110e-01 1.144288377945063551e-01 2.647520496963503556e-01 -2.820049184442091628e-01 8.021821010269537811e-02 -2.937962265468069267e-02
1.575377197957011921e-01 1.364245238807806626e-01 -9.983727261417949528e-01 -5.403474148770197327e-02 -3.421040723156880681e-01 5.999255269445498244e-03 -2.505052141096275053e-01 2.454973365302552391e-01 2.061742665378562267e-01 3.708323308596695456e-01 -1.435698536703063077e-02 -5.835762370532122656e-01
-1.552947206059163421e-01 -2.826766935695737559e-01 1.211345213181521351e-02 1.766324977000657270e-01 -1.218598473789324760e-01 4.145122009010298592e-01 1.808297085004709204e-01 -2.121000368384969581e-01 -1.210611127554926114e-01 2.584724974671495645e-01 -1.308923673684023355e-02 -3.798581620069270692e-01
1.951209433780228819e-01 -1.343021078584243078e-02 6.524061519136784559e-01 4.744612484497230387e-01 1.910011047948227403e-01 -2.940824546624334901e-01 -6.184034592871395786e-01 -7.708207692374538511e-02 4.702796655538016846e-01 2.771796527448801006e-01 -9.995976400854419269e-03 1.186667802159849378e-01
-3.070784453055355398e-02 3.609885234189202374e-01 5.320331450001488660e-01 7.419821200486964585e-02 -1.495833543566538748e-01 -1.948530264564450332e-01 1.057982844404256190e-01 3.254558280706195683e-01 -3.839982854495905262e-01 -9.919995055880828638e-02 1.294212762272957673e-01 -2.029267145406174755e-01
1.278970823332012674e-01 -4.019052906732820812e-02 -2.314497080959488085e-01 3.331840465944945762e-01 5.056407821824776549e-01 2.213058206028990782e-01 -1.165439320911023091e-01 -1.346086245153132188e-01 -2.291925367186706808e-01 6.456078750124194521e-02 -3.205302621709468225e-01 2.274665890433637608e-02
5.332893958682151381e-02 1.664665293086625419e-01 1.261806221843406739e-01 -1.129200926564840821e-02 2.116422417201388462e-01 -9.103021280779070856e-02 2.942282345402811305e-01 1.227515880325702469e-01 -1.538977458481831373e-01 -2.155994090259890500e-02 -7.103535759758485002e-02 2.414277556059037100e-01
-2.767914723729829052e-01 -2.156779822019402049e-01 2.077739163193982330e-01 5.650010848099874528e-01 -7.693656051296977882e-02 1.324330143764424483e-01 1.386871239159034874e-01 -3.210805887692899652e-01 -2.080670970577452039e-01 2.048017652460602800e-02 1.371181766068791941e-01 -4.151528259921445918e-01
-2.694992139441378109e-02 1.376672368226053711e-01 8.640398126960117942e-02 -3.097827275953475845e-01 5.258672496493449477e-01 1.236616096877838911e-01 -4.625873764254621046e-01 1.686416192671645331e-01 -4.381514738415316357e-01 6.986032873240572982e-01 -4.298498335538320503e-01 -2.744597766533734551e-01
2.570472648917851988e-01 5.157959793367028478e-01 -1.879852067494041656e-01 -4.462493670033857995e-01 1.453883808937943972e-02 1.173110789027797113e-01 -1.591837108494877084e-01 -2.313069858476751728e-02 4.024970567810020605e-01 2.463886811790905462e-01 -3.759998037210997568e-01 3.446644397774022983e-01
-3.018653484176497259e-01 1.521129478012150926e-02 -7.219355152246133001e-01 -4.700204096628981532e-01 1.020004173418569138e-01 -3.427429598209468797e-01 -2.857014387451723425e-01 4.434425164692283317e-01 1.189304250831742099e-01 1.143470557363506224e-01 1.388266440652564243e-02 9.071839756534336163e-02
1.625013887342613983e-01 -3.094089883323313250e-01 3.273029032005903560e-01 1.524563088714720183e-01 -1.010302524310034561e-01 -6.543824033463777057e-02 -2.595128820184520180e-01 -1.608934704975241159e-01 2.298785697908634074e-01 -2.114952867080552579e-01 3.012081499570488097e-01 -6.039556662650802377e-01
-2.880213342794884501e-01 -2.395916801527971929e-01 -4.568058845658578004e-01 -4.075369787774303643e-02 2.045081636354219301e-01 3.477515646137624983e-01 2.686303579246399620e-01 3.548676022385311435e-01 1.200855845241598774e-01 5.459727429679680499e-01 1.178604630825326460e-01 4.891596707766290297e-01
-2.205349053498395218e-01 5.689944505874625635e-01 6.133629141531998785e-01 3.199227538269863724e-01 -4.244135406142209299e-01 -2.286597021744124214e-01 -2.369763159271841002e-01 1.657043053186198767e-01 2.029015894383381369e-01 2.314436784500054356e-01 -4.038187006252266786e-01 5.373769095367395693e-02
7.540093476309416010e-02 -2.911999856931129713e-02 1.755690492129090563e-01 1.242108073764211923e-01 -1.958186732765639093e-01 1.744272421522301275e-01 7.851537706665800975e-03 2.133322512919682834e-01 1.820996327559848693e-01 -6.403030386035711841e-01 -3.017545570720469583e-01 -1.549681848168033282e-01
3.282671826009989080e-01 -2.279040533330268237e-01 -9.035851583088626293e-02 -1.677340056489619868e-01 -3.326290353229827135e-01 2.762062548111943738e-01 1.414233584151001165e-02 2.427651299041443805e-03 -1.003292227478871507e-01 -1.442141186607154568e-01 -1.712407766308626789e-01 -3.825759111176031402e-01
-4.680654975661285300e-01 2.715641557055304411e-01 -8.469937313415125679e-01 -1.908293196144800474e-01 1.252366580424222609e-01 2.658088726849465178e-01 4.003093771674632283e-03 -2.215818274308618274e-01 5.687323340995863452e-01 -2.043059715336748849e-01 3.944461557360611770e-01 6.592211247645603234e-02
3.168948467353253640e-01 -3.856235622286467435e-01 3.749418336966490323e-03 3.272582854488453874e-01 2.747857949603388361e-01 1.432216080934358426e-01 2.501840668961965997e-01 -2.995899060827675320e-01 -1.218704964262005419e-01 -1.212809558687753531e-01 1.648403013452157118e-02 -3.717400748279331424e-02
6.918884893784525703e-02 -8.175561651384131989e-02 8.468163719399143244e-04 8.978677453554861909e-02 3.196380178716817233e-01 -5.693660474007328220e-02 2.772283726537051463e-01 -1.669984273997416613e-01 3.563601293919124169e-01 1.643612505757420794e-01 1.943667938108465110e-01 -1.704605186473547584e-01
-9.692240601242277376e-02 1.614096607431738384e-01 3.553876632480076903e-02 -2.716301596290210396e-01 7.617020843476806080e-01 -6.888939871256957170e-01 -3.718153872171764407e-01 1.115538500761624058e-01 1.270757352081613167e-01 5.874625932192925060e-01 -1.001769283474681221e-01 -1.391688667202987117e-01
8.226874272957772349e-02 -1.448505301242644094e-01 -1.074142285025409677e-01 -8.705428256143024623e-02 4.531191840781686464e-01 -1.462247168940205566e-01 6.208279590739576026e-01 3.392752223035634951e-01 -1.354157663754898717e-02 -1.425912952499564304e-02 -4.953980606576527945e-01 8.865192319435048762e-02
3.667371519742178010e-01 3.675416141159942307e-01 -6.424816882788924044e-01 2.842696158931436456e-01 -2.742375970422341047e-01 -5.072929176555087544e-02 4.106109051431566237e-01 -2.728673819085353225e-01 3.924926020081445643e-01 -2.396245750443475875e-01 -1.893222966191428491e-01 1.615558350942618016e-01
-2.475387019521859966e-01 -3.051148054923917274e-01 -3.081637716649358594e-01 3.144854353423544024e-01 5.002510108937335831e-01 1.712951817985506886e-01 -2.070893133613807002e-01 3.535936870712407809e-01 -4.525508560569991845e-01 1.537330879651843396e-01 2.911524432036251553e-01 -2.729760827503021625e-01
-3.969346401292584425e-01 2.040809629606552822e-01 -4.218127277577016221e-01 1.753163087489799654e-01 1.784294602906488225e-01 4.668022541830619820e-01 -2.341287873037794509e-01 -4.225379857343906642e-01 1.273500095169328473e-02 -8.512396582296388736e-02 -3.581443504511073322e-02 -1.700225766705066588e-01
4.827932176821634336e-01 1.427757937756829187e-01 -4.386878244168402885e-01 4.431268261650964657e-01 -1.176085803394286838e-01 -3.656793054543933802e-02 -2.064130582208955900e-01 -5.741427068640315712e-01 -3.475473881373304930e-01 2.006131757128742921e-01 6.346974702848033889e-01 -2.638851723036711450e-01
-2.321429010309868368e-01 3.690852292855281158e-01 -9.117752706224595549e-01 2.651040455926493289e-01 -4.360422361594060159e-01 3.391417845615030818e-02 -2.667752970051865402e-01 1.231136503348269871e-02 4.778899632644989515e-01 4.144906765060648035e-01 -5.298645780262344340e-01 5.076744950558156333e-01
1.162336288326478173e-01 -8.073554309036343746e-01 5.239880638956453396e-01 3.830792782451155065e-01 -1.293553891903423680e-01 -4.656120695868465331e-01 -4.495110952938985993e-01 -6.334468872505156882e-03 -3.849317477286425260e-01 -2.263841422259128544e-01 -2.573256860945639102e-01 2.865631998896839838e-01
4.663740712668548172e-01 3.873257204498491979e-01 3.272942356190571833e-01 -2.128162980034412066e-01 -2.937341514918592744e-01 1.535632208149572131e-01 -1.281374942141295763e-02 2.388560915773431104e-01 -1.563836870046887151e-01 -1.962423563815956021e-02 8.385122617638217368e-02 -3.502168508772489641e-01
-3.146621342110815789e-01 1.520005762517963599e-01 -1.684044480272253730e-01 -3.357782834571949176e-02 -1.783363612051301894e-01 6.065249561886772861e-02 2.247097074127185623e-01 2.885123044156550631e-01 4.491284744368553156e-02 8.586945657234039408e-02 3.048473626896556765e-01 -8.676535241223187755e-01
1.086686984421025570e-01 6.408307034271784053e-01 2.097893693720123687e-01 1.782414967367315917e-01 -1.893401357948352459e-01 3.211004105265136688e-01 -1.144600760976043630e-01 -4.221720567104198518e-01 2.078865241397160613e-01 -1.308335496430357847e-01 -3.479196221558852331e-01 -4.175998408375641846e-01
5.710201200948494121e-02 3.310668653378351367e-01 -6.317822480633504822e-01 -1.957322768573879768e-01 2.246251575475735895e-01 1.252615990585145833e-01 -1.531030187535114273e-01 2.888939637752229173e-01 -1.199686878071606067e-01 5.020006910108948395e-01 -1.400554108661864194e-01 -4.907030857947685121e-01
-2.635417589532964427e-02 -9.912414094173584156e-02 2.680376857361744802e-01 4.897110888285386432e-01 3.383901125487736028e-01 1.954077129906567067e-01 2.531994371163014401e-01 -4.220497360360328520e-01 5.821823775211277807e-01 2.060929295081296020e-01 -3.772147969754064412e-01 8.619994832790668637e-02
-1.957452803895973377e-03 1.304199426627255243e-01 3.976866271799946173e-02 -1.435833734734577039e-01 -8.922389356167878538e-02 -2.175303873720261030e-02 1.089964907652222897e-01 -1.031485484683978965e-01 -3.578679041647409576e-01 2.054253535601348601e-01 -7.963174962736037366e-02 3.863944299401799731e-01
-3.979476251044040958e-02 -3.115638905403718753e-02 5.030831478227960618e-01 -3.655032232584472518e-01 -3.275439878778632075e-01 6.037425240121390146e-01 2.955654522119122718e-01 -6.025949477871095361e-01 4.085115124216998767e-02 -5.947547856273814881e-01 3.803234423704996425e-01 -2.634437540413271384e-01
1.487595005988109342e-01 1.475092707587941088e-01 -5.750685536581105761e-02 3.718306387486055575e-01 9.140214046300633444e-02 -6.366289633757538091e-02 -2.321426071462506791e-01 -8.029183209965444490e-02 7.220770226958182769e-02 -1.403506485256981462e-01 2.795346411786725493e-01 -1.070668506446325469e-01
1.280964921724498384e-01 3.200899279509497597e-02 -3.016222021475795656e-01 -4.559667555261557870e-01 -3.531998439825471264e-02 1.600451318328617242e-02 -3.531133499609818704e-01 3.950209724682332002e-01 9.826052951010978698e-02 2.310535721443935861e-02 2.295786904652422911e-01 5.142747528188886807e-01
-8.322410169544151859e-02 -3.453028851906018715e-01 -2.173015440602983628e-01 4.534036698228094964e-01 3.622837306419839365e-01 -2.477386849654024392e-01 -5.096019462217703938e-02 5.885403789480747605e-01 2.250968499427332126e-01 -8.874257450842151784e-02 1.919047707975590159e-03 2.021384918755795013e-01
-2.260688508486625309e-02 -5.516932450083437134e-01 -1.829835554989270030e-01 7.929681564745717781e-02 -8.858326654439212244e-02 1.076671805214702848e-01 9.158939944310595660e-02 -3.495001760649838612e-02 -3.948663806045896174e-01 -7.048052088637510315e-02 -6.011132359848169598e-02 -8.389617593635266546e-02
-2.498734999423591896e-01 5.855689438069480723e-02 6.007557754298446795e-02 3.261903133714346148e-01 7.818705431096666103e-02 -5.148249932445757571e-01 5.794640328087993231e-01 1.600516652892680636e-01 2.779258517945590312e-01 -1.171072146376878897e-01 2.759461770083834753e-02 2.363756339222644887e-01
2.280921992984210056e-01 4.628974913747282982e-01 2.227453726796924105e-01 -8.714944548867194218e-02 -1.807348631503172265e-01 7.085646108561449719e-02 -1.253797294986191135e-01 -1.034465069399959254e-02 1.412844855502745287e-02 2.827568185728357997e-01 1.675906257453634862e-01 6.340316553250749942e-01
4.516831918974316684e-01 -7.059764471553478526e-02 4.617196823274131723e-01 1.375950156377516442e-01 -3.600482156606383821e-01 7.892493816280460317e-02 -6.914894673225017996e-02 4.587824487427636516e-02 2.741364031947135516e-02 8.773536270440536466e-02 3.472764288960213941e-01 -3.785404658420712942e-01
-1.424728158844579262e-01 3.470727931998193738e-01 -1.700534522629849332e-01 3.524249015389561285e-02 -1.014637692031730709e-01 -5.734043976904908829e-03 6.466166718200482347e-03 -4.941012429705877729e-01 2.409498812645492205e-01 -1.843986766006766309e-01 -7.028211888738146174e-01 -5.560753129468218314e-02
1.478828997052987759e-01 2.174186498157150982e-01 1.100714547575462610e-01 2.294339772007336076e-01 2.913583946108526113e-01 7.917461152931626334e-02 1.856779402886086783e-01 6.047537798871842618e-01 -4.640058002880975141e-01 -5.564976355727796475e-01 -4.260688817940244677e-01 2.679448155514041474e-01
-1.880275209254944624e-01 -3.199675168019887606e-01 2.672737997576944413e-01 4.981388149059202686e-01 -4.664768864201508936e-01 6.715882012705065573e-01 4.882639326492503873e-01 4.404238616922632327e-02 4.497105678886985647e-01 -2.683370615659068717e-02 2.881347825070336155e-01 6.748798184214409301e-02
-9.593161833380393910e-02 -1.319382854411820238e-01 -4.098922376880175800e-01 -4.059880536867297440e-01 -2.366869455062066419e-01 -4.520302436905979659e-01 6.490868629443317939e-02 -1.124752393194777544e-01 -1.877223298111807270e-01 -2.316693461694491751e-01 -1.875333524876884594e-01 1.516344510267857992e-01
6.975327115739717032e-02 -5.053610698763431053e-01 -2.208995580599485142e-01 3.668088911149557929e-01 2.050105354416064396e-01 -2.718201591062079873e-03 -1.941544478865180334e-01 -6.977076216145179643e-02 2.136859070282728090e-01 5.893488712939872753e-01 5.957384600216690529e-02 -1.787355724699276616e-01
-5.651728791372414434e-02 -5.613131505461035342e-01 -8.166680288619464212e-02 1.127871737004934594e-01 -4.688163510628365338e-02 -2.259071453611328772e-01 1.308516863399038777e-01 5.505896907165254150e-01 9.203333357344727073e-02 2.185730439960604232e-01 3.237552832927895891e-02 -2.712817231515954886e-01
-3.442349846028020521e-01 2.699851919418300716e-01 -2.057853614823642874e-01 5.757662659700504282e-01 4.358872272245480350e-01 1.255669993567686271e-01 -1.199361542645343975e-01 7.242818355340530090e-01 1.841038614938522999e-01 -3.009035677773745365e-01 -1.184066486177858119e-01 -2.912801739741824880e-01
2.096024239936658262e-01 -1.709175273396111028e-01 1.956562677957994767e-01 -1.710922918359306100e-02 3.919097448358871416e-01 -2.560647281249482377e-01 1.906280024373817883e-01 -2.311239736665371969e-01 2.761809621881994858e-01 -1.810467150538284664e-01 -4.486757215139453026e-01 5.415619021483008000e-01
1.920890472767781965e-01 -2.709998007860962566e-01 2.047142883150026849e-01 2.498682811031593121e-01 4.714682638578035490e-01 2.866977209605381938e-01 1.251181593351000376e-01 3.273588132124152228e-01 2.760689549458526515e-01 -3.455733460723309780e-01 1.660228907459161130e-01 2.249496648194410364e-01
4.702948830572073469e-01 1.416514967133305769e-01 2.699675492445710590e-01 1.493413631028804589e-01 -1.248886460712085068e-02 4.082419201537031417e-01 -5.671910167639364619e-01 -4.164072513039131923e-02 -2.124604193623419734e-01 1.575260379792469134e-01 1.064498170971232421e-01 -3.744091201867503216e-01
