5.333259213624198802e-02 2.108966512387525430e-02 4.561096331835780802e-03 1.522356333664607979e-03 6.441488895277309307e-03 2.683401442059148850e-02 3.649527254211543115e-02 2.088879199669287784e-02 1.378745754016531475e-02 1.835200346049008918e-02 1.358993748170880464e-02 2.705960837132528884e-02
9.082504443002613684e-03 8.773738373159284398e-03 9.535615256226984832e-03 1.493895297828401816e-02 1.687999198194743353e-02 6.311968454445144108e-03 1.257768789809672778e-02 8.613475325923572457e-02 5.224781632564851758e-02 1.469758225627862402e-02 9.320397055675857384e-03 1.190599099324350651e-02
4.438814002217301297e-02 3.475381613334995682e-03 2.522224309651875315e-03 1.764917807093874247e-02 1.884680444491066559e-02 3.159732629151361383e-02 1.365614995959096682e-02 1.484205367888656937e-02 5.693842880867907436e-03 6.088611320739855531e-03 2.360560065698087684e-02 7.257123663305176109e-02
1.146764776084641287e-02 8.035748752004745477e-03 1.027960639525279246e-02 9.259442875144800050e-03 1.437088981660564202e-02 1.754673448225141721e-02 9.744397024964294649e-03 2.971241469094952625e-02 4.106786695610092908e-02 2.397654298470318704e-02 2.666722160705388769e-02 2.019752283655548361e-02
1.462102338644498400e-02 1.297377647034589007e-02 4.905832233646830604e-02 2.627237008191694867e-02 8.895235869802411988e-03 3.933456230844467778e-03 4.278106407298505089e-03 2.366568975916440512e-02 2.889842942872881265e-02 2.470247266689172549e-02 1.985090200450307513e-02 1.549087690305090727e-02
1.667590926576686255e-02 1.923373723501402288e-02 1.572506596557918246e-02 1.815730744477037084e-02 1.511757694038633540e-02 8.139501771287143903e-03 6.820714798351562233e-03 1.477082552423943963e-02 2.514387164652079343e-02 1.732418219257395725e-02 2.154955938474237623e-02 3.869016363558618748e-02
9.977065893430921498e-03 1.121408932806008604e-02 7.905216242183099595e-03 9.730037057408097781e-03 1.035322825124532914e-02 1.793587767913070591e-02 3.009865090429899789e-02 2.440254455887812257e-02 4.483420678414357097e-02 1.995669263065583468e-02 2.323904055323814874e-02 1.359677727416961322e-02
8.626707892262084482e-03 1.046199141383576461e-02 2.495319875845408361e-02 3.739496668315296646e-02 2.309326187974705680e-02 6.899229925134505240e-03 8.709873112996374331e-03 3.544512646803586742e-02 4.849539829217992121e-02 2.158569646813565668e-02 4.417593489525825298e-03 8.403506469064271622e-03
1.293509169678667275e-02 1.886664796381687381e-02 1.796592821986972913e-02 3.371700366091680279e-02 2.870973799105092442e-02 2.781348254541225057e-02 2.482566245036720368e-02 1.261366676497347079e-02 1.744917983807884113e-02 1.106108554474154008e-02 6.918371615704993483e-03 7.296845955050779500e-03
2.416544420469405458e-02 1.274466374384189415e-02 1.174168736743544210e-02 3.070757839939837128e-02 2.367557317051606491e-02 3.683173876997956897e-02 1.874210198254555940e-02 1.621441258224591564e-02 8.497652996301124570e-03 3.938413191115000545e-03 9.369442855256378266e-03 2.788171547387912480e-02
1.053163630874852895e-02 9.811131742576488859e-03 1.229605109038474711e-02 1.760744401489375971e-02 2.456264759379241797e-02 2.357939947330846275e-02 2.141799674959705968e-02 1.463178666259517743e-02 3.937270670576826365e-02 3.179444008834137608e-02 9.127855265774899307e-03 7.553261168629062453e-03
7.118624884887505763e-03 1.728011616500736009e-02 5.030593426479972735e-02 1.475950242751807896e-02 3.179288330895337078e-02 3.416102903974308630e-02 3.356415885617317074e-02 2.151040835256888550e-02 1.232489824995193495e-02 7.932444340924119097e-03 3.541860170800286648e-03 5.120024434404893930e-03
3.736021807019758445e-02 1.339383709756162416e-02 5.585253939737607268e-03 1.258730666058691106e-02 2.390167795787983412e-02 1.439858851524744750e-02 2.545946373606792351e-02 3.121767138900206906e-02 1.277043046531060703e-02 4.253422345655961945e-03 1.357623910851171387e-02 3.224092964826202889e-02
1.684899478429395525e-02 2.028907743872273087e-02 3.806430149876853519e-02 3.347940012949326277e-02 6.550111803278980613e-03 2.318105104697212697e-03 1.044663755124890280e-03 4.060942133943553842e-03 4.103175464819764501e-02 4.382285814534755963e-02 3.567372374482483122e-02 1.590113623200962653e-02
2.365572585975131772e-02 2.240701575874316093e-02 2.054865138227928920e-02 1.193807360465867946e-02 7.175574487068193605e-03 7.404206576251048597e-03 2.628162074924107749e-02 3.020852658021334555e-02 2.749798065896572746e-02 1.520291541348356423e-02 1.203632719333641923e-02 1.496199204212371806e-02
8.010799261976229643e-03 2.027326393565290902e-02 4.383945219601469157e-02 4.256241066535138007e-02 1.591765752504688269e-02 2.013677015583753213e-02 5.805576213412572129e-02 4.011994082938113992e-02 1.266518801357402815e-02 3.038698359788109295e-03 1.302719797369622512e-03 2.354077165376581779e-03
1.031933755844509533e-02 4.615900601374138545e-02 5.461935772843722753e-02 2.021896746276106299e-02 3.375560404638030653e-03 1.919885515300917686e-03 3.296290983434757571e-03 1.326718458722892999e-02 5.962837167405638655e-02 4.082555232940962564e-02 1.267830786006674329e-02 7.715932657439266221e-03
6.308744215901673953e-03 2.223364421528194190e-02 2.037939351152945680e-02 9.783730611222805906e-03 1.069296866759109760e-02 1.568820001303986023e-02 1.775768686117712436e-02 2.799492669365475500e-02 3.355222011533915555e-02 2.001370503853046670e-02 2.589085348888465338e-02 7.589495955524773810e-03
1.342862323716384303e-02 4.786235694335094076e-02 3.363594688243190522e-02 1.126723952486861739e-02 9.107537807362004259e-03 1.278642460476849506e-02 4.409497620250218963e-02 2.398988177605557159e-02 2.199748734588678409e-02 1.052185525339645843e-02 4.154473721535747489e-03 5.805241079959888584e-03
4.918606405050948358e-03 6.585656111407798413e-03 4.870948842123711681e-02 3.369517226358770962e-02 1.565533496913236108e-02 1.886057869762082506e-02 3.160875079962428141e-02 1.361124729671503789e-02 2.469679817100787350e-02 1.718640827496885001e-02 1.404962449162111722e-02 3.960233173001172051e-03
1.852722491322856321e-03 3.677611861865731895e-03 8.402724138218225364e-03 2.587219442942699510e-02 5.386906938654126287e-02 1.307929074143004272e-02 1.623882470584588761e-02 2.604756779268276035e-02 4.724777038344166180e-02 2.780416132899419385e-02 2.563772173982428043e-02 3.359994757582898152e-03
8.177143949542895265e-03 5.722979420290030643e-03 1.179645868714321658e-02 3.319471510501779965e-02 5.969874303847597097e-02 4.206705620569456405e-02 1.179324518968169477e-02 7.097818662711432268e-03 7.978749640281368113e-03 1.646841616249444112e-02 1.876462617864284657e-02 1.914785507409602627e-02
5.937935719370082688e-03 2.347284981644873897e-02 5.349963883745474658e-02 1.662003004737122938e-02 2.516708468998977641e-02 1.081095566745005759e-02 1.273888143620161006e-02 5.219867406563370033e-02 2.886413572871340816e-02 1.371717369465452405e-02 3.587819800498857209e-03 2.383269764908694036e-03
1.387560091891644996e-02 4.960104923138251506e-03 5.065911648836898470e-03 1.246428086739061886e-02 3.044073758645045660e-02 2.359535618068076684e-02 2.573463378738965676e-02 2.948344455105401246e-02 1.449091643679275773e-02 1.225619032995159050e-02 2.102201243000822659e-02 3.224558427534422039e-02
2.567207603159911769e-02 3.210941180763438041e-02 2.461581524299554305e-02 8.083351199991636871e-03 5.474173228149054049e-03 5.589464076899947065e-03 5.192875616151758529e-03 1.029446980695154779e-02 2.723587474637919129e-02 7.201643407545907372e-02 1.597650835188988566e-02 1.509255716166535768e-02
1.331949528589863353e-02 1.404589277813253489e-02 1.835291458036245396e-02 1.972917549395336936e-02 1.791008223508881031e-02 1.563215499253142043e-02 1.021658700797091306e-02 9.301083023329242971e-03 1.051378827087819101e-02 2.178378258644714932e-02 4.127593664289776199e-02 2.743122805850736756e-02
5.211690698238021814e-03 2.152446385027769610e-02 2.401101646741801710e-02 3.682303851052569355e-02 1.660821078456389821e-02 1.708949700911044367e-02 1.031266319209554055e-02 1.189247286732379727e-02 1.907956678282101554e-02 3.299082716283309458e-02 1.870410083168660281e-02 8.025053460733851118e-03
1.219073143910063585e-02 3.481362210332911156e-02 1.931929613279220401e-02 1.688732671692125265e-02 6.324856608348392722e-03 8.574386327509522787e-03 1.285329735536014026e-02 1.602281712165403577e-02 2.512028532724333921e-02 5.631710786602035779e-02 1.664299557996503157e-02 6.216932303770288104e-03
5.091489556323942206e-02 2.007004481984135322e-02 1.525277575949103397e-02 1.135776250043629004e-02 1.062960163585475321e-02 1.845366017641192347e-02 1.575314835168141470e-02 2.853531387851492018e-02 1.316003470408109305e-02 3.791459501074523949e-03 7.802753539914762150e-03 3.493216202580524260e-02
5.985992757989552771e-02 2.802559112077218639e-02 9.236845361079321429e-03 4.386504886908943260e-03 8.746225472892046535e-03 3.097904129878166143e-02 2.949716729038450586e-02 1.999253777993593301e-02 9.735387139813485302e-03 4.884163349017531415e-03 1.473905185649949587e-02 2.054191326361654024e-02
7.435765509690068359e-03 6.364685071654181854e-03 1.688062936597080690e-02 2.961284910997090403e-02 1.479114680022755590e-02 1.055564803637862661e-02 2.515512333471110751e-02 3.226922635157854907e-02 2.613498762406966242e-02 1.965018974426711168e-02 1.776965372111394270e-02 1.345958291921149456e-02
3.267572396038207622e-02 5.759693524513435914e-02 1.624728757542378763e-02 1.588703223975977685e-02 2.859484400783045277e-02 4.079659554109467401e-02 4.528294263482768311e-02 5.853988260623272169e-03 3.672027741913346313e-03 3.000170393753259952e-03 2.971222507800601407e-03 9.258916783679453644e-03
1.725928382083893875e-02 1.587660475102885965e-02 5.443285801624554894e-03 7.059614602324278641e-03 2.520483291985741586e-02 3.238377328453374837e-02 3.714107927122578534e-02 1.429195334307330895e-02 2.109341783475950083e-02 1.079809999509585838e-02 1.607916229476714226e-02 1.866723008230177991e-02
4.616376397570602468e-03 2.207748055999222969e-02 2.851286881088527236e-02 1.577703115474255596e-02 2.155429538073430629e-02 2.187417108222763223e-02 2.275207515269149147e-02 5.089948640583460970e-02 2.654409580971756055e-02 1.496591084830208029e-02 4.435352526739815004e-03 2.951091564558241172e-03
1.941018854941479327e-02 1.936144779774793059e-02 5.318796836261437122e-02 3.189363090619711655e-02 4.553288208951905558e-02 2.345473339001491464e-02 1.196509859603985676e-02 3.588165013885655143e-03 3.765737235651042854e-03 7.211420007062157786e-03 1.103048286096851988e-02 1.327844514944870498e-02
1.214632021013777041e-02 1.815244981624162049e-02 3.431739381615733081e-02 2.287864582306560132e-02 2.034584396642150766e-02 3.045291429395458049e-02 2.639894690276339134e-02 2.375156865724083882e-02 1.691878185813695118e-02 5.450526559051111636e-03 5.768144240195171267e-03 8.101086127400534964e-03
1.713823467872539058e-02 1.032366780296904013e-02 3.231955089846250823e-02 1.162415610693035006e-02 1.130184149015168310e-02 2.005576902897757835e-02 2.008159302685089478e-02 1.163975004527675189e-02 6.426909475328942620e-03 9.469020815939775682e-03 3.190633513958969492e-02 4.093868758105730088e-02
2.672919563921311026e-02 3.994902306544245718e-02 2.370918227380440849e-02 1.716719410239216093e-02 4.785493691023955110e-03 4.459157751396124192e-03 1.199943816190505129e-02 2.085850005938125196e-02 3.934587031366736098e-02 2.993863958667816044e-02 8.612633793111428709e-03 6.945623573705591441e-03
1.214900326225127475e-02 2.758908252258585742e-02 2.263145324706407682e-02 1.522439670092163959e-02 9.011241397406142412e-03 2.127080100805051055e-02 3.705458871278544120e-02 1.843983185537480252e-02 1.125444821994825081e-02 6.651533017805464840e-03 1.548258523055469349e-02 2.169608306533162695e-02
1.336675097694283235e-02 1.727779440258756655e-02 2.010936891407137314e-02 1.280650192056824975e-02 1.506657869704459973e-02 9.412716135434928688e-03 1.518014827027626933e-02 1.822296293556895791e-02 5.179033819762663554e-02 2.348192458240437944e-02 1.495397530578304601e-02 9.671462847692385498e-03
1.322997275913310143e-02 1.939913975470645979e-02 2.555741552291555113e-02 1.816687359881918873e-02 1.196357655057253035e-02 8.367424523323348240e-03 9.794326684200733296e-03 3.240418765202399132e-02 3.115967865414706606e-02 1.461184106724431123e-02 1.485195704151527803e-02 1.799400088064422032e-02
5.972725130873539345e-03 1.536771957127145219e-02 7.290995211928871789e-02 3.753553162354077849e-02 1.348136638079525974e-02 6.387169099718611673e-03 3.524028475823443810e-03 7.316022264145965667e-03 1.585026815543790976e-02 4.922805222187855156e-02 2.485226834370941190e-02 8.098900208484983640e-03
3.785586990306628440e-03 4.118610104490243694e-03 9.563410275853450812e-03 1.427096729018611718e-02 3.034480733687135862e-02 1.258286629507102128e-02 1.352297062801529302e-02 2.934510496190655127e-02 2.731820492909357162e-02 2.613184228744775545e-02 5.590848324303077099e-02 1.108449841651731362e-02
2.600298431689188408e-02 8.546723033374128975e-03 1.132028606814682731e-02 1.414375516083832274e-02 1.383001196174131822e-02 1.696505082998563119e-02 1.210233983471404283e-02 7.923365912844754569e-03 1.928673858207007041e-02 2.162794028278083869e-02 2.873801591344539094e-02 3.988226162879050796e-02
9.782779523413198328e-03 2.419937980647904937e-03 6.901698511223155336e-03 1.036588576892645552e-02 1.685624823959847030e-02 2.921498429189834170e-02 2.486501857509163665e-02 2.772396716085184787e-02 1.467559020373714052e-02 5.055318243307806159e-02 1.726507998013814341e-02 1.898364607977800697e-02
4.880660127624345673e-02 2.645428608988482574e-02 2.095465697951287218e-02 2.302361347638878352e-03 1.439706103180835202e-03 2.848443951424982183e-03 1.869659390070963628e-02 1.983122083215158732e-02 3.083404245414000933e-02 3.433464536149705149e-02 2.426872312834453191e-02 1.495077446490113496e-02
2.757661620100739647e-02 1.871305593002031004e-02 7.071857004485496145e-03 1.095226141980263322e-02 2.026115500232627056e-02 3.242947070907502283e-02 3.689054984594554443e-02 9.776960967539619074e-03 5.021513679254602236e-03 1.167170364343565747e-02 1.847304401886895250e-02 2.709780689281316227e-02
1.753840372594136013e-02 2.482177337671616357e-02 3.546409108261529275e-02 9.099736699190339936e-03 1.264422436968216587e-02 3.039738701298243251e-02 3.291439022872780229e-02 1.530596508750550408e-02 1.036572073319527026e-02 1.326422091070660059e-02 1.164824547026670210e-02 7.975802674567683548e-03
1.029488208075306915e-02 8.584583536301339940e-03 8.399379561613646433e-03 3.586988300667768442e-02 1.337251684054250288e-02 1.057945441284788811e-02 3.331774772440228294e-02 1.290635079332960178e-01 2.122669180406806452e-02 3.613109647829973459e-03 2.681282706793423811e-03 6.307831634542428872e-03
1.419563242800517613e-02 2.902992502307115419e-02 1.764083225746171726e-02 6.777797386513982614e-03 4.767009540293160909e-03 1.286177887415763596e-02 4.136798138746912434e-02 2.113755497645868758e-02 1.396664794376159535e-02 2.599921736702799635e-02 1.847167096621215795e-02 1.684988542614316437e-02
1.300397931504229145e-02 1.541707986672741920e-02 8.260665704868459802e-02 2.931185719215540983e-02 2.410390544501773286e-02 1.466127704350876637e-02 1.217437607585691861e-02 4.195941394376404704e-03 2.962128663801240173e-03 4.068614589077052673e-03 1.479286179330542399e-02 3.788919936830240781e-02
3.442013508831834323e-02 3.142846440284759874e-02 1.544013112122656455e-02 9.016736735699880378e-03 9.469119440624531453e-03 5.855453207486613007e-03 1.109521640984805282e-02 2.589727407408592974e-02 2.144446775369526076e-02 1.021682114235156029e-02 1.543040633925038020e-02 3.562581835970145272e-02
2.117703478206767881e-02 1.257619045003904347e-02 2.472330341299567181e-03 2.186002085407812157e-03 8.742841931535603323e-03 5.019274858449209592e-02 9.498148592059935114e-02 2.390599337286999221e-02 4.916901019007707298e-03 7.307996187095102195e-03 2.139272202696488462e-02 2.704302814465741472e-02
1.354730977002762196e-02 4.209477670229019516e-03 3.339296813865865170e-03 1.220356347536141577e-02 3.290131920969752155e-02 3.490287568362000770e-02 1.466116337439483594e-02 1.025799270189447186e-02 3.065498812376954429e-02 2.756075890380542057e-02 2.095642385098151275e-02 2.609161128903747170e-02
1.628108030335286699e-02 2.417315704248556435e-02 2.366453548182792868e-02 6.299328036661562547e-03 2.948744353372688854e-03 6.054934280687904007e-03 1.945394731336648475e-02 3.177125897685140199e-02 3.247806671628944430e-02 2.064612266390507267e-02 2.723185189473944015e-02 1.746443248917587884e-02
1.261124672742702096e-02 1.260812981323210409e-02 1.592438597953828999e-02 2.040447699768266343e-02 1.627526647841594579e-02 1.766598427030180787e-02 1.042578598609093625e-02 1.486336475134806059e-02 2.928294543128709751e-02 2.908341970615095640e-02 2.302855137583170730e-02 1.221045080422232185e-02
4.766346797137619579e-02 2.549591664348180992e-02 5.870852347214101409e-03 2.259922980075058582e-03 5.337365541354870818e-03 8.317242007636234391e-03 1.640822860585366971e-02 3.988128456096542290e-02 2.979059068730448637e-02 1.286730389780737713e-02 1.225452371527249382e-02 4.155279358105874038e-02
1.917232843711912452e-02 1.038075545201946372e-02 1.010608769674196071e-02 1.322340886566285810e-02 5.502953632649205257e-03 1.229846600432952033e-02 3.674858950171891459e-02 2.076420066548496923e-02 2.179881744324314863e-02 6.730911421203498307e-03 3.073857618312377665e-02 3.615183656288678549e-02
4.835092326353077410e-03 5.250705698654415179e-03 2.843761679067543374e-02 5.843064521761418689e-02 2.525272725927723075e-02 1.506344875364319658e-02 1.931425680792376795e-02 1.448324358288644899e-02 8.637706085962808256e-03 1.452038500941722071e-02 3.146015066717983144e-02 9.563278585454363517e-03
1.984095138344717929e-02 2.243773802960964681e-02 6.382215704138939627e-02 4.069445355896547656e-02 1.661550678572153855e-02 2.783344105990220516e-02 2.122571767443136304e-02 5.485587195437120582e-03 4.646137646713160291e-03 5.150356739406848280e-03 7.379182838338107023e-03 1.012323637376623918e-02
2.230054813804139072e-02 1.846343387278606002e-02 5.661819775790781668e-03 6.240620311286727839e-03 1.426796959058669947e-02 2.426238819045762468e-02 3.394314202880466258e-02 2.117433115901808799e-02 8.858417673425409561e-03 1.207171504121682185e-02 1.331699055798476333e-02 4.827311728952631692e-02
3.416250877779311579e-02 5.147082559039482808e-02 6.225440369626415033e-02 2.677455477063117942e-02 1.160864485571506954e-02 7.945410240218520395e-03 9.042013239325456808e-03 9.596607523915438864e-03 1.125346659884964885e-02 6.584205754171301890e-03 8.728095419377249892e-03 8.986855215777397876e-03
1.885075010260728670e-02 2.310326053214955579e-03 1.205651980345298288e-03 5.692627149907133165e-03 4.387188864723667869e-02 5.428412037041149829e-02 3.086607771414164036e-02 8.131221464611371186e-03 5.471278001192349597e-03 1.242435631054132628e-02 5.108035143918433774e-02 3.497039771937829333e-02
1.050334442880329622e-02 9.989456852371989687e-03 9.849823831466975738e-03 1.484688713409056636e-02 2.356698410097925883e-02 1.294312376600145233e-02 8.958109260124197046e-03 6.077189922997446037e-03 1.263126635569783787e-02 6.263688525086340275e-02 4.675375903291166535e-02 2.160156612234141044e-02
8.797679414759418740e-03 1.548709458892612648e-02 2.103441535676860152e-02 2.861808316608699387e-02 2.637131940746699488e-02 8.335219882135333144e-03 7.566844076881656944e-03 9.797828397843454107e-03 1.632090017530507531e-02 2.406239323526318530e-02 2.822536440975425415e-02 2.547225824071942812e-02
2.620241060285485174e-02 2.017974976340928400e-02 8.353843983179187749e-02 3.144024075963253173e-02 9.245241486300936548e-03 6.681496640781737009e-03 1.311532713839042019e-02 1.858694759394316498e-02 7.621708575997011847e-03 1.165630494393758362e-02 6.325370435912315223e-03 1.117420080409520233e-02
1.531703810972555833e-02 4.391820722366773788e-02 2.283396100528364836e-02 7.138568524071332855e-03 4.340864896056810182e-03 5.810530260889727738e-03 1.100191191240211183e-02 3.589714026755239096e-02 3.550532764583420875e-02 2.514211015456164697e-02 1.508460524866215430e-02 1.374753665871754175e-02
2.519037494410288763e-02 2.699953890262709807e-02 2.029889233076215618e-02 1.345931872964619205e-02 1.036926611321076219e-02 1.819807428863491616e-02 1.701462830255839886e-02 2.343371481767098780e-02 1.034413817120164239e-02 9.797734189061720056e-03 1.314152908141293097e-02 2.698077108659254625e-02
2.628912706396347929e-02 1.375600378426215450e-02 1.091058024542553191e-02 1.126154096884818268e-02 7.151342806613811970e-03 6.866881530169982595e-02 5.614495054363733556e-02 1.322294982756325697e-02 4.327721319064619862e-03 2.936627973702849934e-03 1.341309251590329724e-02 2.781192595879084656e-02
1.399354015624395403e-02 2.577352229690233615e-02 3.314186487658989794e-02 2.444646458050533933e-02 8.538950237631999160e-03 7.737897657197949364e-03 2.493073801074698927e-03 4.042972146768656835e-03 1.409347953688504587e-02 3.241384764494420478e-02 5.882129287974893761e-02 1.961544812165298343e-02
4.191736460129736989e-03 8.554462181213832658e-03 4.828505455712928801e-02 2.268177126268067917e-02 2.653668847610798215e-02 1.387215397399021478e-02 6.862239824672504776e-03 1.485668827057949962e-02 1.292615554792092558e-02 3.362349130102289252e-02 2.857040122119416242e-02 9.140431798538226071e-03
3.873475102742603843e-02 4.718761568801110862e-02 2.688338650517310691e-02 4.919331021069037885e-03 2.256906379604578169e-03 5.740029735783424431e-03 1.812810626456856297e-02 1.841730442142930357e-02 3.930682746722444915e-02 1.286758853861086696e-02 7.463738299346381160e-03 2.111969633859101664e-02
3.414508099951805292e-02 1.883631763328412478e-02 2.400314482632611920e-02 7.187867326081506976e-03 3.668549041833670324e-03 4.389825332966610857e-03 2.359125607516727313e-02 4.568371263799883564e-02 2.170212668614711349e-02 1.392938891465472090e-02 1.329204996263057617e-02 2.233450731566983052e-02
6.240863928622528839e-03 1.578372681392107429e-02 3.576994423863782968e-02 1.127129339734863483e-02 1.259116101840652285e-02 1.439133151191076751e-02 3.160459701064448346e-02 7.077596710453035178e-02 3.739844563311442438e-02 6.971496699438422748e-03 2.496760434987870588e-03 7.215224107877601933e-03
1.347044472647978934e-02 1.435231479807426436e-02 7.020048926968742997e-02 1.944102161525379513e-02 2.838748994216048691e-02 2.052037353516323465e-02 2.233362061554037409e-02 9.795599823202176884e-03 3.711912372939051106e-03 5.383840356841831237e-03 1.977449049429914896e-02 7.787540100816078489e-03
1.382495652703120449e-02 3.772982725455929082e-02 5.006602001762059002e-03 3.097512174316938670e-03 1.150175621347753786e-02 3.738388366902814508e-02 3.866299809207793953e-02 1.790507876314113150e-02 2.338665763350781385e-02 1.964900847355188773e-02 1.409205218538705714e-02 7.322486058754310891e-03
5.264456716978145948e-03 3.130947553353662181e-03 7.161934726512142121e-03 3.338202660654943782e-02 4.760721085129536456e-02 1.912074896829760173e-02 1.204838897430914914e-02 9.520792566756917583e-03 2.023457697873286276e-02 2.519689134909920691e-02 2.609439778418244302e-02 2.750294450397337137e-02
4.226592475749171851e-02 1.192121743773233433e-02 1.673092304816585843e-02 2.315135612530640208e-02 2.838015083773903768e-02 1.467154551392879647e-02 6.070498265549307930e-03 3.527248334153802040e-03 4.279855651811368712e-03 6.047310656929615925e-03 1.447411061457467424e-02 9.803677636382364391e-02
1.081296178299959165e-02 2.100342972891966475e-03 2.838443795347757228e-03 6.140899303452233837e-03 1.530864114835613250e-02 1.372007301557662089e-02 2.731539840357527851e-02 3.475669278945299479e-02 1.288058481768581884e-02 2.171167803252345083e-02 5.231610925369421794e-02 5.100767671208953496e-02
1.565844589814228971e-02 1.182108554066120185e-02 5.393720995556629955e-02 3.253363895583366583e-02 1.100353171263027119e-02 8.909661907326522218e-03 1.128913346559669989e-02 7.007020682121628367e-03 8.993628154675538042e-03 6.955791746258840544e-03 2.437298707246052937e-02 4.454082741186128624e-02
2.892552199589927542e-02 2.299954526699009988e-02 8.056483896546364626e-03 3.588490991569156380e-03 4.860162584968727439e-03 1.110498684045543687e-02 2.197416600881745008e-02 4.487728337271169876e-02 1.011122601023705346e-02 1.296881042378472682e-02 3.809035037554756725e-02 2.861600013794274658e-02
9.228953520081413509e-03 1.163069261238210486e-02 1.850495858263082744e-02 2.790567084267839282e-02 2.362132134957162233e-02 1.579657352531425168e-02 1.378050218801023415e-02 2.636684127771746905e-02 4.028924435415739969e-02 1.692561959349356965e-02 1.226925202663898921e-02 6.032294493706128607e-03
1.224777833582663816e-02 1.034967497975211939e-02 8.506891490721027113e-03 2.891829925376212390e-02 2.219098572916241782e-02 4.238297069837467651e-03 6.724549475371378350e-03 3.709955180528791419e-02 2.983302350047219859e-02 4.011653973897891245e-02 1.054928315630874504e-02 1.519004885581443087e-02
1.551916239785953479e-02 1.375070375134250858e-02 1.328499384574694485e-02 7.417502126052841205e-03 1.196939775524748228e-02 2.404619284149569353e-02 3.656302146742861081e-02 2.651113233348470835e-02 1.752796078954420994e-02 1.842183933287434849e-02 1.269608627425312247e-02 1.951234894396451994e-02
6.745356594161153532e-03 1.754045599514415799e-02 4.629866144178361453e-02 5.388916493409100228e-02 2.267522286662457948e-02 2.005243478763683168e-02 3.099280509304179476e-02 1.276419058534910070e-02 1.273664420534964536e-02 1.056855806731248418e-02 5.222152971961546708e-03 3.103049606884146321e-03
2.771121586492735281e-02 5.085675225698681190e-02 2.894024407764148737e-02 6.919847532181395977e-03 8.362059891964833402e-03 2.608806013615506958e-02 1.957580179714136365e-02 6.476816751317596502e-03 8.459378364340722559e-03 1.580367620896822728e-02 1.546505379203085527e-02 1.328203607746853560e-02
1.926737245188506198e-02 4.961331479084563761e-02 2.806561483457606018e-02 1.137834176935954844e-02 8.143269867955733182e-03 6.003286234322535372e-03 8.368542391139884018e-03 1.822483804242248928e-02 3.641110091651318659e-02 2.131584732067572444e-02 1.291207266921977695e-02 1.202167286676284787e-02
3.046745936535440180e-02 1.860785105578104462e-02 1.178953151590282286e-02 9.756859733152691005e-03 2.404779014281429456e-02 5.063805645700521219e-02 9.703401444902240436e-03 7.257544267129727514e-03 8.339185272058281112e-03 1.850010521272725875e-02 1.925686864254314012e-02 1.760680054932277708e-02
4.575360429088872610e-03 5.587632149920309169e-03 1.418294024063426230e-02 3.544070672704879854e-02 4.133116138871489181e-02 2.534483570473109598e-02 3.012549269853981998e-02 3.101944514778914863e-02 2.672234057343213232e-02 1.401470365957770484e-02 8.494979801959724047e-03 3.498620345695366892e-03
1.168771339387652056e-02 1.080870107041888468e-02 6.033044655860170420e-03 1.410770243276582465e-02 3.958451196630899394e-02 2.601713906924925032e-02 2.183183216008501362e-02 1.601613883683845885e-02 1.423757619870340621e-02 1.330486512780635656e-02 1.444560996754566673e-02 3.309401211594450304e-02
1.138932852333270074e-02 5.088211766693734144e-03 9.684036740295807327e-03 1.124286720318188638e-02 1.494889679693570290e-02 1.491286815504480091e-02 1.682703002692383445e-02 2.479244889201432517e-02 1.047005222609402250e-02 2.437249533808103635e-02 6.412888320074328075e-02 2.443930764950162648e-02
7.905687111140209666e-03 9.845857760174513140e-03 1.411462960040283862e-02 1.297857197750495149e-02 1.063531893306566591e-02 9.796783902516512793e-03 5.970312997453394374e-03 5.615295107007492459e-03 4.327731642407453561e-02 8.334552486086073408e-02 4.616301389135940569e-02 1.006370300654027203e-02
4.425184835458816079e-02 4.501850375836820989e-02 1.399060029923804814e-02 1.135938117396892259e-02 3.345090937249206586e-02 7.802365815519247960e-03 5.924332890501609987e-03 9.840586400957147817e-03 8.505218879648480945e-03 1.495669094054061926e-02 1.265868600986356195e-02 2.159468212578187496e-02
8.441474217297696356e-03 1.441298843649395020e-02 3.044901404628799421e-02 3.470902482534282685e-02 2.564458156925807086e-02 2.269802115435543000e-02 1.015320242105613793e-02 1.247191495263443896e-02 1.898029412154336043e-02 2.169997640508553385e-02 1.477179549408916270e-02 6.896027768650985629e-03
2.699076582330146162e-02 5.959040010537534904e-02 2.718095318213641087e-02 6.232747917646250940e-03 7.342324632365651929e-03 2.092574075814924300e-02 4.023529252634031050e-02 2.568535484292121945e-02 7.409347774748961321e-03 2.715866250450763367e-03 6.578510051354742594e-03 1.774160931488450929e-02
3.180804181621509769e-02 5.169931167625366197e-02 2.221762224248029216e-02 1.426344107350313237e-02 2.267111818715703692e-02 2.831558247397707867e-02 1.101391782942824117e-02 3.621086421835100193e-03 4.597851658607239947e-03 6.151126370057258090e-03 1.350277675938515651e-02 2.903824964503657832e-02
4.090185721026499965e-02 1.663166705551022417e-02 1.608571679705220539e-02 5.034587539795238112e-03 5.249834436115791148e-03 1.032430203157947736e-02 1.340130496531336500e-02 5.162670506859666497e-03 1.130420125323501786e-02 3.271235372221442672e-02 3.506189125796845690e-02 4.369542257351920894e-02
8.711557506530090422e-03 1.704262031997624480e-02 1.341028293635472546e-02 1.408431190618588021e-02 1.041876651584449504e-02 2.220702937693121853e-02 1.614943005634383172e-02 2.089976100869703202e-02 1.461963422468924925e-02 3.296428920438222027e-02 4.005138633294220291e-02 8.234553160964917101e-03
1.991831846196579631e-02 4.582749638408990800e-02 2.238443620408173476e-02 1.034552178237698947e-02 5.341958912082444243e-03 6.596588336097663173e-03 9.971589564343987661e-03 1.115730288850465095e-02 2.008722337592511176e-02 4.876619129018373855e-02 2.106138563664426006e-02 1.278160919618451588e-02
1.013379852749078831e-02 7.684600301727936671e-03 5.846435653526623963e-03 7.288333192482162291e-03 1.079287902760557930e-02 1.319388870464689376e-02 5.537900794571606888e-02 3.323739951569770756e-02 2.387559466497299332e-02 1.364875494209548054e-02 1.929100282303104416e-02 3.403371076985255150e-02
