-6.134342381695646607e-01 3.020867769774159689e-02 -9.821838604326811606e-02 -5.891866167245025654e-01 -6.162159951572557803e-01 2.626323522339168437e-01 1.510101357246424955e-03 3.273663335948742703e-01 -9.398415475130311725e-02 1.655594027549947556e-01
-6.338889797258322467e-01 -3.361630777288745486e-01 2.508507924742835460e-01 5.348784144555128739e-01 -3.204093160560704256e-01 -3.182445278640706476e-01 2.405593888789547830e-01 1.722058400223847596e-01 -7.819132187747357410e-02 2.004793281756499790e-01
-2.053044483186069746e-01 -2.901843324530017920e-01 2.975864418193469585e-01 -5.070701910298545112e-01 -2.972397000465332173e-01 -1.820098680861623741e-01 1.029906609810424811e-01 -6.341696193114054747e-02 1.952908576080893410e-01 -2.368984842292784325e-03
1.455821389921499731e-01 1.866247781624211233e-01 1.632763995236418131e-01 3.821469025880357417e-01 2.601856474134761968e-02 2.651483971460833478e-01 2.579805168353417333e-01 -2.925710311316835899e-01 -4.860966245011663633e-01 1.350715213724305586e-01
1.632254991127942909e-02 1.501429799571429857e-01 -1.100348403053813401e-01 -5.857724556363888002e-01 -2.398456438710485361e-01 -1.363143476755724059e-01 4.756545153360671185e-01 -6.530303343322862997e-02 1.034236085932928179e-01 -4.732756083356395860e-01
-7.435598673364703926e-01 8.295842728983716663e-01 -1.269515752863017710e-01 1.209665808651732011e+00 3.083418405151864827e-01 5.017441904909325512e-01 4.461028769605322047e-02 4.317365067270647061e-01 -7.773519723698268935e-02 3.202711750392794876e-01
-7.948287376762798451e-02 2.070983812548358449e-01 4.391007063365416352e-01 3.628949261511998925e-02 2.402975295212181339e-01 1.982558239867087402e-01 3.359324750171426843e-01 1.057803580977165481e-01 -4.742824882092527283e-01 -9.147347941809769178e-02
-1.609590376712078871e-02 -2.340443410771419208e-01 -6.949881752202942409e-02 3.614832591218090641e-01 -8.418750175355005361e-02 1.393821718680994248e-01 1.628803112620609284e-01 4.647083197407053112e-01 -4.579257015598378056e-01 -4.370506925695273326e-01
5.104113429517445066e-01 3.491878101781518973e-02 5.694031411852936569e-02 3.131849221663027261e-01 -2.967453885940859459e-01 -7.522264010321649819e-02 -2.553834319166737310e-01 -2.011966001324298758e-01 1.816470598564301764e-01 4.184467979612896404e-01
4.239276314099895138e-01 6.445899794516787851e-02 2.231196190320312578e-01 4.907045199016766418e-02 3.287611306762103225e-01 -1.073993113249304576e+00 1.335345054594072878e-01 -5.614658175298487680e-02 3.024677322028025694e-02 3.948271502235918828e-01
-5.217649378287763512e-02 -4.413305640479584478e-03 -2.858392692914727973e-01 -1.909945200754948613e-01 -2.779047332959315164e-01 -5.979480461929342905e-01 -5.569885810355653527e-02 1.989997001864250992e-01 8.183889318453919648e-01 -1.646633904454476993e-01
-2.227148633939031452e-01 6.257882286938524219e-01 3.972982714015197980e-01 -3.919234201950259205e-03 -2.970364412314516755e-01 -1.537172960172629721e-01 4.642504836099091148e-01 -5.845298526331306303e-04 -6.604431696038096655e-01 4.306523878595976407e-01
-1.202494472920242752e-01 3.578815438942968552e-02 1.762629028238714146e-01 5.509107734352607366e-01 -1.686158527157014531e-01 -1.820399237327112729e-01 -3.386978936528778350e-02 -3.342291114683224595e-01 2.294564156893606766e-01 4.474164834229074073e-01
2.890778548443759810e-01 2.459323311581089189e-01 4.254092776528035219e-02 -2.520100789802407482e-01 -3.467981323495573087e-01 -3.049761172595327752e-02 4.063850392429794317e-02 -2.633278899971261966e-01 9.927366585485855599e-02 -2.234122665290840248e-01
-2.865220293833728796e-02 -5.511411946769931985e-02 1.043625059521438164e-01 -2.633361947826869942e-01 -8.960169361086477158e-02 3.734334137785325775e-02 2.655243227858903321e-01 2.052372573403031530e-02 2.856905605832784079e-01 -2.167773663871906120e-01
-6.120768037675258233e-01 -2.700881910861538046e-02 -1.857946645308903300e-01 -2.686696549372015186e-01 2.888121765530448082e-01 -1.416361552885930797e-01 -1.476265895025543062e-01 -5.384766301415382372e-01 2.241722743345278546e-01 7.556061107834722845e-01
5.347259291912421775e-01 -8.408629977524599564e-02 -1.482194335844352617e-01 5.094239257096282864e-02 -3.327269597342896734e-01 1.860974706699276282e-01 1.898913385899115569e-01 4.487839107570760766e-01 2.836773619431507965e-01 -1.673495756211252072e-01
-1.349136496783070460e-01 -2.693238735653967209e-01 -4.984008339124081782e-02 5.466677475020219612e-01 3.480929287557448237e-01 -4.457662142934206151e-01 5.371224737554565996e-03 8.904045044737154968e-02 -4.099792439117882492e-01 -4.930851786378577795e-01
8.500523063479305252e-02 4.053566941969744541e-01 -2.489586835542830223e-01 -5.662585152461881155e-02 -4.723580364114645519e-02 2.028346780093586987e-01 8.435286490445922936e-02 2.575820842501558849e-01 -1.694814825917459467e-01 -6.164145772464506290e-02
-1.388952467706003335e-01 9.798333985843483973e-02 8.136414250473486542e-02 -1.747044753654025395e-01 8.636565696431265649e-02 8.707226524709381354e-02 1.462229274508907717e-01 5.068034436955339873e-03 -6.559543936186283675e-02 2.052370785872093817e-01
7.353263030509343823e-02 -4.247657618640081068e-01 1.999004395748770202e-01 1.407294996205105675e-01 -6.058288896038267479e-01 -9.945557728317912238e-02 -3.531652398559000927e-01 1.342433601811753585e-01 -3.988710960486839263e-01 3.643303681482019662e-01
6.368728959830857184e-01 1.515073049391839691e-02 1.785645794521408536e-01 -2.665478564071772638e-01 -5.307893360673987537e-01 5.159050829275314831e-02 -3.173217588542845413e-01 4.635484579969290642e-01 8.499995703656960944e-02 -4.243508223800147167e-02
8.560175766359339189e-01 2.484589185127801247e-01 1.871415240506821287e-01 2.840037893176337036e-01 -8.107746186941058864e-02 4.235367977595067557e-01 -3.390112922270717144e-01 -4.282483506015573593e-01 8.556898257078619785e-02 -1.919224475079970571e-01
-2.065713957375180931e-01 4.073076289079248791e-01 8.341767310680996139e-02 -2.696284296728452823e-01 -1.672084229629453855e-01 -3.678348744462730524e-01 8.843612675449048083e-03 3.050223109856359804e-01 9.469783946633136829e-02 -1.606377047985163842e-01
2.510363137199740358e-01 2.432321577511008526e-01 4.087727218665735962e-01 -8.575975660703779591e-01 -1.994806922809631844e-01 4.314303981026558835e-03 -1.435318438996009416e-01 3.082138601148493029e-01 -4.140630639236302785e-02 2.431214458436365411e-01
-4.547723855315249919e-01 9.050855438809424225e-02 4.418731314378022690e-01 2.371955690816043849e-01 1.576120305537627164e-01 -2.452269247412377229e-01 -7.487996260435469953e-02 -4.542399943695005771e-01 2.650040708478897389e-01 -1.842950487134482340e-01
7.408806344392909575e-03 -2.319059899536011771e-01 -1.091192889269146510e-01 2.970345516109197948e-01 -4.584315435696472152e-01 -3.202116155408821219e-01 -2.115248599282822661e-01 -3.664154029162031145e-01 -3.766055272497551010e-01 -4.821843557068657138e-02
2.488982469715416146e-01 2.218490929591498129e-01 1.859333487965016407e-01 -1.611429475310480475e-01 2.294771452475630469e-01 2.367010181860126627e-01 -1.215143290681838933e-01 9.758844855391018980e-02 1.540456334874708288e-01 -1.351106002601153988e-01
-1.136952236350088352e-01 -1.174581782406453057e-01 -4.299351890127466325e-01 3.791132342858261062e-01 -3.614188673276647612e-01 2.862124577319120067e-01 2.584564801568982606e-01 -2.947250351414986216e-02 7.119720117042185326e-01 -3.083416768843344480e-01
4.971742899255158360e-02 -4.553835213526678805e-02 4.095261321891411344e-01 3.066208091135685931e-01 8.011576210920458296e-02 1.663945950473557645e-01 -3.071634786213945922e-01 1.533484169409772835e-01 1.021302028191543448e-01 -3.657801812016776566e-01
1.684300783313541772e-01 -7.584088740140133567e-01 -3.452147066655950058e-01 -6.010945177582491805e-01 1.704804354999867877e-01 2.271403165756416265e-01 1.656382351247142892e-01 4.124771049966508563e-01 -1.501955110083871489e-02 -2.774170292513861158e-01
-4.045286600339708660e-01 -1.361822611017419471e-01 -7.960924598873024560e-02 -1.369887324460669076e-01 2.399036353047030445e-01 -3.739852012153600525e-01 3.466856565392782419e-01 3.635363092542512886e-01 -2.224465948295426820e-01 -2.897045625279279224e-01
-2.234574415689376814e-01 1.082320473429760482e-01 -3.844311421323358124e-01 7.135387192486003505e-01 1.336448539139677150e-01 -4.780779891791254732e-01 -5.686930733951505168e-01 7.358436420873611106e-02 4.107929084551488752e-01 -5.048901261150295916e-02
3.086880027182978825e-01 -1.119812433224383202e-01 4.355821065175155549e-01 7.063264932661192930e-01 -3.450432380336041632e-02 -2.124336977762728840e-01 4.454662445699359569e-02 -1.338489538346502306e-01 -1.953945070938965800e-01 7.613511077778517891e-03
-3.047510933090045657e-02 3.899821875415055983e-01 -4.737770991110145102e-01 2.736601856054640125e-01 -7.473963833471192197e-02 -1.092772817579051869e-01 -6.361633662888421803e-01 2.456061155332268653e-01 1.955017669299701499e-01 -2.578327259166510177e-01
-5.268970386435276598e-01 2.431234271569003291e-01 3.844855705448196881e-01 1.049019167514726597e-01 -7.362459590833768386e-02 -6.550721574162698957e-01 -2.552101601194210478e-01 -9.778861596358874586e-02 1.621090595676012158e-01 6.065585672259210526e-01
1.536617486272472688e-01 -7.287227752128516700e-02 -1.056270369723115998e-01 -2.300485860496715163e-01 -1.825694360208528488e-01 -2.807594340571302124e-02 2.236395220666112238e-01 2.103798412523352479e-01 -5.594036181809669030e-03 1.896809228070812925e-01
1.778456257767820903e-01 -1.340628221803762676e-01 -1.950088145030210440e-01 -6.335072902440784803e-01 1.974568469789159675e-01 -7.766187489537799971e-02 3.762156189744451651e-01 -4.816495013016314219e-03 -4.257221334146664704e-01 5.849694835512923158e-02
3.413752231252172309e-01 1.236875970576283013e-01 5.207483395796086434e-01 5.365499803129165635e-01 1.197861065914187888e-02 2.048931155503938702e-04 -3.109168011972639478e-01 2.002056275480981473e-01 1.202191157288885204e-01 -3.397993380346406300e-02
1.987282349512572710e-01 -3.452149818707203055e-01 3.334321342601095362e-01 -3.026464320245173534e-01 4.695018280667798694e-01 -1.425331674879865528e-02 2.414365181476061384e-01 -2.027587554232868627e-01 -3.347617113896370067e-01 2.047689207732149297e-01
-4.690861926642225788e-01 2.624244102642194765e-01 -5.552953946194856272e-01 1.845130370522361507e-01 1.353766621015779770e-01 1.869255717238050077e-02 9.394702482231052920e-02 2.493063030363364962e-01 7.767394145732919863e-02 -2.416092882408648890e-01
-8.012713988064588955e-02 2.629500865049393954e-01 -7.862829912647129049e-02 -9.593265514586284404e-01 2.034095266420883341e-01 -1.237379532316738584e-01 -9.353787962080729879e-02 -2.456699898546892968e-01 4.765474795301338773e-01 -3.278037467561816798e-01
3.593038337379441671e-01 -2.697666379920461432e-01 2.841706379903813917e-01 1.253684180084053135e-01 -4.526318028457738951e-02 4.267247038757219779e-01 -1.338932001081555023e-01 -4.195994552696681867e-01 3.348436645608208750e-01 -2.837933330021698564e-01
1.730584049018885906e-01 3.279955461901249425e-01 2.608380282987517451e-01 3.314012188334183873e-01 8.969363016993421589e-02 2.073751661111020161e-01 1.078603649030402400e-01 5.290212746486814277e-01 3.806389774229378964e-01 -6.429934600350523111e-01
-3.966186885326317135e-02 3.625208895764428507e-01 2.348219484425747572e-01 -1.449140460429292898e-01 6.420613987866227168e-01 -3.010996449293601995e-01 -1.788581934376280158e-01 2.802721306690926228e-01 -1.031603459775988663e+00 -1.406763195681084433e-01
-2.156298445002397535e-01 -2.018653227848070664e-01 -1.584701093304044517e-01 2.921357692344048879e-02 1.630489781298854746e-01 -6.616955142671824275e-01 3.751967109507404335e-02 -2.833528079218749704e-02 8.476558339069482917e-02 -1.654462917653646559e-01
6.633634504643540764e-01 1.343877062321839344e-01 -4.459692200497921699e-01 1.222631226351402756e-01 -1.532798208365152293e-01 -2.952549278328577276e-01 -2.550837241834155722e-01 -5.803304428384920000e-01 -1.973516896640914453e-01 -6.183893638531279269e-02
-3.767727005377171090e-01 5.630375335695985139e-01 -1.989913061450588050e-01 -7.194984992780636412e-01 7.958385356524887155e-02 1.668527224211113213e-01 -3.709697926021120473e-01 -1.714387693917874267e-01 -2.313210708445151143e-01 2.532363595541202717e-01
1.283383065283550672e-01 1.913890614070606067e-01 4.485455765095275882e-01 -2.813465988845306187e-01 2.676612840446414010e-01 2.469246616037254760e-01 -2.682176808604251339e-01 -4.326958874581217362e-02 -1.105109770897223509e-01 2.489005430784666795e-01
1.736108178513678657e-01 3.049133603820092242e-01 1.697408338187972043e-01 -3.442716014466281060e-01 6.802848710553183187e-01 3.880743620281947304e-01 3.883685187733549454e-02 3.051032938958344598e-01 -1.060103757721483214e-02 1.301988273049372313e-01
-1.549774724472425050e-03 3.609791685894376823e-01 6.936120649819719208e-01 -7.958089226555287166e-02 -6.144906129173158390e-04 -2.888977242901893949e-01 1.339497631010846679e-01 1.841415742910051112e-01 -1.006622617171645528e-01 2.805176328172501732e-01
8.816890473496474812e-01 4.295748222193686572e-01 -2.973252133315330559e-01 -1.061196261311189298e-01 1.716551654496840384e-01 -7.071777905199165826e-01 -2.314559014447371554e-01 -5.286135226061848824e-01 -1.807913402942734060e-01 -1.561638215338580493e-01
2.303410838150546924e-01 2.748102619365556665e-01 -1.916002129335178661e-01 5.914830410957867546e-01 1.514701938115184388e-01 -1.280405819595385741e-01 1.153963286739975030e-01 -1.638756111339040034e-01 -7.283171942820426681e-01 2.455372017335906779e-02
-1.437503968589139425e-01 3.659152249193055664e-03 5.740435594859683716e-02 4.713164378552618383e-01 -4.779469471900203992e-01 2.536917410027142439e-01 8.385718001153520673e-02 2.254460130262828932e-01 4.413713252689407396e-01 7.881265532803675977e-02
3.681296330511539538e-02 -1.453209536848389938e-01 4.272343680249940934e-01 -5.947678992909004314e-02 2.237020840068250083e-01 4.346784327599257369e-01 5.039356760488181847e-02 1.381947740484344989e-01 3.151865831987149535e-01 -5.203387340041346620e-01
2.490777681879833005e-01 3.572793050452697378e-02 1.307236357639158242e-01 2.909541891789786394e-01 -6.246673039088386503e-02 -9.387930726954414606e-02 -4.956456494988296241e-02 5.376011681454400115e-01 -2.897024535925109001e-01 -3.794583466401073996e-02
1.882287854806404259e-01 1.914446666452739310e-01 2.241247205377511487e-01 1.757281406627415610e-01 -1.195512722489816548e-01 8.592529773818795291e-02 2.745967253112296946e-01 -1.716932681362195456e-01 -7.378494165915451541e-02 6.125250989328692164e-01
-1.931865992816792499e-01 2.395698285605801781e-01 -3.566092087732457006e-01 7.036254726595535247e-02 -3.424873252721917657e-04 2.304526205148660356e-01 4.470990310094386522e-01 5.041359590179389505e-01 -1.938036049410777617e-01 -9.825795231166457866e-02
2.625608809988871917e-01 -8.002568698052398011e-02 -1.043348412873665726e-01 3.440448835021238660e-01 -5.732240528057296336e-01 -3.076646300731534778e-01 -1.478094566948404964e-01 1.728421347583486978e-01 -4.330847806604540273e-01 -1.082755244456539284e-01
1.830173842857376054e-01 -2.570378637806294275e-01 4.054272225549686304e-02 -1.027875301620061604e-01 5.278068916558676937e-01 -7.480181980031368472e-01 -2.239516500498798524e-01 -3.019372769844930887e-02 -1.062250055935793774e-01 2.871296000153565342e-01
2.219727292604857516e-01 -1.664038918120095412e-01 4.334826972917267263e-01 -4.944173925158857896e-01 7.103269960988423115e-02 4.922903165074401510e-01 5.215731744541528270e-02 4.744138887765269041e-01 -2.821521665259161399e-02 2.675539100336457032e-01
-4.620456524079850635e-01 2.384252903538715551e-01 -8.111632369375055846e-04 -5.751202768342551508e-01 -1.667253298120564553e-01 -8.421259961875639244e-02 3.877439384767626396e-01 -3.701732438171372735e-02 -9.509285655252662506e-02 -2.436736365228703016e-01
2.330201313174478928e-01 1.305368557237938931e-01 3.730330111535278687e-02 -3.506980758374117491e-01 7.023995904223038211e-01 3.436134998879598196e-02 -8.818311578552133490e-02 -5.919718166759944944e-02 -2.782038592868955051e-01 -5.119815626767352384e-02
3.482921387055324947e-01 -4.434434980802312021e-01 -7.747207679370747557e-02 -1.093607020409162744e-01 2.384512208403258005e-01 1.880643067016844749e-01 1.502795608421005069e-02 4.311364523071436333e-02 -6.654141147700204416e-04 2.926341877341536724e-01
2.995201101753211526e-01 4.761049331930805595e-01 -1.577790056907389382e-01 1.662615008172503572e-01 3.026658875041808860e-01 2.287352685767610194e-02 -5.314363463876822236e-01 -1.460961441276021067e-01 3.192892891741655470e-02 5.841353308129568767e-01
-5.713662459210293310e-02 -6.321623916842632196e-02 4.896623876488431781e-01 3.203940590633115315e-01 -3.369407562913844245e-01 -2.355688351875723507e-01 1.652274666289762495e-01 -6.348058548218479813e-02 -8.722224111261482615e-02 3.816274432640024972e-01
-1.257321374093721689e-01 -8.840267039323640441e-02 -3.462408354085860229e-01 -5.439385495899541345e-01 -1.679030587531397389e-01 -2.404488746282797476e-02 1.515064473674224144e-01 4.203610836867905376e-01 3.435330063565564251e-01 -3.319925017539206435e-01
3.534738451969914874e-01 7.958467173398777739e-01 -2.278505655676609787e-01 -3.072775935920874502e-01 2.014617994077010782e-02 -1.027147342250017553e-01 -3.089181699108896062e-01 -3.295500964802774990e-02 -8.156301013284850132e-02 4.561956274263523348e-01
-1.842683923925053993e-03 3.558566096709114834e-01 1.461384900851970536e-01 3.692428960864054671e-02 -2.149843310997216761e-01 -1.542437602424492626e-01 -5.980493563441411364e-01 -1.737649867872377574e-02 1.931899257134710168e-01 -2.881462763473561228e-01
-3.988046741947582352e-01 5.093253422131055475e-01 -3.504696540805493643e-01 2.190161520840625264e-01 -2.027310141122359577e-01 -3.052370087530532072e-01 2.958529879666380036e-01 2.243694524403138935e-01 -3.509135216361690124e-01 4.371057060993669419e-01
-2.395781725301690535e-01 -2.967133762829495258e-01 -6.344728332129583315e-01 -4.030456892209521857e-02 1.829872347626831097e-01 -1.158555726224839572e-01 2.542928540632511392e-01 6.279918244469684385e-01 -1.234011418915023500e-01 2.407337308550065447e-01
4.767165283743646231e-01 2.645301880698218699e-01 2.048406368260458910e-01 -1.156962241372781579e-02 3.698312097109802132e-01 3.618407893191702418e-01 1.129473763010893500e-01 -1.461743237075081303e-01 1.495282283661458489e-01 -2.782675355762081471e-01
-1.086815685359902445e-01 1.373879821918743971e-01 5.365111920485007291e-01 -2.613919158630371720e-01 -4.794126862991172633e-01 -1.247575837330443249e-01 3.774191953076840300e-01 3.020242886210386390e-01 8.823766142614923591e-02 1.178387347900476667e-01
-1.830372810287448360e-01 -4.233018953843532828e-02 -7.456327577854000854e-02 3.604781523930123965e-01 4.986111667663573610e-01 -2.651079614851967192e-01 1.842503067572213993e-01 3.054288606826594324e-02 1.097607489876603615e-01 -2.928271706990820400e-01
2.332356932523262372e-01 3.391204179669799479e-01 -2.843810099786219792e-01 1.525926600954544479e-02 -4.275260952796389735e-01 5.505836293462305076e-01 -1.664737982046845532e-01 -7.782955296236211684e-02 -1.846717359158465410e-01 -1.744263523418226880e-01
3.850860067815979892e-01 -8.193900654075669809e-02 5.020284211422033210e-02 1.717703749532619728e-01 2.156013018818272176e-01 -6.213147629420613383e-01 -6.380514739926330600e-03 -3.596876999181471413e-01 -4.754065838351727580e-01 2.436002671280503573e-01
2.209531252648907207e-01 -1.179713990781538907e-01 -4.827161804195957695e-02 -6.231231156731790316e-02 3.994197588048277736e-01 -4.498532253762001498e-01 -1.792931654430344190e-01 2.035895782228082096e-01 -2.728573676263493231e-01 -6.797994748809869092e-01
1.239334250136286952e-01 8.034697818326845820e-01 -2.034989992386892488e-01 1.474337136936121617e-01 3.188910539795495463e-02 1.220496087124036538e-01 4.658354468268883775e-01 -5.209286534187977935e-01 2.637591199217422799e-01 -1.878504198989977281e-01
1.490986041435329867e-01 -4.964256457839829606e-01 -5.603444671969899371e-01 -6.789815082458156015e-01 6.004744643292039274e-01 3.849793064261465836e-01 -2.226434240745796822e-01 -8.535272780082148181e-02 -2.874046341166830443e-01 -1.915347817846009895e-02
5.125587568519650306e-02 -6.437842826482477465e-02 1.713242817355077052e-01 9.417664843866312141e-02 -3.317176634550093595e-01 -1.949096348539076928e-01 2.398535302473448760e-01 -1.765675271008302349e-01 -1.338384639356918759e-01 1.691016190724595192e-01
1.634478619331840299e-01 -3.422044147576557699e-02 6.700340039280511251e-02 3.138067346713566685e-01 -5.136187384715311666e-01 -4.257166829672843766e-01 -1.148079774623528143e-01 3.045362264149327480e-02 -6.865555181948099217e-02 -4.051486923239043803e-01
-2.403460676736891843e-01 2.973361703768706010e-01 -1.563933028985652063e-01 6.294457616549627155e-02 9.535355303006530503e-02 -3.864516313720365304e-01 1.431590701240853802e-01 1.005245554103432054e-01 -8.341569811396304379e-02 2.668967730931588456e-01
-2.116719453532468209e-01 -3.172589312363109371e-01 -2.312739586409711945e-01 -1.756700342751149890e-01 -3.042876323418617912e-01 1.933340066932557888e-01 5.017666559728550801e-01 -2.758922746441320739e-01 9.659181569009164803e-02 1.639730372263482339e-01
-9.470752545844614290e-02 9.947884861811741308e-02 1.264449542673875548e-01 -3.281445453862386619e-01 -3.432631822523529719e-01 -4.192773297886126516e-01 -8.183098485695103341e-02 -2.218356549636841257e-01 -3.137833122333026359e-01 1.184096017354791253e-01
5.993460105356502865e-01 3.098052573731541748e-01 -2.131057604898483060e-01 2.209657676333085519e-01 1.006600524579081557e-01 6.531961864179799404e-01 -3.138231670207278223e-01 -3.237928068373041590e-01 -2.267863034898846830e-01 -5.672831460577425489e-01
-1.236388599729931481e-01 3.519768522807287803e-01 1.744143042356259832e-01 -3.639500040494433319e-01 -7.757063269756932222e-02 3.241348879843895803e-02 -7.400948112472678642e-02 -6.497690857239755979e-02 -2.949102989871563163e-01 -2.465532280394084619e-01
-1.458934429779261410e-01 5.586153440928883773e-01 2.032328706150735853e-01 6.101186694636986374e-01 -1.652528347827164068e-01 7.414797145315380478e-01 -1.592594920556895388e-01 -4.694928712257031012e-01 -5.030910968145823475e-02 5.692391230969003901e-01
-3.088235817978730261e-03 1.226801672174804708e-01 2.233745619035618357e-01 1.271401851320013050e-02 -2.751068658742191267e-02 2.613880903428352220e-01 6.652986745111870437e-02 4.942696948675767699e-01 2.076614542012121534e-01 -4.054515463686997889e-01
1.572832932130502626e-01 7.642051184757340243e-01 3.572679613536542797e-03 3.971384409713122482e-02 -2.168333769398086142e-01 -1.790542366151538500e-01 -4.987057312852747337e-01 5.837203273737521375e-02 4.403656332524246569e-02 4.516555415260178341e-01
-1.611454941713254957e-02 1.459869660863186980e-01 -4.407600864270146968e-01 -3.207580810000877913e-01 4.726423442078631632e-01 -1.501434574491872231e-01 -5.332091772351508219e-01 -1.771563571173029594e-01 -3.226776447407290332e-02 5.539942294916004872e-01
-3.475706956695355232e-01 -2.931048878438644589e-01 -6.929153067335589757e-03 2.690762000956909428e-01 -3.753505537183262630e-01 7.384953514003199382e-02 -8.615717911661828488e-02 4.762646083405132624e-01 -1.244806808026142075e-01 -1.419937081556455205e-01
2.894982135681482549e-01 1.512347559738026759e-01 5.574097373015615003e-02 3.718261243927988846e-01 -6.773110920238486488e-01 1.228391981489533602e-01 1.902706081051682152e-01 -1.743457425050465581e-01 -2.221985569802824578e-01 -1.502818554226151813e-02
9.821617408690483386e-02 -8.584748475103545773e-02 5.428826251948355025e-02 -2.802283869666576943e-01 1.272626956894445938e-01 6.840643210834689292e-01 1.890788859460970917e-01 1.550622930143147338e-01 -2.520395613175422170e-02 -3.143970250647939446e-01
-2.762393438200351492e-02 2.223113604910739449e-01 1.933441039261434569e-01 2.427105679543939132e-01 5.303547962486969691e-01 -6.096427377205899945e-02 4.233271927544723368e-01 -9.859395647248128669e-02 -1.508767894583296909e-01 -2.313832997550888948e-01
2.949749372975495332e-01 -5.216901686067836330e-01 -3.960485984631658685e-01 -1.774066824569912049e-01 1.239407299786759176e-01 -3.162788157085505980e-01 2.806572434382917369e-01 -1.276270410441883961e-02 -1.839175269771621823e-01 1.476566200828498820e-01
-3.304026736794184460e-01 1.046519651921420102e-01 -7.001125287840060940e-01 2.249783446317206170e-01 -5.078666732680024998e-01 -2.842185385247953944e-01 -1.451995085471218527e-01 -4.728330278613205456e-02 2.055484527079446677e-01 -1.037697257317241051e-01
1.530936889585896854e-01 2.098195338122361142e-01 -1.013157496648353501e-01 -3.815511172159484765e-01 -9.555605397585001382e-02 -1.354430404232452312e-01 9.313877393825885365e-02 1.089936347698799435e-01 2.313668694185549435e-01 -6.066673061081274965e-02
-3.053104103381215628e-01 1.683935415621319875e-01 -2.635050832999844550e-01 5.703186972211250483e-01 -2.248436957078587539e-01 2.577934563481287800e-01 -4.035188068372105169e-02 3.045095739754353700e-02 -1.578226617178193070e-01 2.344310799767390097e-01
2.309805938917973978e-01 -3.770537257018293648e-02 1.982136022336900560e-01 1.094566366809989894e-01 -1.191174266269155874e-01 1.595640476035678212e-01 -2.666118335739427470e-01 1.475729655776641946e-01 1.167526703101666452e-01 -5.769270170399781739e-01
-1.992094034153948645e-01 3.671222734907749613e-02 -3.768010597237956422e-02 -1.399945577558058263e-01 1.067490227567473721e-01 -1.403649056777452053e-01 -3.023647925420712701e-01 -4.022545617035390153e-01 -9.608552160159258837e-02 -1.389758754935064844e-01
