2.263127887453172254e-02 7.532765371278871136e-02 6.860138786677986988e-02 4.450406825269241466e-03 2.381324225705569724e-04 8.334194275149072481e-05 4.522739117393683376e-06 4.890104529614428599e-07 2.393603676563443392e-06 4.174557387102760617e-04
2.710844285480821275e-05 2.344583910322083940e-05 2.471315155883436554e-04 1.972997754602486171e-03 1.047558385751663768e-02 2.457244726218768271e-01 1.097766862214667391e-02 8.765417084250373778e-04 2.916919992460498260e-05 1.407407374231859312e-05
6.015779396367614690e-04 1.008062447256078580e-04 1.687467584335668655e-05 1.757534209183199684e-06 1.104255105993379239e-05 2.390413006010527069e-04 1.717270919771756929e-03 8.684057495427062456e-02 8.732810101729480967e-02 1.496050858256378104e-02
4.206918988370551881e-04 8.111318004502131209e-05 2.055293899290178703e-04 8.771755130264457644e-04 2.626611414315620924e-03 4.157573897876059031e-05 2.000109673303699642e-05 1.076575911526284146e-05 1.262564151030984251e-04 1.973060701105268464e-03
1.303767012931963347e-06 2.919409248067311418e-07 2.357107331238691629e-06 5.954911806831964942e-05 3.886480599082144669e-05 1.490413476732562609e-03 7.497127811281634191e-02 6.052713514242541448e-02 3.802556689634378762e-02 1.323281739955487336e-04
6.825018777185924311e-04 1.384686402550326694e-05 9.620816520531140548e-07 1.073908202432867401e-06 2.572814302189619759e-05 2.225677735523322060e-03 7.338829220280373641e-03 8.001448173797486019e-02 3.220843501463753478e-02 1.847554006341687802e-02
3.166571204343347334e-04 1.286443829637719813e-03 1.466009627326908191e-02 1.701585991088863659e-01 2.471857020365778035e-02 9.079231883196524485e-04 3.790063228548351884e-05 3.949692772388686581e-06 2.261388866398322619e-05 1.540309419740536776e-04
8.926367195919756702e-04 2.698616016364298407e-04 1.207495461112063922e-04 1.031980348970395057e-04 6.278799524679341913e-04 5.362956333813983720e-03 5.670532290121107349e-02 4.497120340063732319e-02 1.026862491356293761e-02 9.694153911510989792e-04
2.750264933985929571e-05 2.757216532659569931e-03 4.393684940648989734e-02 1.956883868127818338e-01 3.082306039618447780e-03 1.172789559696716093e-03 4.397674093059037381e-05 2.423005802708253552e-05 3.028239221083408972e-06 3.420749361292225115e-05
2.196865701090731232e-02 1.013585078332554165e-02 1.657276812949382352e-03 2.504097501813606018e-04 2.769670875768775664e-05 1.551835806734951965e-05 7.166846758403665381e-05 1.075822763158074862e-03 3.868344486959048034e-02 2.771700430114889396e-02
4.623777574817477411e-10 5.343366436361694329e-08 1.671398287809011871e-05 2.089654683873825319e-05 9.952158838873763000e-04 7.657350847689095019e-01 1.741796115228981187e-03 1.166147716178839595e-05 4.162843856153704594e-08 8.555265528893298629e-10
9.959680710117109047e-04 1.875966939944227752e-02 9.409392239282386369e-03 6.586206900780090974e-03 6.666136731273122808e-04 6.377742442869819423e-03 6.877636433676213119e-04 1.192438246229953836e-03 8.493228169442946672e-04 1.212551350077790892e-04
3.228250586385302077e-03 1.739322574740993776e-02 2.510469610195397230e-02 7.547380593848761199e-02 2.874219706400446724e-03 8.309609906238734039e-05 3.660652362633528618e-05 1.883214022574485641e-05 1.567675942309991086e-04 4.979710851436638681e-04
3.605026473856576806e-04 4.674788296471632651e-04 2.545233536928997835e-03 4.365417112068240013e-03 3.489363779329164236e-03 7.210999499981850247e-02 2.302833605552106512e-03 1.398563550573669141e-04 4.923368082103046680e-05 1.271235266695692936e-04
1.311264890712661153e-04 1.838107630918490261e-03 8.388054397090515674e-03 7.043859877322701524e-02 1.219379828144622896e-01 4.902531560502776907e-04 1.338924481422646929e-05 1.652716766846331723e-06 1.013600809642386181e-06 2.602571535465338440e-05
1.115277867235053770e-05 5.578032500310714753e-05 1.746635097664886286e-04 6.297415570975122869e-03 7.360402686689845875e-02 7.490271842252783918e-02 8.803939835819809406e-03 3.645975143254714056e-04 3.907882502273376970e-04 6.283818865417088186e-05
1.003483002956800008e-04 1.700017427688153620e-03 1.172198164162753103e-01 1.117440860897738059e-01 1.032778682431544082e-02 6.990705054143508468e-05 2.419637171958089066e-06 5.046154792964212177e-08 2.426706025527713209e-07 1.559038609215824842e-06
1.327647360695701852e-05 4.946318230879866309e-07 1.211972039920484737e-07 1.734014722944299730e-06 1.814301438296176319e-05 1.357688761851165177e-03 9.699286361942224127e-03 2.097004589037523153e-02 1.769457210332626151e-01 3.481827290353452058e-03
1.855505382151552418e-02 5.016236531587272771e-03 3.366900146126150495e-04 1.346735196062500382e-04 3.024499976689390434e-04 4.257842883756286214e-04 5.553174367428378002e-04 2.412877468254701410e-03 8.830629860314917826e-03 8.369230246101926063e-02
4.826467829915317975e-03 1.138238282668095347e-01 1.487966498090985135e-01 2.251474413057870730e-03 1.567594081033694180e-05 4.087963584023745626e-07 1.750097380443142286e-07 5.539418936822975662e-08 9.158061917056566828e-07 5.374150931198031183e-05
1.951561136093674040e-07 3.731731096969978772e-05 3.063828086826067380e-03 3.347117031159427963e-02 2.157591682228620494e-02 8.768126000529603836e-02 2.519327186263481660e-04 6.247319706601464973e-06 5.387183946432467133e-07 3.032931357892332600e-08
1.634263200842903108e-02 7.134041112613296980e-03 1.092558460220253991e-02 1.957899187635426218e-03 1.565396651294338054e-03 1.748897456288059328e-03 3.864853202471814179e-03 5.631355817402935050e-04 2.220067959394340874e-04 3.347769388851448875e-03
5.902213758869864768e-02 8.292204881136180927e-02 2.652483693726781933e-03 1.479795968356338587e-03 2.046646072885206227e-04 4.530948043625008365e-04 2.177840456084592435e-05 4.002773652838816471e-06 3.857029641644184580e-06 3.136861614156163111e-04
2.402652469356385701e-03 3.561201551828146496e-04 1.041980102470681539e-03 9.672119406127020758e-03 1.048276784798969283e-02 9.857842971376100556e-04 9.352133915905534462e-04 2.529306354992484998e-04 4.945644884763524289e-04 4.590733927971214247e-03
1.324452897229856652e-03 4.060426973502484960e-05 5.774775873211781322e-06 1.650493028741323318e-07 7.107486560770900866e-07 8.509861753145494111e-07 6.459069292578251131e-05 4.377831851769097525e-03 3.170898738348707502e-01 3.706864867034770361e-02
6.315219188522855354e-02 3.570306201876246449e-02 6.273442252618979505e-04 1.100891301974599190e-04 2.171514868839732648e-05 7.398199148108767963e-06 1.284936648724277887e-04 1.042684372033768478e-03 1.084420756629415027e-02 8.301769855992962785e-03
3.884349171286290755e-03 2.246891739452792219e-02 7.582083057950241923e-04 2.322322021071029940e-04 1.013887092576595910e-05 1.444318272862067702e-05 3.300811078546193596e-04 6.970088749832004799e-03 3.030590859154709722e-03 5.087868946331793908e-03
7.863975622537395377e-04 5.924180428719745713e-04 2.581971479317341639e-02 2.507717268678939515e-01 2.800508952724233870e-03 3.126571964451411176e-04 1.658544107402032305e-05 1.648052102308811105e-06 4.131183647781062646e-06 3.681501225020354293e-05
2.686052576122347629e-02 1.109218179399150623e-03 1.127895799348088820e-04 6.719369299339444501e-05 5.507901271070931513e-05 1.385627353667536615e-04 1.797401325070833219e-03 3.831073389475960975e-03 1.794103614690697882e-03 8.376318332376112008e-02
4.712395054261909501e-04 1.568286274633131023e-04 3.687533911158156629e-04 6.382170056017222163e-05 3.751735421789788717e-04 6.223127342405525980e-03 1.799041641333720687e-02 1.017308855493640335e-01 5.284092584560628851e-03 6.450922928212150798e-04
5.331393151176798737e-08 9.570083926602771327e-09 5.593240938501072859e-08 1.864017661761125248e-06 4.874848741328706035e-05 1.014833527765041793e-02 4.058152355412090739e-01 1.723226760199364493e-02 6.397862324189538099e-04 3.944564262260910349e-06
2.376794262550629457e-03 1.761925538596042715e-02 1.068685005264477864e-02 7.263484258030887845e-04 1.657329975244159384e-04 3.919248446475012980e-05 9.263613182302840327e-05 7.732918444052071672e-04 6.282120060237196719e-03 5.581839944265390169e-04
9.351757873825658138e-03 4.147319710107300224e-03 1.778687498738023686e-03 1.252690051244256331e-03 4.445673909567789280e-04 2.269169703494151955e-03 8.249209925063371793e-03 8.448525653854992634e-04 9.249781100106770418e-03 1.106751611429698454e-02
1.060840487359530947e-03 1.244467789239003764e-03 6.562393948679691360e-04 6.198458061318177104e-04 2.356049594599609817e-02 2.776918315588522423e-02 3.386020331928102627e-03 4.014840264826100708e-03 2.190145479956284030e-03 8.042720527951949467e-04
5.265332511929609986e-03 5.379033281824180390e-04 6.524353011109142349e-04 6.338806638165086745e-04 1.676369157263895085e-03 5.720254742690419935e-04 1.447983567583130231e-02 6.419140786536498304e-04 8.747762525086838449e-04 6.821257440561421170e-04
4.763195559102977256e-05 3.754274267360387129e-04 1.565379616449220652e-03 1.601023355702312426e-02 2.364567708139425350e-01 1.643288260481565524e-02 9.252591180700180898e-05 1.105292884996595513e-05 1.369135915564687320e-05 1.805570028267197426e-06
5.808074910060746776e-02 1.495631598986217788e-02 1.281304773244664602e-02 4.801167251789783749e-03 9.115579761869160380e-04 1.595514788425551975e-04 5.168879429466718620e-05 4.649840041282458193e-05 1.687843953360029662e-03 3.072345145675513083e-03
4.520350891758244417e-07 2.232639965452843671e-08 3.179073624694084395e-09 2.504819125855327181e-08 2.175297460315099487e-06 3.866932445376071833e-05 2.040781508843338751e-03 6.301989263218882309e-01 8.634142361624174214e-03 8.759943542050185894e-05
1.839081532095735751e-03 1.052222708942535891e-05 3.861587230120132812e-08 1.054608514377261670e-09 4.682655611939064928e-09 1.228770756340496128e-07 2.751212997940042889e-05 1.038222025672166102e-03 4.898560463152384914e-02 3.381403239297945951e-01
7.212972982279169248e-03 1.301836038067623845e-02 3.325147037059507892e-03 1.869732506906592387e-02 8.074794293206366894e-03 5.885408032348056484e-03 2.366322784213933559e-04 7.975348305511532410e-06 2.163596728773413410e-06 8.062370582377407873e-05
1.017272563144161788e-07 5.468604130501661390e-07 1.628217885201131010e-05 5.540048400857054689e-03 1.456407310195838023e-01 7.550781751272019754e-03 7.525932366440510031e-04 2.445893066818124149e-03 6.947135247575828674e-06 2.096168252504019882e-07
1.102978808081836999e-06 1.950309021953117931e-05 4.135749609087342499e-04 1.529534469844620777e-02 1.444669500175884205e-03 1.193943217926598903e-03 1.562959977694000895e-03 3.424883203716486482e-03 2.135584150944261141e-05 4.692836701793543059e-06
5.216847641711135552e-04 1.592808217952414553e-04 7.026879561994355114e-04 8.195528981155450823e-03 2.740427693496403846e-02 6.665131458537407183e-02 6.323615072210741171e-03 2.431906749642687073e-03 1.718799092862917952e-04 1.587777724398572500e-04
6.579571460529906948e-04 2.183830293774099551e-03 6.035539365938168794e-04 7.017756477126203775e-04 1.371401280710347502e-03 7.015209533230877537e-03 4.689441649994297023e-03 4.599730441765369736e-03 3.019024294157780439e-02 5.876217088954660897e-03
3.106047147185466442e-05 3.862841667573067243e-04 1.765407370398314971e-03 1.728137086462727678e-02 1.727893427532042059e-01 1.097853058571421694e-02 4.710070957626812278e-03 4.641053058606857531e-05 1.266233835832708844e-06 9.279422593322683920e-07
3.506580696641715122e-01 2.713072733228575131e-02 1.159520330063185074e-04 7.234792455378649998e-07 1.032916537249398725e-08 6.388037205825823267e-09 2.908278879436642946e-07 9.054903666070624623e-06 3.897174905238703652e-04 1.048445730281645852e-02
2.329311935577315794e-04 2.481555087735590193e-02 1.178721740829422743e-03 2.560578351504280530e-04 5.573470542284412652e-05 7.120456679611156898e-05 1.256007439222622151e-04 8.043660190862223381e-04 7.893600857351450216e-05 5.263229498406465316e-04
1.415973613075830612e-04 3.928087932211673090e-05 2.627110743038069758e-04 2.365640110567624951e-03 1.385640006773490064e-02 4.408782869370709429e-02 4.483139591274223727e-03 1.336366363243808586e-02 1.181829262772069204e-03 1.331313614663991564e-03
9.755617074997383548e-07 7.674862840902742756e-08 1.506027752766376714e-07 4.806441667544188920e-06 2.355115142995353749e-04 4.647183231167241642e-03 3.891583207392751986e-01 2.322594851285241305e-02 5.330553473055417999e-04 4.649647555667791617e-05
1.034037426060858689e-01 3.227671791658948131e-03 2.007198161805042857e-04 1.649648430542151035e-05 1.449741304677311237e-06 1.913583376528356313e-06 1.604876261773421727e-05 5.853986510145231683e-05 7.494810864612826834e-03 1.154419674092374837e-01
2.905530757811334002e-03 1.281065888075237766e-03 2.223272762390314603e-05 1.865182994840623582e-05 1.669507740523383857e-04 5.695323779845843683e-04 3.949941819858382788e-03 1.592279936439930377e-02 3.997891158458214550e-02 5.084670085212799479e-02
2.166286341010755564e-03 5.233516800871680641e-02 1.270687572197080027e-02 4.447528393310511835e-03 3.727793627712153602e-03 5.656194914489954921e-04 1.129424518017189873e-03 3.854211856744352673e-05 5.948833912064783510e-06 1.591458425366236071e-04
9.610689242670432868e-08 1.166504401069345978e-08 1.308584219219621085e-08 8.313453583380053069e-07 1.424240667982408113e-04 9.963391153749676446e-03 1.220865075938436378e-01 1.037992909589229434e-01 2.751211286145993553e-03 4.196482679128763502e-05
3.817208587021087007e-02 2.661921948165419174e-02 5.284578595378024504e-03 3.153558802593941276e-03 1.029760056294485654e-04 3.447154094065738912e-05 5.462598659277146805e-05 2.563885666029791770e-03 4.149989461876651378e-04 6.526156482938291759e-03
1.059283503480792894e-04 1.721479012904452181e-03 4.097498843124398188e-03 4.020753431588862913e-03 1.931524396314454953e-02 1.571509836521913644e-02 2.934059836840950675e-02 1.924446764439590905e-04 6.700168794705476879e-05 4.278611883107990443e-05
1.432397796011818439e-04 1.050389245464245022e-05 1.794777636153188591e-06 5.574164093129773849e-08 3.709790620122692617e-08 9.892799225599014935e-07 3.849173952664790808e-05 2.431457174304799043e-03 6.780956499388167691e-01 2.443551776754381271e-03
1.126272577675918216e-04 3.928042368304665057e-03 1.745689649101415594e-02 1.472179087001574405e-01 1.559819242665073415e-02 5.960352343209608227e-04 5.121696552923036367e-04 8.411403464299019230e-05 1.712393501293018450e-05 6.456658494102225979e-05
5.694350055832139571e-05 3.261962719254605288e-03 3.378863412999075916e-02 2.462489602734783123e-01 9.765734526495440868e-03 4.591252005565222557e-05 6.220275825914183443e-07 6.845725142830527971e-08 2.418107468491575748e-06 2.636198156876438903e-06
2.390278173376921564e-04 6.770319483487634001e-05 8.081318114467089846e-06 3.686721269397122363e-07 4.720227439836938369e-07 1.655984370783781859e-05 7.392407416690492152e-03 1.073986153726022401e-02 2.779264165006337661e-01 1.553223947741273541e-03
9.281121692874685269e-07 6.507937715918871820e-07 4.981056860309226916e-05 9.559102164951217492e-03 8.531416712215539322e-02 2.379300903695178923e-02 2.493964046827434541e-02 9.076364878434999396e-04 3.350286293865699253e-05 7.771089940714305796e-06
3.566568507044126299e-03 5.836547529438942646e-04 2.350669853167404021e-03 3.416890131162725005e-04 1.574433293437661838e-05 1.343092563081562288e-05 1.640623228602462985e-04 1.527569212290733275e-03 3.408277250925186019e-02 5.358035865644401180e-02
4.369685727123015007e-04 1.407108809831160613e-05 7.137638475154967200e-06 1.936494391599043736e-05 5.159440761699977777e-04 1.837221610232395207e-03 3.835549816727765876e-02 1.249795086194876136e-02 3.812582026976621408e-02 8.541072465238403605e-03
6.152283453826214166e-03 2.770966335941062869e-03 1.235697165915210184e-03 8.676752016559297640e-06 2.770711563222951054e-05 2.003138265485117950e-04 4.345530283591777566e-04 2.893666123559317238e-02 4.049282546829018753e-02 7.229935032119221179e-03
1.161615935476876990e-04 1.017967904669151704e-03 4.182063352891634417e-02 2.143410137427747830e-01 1.165265941931849757e-02 8.477719948667202399e-04 2.908744286764829374e-06 7.803405771876696390e-08 1.562819299161938524e-07 6.508345580129176518e-06
5.666947162937496785e-02 2.677460115836197141e-02 1.089418972134178478e-03 1.152309439794936866e-04 8.548763328441592087e-04 1.029728259088792946e-04 1.767627159744565471e-04 5.995408928909355282e-04 4.096726244645632932e-03 1.496630104373565008e-02
3.029315714188020973e-06 9.112679995881012493e-07 3.899854513644154352e-06 4.918939415586996884e-04 3.285772752380513445e-02 2.138219488398488133e-01 1.714342824332775600e-02 6.851506136363854499e-04 1.825753134109484315e-04 1.548462036393397602e-05
4.837617965870641065e-03 9.366678085991190540e-04 8.743793060948220133e-04 5.624844136746639557e-03 3.049112569154114119e-03 2.734099579482259629e-04 3.735706235422091748e-04 5.349107610736916849e-04 6.917045743609993164e-04 1.338254454197365315e-02
4.789409396028336541e-03 1.567536679325989141e-03 1.551603655784958812e-03 3.234437182184052729e-03 8.020135425965587957e-04 2.778338115219613461e-04 1.623829400309223297e-03 4.057553768486004200e-03 6.470090091692336405e-03 3.411015074167096650e-02
1.675726725951039728e-03 1.786857263817190952e-03 2.800600526560468803e-02 6.529349383285790176e-02 2.675201140916921242e-03 5.430523547257740000e-05 6.738752341256368480e-06 6.985082003473924044e-05 4.992575435552930953e-05 1.957994639468634088e-03
2.391332856122388786e-02 2.464007536940741264e-03 6.950961066040036579e-03 8.573444573806345698e-03 8.123944556342894410e-04 3.905000128118196848e-05 4.574384728702966644e-05 1.339612323827362909e-05 2.028748976322013121e-04 1.301157839588395516e-02
5.591987432451606346e-07 1.309159767583802378e-06 1.287791586050278554e-05 1.032248515463635033e-03 1.177661447645492014e-02 4.771078888039376187e-02 1.062284777703486199e-01 5.519572987436383027e-03 9.487509330679734119e-04 7.216095046372280575e-06
1.552542977495945664e-01 9.729529599455022729e-03 8.700722471223903140e-04 3.735373161227967340e-04 1.069956629050136931e-04 1.534361151959802972e-05 2.038356498624970765e-06 1.502967009257802862e-06 1.353411248460093756e-04 5.054960911407323926e-02
2.995132987584157966e-05 6.961759891427957419e-05 9.474751913266334959e-04 1.430319892659083492e-02 3.008050171260913744e-02 1.274247938170985361e-01 3.706791938819883458e-03 1.614689264685810856e-04 1.263106622018509527e-05 4.440004054039112953e-06
3.645715015129551845e-02 5.007415228199327967e-02 2.114927063606620097e-02 2.921339611539779113e-03 2.285134903165143231e-03 7.840256020779649197e-05 4.872268119855874784e-05 5.056477089297545734e-05 2.895117265007403720e-04 2.039780011181247053e-03
3.261062884921251195e-03 2.932178900784235265e-02 1.852348366629490845e-03 1.134775011985058864e-04 3.966236860395974049e-05 5.964201115746402726e-05 3.776376984532179947e-05 6.454391763592947197e-04 1.538647072527097454e-02 1.276034748936206477e-02
1.104519731325851576e-05 2.655920960155743594e-06 5.232686793274429093e-06 9.063166909169721546e-05 2.573958186681220609e-04 3.025210018384799724e-03 2.602036040770526748e-01 3.137023945938866021e-02 1.152273330948798847e-03 4.220285596823070292e-04
5.845774062816863548e-10 5.158369076541382579e-10 5.757270804780063512e-09 1.784848852771471271e-06 4.800375782626727702e-04 2.988357538343051553e-02 3.043023619564684257e-01 1.738316461319857828e-02 4.604640255857772591e-05 9.163236817223290784e-08
1.867078099104007419e-05 5.168656600747906656e-06 8.135748185872468153e-06 5.412981391982016240e-05 5.933268862724009858e-04 2.396088833946209348e-02 2.750654872970168530e-01 9.775148072015018078e-03 3.223967195400374917e-04 1.263256856405875126e-04
4.249552377385510185e-03 2.371643489712723166e-03 1.244438586544545366e-02 2.081267153193105696e-03 3.552801942186061771e-03 5.850276714619270834e-04 1.910462909629100699e-04 3.019635889688845496e-04 7.486097087906499938e-04 1.744719030800102877e-02
2.628363392223045589e-03 1.197995811535351451e-01 3.381277450576910398e-02 2.012554404014817860e-02 1.001055654175551880e-03 4.012335207488754298e-05 1.369528880400348556e-06 7.935161843546993370e-07 1.763760097764152196e-06 8.607077793792976695e-05
4.579722782088654735e-03 1.619882607522065429e-03 8.096541734597341358e-04 5.789074250534401774e-04 1.685545984631585132e-03 8.259617110596739796e-04 1.698314074693421617e-03 3.745634148097326359e-03 7.995575500616023887e-03 4.747610410003216125e-02
2.608566163488171621e-02 1.889278975763582571e-02 3.030187439123152170e-04 2.854410996800650242e-05 4.592294081943085042e-05 4.011000812829835840e-06 1.696560446747638916e-05 9.534785298468668015e-04 1.395097935856287955e-03 1.190868703894646941e-01
3.562758785252982175e-04 4.988027324307441735e-05 2.655830184862475481e-05 3.369825398196573383e-04 9.675898048627125381e-03 3.945655775517851495e-03 2.027337636531503871e-03 4.102474408835041393e-03 5.053988987500206316e-03 6.836593982569637816e-03
3.834531952292194026e-08 1.960161596905752570e-06 1.400441114954865116e-04 3.665934414815087000e-02 1.520581152870411901e-01 2.014569958881745615e-02 3.053774575111753344e-03 4.808080177410754222e-04 9.336028710878353917e-06 2.317903020444496652e-07
3.328410019469322601e-04 3.890571078860247545e-03 3.351693189533717053e-03 8.285459265931395187e-03 2.374291169712990784e-03 2.960924620352676975e-03 1.473604288475469613e-02 5.901291252072086643e-03 1.525068857534602005e-03 6.307132944264919527e-04
5.160878522919475769e-02 1.852684339911996741e-02 5.048771571394899786e-03 8.122122322338462845e-05 4.528748861136450703e-06 2.710294070917069865e-06 4.792818755491166276e-04 2.753737832036196910e-03 2.659748805328469249e-03 1.572169954530537941e-03
2.650523795077952212e-08 4.817067153821791971e-06 1.678047006029354969e-03 8.225423117606241175e-02 2.241353943430386686e-01 3.698731036754035386e-03 1.303499544478933446e-05 1.277355959141575155e-07 1.173162246795081524e-08 2.742204838011413506e-09
4.163872990495849288e-03 7.565660116658904852e-03 1.054070257568332919e-01 2.372317832074386651e-02 4.940806206503047361e-04 5.203094350360299949e-05 1.284905663634312730e-05 6.994474363509188749e-06 6.939513010010355085e-05 2.495000982407611680e-03
7.937039597115532700e-04 5.103776153789660016e-04 8.081832582998698528e-05 4.131327515191382895e-05 7.045618015128178461e-04 1.811565324992813961e-02 1.181298443895215447e-02 5.596937346107057343e-02 6.639719383683299198e-03 1.850608695353910633e-03
5.285944488209614706e-07 1.369881100182953454e-06 4.464105596612549380e-05 1.321610673421898946e-03 1.892964495694850549e-02 2.609076460125341890e-01 7.299594422766526175e-03 2.434198394655032877e-03 7.052679824686030360e-05 1.730535222698177351e-06
1.484296410532801730e-04 8.345056006173379518e-03 3.004920731007647283e-02 2.245277210946231353e-02 4.592705596421721437e-02 4.878837597358575383e-03 7.812113822156130534e-05 1.259010837077687600e-07 1.880998483764602743e-07 3.250092448974370528e-06
1.757554775839558631e-02 1.426485040235951792e-04 7.713347333410796560e-07 2.334063864295761437e-08 2.219657629698676874e-09 5.992006924256608775e-09 8.402766222730767843e-07 2.787983966171672461e-04 3.221298926882706221e-02 2.938348275227706252e-01
1.339303835544873762e-02 3.658700801721331830e-02 1.532262922071286372e-02 3.100889474817192844e-03 3.269716600275686131e-03 5.959497956059445385e-04 3.696779718390301537e-04 3.686796808783024274e-04 2.332919964484972929e-03 2.976445486420965444e-03
1.190047258567665175e-02 1.133965583652042349e-04 3.279438672393070203e-05 2.004868645961454827e-04 3.328015096926159079e-03 9.422845117954060153e-04 1.889269886842684419e-03 1.723688957146699268e-03 1.256799333937113142e-02 6.304443738750154652e-03
1.818883904927195476e-07 1.354970731242535570e-06 2.406922435040796782e-05 4.519633576001862857e-03 4.691427902243291981e-03 2.366089737768605206e-01 1.979721608375152250e-02 1.168918562479844296e-03 1.490063229579380714e-05 6.904366746593643662e-07
2.299036985578769803e-05 2.840583885590346972e-03 2.300933648730775494e-01 9.969225824453908924e-02 2.867764011965070396e-04 3.564606538531537668e-06 9.124246139751153851e-09 3.170803917262843573e-10 2.823172345995350862e-09 3.431531049322323211e-07
3.006302313901479221e-03 2.657386283606565612e-03 3.258683522671923169e-03 3.928371889309866796e-04 3.695189277755193285e-04 1.368868415422583350e-03 2.081607622087561227e-03 1.105857020103839447e-02 2.179303305870819787e-02 2.133671027374624621e-02
6.433258102365726744e-07 2.930459040881946934e-05 2.208855788675659522e-03 4.732567873930380170e-02 1.072038973730051192e-01 2.918720125135735623e-03 7.885652357470748254e-04 1.305699325150258289e-03 3.302342748063238654e-05 3.748544012888445099e-07
3.453503345247470640e-06 2.034199251120040530e-06 1.290843379500678328e-06 4.268627746292938455e-06 6.896687111549373449e-05 3.184639767664723849e-03 3.762178841566181787e-04 1.403885938537084320e-03 3.006718487958351393e-02 4.569751053860870993e-04
4.221164877190657853e-05 9.016484534074846371e-04 8.080226287855053627e-04 2.050757400449721400e-03 1.342734706057773474e-02 1.897805167052384751e-02 1.653407173430175570e-02 9.486339543775843680e-03 6.979944190488275406e-03 8.654077548509169111e-05
