7.238192087815249753e-02 5.409543083297609078e-02 1.177923127466905390e-01 4.883353133889348219e-02 7.516083117083853515e-02 6.469699100715535500e-02 1.567751318172367486e-02 4.608701524445296682e-02 9.349518386364245870e-02 1.005105537041395131e-01
1.552130755983843202e-01 1.783569623963559003e-01 1.105874895759441368e-01 5.718153753121816424e-02 4.421913427849723938e-02 7.583461126581736433e-02 7.721861500663192331e-03 7.368294039525509487e-02 5.783015221749723822e-02 2.894519723113005150e-02
2.509492860959417482e-01 3.280061095409540772e-02 5.232070877422222155e-02 5.088001356887079246e-02 2.396244480086454076e-02 1.209059975473459614e-01 1.048958127372429522e-01 4.126258321645081412e-02 1.430559089832166841e-01 1.928874203478252863e-02
1.203104819772821965e-01 6.715015198657636741e-02 5.130355000481513078e-02 3.484869456016406047e-02 1.704338242778654089e-01 6.849574881286032979e-02 6.875334333586698154e-02 2.672432844629288665e-02 3.181671556551436686e-02 8.258594773211609674e-02
4.437094740574616669e-02 7.352212934158012560e-03 7.899973649609957904e-02 1.400809774826579923e-01 5.505935985375896846e-02 1.050940810402364173e-01 6.593155361373220780e-02 8.544464953441986699e-02 2.229176091455984179e-02 1.318435872485441696e-01
7.015657017491375158e-02 1.711575894738323056e-01 2.559624581750773176e-02 2.252689968460575357e-02 2.371030132192711651e-02 1.027493482962891884e-02 1.987721117734455034e-01 6.366689910933673313e-02 1.273430092440613892e-01 9.428601224458904584e-02
5.422942835240551068e-02 1.487265820824503967e-02 8.522908259014244647e-02 8.019808143472811901e-02 7.417037214279746660e-02 5.461785086121253435e-02 6.503911633485126575e-02 1.247462929390503045e-01 5.281675940036800743e-02 8.225257296398695572e-02
1.054294976466056272e-01 6.258166383113195064e-02 1.662964365851948290e-01 3.686420274881367642e-02 5.206408690991699839e-02 3.660311632239417190e-02 8.230978996286401894e-02 6.105131999534004622e-02 2.236691910640674352e-02 9.131765478006356740e-02
6.697037173479418459e-02 3.176787020866744804e-02 1.146295005587076449e-01 3.253068170178213120e-02 1.116941557971289911e-01 2.196888352816375040e-02 1.440445193386867551e-01 6.674885356966961392e-02 1.472411165979066461e-01 3.644532359099725283e-02
2.525781026207103985e-01 2.758035245744849123e-02 9.199000217480823860e-02 4.871066895133290692e-02 4.874187713702324981e-02 1.058218678239754434e-01 3.305974985146115791e-02 6.884969972910839897e-02 6.636649732866822804e-02 4.403373959475882782e-02
6.999301410595457074e-02 5.419773378800660235e-02 5.234063245247973922e-02 5.032799437051112268e-02 4.340170186442085520e-02 1.510460988608697819e-01 6.978366080055467546e-02 9.761391699824890911e-02 5.754457254429918428e-02 4.351636364820472835e-02
5.983094816304699443e-02 1.019582936088154479e-01 6.256139862135103036e-02 2.235677013323314130e-02 8.803611062240854213e-02 3.391022034815942970e-02 1.379182335528126302e-01 7.479639493555760577e-02 8.334010365135439968e-02 4.370424603089693993e-02
1.292654578999657689e-01 2.746064698387961495e-02 8.895969906206304539e-03 9.003203278530301501e-02 4.889341064295487510e-02 8.817647551588884969e-02 6.573654528321459800e-02 1.470426108552716771e-01 5.667473598433139803e-02 7.470153603895408889e-02
4.184108235246893764e-02 2.383940130147498698e-02 5.966316440440506963e-02 6.784513994819077465e-02 1.172734267032627814e-01 5.952400217259173898e-02 9.674945039676378922e-02 1.017026217709411373e-01 4.465972949191100716e-02 7.442025668223692381e-02
1.150122780413469353e-01 6.851176195444649841e-02 1.389549459242296336e-01 3.616740212607494342e-02 3.669822546234429578e-02 4.974948641376925051e-02 5.132576995916502544e-02 1.370609552210384254e-02 1.005671308520869611e-01 1.001677059825926419e-01
2.335312715976651035e-02 2.332769721090060255e-01 2.585922204297309845e-02 9.053334287577213813e-02 7.267598177529227543e-02 3.856894251799484336e-02 1.268021019916927006e-01 3.807580975955595498e-02 9.633929959221544659e-02 5.373002615800533122e-02
1.120850366185941610e-01 4.399558895071303821e-02 1.024919034516669492e-01 2.670450512211881844e-02 8.509299428944049060e-02 5.382222191300223280e-02 1.512956711082093404e-02 9.309995657702214988e-02 7.737055128938519211e-02 8.992148609532556180e-02
7.862801737581545658e-02 1.233455224100656056e-01 1.208427280400787424e-02 4.876789183410731865e-02 1.429570776197160442e-01 6.251630421537365812e-02 2.388247662271331812e-02 1.039722170918059990e-01 4.503590531039020073e-02 8.766974350748080180e-02
6.139510371696846325e-02 2.455849482362466168e-02 1.579420913490614878e-02 1.441511650542767753e-01 5.987137909743733138e-02 9.783879406807997892e-02 7.805814788407713922e-02 8.171584924742504585e-02 5.641295792530510306e-02 9.752586701477646003e-02
1.180798294099070500e-01 8.294110981589700171e-02 3.112213282534625342e-02 4.750290018066458814e-02 2.582701409882007249e-02 1.038138177313712579e-01 1.132204726042654874e-01 2.567638504506223815e-02 2.032989598934664410e-01 3.721608458080152837e-02
3.853508099891416600e-02 6.002538475802495638e-02 6.043576797665674294e-02 1.742178674906421088e-01 5.107534846557110902e-02 6.296065540129140714e-02 5.774213142745818900e-02 3.118385440166683911e-02 1.715451639692989472e-01 4.245368030436907220e-02
1.080627813181824076e-01 3.078714409449957029e-02 1.549126083583578228e-02 1.881967261972398997e-01 4.452676257410504573e-02 4.502680928153460216e-02 1.841439358250114289e-01 3.192858121047461445e-02 1.449967374383020757e-01 4.236459714895749601e-02
2.424130462827855936e-02 2.363294373411908497e-02 7.676019821831388257e-02 5.428327469966574836e-02 3.157541091290930885e-02 1.066072780256148989e-01 1.207615023866470683e-01 1.060618961458657528e-01 6.680328946654812139e-02 9.812067034337515481e-02
2.155330245807419998e-02 1.405316662458867549e-01 3.809495097413968107e-02 5.383778900750449403e-02 1.418710850879497942e-01 8.173608465947067303e-02 4.011296334365344052e-02 7.455427347926146808e-02 3.204761055897152600e-02 1.460975709576995962e-01
6.731830674029098960e-02 3.883884150550225706e-02 7.924111919743836996e-02 1.201715385609197495e-01 1.772666459032108330e-02 2.615932854743651184e-02 1.792109486313809286e-01 1.159736284485332197e-01 5.868909790585756514e-02 5.032748370394324322e-02
3.921868288904547389e-02 1.531581009523222403e-01 6.746565042147732727e-02 6.988905653197087509e-02 7.806232496518826502e-02 6.793343959542019750e-02 4.342209342077969075e-02 4.320780660489293573e-02 5.483006130859138100e-02 7.641325774284436767e-02
5.207203168174798918e-02 5.227962417208771931e-03 1.222339233973462336e-01 5.329462009445168347e-02 1.893876477176399398e-01 5.668996705694521326e-02 2.028583878652371331e-01 3.643468026952808442e-02 1.157740538467610415e-02 8.266771508112209788e-02
3.214667837976409315e-02 5.687023410428221348e-02 1.663239013440867553e-01 3.237216226215691717e-02 2.088888235176739744e-02 7.414307019908504548e-02 5.391253499119105091e-02 1.279482028005665406e-01 8.258169202180803969e-02 8.149941190948063741e-02
4.184081082531113799e-02 8.326449750711972797e-02 5.726018072212157861e-02 1.318193248461703437e-01 8.757214458520509726e-02 3.196788080810346322e-02 4.973588704042520431e-02 1.058537476103822289e-01 3.884341865163020574e-02 7.219234267087772106e-02
6.347849136849233187e-02 9.085297830970687216e-02 9.166362284097337443e-02 1.040715425397423233e-01 1.053760896086257254e-01 4.566202452868783901e-02 1.123011948440349461e-01 1.161369683559407805e-02 4.318473490443774238e-02 3.416013371523449887e-02
9.088858057825227599e-02 1.668985187485578711e-02 6.501091803936213942e-02 1.654085872269631663e-01 9.013734483042462609e-02 6.472792516179334821e-02 5.756243466625361044e-02 1.207245322987435115e-01 2.531403814255613408e-02 3.954124771725357756e-02
9.928521336833637245e-02 2.840555454492094817e-02 6.971283800795133323e-02 6.337146866719103877e-02 9.910519622725479094e-02 7.390604121553429051e-02 5.329807393739587756e-02 3.045839394304106912e-02 4.503956639989114413e-02 1.320498828012614256e-01
9.228067181967886112e-02 6.067269547720582912e-02 1.369876767056265876e-01 3.870416206978832818e-02 1.752609289723601471e-01 5.446401315062746745e-02 1.051369781984707041e-01 5.739528975495816754e-02 2.322272227208209416e-02 1.690869631129651718e-02
2.746457124086790214e-01 2.257990172024920000e-02 2.533946545559084135e-02 6.721257218858740778e-02 2.481110989594073613e-02 5.560590458859677315e-02 1.917962474742177514e-01 4.315409647495632023e-02 5.915224355526892130e-02 1.041029185473368313e-01
1.606491105788306756e-02 7.832257050120480790e-02 9.325022622148124163e-02 8.467417830059789652e-02 9.171374165058150674e-02 2.226828333345499955e-02 1.264988135007991954e-01 3.803090609625724844e-02 8.252299011989563948e-02 7.339340868664952222e-02
7.368641685670497543e-02 1.381561421885316721e-01 5.575649501198822605e-02 1.370231150171627166e-01 3.496423213754659004e-02 7.379918234792819803e-03 3.648783036477701303e-02 2.510508962670615629e-01 8.236857630710020528e-02 1.294719074136628685e-02
1.348862284455733078e-02 2.405900546200718804e-01 6.975744260306090960e-02 7.088352364536956718e-02 2.013656315451587894e-02 2.670097249223003788e-02 1.786085195262797631e-01 7.346271898573361603e-02 7.422452563736040010e-02 5.862815231974826541e-02
8.954294405588392181e-02 7.705021073501711060e-02 2.303312139376555504e-02 1.219469008169720842e-01 3.323262634988204817e-02 7.087320990756426631e-02 9.613157586588212677e-02 1.574762691745935084e-01 4.646229755804969636e-02 2.310221798204566135e-02
7.049196565266660497e-02 8.387772404539425852e-02 1.325701027337118088e-01 6.302902345005562124e-02 1.049177004777323147e-01 4.246512281278108647e-02 5.343001241020879470e-03 3.451306048692191070e-02 6.814476002088687423e-02 1.115860718612004671e-01
8.906300662147194347e-02 9.293699068471548974e-02 5.517250359424063361e-02 1.009954598381637564e-01 3.241618827440556627e-02 6.070212554634308449e-02 5.910845666107192309e-02 1.067644794779325224e-03 1.017021766045000247e-01 1.031100538476001499e-01
7.019142032527422859e-02 3.115728056068743299e-02 1.680796633921227967e-01 2.221334618785162848e-02 1.600963669821598157e-01 7.741408724093140625e-02 1.930638764104835800e-02 1.202961247866803224e-01 1.031255303480353436e-01 3.804964996273034472e-02
2.832873061667388198e-02 3.943846890636082403e-02 4.564904285868318090e-02 1.483797451078723295e-01 1.085777832790541519e-01 1.082830238682939289e-01 7.867284610448260773e-02 4.015140481754873869e-02 4.467532275092944011e-02 6.239232072810317609e-02
3.630539123231018434e-02 6.953311946206969241e-02 1.684704069414229635e-02 1.749986654036556621e-01 5.435840640466037960e-02 2.099505885020283014e-01 2.033066864240220747e-02 1.031626240659917065e-01 6.241487050770283540e-02 7.751316155601552238e-02
6.972619599239297805e-02 8.965674346429161612e-02 3.673455834594403779e-02 2.029965878665443701e-01 2.575350523873054173e-02 1.140217812382774143e-01 5.117946694424992116e-02 4.837105379988397569e-02 5.110655177526118864e-02 6.320870156837730958e-02
1.194626792272225069e-01 6.842257567157418452e-02 1.210612894500563697e-01 8.094220792804818210e-02 1.071554570491511788e-01 1.047007920454630092e-01 6.103531144644238488e-02 1.027106553545112551e-02 1.145023533130264289e-02 3.526619331931947487e-02
3.998801918207593037e-03 1.052938668495969621e-01 1.287347012033634719e-01 1.265867006297751729e-01 3.538277175891680476e-02 1.330224832344407970e-01 9.047266234511182337e-02 5.404823678097856604e-02 5.541054793556414448e-02 3.171902440475532492e-02
5.517282696618792948e-02 3.967831066468990864e-02 1.265743262715508521e-01 3.697400046767732040e-02 7.630877395624625914e-02 2.246035003511453326e-02 6.306652168215018395e-02 2.259448678249726186e-02 2.486865054774689832e-01 1.546420129225989371e-01
1.951444902777597218e-02 2.058583367532308417e-01 8.503309529990700499e-02 4.729414513627241967e-02 2.989947651919434499e-02 2.371024872435735786e-01 2.617843904391762774e-02 7.329909025165494418e-02 5.429487521094625291e-02 7.327239365480121835e-02
2.164972106597036136e-02 1.850357645512599736e-01 3.673287328985117700e-02 4.965931821019905351e-02 1.550720446311353307e-01 6.322721873622282052e-02 4.140919641998704742e-02 5.819178002134011568e-02 7.281899129061561449e-02 7.296919602137069694e-02
4.473137380667696616e-02 1.988814828619716452e-02 1.671504477658400378e-01 8.143858098481537855e-02 8.849184953390494546e-02 2.248106246066174443e-02 1.069708462689866330e-01 6.987005308291241445e-02 4.824500885756326934e-02 9.411370139955894942e-02
9.069842850214762664e-02 9.229425217426567851e-02 5.380287176511748537e-02 8.905454372055468526e-02 1.926382398907095506e-01 6.375967989798254909e-02 2.322310359203746261e-02 3.138603479266446200e-02 2.837175235616529179e-02 7.140972597332118088e-02
1.442605889958211984e-01 5.399036466101818366e-02 1.782298920324932451e-02 7.697592557357663123e-02 4.662516494879034856e-02 1.254828484384516198e-02 1.365482709353895985e-01 6.040619328299387525e-02 7.873366843004819815e-02 9.796956368225324951e-02
3.370128596640947077e-02 1.137951369181226108e-02 8.797903378050786483e-02 7.239301787567739566e-02 1.438195827429211981e-01 6.209741064095629370e-02 1.560331475363396607e-02 6.342376145953824984e-02 1.017710949099885909e-01 1.270218423089291560e-01
8.594633131214488020e-02 9.551579227560946794e-02 5.381586562012488639e-02 8.970581966440226152e-02 2.175894691288415145e-02 1.797504807020405826e-02 1.805728418801013091e-01 4.913036245518797446e-02 4.933362845724355294e-02 1.062053602128052998e-01
2.271971587382674851e-01 5.256952679909761283e-02 1.305401923140041276e-01 3.577203281052017403e-02 3.348481021411182229e-02 7.597835121554793840e-03 3.767845809557869574e-02 1.009127433799654333e-01 5.784192042813521284e-02 1.214101034696419001e-01
4.522928370387843677e-02 3.130364592602038337e-02 6.299615133223283869e-02 8.048912162713650620e-02 1.215675833704986247e-01 7.841967320443644918e-02 7.525864033295220912e-02 5.600278797668236525e-02 3.090135614334431693e-02 9.769318762202451600e-02
1.083025149362081552e-01 7.547818377644814614e-02 5.798400950762691575e-02 1.332144421310375859e-01 5.568086042712044881e-02 8.820748920985019281e-02 1.495113858373995908e-01 1.193012977924658331e-02 1.160039426733056045e-02 6.939691995995515839e-02
9.531970702532804873e-02 4.110881467724340071e-02 6.379545611370943115e-02 9.126626140610615001e-02 4.831407094147531500e-02 8.057192923843306889e-03 6.112305068486897919e-02 1.130972261278984509e-01 4.917586541632901209e-02 1.405891275503474702e-01
1.943975357314863817e-01 7.575304627196863261e-02 1.372994276306031131e-02 2.725469713716379694e-01 3.696749279389264370e-02 2.541837070347874664e-02 4.342892289364513880e-02 1.442476496140031594e-01 9.467048829459850934e-02 1.945708619596567268e-02
1.298181913619363310e-02 9.059457565460926273e-03 5.125057029285827459e-02 8.426389943678019856e-02 1.157054195593489598e-01 8.287561293715257904e-02 1.633944181397264939e-02 1.852345274054446045e-01 1.007615206672047015e-01 2.177771762448208748e-01
1.871197299835340722e-01 7.050424829628405832e-02 6.726945416553094248e-02 1.160877633064776315e-01 1.906675288263977655e-02 1.044130311602950029e-01 5.598847791523282880e-02 7.765723154050832577e-02 7.883098331433842018e-03 4.008832100656965769e-02
5.675262943329069387e-02 2.619569509858074921e-02 1.451167569146334102e-01 6.592719940492915154e-02 7.925427324017571273e-02 5.795901048420640245e-02 6.294914576569592135e-02 7.248920651630527678e-02 5.546942375474375742e-02 6.969060520715719687e-02
1.368698298503492027e-02 5.427179498438920204e-03 8.463521581921946979e-02 8.107396680181247484e-02 6.455330294517297451e-02 1.302002811113477376e-01 1.094306276242504872e-01 6.997019507687701756e-02 1.079758776877650789e-01 6.130120550183142114e-02
1.230079043858050142e-01 4.517000714783380583e-02 2.014186654472822219e-02 1.352807613206988835e-01 8.239909120492310002e-02 3.744923365616797256e-02 5.522083599217090383e-02 3.881634550909359577e-02 1.177719054036551194e-01 6.677071937906783883e-02
6.568702865184546102e-02 5.240223327123310487e-02 1.402779232010055721e-01 9.703186583319903247e-02 1.268343751057798841e-02 1.458860587732546676e-01 1.307825048870440640e-02 2.626748913890604789e-02 2.050125207438524277e-01 8.071589914899449103e-02
5.813088416188365998e-02 1.148128601987798147e-01 1.115118780620289948e-02 6.496544788272433368e-02 4.495586287736524911e-02 2.596610829808134735e-01 8.361225698991682498e-02 1.127792443055351396e-01 3.444713974542865792e-02 2.267256895326426325e-02
1.338891391505946799e-02 4.340568759527452941e-02 6.576536927658020726e-02 9.186064983873358514e-02 1.373277363420983832e-01 1.109696052872770483e-01 4.793587610353701456e-02 6.108099555306471112e-02 9.526442609691358754e-02 4.330132841252390397e-02
9.219586021745149185e-02 1.963507535445831176e-02 1.510941699740651067e-01 4.403580777656496137e-02 1.832038183095455186e-02 5.942194756845857462e-02 6.628520103156086696e-02 8.074368583621475970e-02 1.261132069924106591e-01 6.793672067332445774e-02
9.630742756200119659e-02 5.705262268421049804e-02 3.453868677807107185e-02 2.426338423974359892e-02 7.651376926327496664e-02 1.344682523021182019e-01 4.370566005826278383e-02 7.818806509751514977e-02 1.432124346734203468e-01 3.933133200179828731e-02
8.120991195167354126e-02 1.126518518399891172e-01 7.859125771692894447e-02 2.734390169495693954e-02 5.718054710415378800e-02 5.923652664200725060e-02 3.712768501077367417e-02 4.991276931020900004e-02 8.775298002853143542e-02 8.139759571278930295e-02
3.647244463682294130e-02 7.115718944869840745e-02 1.359739714442154135e-01 5.131235227579234587e-02 5.197165721408099348e-02 1.406696548899126764e-01 3.687822270554124565e-02 3.453103856188819570e-02 1.791074607497426252e-01 3.020345678187209837e-02
7.345335015278574298e-02 8.699777547068297812e-02 6.783029944127554056e-02 4.524280804203858336e-02 6.375347476752168951e-02 2.073092370989343750e-02 5.785101333162856463e-02 8.555564320426391201e-02 7.071252404378411405e-02 1.006178052815800139e-01
5.768765672259260763e-02 6.960725533247713592e-02 9.857875657621403831e-02 5.690959248467850756e-02 1.579337777603654347e-01 4.550426338812791488e-02 7.125462658721459785e-02 1.261555318688084570e-01 2.742349742307468446e-02 1.870451636585017743e-02
7.921274175759362990e-02 5.497592993124977845e-02 6.872772098741927738e-02 1.283985413700741186e-02 7.912206135393796969e-02 3.138726440156344027e-02 1.586906220060240180e-01 2.673820393365485271e-01 3.050928825138339573e-02 6.678932296779856170e-02
5.615660568125886015e-02 1.327328511408005229e-01 1.003751274979279295e-01 6.884823826588398754e-02 1.883703964586223856e-02 9.719825493332616417e-02 5.033113538384917374e-02 3.381707358789469431e-02 2.096472482620936537e-02 1.630693825871649683e-01
6.264916419918080924e-03 1.295261128620421864e-01 8.999529783702203689e-02 2.707333962082352635e-02 2.076278365765741596e-01 7.594201791586266403e-02 1.210209059847842938e-01 3.275902045632837073e-02 2.217633759523775575e-02 1.414341990089200696e-01
6.816985303158851206e-02 1.165950261291885948e-01 2.009945070248116833e-02 1.061092806632987773e-02 3.140640585780080651e-01 2.130032617204898060e-02 1.404213751213526373e-01 5.924765210647497254e-02 1.382658031357054118e-01 3.697143833632712817e-02
4.837229169559299075e-02 1.564769869694388471e-01 3.263738679457980213e-02 8.729459547998941193e-02 9.147746144814683511e-02 2.666282607046079403e-02 5.459847028005497538e-02 6.487719690638896197e-02 4.478471407249239727e-02 1.239590173344520957e-01
7.938282827117620899e-02 2.823917989447215227e-02 1.302292451204845602e-01 1.135176378035985222e-02 2.089852162120307139e-02 4.997417305716525537e-02 9.810857001075405648e-02 8.837320375925590554e-02 1.445155561728160565e-01 9.798935603490219193e-02
4.597824085059807331e-01 1.496738581486054681e-02 4.307283704192271800e-02 1.013337452647074081e-02 5.474968961425019653e-02 1.153642032572364667e-01 9.058339936947316928e-02 2.737758735237275087e-02 1.738932512597362867e-01 2.917113153917652579e-02
3.286689008087798763e-02 1.089237567091295988e-01 3.002265435933679574e-02 1.158896886955785299e-01 8.173966852776499981e-02 5.904721014030237664e-02 5.584069924675439528e-02 1.099785830167609724e-01 1.412279432723080597e-01 1.559802314869766088e-02
2.161721465348831472e-02 7.371154061009968506e-02 8.725210775209574221e-02 4.850927558951246416e-02 2.465924810784647994e-02 1.708915027638101825e-01 2.077296393914531900e-02 6.626745430168681783e-02 2.672998122260544229e-01 6.844509023422214178e-02
8.994672542236152243e-03 1.189387782168097457e-01 9.253423215086264975e-02 4.941028206685173230e-02 1.658726165998229696e-01 1.332218296451620765e-01 3.553812679832453469e-02 2.109834005750559766e-02 1.766213018808622179e-02 2.211163668295833273e-01
8.855137056686761265e-02 7.207139225514060110e-02 4.387734530324043786e-02 4.271641461582366406e-02 3.852662961370173500e-02 6.785301387055944766e-02 6.679059073138744751e-02 1.063475859809632218e-01 1.561173986804588465e-02 2.673716030317286330e-01
1.393895357222815212e-01 6.632068315413372495e-02 1.035997495535363466e-01 3.678098637209055444e-02 3.819155396972297861e-02 2.305206425501866996e-01 3.364138063110271026e-02 6.691208150682681488e-02 4.528154325483998294e-02 2.910540151134124662e-02
4.896281899857780895e-02 1.455627879144112125e-01 1.015186494342629475e-01 8.557747063131922183e-02 6.100508134210828881e-02 1.708362026326841823e-02 2.053910111905649372e-01 4.907514377448174425e-02 2.289381515573007606e-02 3.632434593425052510e-02
1.439744076328978994e-02 8.821091014096928140e-02 1.592029657384431973e-01 1.559094591256112231e-02 5.447887264931990103e-02 3.752070612516526793e-02 1.031447722739442935e-01 9.318202967393014735e-02 5.275999126978011405e-02 1.921122281105491214e-01
8.778843842833941591e-02 8.585692076462345113e-02 9.530443156201108545e-02 1.450619564751298544e-02 4.853166490804659838e-02 7.017817927707305226e-02 1.008921462206291836e-01 6.802456466740966490e-02 5.959752468062632508e-02 4.934261701663290867e-02
1.355889853235600351e-01 5.737703305073413307e-02 7.602111590674114072e-02 3.806791377973153812e-02 5.898221335278988620e-02 1.570284671915102570e-01 1.695994632132410140e-01 1.831435445171387955e-02 3.316092888290945312e-02 3.882304797411519764e-02
4.422874917013711743e-02 8.541017241270625060e-02 1.780725185414497314e-02 3.295680746794724808e-02 9.740077782013717433e-02 9.255717753396763836e-02 4.608394293051086554e-02 1.232625166640647363e-01 6.738647622960905470e-02 1.056186684897421069e-01
4.355051412359671470e-02 2.821772036302905851e-01 4.801130173470537221e-02 1.790773326273199240e-01 1.602723891836306883e-02 6.598945578340509321e-02 8.306479088999849103e-02 4.614446470668405464e-02 3.568766517221562407e-02 4.644431294698074530e-02
4.664848982385500636e-02 1.395566233826463498e-01 2.097542559059862449e-02 4.424832020480821276e-02 1.016499111350835510e-01 9.072740009662193239e-02 9.801146719234457572e-02 6.147409654693523906e-02 7.843169649754197503e-02 2.585772217889120012e-02
1.637087514161722490e-02 3.645188837944823845e-02 2.073789895591058308e-01 6.301806843721033391e-02 8.246574114427590585e-02 7.843439937467090728e-02 1.055061479113208189e-01 3.529077159794369312e-02 4.224012367208108271e-02 8.277334776874235855e-02
8.479286893262871772e-02 1.945219984504189398e-02 8.408023938419617593e-02 5.158950090840004610e-02 6.288826237475514391e-02 1.017852318456830690e-01 1.919348323879438781e-02 6.491705693495393448e-02 1.033790876880985588e-01 1.027950852814282362e-01
1.289476369506037112e-01 1.658093634481199730e-01 5.525954173831413435e-02 4.691853421010067256e-03 1.291455976146777540e-01 3.753106908439741984e-02 7.735722070262449068e-02 1.934234564230196962e-01 5.807716326372006771e-03 4.119801839367481094e-02
1.237952508090588710e-01 6.173635907860389183e-02 1.110987672752649091e-01 4.810481783347497764e-02 5.485682772849512917e-02 7.065302402484338606e-02 2.524135014500713745e-02 2.660554819942402560e-02 6.079370652998099256e-02 1.194075715543977539e-01
6.319627393604242138e-02 7.713022069697400562e-02 4.091181619281811753e-03 1.184298250574857547e-01 6.112850579077516722e-02 1.098182254001955904e-01 5.883367717457554935e-02 6.237364233350393972e-02 6.986052482433807720e-02 7.372629578502271075e-02
1.240303230399027595e-01 3.313638539580976428e-02 1.111817959311913184e-01 3.895478819813849580e-02 4.143121422032775003e-02 1.279426959287591203e-01 5.591967092498199843e-02 6.139786570591021508e-02 1.307792265829244016e-01 2.362885706269714226e-02
2.370163578374534855e-02 1.890957859832565272e-02 4.822086049212963299e-02 1.061506733994756480e-01 4.636373497924511228e-02 4.599894159480705236e-02 2.595281162600890923e-01 3.770174592491630505e-02 1.181344188633520337e-01 1.154149109080943869e-01
1.588246006010673658e-02 6.982731029321551097e-02 5.094704981222655110e-02 4.520854630236543353e-02 2.067152272996486129e-01 7.732781994898125025e-03 5.070421387173632000e-02 2.344160713911774829e-01 4.897826374831157348e-02 1.439543378327754475e-01
