4.264247218848791210e-01 3.777420870668780628e-01 4.812686591860541041e-01 3.633939569850902496e-01 4.262229342171018898e-01 4.125470444957341498e-01 2.084455108170907289e-01 3.705119241730526758e-01 4.616130312923671930e-01 4.718301298817477729e-01
5.255487534059256616e-01 5.474875382270858459e-01 4.832243895457935534e-01 3.970035100574333398e-01 3.459162752291055076e-01 4.372025855869570155e-01 1.406963701268987288e-01 4.369018001186042999e-01 3.891857351326424852e-01 2.968330425695609454e-01
5.917116074395263325e-01 3.157158233317076124e-01 3.807870600497280655e-01 3.568849990037123998e-01 2.702984911951276104e-01 4.980567185090464810e-01 4.822056934048996046e-01 3.562016077635512534e-01 5.122890905967327768e-01 2.358489087059798539e-01
4.951970698196508924e-01 4.150332975853248119e-01 3.635140675032219604e-01 3.193752539361090492e-01 5.380516208697256886e-01 4.210088371791323447e-01 4.203022032840231792e-01 2.698843714041412878e-01 3.106936307718519696e-01 4.469396476468241453e-01
3.888503851331842620e-01 1.386760752248626105e-01 4.611162830199841967e-01 5.185619319281239425e-01 4.036939136678643347e-01 4.799049364040466892e-01 4.131061232094752622e-01 4.384223777351717311e-01 2.518308635354920000e-01 5.058371101418004390e-01
4.414717850499543239e-01 5.431145828694079469e-01 3.002641207201251494e-01 2.473901392038090064e-01 3.100729143444239666e-01 1.762002002844952342e-01 5.642848022173984068e-01 4.254594029287878665e-01 5.137740094420126802e-01 4.779680429395909425e-01
3.895133872695633048e-01 1.999629131233254808e-01 4.530440259513033308e-01 4.412604676129019410e-01 4.253524849904992688e-01 3.729468970370103387e-01 4.052425880193867846e-01 4.929631632465686919e-01 3.809424718282575784e-01 4.387716009211816148e-01
4.825048887690790989e-01 4.208321224070702971e-01 5.371838926356686805e-01 3.320352911002028007e-01 3.583150964563846519e-01 3.209996837212603649e-01 4.396731826375176455e-01 3.979128372809948022e-01 2.473091945642290901e-01 4.632338104275922630e-01
4.053998067335770061e-01 2.945969671514870325e-01 4.825988358655771693e-01 3.057136702122915661e-01 4.756325553909777071e-01 2.486762418197581426e-01 5.181643222700673679e-01 4.225019472507289264e-01 5.210049575672741629e-01 3.257106957382656098e-01
5.942115550672679714e-01 2.856250359242889503e-01 4.481369625835788795e-01 3.625266820578313398e-01 3.656465290941510182e-01 4.656511569659788075e-01 3.033451664293727590e-01 4.089054065662103277e-01 4.092725661633371814e-01 3.566789391479792126e-01
4.077139438650601022e-01 3.764620167063714717e-01 3.653123190704683498e-01 3.561560797675930035e-01 3.536649464758098160e-01 5.229299503253928005e-01 4.275955097169121255e-01 4.656277497153644696e-01 3.881505882194689616e-01 3.363868961375558464e-01
3.961048676581192529e-01 4.683827410518517365e-01 4.126585471127560689e-01 2.444671497789349390e-01 4.424452452562417371e-01 3.146563589089246271e-01 5.113184567186053187e-01 4.329796395702649736e-01 4.403363415153214167e-01 3.366506524289797353e-01
4.987159142235023657e-01 3.153505204578422316e-01 1.555147576802141107e-01 4.582156310955047829e-01 3.650011072223505737e-01 4.489445890126815830e-01 4.130280219322529645e-01 5.182802303030129565e-01 3.952087737207006790e-01 4.317404543519387516e-01
3.445106889876312639e-01 2.575711630634588967e-01 3.910979963601000642e-01 4.150557583791222305e-01 4.895023533777767555e-01 4.040323769769320061e-01 4.655745618536807906e-01 4.698607277733659604e-01 3.481408983117937339e-01 4.146534749161386313e-01
5.006201478078187161e-01 4.354794146763437679e-01 5.151205392936574201e-01 3.307154047879554692e-01 3.154283739554620825e-01 3.633862560410089371e-01 3.834695083829067208e-01 1.914639846299598935e-01 4.830154085381135332e-01 4.813009618867712391e-01
2.656757003124111671e-01 5.780569765048946262e-01 2.783908022619894784e-01 4.569764653805877264e-01 4.270329340704413501e-01 3.305042643633632204e-01 4.887027579485909712e-01 3.276622221931183576e-01 4.587756523966158850e-01 3.882222245679785577e-01
4.915635991652551606e-01 3.563814140604519842e-01 4.583893808815021620e-01 2.725419919737787078e-01 4.470776536644112675e-01 3.922979987219251674e-01 2.029076668157089314e-01 4.649912058540294213e-01 4.460129876151782691e-01 4.678361012477574299e-01
4.441062910532648234e-01 5.027075737501851549e-01 1.742822166138054962e-01 4.041211042148725174e-01 5.187577264818670209e-01 4.252579001714129059e-01 2.510266948757455818e-01 4.627896860592761730e-01 3.555561810338564444e-01 4.613946257457207656e-01
3.946803775249950186e-01 2.830671299314078126e-01 2.181462463860980305e-01 5.150967603746320345e-01 4.039023759877075070e-01 4.696773701456651851e-01 4.364390285210700826e-01 4.379786840285374572e-01 3.828592554081428068e-01 4.581527716917457860e-01
4.924355703423699548e-01 4.471852129582118973e-01 3.003650930464135671e-01 3.482148117208609950e-01 2.783633770845911348e-01 4.760862952434364304e-01 4.880638138506730450e-01 2.774516043185727976e-01 5.583584370904605132e-01 3.334757843444128289e-01
3.197410752750661223e-01 3.869442118115636875e-01 4.028437094183053846e-01 5.415943386626220768e-01 3.805382489352377440e-01 3.951768167666903642e-01 3.789916063521438505e-01 3.042914577298174161e-01 5.355852472955575649e-01 3.542932877529966218e-01
4.736956161954153921e-01 3.097298096468051321e-01 2.227756522988838528e-01 5.490260773223665236e-01 3.662236093202573817e-01 3.676753416356522419e-01 5.468134111980212930e-01 3.065410434455311250e-01 5.109292315456854805e-01 3.465902073913880721e-01
2.654247633440744991e-01 2.732476492722694661e-01 4.250566295016331986e-01 3.740494164801301258e-01 3.005762325778861266e-01 4.823251845450590714e-01 5.011819305709599437e-01 4.872506282562217295e-01 4.246760638302659596e-01 4.662115016215035990e-01
2.481657896142267783e-01 5.057099218635617843e-01 3.290572214496372272e-01 3.928243940916702481e-01 5.139175104159937613e-01 4.452679925673367345e-01 3.276199086791819481e-01 4.189609743393089003e-01 3.047120436362856788e-01 5.137642433427944688e-01
3.943523861555132681e-01 3.307577817911885321e-01 4.416502944520679375e-01 4.937455466287886119e-01 2.312519073336520015e-01 3.049176051886949290e-01 5.473926678616646280e-01 4.915533397917432046e-01 4.024085356927485924e-01 3.619699351039328272e-01
3.331736930343427994e-01 5.216638606623035246e-01 4.157531002393800579e-01 4.185759023494034503e-01 4.291641675754436225e-01 4.079506233996103015e-01 3.358810608900280603e-01 3.414422990711521999e-01 3.747892625776712006e-01 4.216060302006581217e-01
4.144265588296155989e-01 1.134996966503130644e-01 5.076114290800040063e-01 4.077208430822869545e-01 5.625525651079746892e-01 4.208958932116704243e-01 5.688943433188946575e-01 3.744084559092232256e-01 1.808394871386389824e-01 4.491507276713765373e-01
2.907724261115737785e-01 3.990378199659999625e-01 5.335750323937642481e-01 3.337170296161514060e-01 2.364464988619505714e-01 4.247987962305628251e-01 3.886236517692800430e-01 5.052894118069239937e-01 4.486632598487066970e-01 4.390760733950801464e-01
3.320682681523837720e-01 4.380116362194869106e-01 3.963955294352120573e-01 5.061835500884424022e-01 4.534286677053105397e-01 2.989791859201619828e-01 3.650474825201893703e-01 4.698806290470032287e-01 3.294001204291325258e-01 4.106049304826798196e-01
4.060726951361318671e-01 4.614864806235725037e-01 4.700583499916612951e-01 4.850606720083978640e-01 4.858081090399238855e-01 3.670287182032842543e-01 4.813512168697853255e-01 1.736088731144180275e-01 3.764249902984779794e-01 2.930998947143491629e-01
4.493252513239750501e-01 2.118867090915735329e-01 4.310387230655997604e-01 5.393505125964512814e-01 4.620024177177471381e-01 4.177987018628356308e-01 3.910051741986387275e-01 4.847770749121973477e-01 2.698794195636619597e-01 3.429360156673206816e-01
4.732385986931033628e-01 2.802679018295288760e-01 4.076263523087345630e-01 4.047394923153713742e-01 4.696523240226636586e-01 4.290803315934691442e-01 3.775700061566343857e-01 2.806756351438138841e-01 3.706113157894221910e-01 5.065380421472602812e-01
4.579151366093741071e-01 4.022485321476454989e-01 5.091016453746812775e-01 3.389342311734824809e-01 5.415034565902554498e-01 3.905894803550249428e-01 4.730914235593707273e-01 3.886836927120382867e-01 2.794335500988606724e-01 2.184988513792650577e-01
6.100247929730608920e-01 2.798754732586458127e-01 2.738976727925747090e-01 4.042001838454710727e-01 2.621399475717001160e-01 3.983017618554782202e-01 5.532249268296295375e-01 3.511747239433994361e-01 3.958403355721343830e-01 4.713201813579119270e-01
2.082034768658393431e-01 4.470283044445765297e-01 4.702558324158558900e-01 4.590174746284906293e-01 4.662105202212317723e-01 2.489888679484531520e-01 4.875751372252131732e-01 3.348018878535101717e-01 4.475587740374626922e-01 4.303597243593659805e-01
4.455497311565400076e-01 5.143690953315249725e-01 4.095181600278247069e-01 5.129773217288744469e-01 3.611565440734769705e-01 1.402698463889094915e-01 3.759422788283400263e-01 5.973263601085001540e-01 4.642540921174773683e-01 1.786365702385412091e-01
2.002211054552975322e-01 5.896995537853496616e-01 4.225831048194765294e-01 4.312329613382893667e-01 2.336919486910459254e-01 3.099708527892673926e-01 5.462625718322348112e-01 4.363601826745061030e-01 4.306259244870099812e-01 3.993517941275299132e-01
4.521732498081719731e-01 4.392206967819339836e-01 2.565477437813170059e-01 4.814866645723252514e-01 3.064792599574568399e-01 4.317370550320985823e-01 4.700270053261765835e-01 5.314284870622483226e-01 3.769377651286179853e-01 2.539620725496613551e-01
4.266438959097703654e-01 4.515354132868689696e-01 5.092224793803200589e-01 4.145024315378417201e-01 4.737260474970400592e-01 3.735184294364140567e-01 1.239736834013388245e-01 3.374201293584040418e-01 4.086739612473718752e-01 4.807835289446313887e-01
4.773248421319402635e-01 4.775252392087291908e-01 3.965341600148056256e-01 4.604337761653244931e-01 2.981190727649535299e-01 3.996256557090263062e-01 4.411074198578588956e-01 4.672185068941295261e-02 5.089246055359838428e-01 4.936833779219662044e-01
4.106710472574890414e-01 2.996224976961959774e-01 5.303616894173357466e-01 2.602665719013239620e-01 5.310319393568142532e-01 4.421073177791803310e-01 2.358837208097918914e-01 4.912873338317728100e-01 4.722327671718242192e-01 3.265351147782705188e-01
2.835085218332369372e-01 3.257759682946752555e-01 3.696479711796826217e-01 5.254252989645817884e-01 4.920508972965328409e-01 4.891413717884032231e-01 4.438087444905852164e-01 3.311894427844505606e-01 3.397591512090958332e-01 3.996926321587617181e-01
3.103432154176502533e-01 4.191755862508471653e-01 2.192118964275045490e-01 5.425963201713119854e-01 3.916757624443215069e-01 5.673765347750683308e-01 2.440628996236986481e-01 4.715809245571471742e-01 4.020583468776804947e-01 4.319185134547752214e-01
4.171921086623322505e-01 4.537327841631739744e-01 3.269106234305092507e-01 5.578319634749779876e-01 2.736358134803509312e-01 4.821485180112827784e-01 3.738487783974232537e-01 3.594874141726165928e-01 3.553475763614069582e-01 3.998644198459192500e-01
4.928359876305995479e-01 4.326286470908620174e-01 5.051773066152973612e-01 4.591376452012885245e-01 4.925277188452367172e-01 4.838955145574524996e-01 4.188999356243595096e-01 1.695404008756869474e-01 2.219491436180490163e-01 3.234076999411605868e-01
9.753998780883543773e-02 4.982992488342129489e-01 5.099761207721957845e-01 5.049700309903499829e-01 3.357315978213031293e-01 5.067771341207303326e-01 4.579411393651658946e-01 3.779493655767759974e-01 3.636032430926190995e-01 3.472121316178141681e-01
3.929359610145035653e-01 3.313362873749204907e-01 4.904540355995472556e-01 3.214888495899469456e-01 4.313189169402695811e-01 2.422094846483573150e-01 4.097426297811851414e-01 2.629449225330307005e-01 5.932615257807529741e-01 5.243073867374948849e-01
2.371556186855709458e-01 5.650567422212233737e-01 4.449384639805700203e-01 3.748892376904275903e-01 2.945817295119843582e-01 5.812557777441637041e-01 2.755877998361693781e-01 4.270796436237190852e-01 3.763205342050822688e-01 4.231344525010965474e-01
2.474052631203371433e-01 5.431398080516988136e-01 3.285876526413404330e-01 3.840738428411456518e-01 5.248100635051342611e-01 4.095443759383546878e-01 3.254715393703443427e-01 3.867137645324406625e-01 4.221175402428097856e-01 4.281361497563953566e-01
3.567020857536356004e-01 2.462745774336303484e-01 5.376239239825192362e-01 4.466684260292498321e-01 4.568706387244269584e-01 2.463811750349053642e-01 4.730278037352751985e-01 4.181903853369578483e-01 3.672154277301812320e-01 4.510455562392170492e-01
4.545907976596702538e-01 4.578261033925268286e-01 3.874422934477286251e-01 4.572277785080637313e-01 5.577333237567843049e-01 4.190977008592583486e-01 2.524845728269246026e-01 3.163331716863589937e-01 2.774191982613608554e-01 4.198450596013288405e-01
5.237239042400534395e-01 4.073156689528456553e-01 2.204489918626201805e-01 4.301682047724231794e-01 3.787664469905101527e-01 1.856693969930675869e-01 5.097370261425371307e-01 4.106381654902814815e-01 4.546837826296586949e-01 4.788484119260037475e-01
3.489362314170043611e-01 1.792118693296660126e-01 4.662591117099252891e-01 4.436254682818483452e-01 5.247532450193242992e-01 4.292271796426063712e-01 2.033604016290902761e-01 4.187400051402990764e-01 4.799286561360233683e-01 5.059578316942100473e-01
4.523018330856261038e-01 4.649442210478150761e-01 3.805301080974727301e-01 4.444827851912639405e-01 2.567568546265734941e-01 2.448697907803748797e-01 5.417324553819536925e-01 3.697718517066655997e-01 3.692268525600307383e-01 4.753832475222273257e-01
5.836125681417189126e-01 3.946737137406890472e-01 5.030197505292247628e-01 3.140270447087399330e-01 3.366815585434033142e-01 1.475892038321115762e-01 3.493216116813565586e-01 4.675915264578830444e-01 4.051931632857696530e-01 4.982898590790931781e-01
3.587102273276845388e-01 2.887999698748457966e-01 4.019174875474446074e-01 4.451893458154558281e-01 5.004021240301342877e-01 4.450226567480568551e-01 4.295625916542845646e-01 3.779648647779499937e-01 2.926917729724732298e-01 4.597389592516698542e-01
4.784875365487116783e-01 4.322305473945759480e-01 3.943023081901920190e-01 5.043653194298163278e-01 3.960398200433730143e-01 4.546690316164100909e-01 5.211444029766696406e-01 2.019536646590263107e-01 1.913978552796395949e-01 4.254095138615862082e-01
4.632898247653681745e-01 3.297394943064043127e-01 4.010226181338236717e-01 4.532675900413236647e-01 3.935532983757131786e-01 1.431764409500065061e-01 4.271369780357033852e-01 4.895818119769811405e-01 3.855862457317504322e-01 5.136456976829291143e-01
5.558159554136818947e-01 4.441917275966806300e-01 2.038214851343653766e-01 6.063613885061363007e-01 3.413938304659864809e-01 2.677459992543604339e-01 3.584364451057083789e-01 5.159760926134008274e-01 4.661301988004008523e-01 2.401268771092835430e-01
2.228353634430699226e-01 1.775821451411074003e-01 3.867051854644807385e-01 4.530046865650163568e-01 4.945004214833553791e-01 4.567855007841764570e-01 2.165475446644836710e-01 5.491614206827224454e-01 4.711805350390716463e-01 5.716971967325195081e-01
5.570315055734835763e-01 4.440676219136997505e-01 4.243656285842584142e-01 4.893968189049165418e-01 2.219189067727475873e-01 4.760994427265823892e-01 3.971591811698407248e-01 4.584125191326487991e-01 1.343804162847736516e-01 3.971679589370603058e-01
3.823863200168569620e-01 2.742663658749694422e-01 5.147309996473761196e-01 4.140681414758498047e-01 4.346085849753700825e-01 3.837231088449228888e-01 3.935216394939938800e-01 4.126594336672047003e-01 3.798412140774876100e-01 4.101941919259669556e-01
2.239146861535369903e-01 1.234266495897627103e-01 4.584004884475691988e-01 4.485161175807783063e-01 4.283250949600567736e-01 5.116043864328108093e-01 4.915820115861348483e-01 4.354075616766369117e-01 4.798044348990325170e-01 3.990185686736803516e-01
4.970649987505568745e-01 3.664503809501679643e-01 2.419359985745758723e-01 5.082139487456092120e-01 4.463134487412697693e-01 3.271764846978321706e-01 3.659469969760578700e-01 3.321552388631422437e-01 4.910393284024836547e-01 4.237031752983050903e-01
4.085331934937597165e-01 3.822312380956659483e-01 5.145005009712844135e-01 4.770662937652273561e-01 1.856639424741894084e-01 5.162760755552066039e-01 1.988255218889972142e-01 3.121970887856109211e-01 5.639944888405963308e-01 4.407116561294617818e-01
4.067838285734555193e-01 4.939303562323994479e-01 1.702877595460979276e-01 4.216282159551393294e-01 3.674221602929172992e-01 6.043954644719393698e-01 4.584202357458045940e-01 4.897835814389774334e-01 3.275355925739820706e-01 2.598128051692876195e-01
1.958282021842329967e-01 3.543090324983227402e-01 4.121264977459200840e-01 4.647840612116526104e-01 5.159957292270419549e-01 4.859202312081084552e-01 3.648811548236600144e-01 3.913875416777149452e-01 4.527975473590737376e-01 3.619700020642758753e-01
4.570359446356256905e-01 2.326295726892302906e-01 5.198744217993712669e-01 3.717259027189460663e-01 2.322490616649653949e-01 3.883565149604106814e-01 4.154899958600477561e-01 4.510409326985544975e-01 5.065800735556235113e-01 4.250175794172285082e-01
4.556583906398345984e-01 3.851356725462107278e-01 3.176564072699018526e-01 2.606996052194450186e-01 4.368487538266512260e-01 5.053382986240381181e-01 3.571809856214916978e-01 4.347021778891061450e-01 5.126624090145818213e-01 3.341172993487351861e-01
4.508759783643720431e-01 4.884954455534390450e-01 4.415307100530697637e-01 2.710149474866327401e-01 3.842934941891406053e-01 3.899300755762234449e-01 3.159575458343869547e-01 3.614807408236818675e-01 4.496323474495505512e-01 4.467887146695027067e-01
3.177030640342883849e-01 4.223031752809124351e-01 5.065066869437793162e-01 3.784830575031627453e-01 3.743685652091652827e-01 5.056508423472902969e-01 3.275071127132380688e-01 3.239412177157375838e-01 5.403627636614789509e-01 3.031735145909454920e-01
4.284409035757225093e-01 4.458765314633703625e-01 4.083246246096887688e-01 3.448738538030822198e-01 4.020047545591648452e-01 2.377281422232869479e-01 3.930637428873434702e-01 4.449539937615559770e-01 4.245294236212523997e-01 4.702040294955314170e-01
3.923526429977550745e-01 4.160889412725865544e-01 4.656191763255076443e-01 3.930070718271546082e-01 5.254453674122345763e-01 3.597488895976339585e-01 4.235143935473665300e-01 4.947868257118567814e-01 3.004164734908111867e-01 2.290202178170944736e-01
4.296628047799947447e-01 3.806542598101255725e-01 4.219001411875172858e-01 1.823502972291131674e-01 4.407710589602412132e-01 3.037088713628162684e-01 5.260088867729484363e-01 6.046475012820160533e-01 3.039436419105219223e-01 4.063525367047056136e-01
4.069578584556002854e-01 5.162723364121470926e-01 4.787861297646740510e-01 4.333635109038287969e-01 2.204015380575223282e-01 4.615770131925097108e-01 3.729537250665840298e-01 3.227556923923615706e-01 2.524547116871992403e-01 5.344774840675682315e-01
1.234315627712839203e-01 5.142975262606016562e-01 4.648565701732049193e-01 3.001354754221414733e-01 5.660550806478550356e-01 4.379363883953803493e-01 4.916177795079573754e-01 3.195060289708869239e-01 2.656485169931638302e-01 5.165150708575307892e-01
4.147753600310785105e-01 4.801851748026111366e-01 2.687572620415141778e-01 1.881212890461990139e-01 6.313792056314606604e-01 2.543137291975556269e-01 5.167047112517093588e-01 4.062432897917532815e-01 5.106245050395287199e-01 3.288954731665910125e-01
3.673859153821685819e-01 5.217544152511968125e-01 3.087853432003649923e-01 4.514039621776391176e-01 4.557369690803305673e-01 2.768886813729579677e-01 3.716057786659070494e-01 4.018075009461433145e-01 3.527695026425662350e-01 4.918619312807182009e-01
4.508461559362225701e-01 2.840334454691039179e-01 4.955417812313527848e-01 1.853044843490988525e-01 2.662924894312098667e-01 3.720231613846695096e-01 4.726335324751050337e-01 4.682914391898844175e-01 5.275144650683253333e-01 4.775190454650242167e-01
7.160569250901905880e-01 2.090497782728817922e-01 4.183252387618007773e-01 1.487629849871338616e-01 4.257752026543361601e-01 4.953645368698311735e-01 4.736338549815352073e-01 2.879349424477041230e-01 5.342756159860641008e-01 2.908209199485258800e-01
3.198384945640719845e-01 4.713199516163414371e-01 2.924608555680456856e-01 4.846564681297620969e-01 4.390295118678131381e-01 3.898734780077839912e-01 3.869962517406654312e-01 4.814610141986077618e-01 5.153187558925040879e-01 2.190452184143967806e-01
2.390015127997229261e-01 4.279112349529800019e-01 4.461398737887471433e-01 3.777437775339829162e-01 2.663059989432668972e-01 5.305054254371531774e-01 2.480696507186113120e-01 4.272571521762933422e-01 6.069237803645665119e-01 4.301415932846746060e-01
1.535706995886066129e-01 5.056117592924280757e-01 4.703987021541344848e-01 3.994478660985980034e-01 5.400094362783711688e-01 5.111465317063011993e-01 3.309196612987442276e-01 2.671569872364634168e-01 2.491014991274579926e-01 5.726368572188942352e-01
4.500056568990766781e-01 4.231922294628154280e-01 3.436498424671330376e-01 3.415095953314184474e-01 3.174116708341273574e-01 4.145064648206534530e-01 4.144059635651434204e-01 4.775949653210960211e-01 2.123341964054765163e-01 6.053894148930663022e-01
5.103119623978198405e-01 4.172840251178526194e-01 4.698112559513120123e-01 3.228327954144568634e-01 3.395946771120261221e-01 5.788089318272215955e-01 3.157464976536007439e-01 4.049319603469873075e-01 3.466530576521359985e-01 2.940248365265895059e-01
3.815621848431064445e-01 5.236169923977977980e-01 4.833983114871577835e-01 4.563779549086305343e-01 4.100263587033063928e-01 2.203041608180690836e-01 5.628346395532122237e-01 3.805200689450656815e-01 2.707865981133913413e-01 3.105727302302586645e-01
2.015604578119109536e-01 4.637584265293408503e-01 5.317684705454532867e-01 2.189988211152731901e-01 3.726483702112917684e-01 3.277590973528153873e-01 4.759285633576216812e-01 4.671636515247703514e-01 3.877977235366943942e-01 5.526164180148230853e-01
4.545533139813863199e-01 4.551333515820721320e-01 4.718738609573978060e-01 1.973511771447558072e-01 3.757371317131328325e-01 4.210971169469306385e-01 4.698697087595561372e-01 4.116368191370939345e-01 3.831716787977330063e-01 3.595758409799358346e-01
5.055816818353371378e-01 3.910718692082236214e-01 4.197727761754946330e-01 3.187269613742338414e-01 4.048720512413360173e-01 5.287300793278288946e-01 5.396602957489108343e-01 2.410670970834886129e-01 3.148936073088065002e-01 3.356235806963372426e-01
3.493148412815808013e-01 4.437463741452108978e-01 2.213221555962268106e-01 3.250625546779152275e-01 4.617441051300718580e-01 4.573249543547656670e-01 3.593910700897819388e-01 4.928833867312043537e-01 4.158012729443609778e-01 4.734092850488780813e-01
3.616125347886869346e-01 6.164942358088860708e-01 3.784519129566586981e-01 5.441176054485857838e-01 2.119553430022156348e-01 4.190974290922702683e-01 4.420356176437519324e-01 3.639627231345583525e-01 2.990869194767843409e-01 3.631856786476051480e-01
3.750011757442802685e-01 5.093665501304850407e-01 2.485919981201646367e-01 3.584212029765399543e-01 4.740523107374219336e-01 4.648507934716751278e-01 4.738572902652243846e-01 4.043046028834849093e-01 4.254033183692208508e-01 2.661507573015083339e-01
2.133306251466713099e-01 3.545739065924163325e-01 5.671886800968179987e-01 4.126717261279918003e-01 4.475947045975979810e-01 4.369265637972548078e-01 4.713458291300510750e-01 3.131766042516154203e-01 3.437324984268010919e-01 4.394588618327884832e-01
4.605821236703404598e-01 2.315466859746133088e-01 4.342012551963488343e-01 3.786657529520355836e-01 4.089958345198891898e-01 4.658383692578331181e-01 2.276512221014067028e-01 4.252080322745515617e-01 4.833607275608738929e-01 4.839499964920970232e-01
5.138405960988000620e-01 5.470561011236847460e-01 4.418157781846277499e-01 1.074652243752027281e-01 5.066809986709558400e-01 3.552259145313146904e-01 4.422247603527876825e-01 5.612235364402369253e-01 1.264633762668008754e-01 3.980037139555830938e-01
5.038891374080918251e-01 4.139642532649746576e-01 4.806236317385800816e-01 3.598751559838784253e-01 3.725824419833593248e-01 4.120251072276136517e-01 2.776691998337988965e-01 2.736810319111087075e-01 4.085425417002195303e-01 4.971474989483831708e-01
4.119296576488065131e-01 4.585912739911179870e-01 9.553877779725267194e-02 5.076421011745692047e-01 4.199845808570282224e-01 4.876506546197101888e-01 3.967123924095574128e-01 3.924722816526027280e-01 4.051931878357393213e-01 4.242850920136161941e-01
4.885577650451980447e-01 3.100473977999129715e-01 4.767319688133953570e-01 3.274933203492594869e-01 3.443298647103031351e-01 4.952384189759127531e-01 3.930789345448546523e-01 4.052375896545609146e-01 5.013801617955691015e-01 2.579045783110317513e-01
2.803987487799204370e-01 2.357631457165955680e-01 3.719683107144772238e-01 4.682722511048491021e-01 3.555415980649826446e-01 3.635571016630538832e-01 5.996904420065162222e-01 3.416125683487151177e-01 4.942276468554710478e-01 4.889681867454183095e-01
2.136121512213550733e-01 4.111719953714296216e-01 3.800442747939951071e-01 3.662374860701346213e-01 5.638114286076163495e-01 1.429453946506738515e-01 4.202771983037428827e-01 5.894999848527907593e-01 3.920571886756846758e-01 5.203428974525742268e-01
