-1.120511689610343709e+01
-7.728621238122133086e+00
-1.003596733356166482e+01
-1.079571326111591212e+01
-1.005054385863842725e+01
-1.017898370981189871e+01
-9.339515527254938831e+00
-9.596968270434540926e+00
-1.068905764884929610e+01
-1.007965325663767686e+01
-9.926747312954624647e+00
-9.640223408105123681e+00
-7.803096572606628811e+00
-9.302248361275715638e+00
-1.093174138845582100e+01
-1.008697854559995122e+01
-9.113381323202466078e+00
-1.018771233521925978e+01
-9.898788788075130185e+00
-9.438008992579550949e+00
-8.354014918282825164e+00
-9.365151898046560675e+00
-8.746254223661608762e+00
-1.006598262543342237e+01
-1.043716449618102615e+01
-9.911435398974811406e+00
-7.301211896660263712e+00
-8.212986065640555111e+00
-7.835754097398146989e+00
-8.831083383802365461e+00
-1.005844327359226043e+01
-8.069285544443228986e+00
-9.100685347347212684e+00
-8.323756402164789847e+00
-9.471109585884752491e+00
-9.289897437129303270e+00
-8.937637596937248574e+00
-9.034734370993023234e+00
-1.006693288848101808e+01
-8.725377136135245237e+00
-1.069102388626676081e+01
-9.186943965045607285e+00
-1.117671572557456905e+01
-1.038629469644990344e+01
-1.055879842850337447e+01
-9.932840182937567874e+00
-9.678974576128476670e+00
-9.833188056678260125e+00
-1.051994663616547143e+01
-9.326485489444234389e+00
-1.003314365567293898e+01
-8.911408159791417205e+00
-9.366986230480000231e+00
-9.751635222197821307e+00
-1.032460155309493466e+01
-9.748193812384961632e+00
-9.219852331906206899e+00
-9.161180961753737861e+00
-1.035751269991735235e+01
-1.109932331793021199e+01
-1.017136381771431353e+01
-9.255197162743545647e+00
-1.031030529158204168e+01
-1.048143845183836120e+01
-9.661002856264058636e+00
-9.379822228486100144e+00
-9.896860468914569609e+00
-8.793650622688616636e+00
-9.178726942517139165e+00
-1.092845172970996082e+01
-1.063259393796121266e+01
-9.079742576976139290e+00
-1.091928629589308208e+01
-7.668195491797246355e+00
-1.045825137268625404e+01
-9.426918231430583717e+00
-8.399181371607612689e+00
-1.029016655474033293e+01
-1.111369448999609233e+01
-8.945493498811675437e+00
-9.412273460034583650e+00
-8.403583725997675558e+00
-8.937137575555640367e+00
-7.502105747703128991e+00
-1.040397521502202771e+01
-8.943559731864663576e+00
-9.720750261307069096e+00
-1.112758101889785856e+01
-8.445949838180792923e+00
-8.477056675470500124e+00
-9.119571900072147130e+00
-8.718250942065466802e+00
-9.242007712390114094e+00
-9.164070465625304251e+00
-1.062428433864619848e+01
-1.109242562331287907e+01
-9.474962117498643366e+00
-8.298314116927166140e+00
-1.011195023757703915e+01
-8.694617124977650491e+00
