-1.325354252202956751e+01
-9.263136794146838326e+00
-1.689055604872348937e+01
-9.707752382054561480e+00
-1.528773085512303354e+01
-1.015729196969711978e+01
-1.740917456523673224e+01
-9.428747751922571751e+00
-1.697168786269773477e+01
-1.173321646143176977e+01
-1.035320269349878330e+01
-7.113328565324589903e+00
-1.318096736104435607e+01
-9.621052828440419091e+00
-1.665102023167001732e+01
-1.232571673965543546e+01
-7.872644595471951945e+00
-1.350021039794758337e+01
-1.110858294828653037e+01
-1.477658120823011956e+01
-8.822335867967876055e+00
-1.540739039550316924e+01
-1.078546369441525776e+01
-1.439513306710629692e+01
-8.352487472876406471e+00
-1.008132652891437786e+01
-9.371851610817319767e+00
-1.004054763366294267e+01
-1.410879554452475837e+01
-1.226258292233222491e+01
-7.989703467071044507e+00
-5.163393990400968470e+00
-1.135728282047433702e+01
-8.838482524369899451e+00
-1.480692183266623552e+01
-1.249770857054924278e+01
-1.342356363781430773e+01
-1.359444390249335122e+01
-1.090204430592444673e+01
-1.176386143492786296e+01
-1.501190315319924018e+01
-1.541873288980607271e+01
-1.338847807271297974e+01
-1.295541151536826874e+01
-1.650831970729493392e+01
-1.254935502948178438e+01
-1.212985394041944076e+01
-1.487819863371279183e+01
-1.127898933261607972e+01
-6.543466813280763184e+00
-1.373059400767375315e+01
-1.624909535242432668e+01
-1.387089304644833909e+01
-1.677006672560204947e+01
-1.304705939980907736e+01
-1.003708549050255172e+01
-1.539750967652931024e+01
-1.312039223105709951e+01
-8.973714854982764777e+00
-1.764672483984292128e+01
-1.184983007229678798e+01
-1.466249606955073403e+01
-1.399306575637026917e+01
-1.194242260424820223e+01
-1.096046832392316972e+01
-1.110554985942092365e+01
-1.247039789632972706e+01
-1.110952232110703797e+01
-1.391017628051471888e+01
-1.250973966142140270e+01
-1.414479975480493046e+01
-1.517064288703003072e+01
-1.532102846698239773e+01
-8.939416771896320668e+00
-1.726686323941208556e+01
-1.437531023770323735e+01
-1.545493027269443331e+01
-9.135944527801495241e+00
-1.441484129568019767e+01
-1.406800759320641525e+01
-1.134604701319041453e+01
-6.751485822580306717e+00
-8.593286709475481899e+00
-7.807885904054007398e+00
-1.323113298260008541e+01
-1.052278887746193448e+01
-9.363036964762084580e+00
-7.505278419684879410e+00
-1.429522908923640756e+01
-9.891467006904413495e+00
-1.036384584167358547e+01
-1.024440268033561807e+01
-9.800158996806898060e+00
-1.424504117213636789e+01
-1.125258299770829318e+01
-1.279616000704243461e+01
-1.206187398404722089e+01
-1.033046010507846901e+01
-1.234433701617487422e+01
-1.406352478299713482e+01
