1.796975491911575740e-01 2.340511042046710191e-02 4.953307694633533043e-01 1.234030325470536066e-01 2.809527787964930523e-01 5.345889913266187871e-02 4.371147035294648681e-02 1.441884836426656491e-01 2.882462460536251367e-02 2.806705266294330370e-01
9.505717904210711500e-02 1.866322185800829703e-01 1.884751735625236901e-01 9.445315700311676665e-02 3.859324438043077593e-02 4.219536805627017162e-01 3.460050519779903772e-02 1.786100474481658040e-01 1.990088515427366200e-01 7.304413692744175790e-02
3.424037336079833321e-02 3.457123393091949826e-01 1.082288715606094659e-01 3.769070908069993009e-01 5.068469152778114911e-02 1.664553622678279984e-02 4.113392286940135700e-01 8.587148982033847300e-02 7.822839349214684435e-02 1.587403250507960495e-01
9.608619127316711528e-02 3.311262361806097676e-01 7.562961840907644895e-02 2.382376734738811952e-01 1.976601271754070965e-01 4.040181247563895406e-01 3.535496432203353440e-02 1.214293444833364384e-02 3.463449416959489546e-02 2.153229791430298079e-01
1.652285011041249585e-01 6.918015015481716184e-03 1.351640446983162214e-01 1.097014758498097153e-01 2.468922412950743384e-01 1.534178254804757224e-01 2.060623314841569242e-01 1.416834360092424638e-01 1.652043218062934915e-01 1.005687407520476501e-01
1.090402267401611655e-02 2.443476000398978609e-01 7.327597359991365467e-02 7.519255905957324126e-02 3.964982672027358990e-01 8.999352909837883552e-02 2.919589129497471847e-01 3.669384228081289806e-02 2.505089751307920110e-01 1.283016117340023965e-01
6.961202244522102234e-02 2.982367146862033302e-01 2.273038089274563300e-01 5.459418141488063536e-02 6.921937083246794409e-02 1.059118537940775262e-01 4.907763435241626615e-01 1.935664937422215404e-01 1.040129105157578115e-01 7.530990454441520432e-03
3.842234767421969788e-01 9.300712726140725195e-02 4.197408492783861328e-02 4.468336288360098829e-02 3.555884822312491700e-01 2.344967628020652728e-01 1.606914810104040636e-01 5.101238586581789691e-02 5.291750295075160065e-02 1.471652487866471903e-01
6.140272207587411657e-01 4.717057301942737674e-02 1.809169406186912910e-01 7.424094453432390772e-02 3.982308056385392425e-01 5.180183292582288268e-02 1.823196543544094300e-03 2.676076238842194782e-02 3.124425430157185546e-01 1.469765990480313145e-01
8.099988455493893624e-02 9.001660053778682766e-03 3.564053200424441292e-02 3.583467112282103795e-01 1.405310969657638520e-01 1.481401858164711483e-01 3.275930068328197775e-01 1.387276485460200715e-01 2.254746066168201446e-01 9.878953045177576997e-02
1.821959620909666955e-01 1.086667459767602928e-01 2.557707847740575691e-01 2.818143966647706361e-02 1.269526598160950481e-01 1.625970442829110518e-01 1.428187380184347821e-01 1.153876179381586181e-01 9.831514799368305801e-02 1.694868932135299433e-01
1.842230440923647017e-01 1.589145716893137494e-01 5.841867507976272744e-02 2.793175119263765008e-02 1.986732064595851666e-01 7.230850797375085182e-02 3.026160939766707747e-01 4.908642995504215040e-02 4.610054342426768148e-01 6.988680663670002180e-02
2.591772484390827969e-01 1.667056233425495138e-01 5.082040817956377798e-02 3.663491149558396887e-02 2.832517281602354720e-01 4.516844693987244752e-01 1.025754970440832387e-01 1.209163048731203872e-02 1.163614213126538816e-01 1.235374873623086844e-01
1.244983859877083765e-01 4.701652746536809646e-01 6.957353920989189922e-02 2.531310668609983439e-01 1.532787345850424553e-02 3.562931215392140666e-02 3.425892745924511429e-01 7.569060244664943538e-02 1.705979738894927988e-01 8.338217485258049566e-02
3.033687355644190675e-01 7.758362044729757989e-02 2.505954716847716424e-02 1.954632273929174102e-01 8.989901749032801204e-02 4.847249207716362168e-02 8.362847005106317788e-02 4.011029812969951203e-01 2.710340879146798110e-01 7.255882389576058522e-02
1.722708513980322764e-01 1.170438514864460267e-01 5.973562062429528530e-02 2.771421227185570380e-01 5.662383372963353256e-02 9.805977817124775231e-02 2.355963956826466754e-01 1.718332350272650660e-02 5.937979312445229585e-01 4.384065859715836899e-02
1.348541903343918325e-01 4.393158363625176976e-01 3.481162777791796947e-01 7.847034216067212686e-02 6.461323923966383331e-02 2.521213659888356662e-01 1.751648546066939330e-02 5.457214890338024649e-02 1.059186175420547549e-01 1.001030400673725840e-01
2.697152568216386603e-01 4.113981738923763731e-02 2.390066938310309030e-01 2.613687946565439527e-02 1.611916522667780627e-01 2.429458781085983565e-01 8.778523080808747769e-02 3.607889364153764045e-01 5.925802716193253467e-02 6.594139912297215800e-02
3.054623894843444369e-03 3.210999409991608343e-03 4.948631328579262134e-01 3.556277319947764859e-02 4.604144425532823437e-01 1.105141263721572814e-01 1.793614306976937245e-01 1.026927729451017346e-01 3.101073933366565449e-01 1.619959684379441434e-01
9.167621573832637760e-02 2.347533609587274250e-01 1.606854969541007469e-02 5.143250378763937203e-01 5.233949499404966926e-02 4.441339063466063219e-01 7.190189869247536059e-02 9.796804418756098476e-02 9.123895853912870890e-02 7.441853948745744129e-02
1.716658508329759955e-02 2.909809588167605598e-01 8.934412864236954133e-02 3.934500460775295916e-01 3.498331597063953496e-02 1.833588849044620606e-02 2.663698619812061019e-01 1.815306912597156042e-01 2.188415533805010971e-01 1.203288371121995354e-01
1.186432540391229307e-01 3.399173142012104076e-01 3.132258332081891417e-01 5.766041595005604037e-02 3.147246702367915150e-01 7.242216278087180992e-02 6.611271446228261794e-02 5.395763851736862238e-02 6.930722397887265074e-03 2.932121412412178052e-01
6.360725760903936099e-02 2.656816531339571963e-01 3.191912760004900207e-01 1.345695673912206125e-01 1.406276647826617821e-01 1.936230758270095220e-01 1.724558855329368784e-02 5.141042086753284668e-01 2.982364037589343292e-02 1.924864730781111755e-02
2.382098138120576636e-02 1.046453608103107558e-01 2.001914008305859527e-01 2.081978875184910954e-02 6.428078041715343804e-01 1.112422519846444427e-02 1.153398814147088558e-01 1.439064669586093970e-01 1.456442955275613071e-01 3.748183020020908751e-01
1.703250825838220905e-01 1.254495581131893633e-01 1.141032411508393317e-02 4.374988171760398892e-01 8.081919108450454081e-02 2.820855559741951568e-01 2.094381412827386046e-01 1.759275563789440555e-01 7.826791167929172954e-02 2.454245027133633572e-02
1.690409972774640501e-01 9.100060404334223141e-02 8.283388940670798062e-02 3.607811133526447889e-02 1.675040346221564891e-01 2.835874132426458583e-01 1.118893868134290259e-01 3.001965443057873495e-01 7.614720051190214389e-02 1.242459592816855946e-01
4.725222008990957456e-01 7.568524447260237265e-02 4.915100489836155551e-01 5.457469250312677739e-02 1.255411189856328602e-01 2.104851382605639754e-01 4.748325126902584736e-02 8.120932685930626338e-02 1.205783883428958453e-01 1.372893505512164623e-02
1.227762862921403519e-01 5.935888094887855487e-02 1.036513525124179436e-01 2.324055966632567471e-01 2.365320859823366317e-01 7.988922496922205851e-02 3.478807153282588438e-02 2.065240383661669232e-01 2.654408701167154105e-01 1.024558062313838391e-01
6.547778619032691705e-02 1.368975222900526423e-01 2.099739005119205804e-01 2.693855675015707773e-01 3.509862741446225648e-02 3.389142513794422135e-02 5.438952091899117158e-02 4.184207786244405480e-01 1.867959974248550523e-02 4.780368322176372642e-01
2.527732047736022114e-01 1.460577497521186596e-01 1.854264930003019646e-02 9.674146336638900223e-02 2.383974808125601530e-01 1.501671223969452962e-01 4.001108613312943096e-01 1.988354045920781021e-01 5.818487155369721220e-02 1.713791468381118538e-02
3.269216000893833685e-01 5.699786745057376647e-02 2.150347066845250676e-01 1.272248006692433264e-01 1.756624816818580515e-01 5.959746169881283140e-02 9.809056698971013732e-02 4.731177277944082632e-02 2.671201383569890564e-01 9.473580277853939358e-02
8.999819051694663008e-02 1.553477458260155986e-01 4.208700306541517944e-01 1.883977058522622386e-02 9.558475741158849182e-02 1.306115228417426832e-01 1.455250743607538755e-01 7.813316929767261110e-02 2.248381573951322709e-01 1.350066206658726842e-01
2.409823458582528166e-01 3.336047204160945134e-01 3.302027607266154741e-01 3.394898476805460058e-02 9.486622564133918856e-02 2.352194590834448262e-01 1.594981245343601584e-01 1.539101338172850220e-01 1.641064076925765475e-02 1.903308919976458985e-02
1.217741734096933620e-01 1.516429843782904352e-01 2.272489433359327349e-02 8.753084055946666608e-02 2.267077797911756232e-01 9.381122740336100829e-02 2.822795504508181508e-01 3.727808438106680611e-02 2.031575881337545908e-01 2.541599251931913606e-01
9.030369662736678626e-02 4.070523003114979166e-01 3.510009747579132672e-02 1.233864163439909178e-01 2.428307161040018369e-01 2.878727361942048923e-01 2.919721475212177023e-02 6.460042429217033311e-02 1.938112545575205459e-01 8.510365329953276103e-02
3.876685288280334873e-01 1.263240003715891402e-01 3.330210493157372276e-01 1.234612283015707190e-01 1.518195736588034972e-01 4.800667210216105069e-02 8.060076206150659783e-02 1.533001278391957489e-01 3.361568022843458570e-02 7.714028378412066123e-02
3.380398367290207706e-01 7.332185218505160584e-02 5.970019811355346123e-02 1.256702995093501585e-01 8.578796268393562574e-02 2.961704103009210262e-02 6.901477647042018049e-01 3.515342138896428159e-02 2.894129395772532809e-01 4.740718173128555951e-02
1.049692294297356193e-01 1.710522036296233117e-01 1.189419392332947828e-01 2.099831865066713321e-01 3.855834076488105500e-01 4.082675357502939945e-02 2.354366982194791222e-02 2.297351140275430068e-02 3.104094139672884389e-01 1.943795431191690515e-01
2.304805089057253287e-01 2.974405786344713754e-01 2.123480334227311958e-02 1.096733170924066303e-01 5.877317071834836648e-02 2.355658599062920161e-02 3.166121636609192658e-01 5.378186675604098438e-02 8.838465335590525718e-02 4.767079492344442615e-01
1.269121295463864207e-01 1.796581003797939613e-02 6.708498867243098407e-02 3.407914469216726805e-01 6.639561646358976832e-02 5.182468632807484682e-02 4.071575177277074742e-01 2.166560699012062274e-01 1.303845798563157792e-02 4.229711270147190061e-01
4.727578590759667909e-01 2.227130179395928056e-02 3.539139145031910960e-02 2.257906631486129023e-01 1.260659902815874644e-01 4.866389020800130916e-01 2.689791341144832579e-02 2.882086173916032501e-01 6.811143402868065355e-02 3.719340839754135125e-02
4.888373413271589890e-02 1.673041811710260229e-01 2.086288186110227816e-01 2.770080513353167379e-02 4.122877971854513324e-01 4.339086289339501995e-02 6.649069385788319853e-01 2.439144707084981226e-02 7.849033739479643890e-02 1.125386971459979846e-01
4.774677139573207940e-02 3.273570288505921466e-01 2.433824782778250609e-02 4.304389619652863042e-01 1.850781862320016180e-01 1.383960254481356733e-01 1.113426131691677839e-01 8.997633360305987149e-02 2.425552127251258405e-01 2.206560324795450029e-02
8.158884578488775907e-02 1.603716587824523254e-01 1.187767043044264392e-01 4.006458724899090162e-01 2.338758216471409010e-02 6.696528766501920471e-02 3.399090732348707400e-01 3.540298135701085841e-02 4.784769964846426471e-01 2.443733158011281506e-02
4.672514702454765717e-02 5.027484252088108008e-01 5.915403932921581634e-03 1.459475451216864228e-01 2.557263516909493717e-01 1.189105404938622240e-01 1.708828679402009387e-01 2.134864401294791006e-02 2.511034525114550497e-01 1.324407896119705053e-01
2.115413840605654544e-02 1.727125363021096011e-02 4.801378454873028723e-01 3.694066330599780068e-01 1.685582933927593507e-01 2.281771323731469903e-01 1.317639854085550788e-01 5.297361605288763986e-02 1.523351038776579180e-01 5.166069898905933239e-02
1.172358775869529746e-01 1.962247321253375587e-01 3.078266115672864123e-01 6.437761356098600785e-02 1.850728139178847709e-01 2.600119104779755053e-01 4.638673285843004923e-02 9.676505504108035005e-03 1.587091465717880290e-01 1.652177108307014419e-01
5.492715841983712710e-02 1.675760430023771203e-02 3.936108613879305551e-01 1.913378939558009195e-01 2.174601873337803359e-01 1.665925900969953410e-01 2.169196422065929053e-02 2.777860097566057229e-01 1.319507106658291719e-02 3.598752416311805646e-01
5.070651998259220056e-02 5.357882940807585925e-02 2.542259987091173845e-01 8.281394828066913905e-02 8.837339109021698225e-02 5.442882137054442376e-02 4.178245768935286431e-01 3.970998476294781976e-02 2.835300853395943954e-01 2.653387653868557461e-01
6.815699523639238977e-02 3.667468689562908279e-01 1.200275147301924777e-02 1.901561383490555923e-01 1.340319391565277241e-01 3.609750554564720992e-02 2.823595451952533586e-01 8.732640268794979177e-02 3.581897691515632531e-01 7.306718037454758286e-02
1.824551146122856404e-01 7.029167173460196261e-02 5.403778994962087773e-02 3.057978946542861953e-01 1.937417721258002656e-01 7.719297455989681742e-03 5.401481403598508424e-02 1.083314034619687893e-01 2.237644633287904916e-01 3.912458126661302327e-01
1.217484210162232405e-01 5.537593221650536843e-03 3.834007525860795573e-02 4.931903024070483088e-01 1.083543033441241032e-01 3.281735587433105561e-01 1.718821107264187700e-02 6.860389544950644680e-01 1.453657625206701207e-02 1.676322878964907892e-01
4.214830027673970893e-03 4.091681946372070777e-02 5.093969246014810048e-01 1.292440654502408359e-01 1.364859857161377643e-01 3.248394699954769427e-02 2.851308092666610117e-01 1.364577339342151752e-01 5.100210959356208384e-01 3.322604474602151858e-02
4.368892238130512862e-01 1.172850957483452944e-01 5.222290063766434898e-01 1.387448436631468808e-02 1.870280868618137970e-01 1.042385746929935381e-01 1.115863251621641503e-02 1.425976077463546841e-02 3.074345861614631858e-01 1.094007621207108844e-01
1.686414322896938670e-02 5.741383438664002803e-01 8.565818819425050079e-02 3.442191907554576491e-01 6.101577260048472728e-02 1.150436431624266842e-01 9.800280104695742456e-02 2.531684844308783322e-02 4.926215324863857936e-01 3.280044656764036226e-02
1.861146883565940602e-01 3.649126345786732895e-01 7.322346245389727004e-02 2.572826897946710600e-01 3.236004723058509558e-02 8.573133553902533011e-02 1.050026538517302571e-01 2.862816430308187318e-02 9.349153877114706190e-02 3.324960184295810417e-01
8.060766440325868587e-02 1.253273817378263988e-01 6.736073884966706227e-02 4.786909724614520356e-01 7.663764846189072277e-02 2.262030153164013846e-01 5.781324999997815989e-02 1.443682163003871810e-02 4.554954827270525364e-01 9.411108188745404002e-02
4.632866611424164144e-02 5.649353464147442022e-02 1.779806124656675981e-01 6.062020226840051512e-02 2.526619085571920609e-01 1.627746044513219137e-01 8.895070130495859317e-02 3.095059581312076813e-01 4.482889851129003705e-02 3.199141016130908621e-01
2.204196388133154993e-01 4.017502356639597594e-02 1.230320363903499199e-02 2.373123260286400527e-01 2.006368487239355847e-01 3.717947250697872796e-01 7.520385749261779273e-02 1.929339814315885471e-01 1.811876625019087084e-01 4.016787669302556568e-02
2.889441066834334548e-01 1.270976252997952360e-01 2.623245142990571765e-01 6.507068269960568363e-02 8.727694623957264752e-02 1.386925136711739670e-01 7.293954887746849358e-02 6.089445385715264170e-02 2.813942839563577381e-01 7.407113031920435631e-02
4.620043833160199509e-01 2.585164465906212294e-01 3.922585077383275443e-02 6.397140676240740953e-02 1.246718209659435361e-01 8.425980926904896862e-02 5.913056741469246286e-02 1.139438090374728374e-01 1.178225960061317079e-01 2.040998475789453648e-01
3.812331858347287605e-01 6.159692586221306165e-02 2.190840827676203972e-01 1.428539131685492569e-01 4.318885910044521770e-02 4.108884324516439146e-01 2.670364878383766488e-02 1.173422802067997789e-02 1.668640053609913784e-02 5.545373612824212595e-01
3.460697649062519088e-02 1.909170314550167474e-02 3.870052444759823906e-01 2.214844222505082255e-02 1.757369307698514460e-01 1.029603114123873175e-01 4.804792045634627140e-01 8.774401255861710713e-02 5.022938118575112076e-01 2.410835371485315140e-02
1.721875348649625770e-01 9.703642790685909625e-02 1.636954134641084302e-01 8.209547674445334675e-02 2.958316651027223521e-01 7.945091188068756360e-02 1.003930584072592613e-01 8.905361137101948377e-02 2.159416661462919829e-01 9.892510553729748357e-02
9.397531838976909413e-02 4.985850829877966350e-02 4.274798161282982178e-01 1.009972305561717201e-02 2.466019603755051012e-03 1.599043973179317332e-02 5.352499898114566612e-01 1.736159692657681108e-01 2.395470572255289365e-01 3.968165172531256668e-01
7.616904202468496865e-02 1.239239996503045671e-01 2.074968897153453562e-01 1.499256326248098181e-01 8.975740735471042508e-02 1.861541264096367929e-02 3.799420381804899383e-02 4.805968741149282963e-01 6.037896447922116300e-02 4.011911308717923119e-01
2.667978865016854551e-01 5.266814580415524194e-01 5.158080346790332171e-02 7.074259262586689648e-03 8.249131570237537570e-02 4.218384099312134650e-01 9.987692661725186549e-02 4.701675903734497397e-01 9.687208476441824465e-03 1.664180623007227577e-02
2.512038264051637618e-02 2.735536063337816737e-01 6.988897764015179759e-02 3.656683963075392230e-01 7.080851412878901019e-02 3.324293990696901568e-01 7.340965109972806546e-02 5.673903179032249722e-02 1.541563841377443025e-02 4.356658603068816471e-01
1.829931887513730204e-01 9.152748641983088351e-02 2.949290815218918310e-02 2.703694075682855358e-01 1.284195752630500065e-01 7.852185532146284397e-02 2.418317593788827657e-01 4.344026410378161451e-02 4.821236783637830592e-01 4.517722784257230395e-02
1.699497420165952954e-01 1.531608764318747318e-01 2.918412535515811368e-01 7.956260561872027792e-02 1.852568545837740277e-01 2.658881744131816882e-01 3.560349536619702299e-02 2.301238479433583353e-02 8.899993337331091325e-02 1.941137102285338256e-01
2.555544522998990375e-01 9.150416394848165380e-02 4.082397476336472875e-01 3.213683282484692816e-01 1.896239261715379765e-01 1.289005492416538459e-02 8.137367888116881637e-03 2.662066169096953816e-01 7.843387902571408166e-02 6.009146645924909325e-02
1.935153482936073296e-02 3.051457157169292778e-01 1.121834186047620530e-01 1.089539076619040758e-01 2.756534533039609047e-01 6.480513231471619895e-02 1.520843718447355275e-01 6.353261260124916376e-02 3.109252005104624073e-01 1.004194036040176596e-01
3.690538525715013063e-01 2.133208643418759570e-02 9.581730934995953686e-02 8.090596058244649280e-02 4.101990605292031578e-02 8.222148844133779499e-02 4.848578613922367997e-01 1.161992459587880139e-01 2.371056617839530645e-01 9.292754089841948062e-02
3.295505042207392404e-02 1.029945500235888468e-02 5.358577211120090222e-01 2.274259459065067213e-01 1.007508401565032491e-01 1.685506502124727857e-01 1.534374395007190861e-01 7.385585126150542856e-02 3.804204690249041176e-02 3.776262700128336092e-01
1.382525525840896663e-01 5.069592682108207127e-01 9.171820759825642308e-03 1.431968574629965407e-01 1.416456926841251907e-01 1.618936708242210976e-01 1.729730011728716488e-01 1.133305856215335305e-01 1.743313508826024524e-02 1.963178842862108031e-01
7.027258138048899649e-01 5.134733025936265294e-02 5.173256171743954163e-02 1.357841639990692295e-01 3.147270722691056927e-02 1.825452552496591163e-01 1.683811838912911696e-01 2.512875970206588858e-02 4.296440556503383079e-01 3.889523327759918797e-02
1.453040629163827695e-02 7.116061671083620879e-03 1.245715912817109416e-02 3.856180770529877289e-01 1.753431310890959383e-01 4.161043391420381488e-01 3.427584060749552797e-01 6.149064175018586348e-02 3.283642042961273377e-01 9.187753582091386095e-02
2.156903777183917237e-01 6.642647997681704053e-02 3.152611956503172941e-01 3.395382855160830604e-02 9.906158464021390386e-02 2.873864604994653127e-01 1.086172320158480635e-02 1.504148324630603939e-01 1.692969776901373236e-01 1.808804366555349097e-01
1.599154476424521354e-01 1.017915579203895193e-01 1.565289976815421313e-01 1.012746035378442044e-01 3.420266727687181763e-01 1.081940958554144794e-01 4.404391080133128467e-02 3.907035400827632010e-01 1.084011840128281112e-01 2.050470904930003571e-02
1.875091325749829729e-01 1.497965518114225958e-01 2.488559748328405541e-01 8.233403554332710539e-02 4.985184535946907657e-03 9.620676057150676433e-03 3.504098626143220541e-01 1.166023735564104269e-01 2.432543886103399333e-01 2.225951518483229585e-01
5.511924041821050779e-02 7.081016719751861421e-01 4.523715174465732514e-02 4.884076315726288975e-01 1.790121159710897011e-02 9.803387784969825464e-03 1.505100114636521470e-02 3.458502828464796175e-01 3.314502064224492672e-01 4.893102296842486570e-02
3.918824470180230501e-01 1.688332826236350614e-01 2.052712840558765794e-01 1.216410294503001144e-01 4.874955821210535944e-02 3.686053613618323066e-02 2.898611184799122498e-01 8.800065112589984528e-02 9.030007247437482620e-02 7.156096938026276777e-02
3.300370661387438398e-01 1.035895052398501381e-01 1.939976390826872454e-01 1.515575566305171207e-01 6.993362464762475916e-02 2.095194630236372202e-01 2.584655188447837135e-02 2.219746228017645817e-01 7.379964833526518608e-02 8.776851651287585765e-02
1.655738237337257557e-01 7.452347494427012664e-02 9.091298971900732551e-02 4.565929826314948370e-01 1.774567426887421751e-02 1.126733330906661522e-02 3.800916273167140313e-01 8.767320463184105628e-02 2.918009694097357110e-01 1.187718812349712050e-01
1.321115645717763631e-01 1.688430864076317373e-01 4.870910174109192026e-01 1.063633161281375347e-02 2.829778480489809622e-01 1.776299065904905494e-01 1.522741301408704340e-01 2.572675415647442468e-02 1.111048675010903181e-01 6.548612654799100541e-02
1.821046168879546928e-02 1.614212808798480281e-01 8.215122004503860875e-02 1.480647003065502232e-01 1.060367464194911513e-01 7.062380976842705382e-02 3.749752246770101105e-01 5.734340478608958291e-02 3.047966933307630355e-01 2.096792593941904648e-01
7.405497761150232894e-02 3.869012524870738684e-02 3.783037188153051122e-01 2.477494410211755066e-02 8.190817955942609335e-03 1.574213172296557162e-01 9.202884222510217260e-02 4.493613832251160400e-01 2.969612446005462925e-01 1.944201218241221329e-01
3.142219919358175267e-02 1.124624836152713150e-02 5.085470816767069524e-02 2.742223117774881813e-01 5.691980027691423416e-02 5.813224578638347406e-01 1.484145419434217648e-02 1.261670452904118389e-01 4.288379884373411111e-01 2.941197925071863950e-01
2.562167304256257605e-02 4.267834345853340761e-01 4.076486976607807816e-02 5.652575336390464923e-03 1.227166062894893550e-01 2.253322407559608942e-01 3.787609710708860628e-02 4.265741014975965584e-01 7.461960128660886926e-02 4.515179460738025230e-01
3.361605889243294287e-01 3.697472269680342899e-02 1.215008078667120101e-01 1.123957556523165896e-01 1.579292050357183619e-01 4.261309734516116055e-01 8.675365208315858473e-03 4.059021168802566526e-02 3.395731014234432132e-01 9.390374380111748964e-02
2.153404928722300327e-01 9.868133570863302229e-02 1.195822789772849060e-01 7.964562407690745083e-02 3.717225131865194987e-01 4.225278307301713610e-02 1.292320516728212854e-01 1.919561264931498312e-01 2.157108521555981817e-01 2.783449479629420895e-02
5.151048879753677978e-01 4.475478986463743425e-02 2.631411444255378207e-01 5.733768197676133993e-02 2.498525293461438188e-02 6.317306326971698915e-01 1.214080458138860341e-01 2.050757171841630089e-01 1.721316967981742843e-02 2.186221718546394951e-02
2.690411057499228487e-01 1.020783594083644538e-02 2.509246571495963307e-01 2.545393797108752576e-01 4.033618952220074938e-01 3.403976341820375007e-02 5.627302768314498133e-02 2.287613779597074681e-01 4.805175764857488874e-02 8.819725552962036363e-02
4.283533025908325409e-01 1.283704557814743449e-02 4.185455888421211190e-01 4.496015429927245621e-02 2.091315247886845613e-02 3.646589664410222753e-02 3.877675431668016204e-01 7.819372222783055326e-02 2.950736449598971856e-01 8.830811792239176561e-02
2.282025793951922010e-01 1.578680200246574197e-02 1.793874349320944139e-01 9.721986870469412345e-02 2.806843351606905235e-01 2.035985418983284334e-01 2.647174615378897894e-02 3.880178025960455135e-01 8.317321088901563630e-02 7.208668569049679620e-02
1.319789177541852605e-02 5.237401282857480078e-01 5.464508035182029377e-02 3.109471793558148817e-02 3.033811235030139941e-01 5.209991687843647246e-02 3.135211298699560611e-01 4.009492341401710985e-02 7.369322252365188008e-01 1.005121138959733096e-02
3.287695104345729480e-02 4.551591315119752346e-01 1.034155838500082358e-01 2.222722500793606337e-01 4.139286252881532735e-02 9.343422770449102965e-02 2.685627141018440689e-01 2.465903028902364374e-02 1.720856996169878583e-01 1.752740029199023886e-01
1.067474851312777556e-01 3.013296932015426671e-02 1.448684635480862459e-01 1.113871821737082157e-01 2.065838799722996277e-01 1.165999979967311251e-01 5.314503791592916082e-01 2.340557648734657367e-02 3.204313606893825078e-02 3.674404762834172500e-01
1.645950589760992316e-02 5.285131126973935389e-01 2.218546037590703873e-02 4.498666526980832359e-03 1.100263979524073454e-01 2.331524425780690524e-01 6.600654023129153003e-02 2.356988713222261944e-01 1.432247746243122954e-01 5.024924171873966783e-01
6.178390944904750548e-02 1.949699934419979463e-01 1.166602408043592165e-01 2.633008978572291547e-01 7.515920297576847431e-02 6.017252045937871580e-02 1.292477255289829485e-01 4.674901654466064038e-02 3.911019854849751010e-01 1.506062643556871361e-01
