4.677632686016957586e-01 1.767976846713364969e-01 7.166524525331097184e-01 3.894454826691209348e-01 5.586356340865763492e-01 2.685079546340105039e-01 2.424184003300456358e-01 4.227951491222285973e-01 1.950796904233682016e-01 5.619042829285018081e-01
3.459067787782599268e-01 4.687214700522984723e-01 4.699450964267901099e-01 3.519332248887628301e-01 2.267623624418799999e-01 6.672947696718374289e-01 2.135707178597542333e-01 4.648575568065277386e-01 4.828317412360118022e-01 3.081762818378839253e-01
2.119829218999201847e-01 6.127159413228471241e-01 3.681981103060493199e-01 6.356064372363955384e-01 2.687051412712991860e-01 1.512794646512774510e-01 6.602120317043869147e-01 3.326824353745453378e-01 3.185049850564871665e-01 4.401125311767926096e-01
3.469980416005630230e-01 6.007843148270113343e-01 3.113355492159112226e-01 5.223542632545759012e-01 4.814630003443203243e-01 6.548566742436722210e-01 2.249263255534132422e-01 1.394535904593585951e-01 2.186977224341873083e-01 4.991305180669927677e-01
4.555317872776186716e-01 9.379843070153370821e-02 4.196600196088308699e-01 3.688644671048899593e-01 5.295273265608376745e-01 4.297444781622932197e-01 4.893715203394736202e-01 4.141868632825367325e-01 4.447428768576944247e-01 3.545722301042941726e-01
1.197864728089416964e-01 5.308431504721001781e-01 3.123097973791350013e-01 3.148412696387695164e-01 6.498556215736426278e-01 3.378986489923990755e-01 5.688981675508749669e-01 2.193668915119734164e-01 5.369874912214490648e-01 4.092124888507209235e-01
3.130267311000157759e-01 5.736881192898833914e-01 5.129207338006298578e-01 2.665051179684205240e-01 3.040801216119138894e-01 3.655969733529145227e-01 7.142447517710990290e-01 4.771202661684497692e-01 3.721500779354468547e-01 1.006671070012217228e-01
6.403751121501988219e-01 3.458100436562541180e-01 2.408879800920433190e-01 2.463036755118059307e-01 6.194406165867585301e-01 5.174294111490178594e-01 4.395316970717133565e-01 2.607831842879918538e-01 2.658232580686458180e-01 4.236150214255700042e-01
7.902969817422742516e-01 2.493680003375578214e-01 4.634925322150693638e-01 3.094425266008852260e-01 6.519234469363945905e-01 2.765270589994912043e-01 5.286005513505117465e-02 1.989489810998326114e-01 5.846127613952909474e-01 4.225276555381528576e-01
3.329528071043247328e-01 1.127257748504269241e-01 2.258389864939385205e-01 6.212106106273974637e-01 4.143090345248597872e-01 4.239488996532158605e-01 5.978583136897637207e-01 4.111650776804289809e-01 5.086933099352402010e-01 3.512971854404062233e-01
4.649199890390331991e-01 3.685375326254404227e-01 5.388797965568026260e-01 1.921183363577098069e-01 4.005113986159739570e-01 4.406215189310702662e-01 4.163988093054759032e-01 3.770528788052507352e-01 3.516293153724700526e-01 4.493304243907721984e-01
4.683031073239904418e-01 4.367356368565941116e-01 2.858731462892725173e-01 1.919389772538410421e-01 4.873589380275353822e-01 3.037666588900146403e-01 5.788191729352604176e-01 2.524315188569161705e-01 6.943409044493813465e-01 3.004319391172030063e-01
5.403777950906810679e-01 4.468899172484878113e-01 2.633016034335198263e-01 2.227365899270423444e-01 5.639083599142787895e-01 6.883450702377357233e-01 3.687254869592835327e-01 1.273092115951113823e-01 3.886864862181880209e-01 3.897194793756617592e-01
3.941545273725479137e-01 7.007588045144690359e-01 3.003512648273862773e-01 5.374839778428155412e-01 1.447946419295519926e-01 2.247235298457016806e-01 6.089249779507928118e-01 3.108914298391053377e-01 4.514966031516486344e-01 3.264202427259914607e-01
5.787216313299008430e-01 3.227593525811428554e-01 1.834516638907357500e-01 4.800872097352428813e-01 3.398156905702059971e-01 2.559562493723741561e-01 3.288817731334476857e-01 6.527981467308817676e-01 5.519637029327553179e-01 3.055645797233133565e-01
4.559856623641883600e-01 3.855408315146084397e-01 2.796718194949396885e-01 5.550084389564274856e-01 2.735495137313768699e-01 3.583910924140967791e-01 5.240123512708468878e-01 1.498372956854251425e-01 7.782896884216761180e-01 2.397133061464067905e-01
4.065422400047085660e-01 6.803840056205201492e-01 6.146136748073907086e-01 3.211643685348014587e-01 2.920601005443961284e-01 5.356824957097890971e-01 1.533157715196836191e-01 2.779848445180821415e-01 3.622436625563941748e-01 3.560088361842229654e-01
5.511651635921555048e-01 2.312990145582587698e-01 5.260239509646303935e-01 1.851667780070920810e-01 4.454202785215540805e-01 5.260746431852005855e-01 3.346232535240444839e-01 6.230181856549215080e-01 2.815332305773674548e-01 2.956755014147739447e-01
6.715589957664663823e-02 6.607681037458210116e-02 7.181473065341499318e-01 2.178381331160916257e-01 6.953551267517049661e-01 3.708092163375256156e-01 4.633000133263369125e-01 3.609184578105671948e-01 5.854802183738401222e-01 4.549188177985591941e-01
3.440781455347277085e-01 5.241745462968832037e-01 1.447698985733595900e-01 7.292925775170894243e-01 2.609418423262832576e-01 6.830818696148365232e-01 3.054743254715250322e-01 3.566302838505480688e-01 3.381115833684719130e-01 3.134449274462737800e-01
1.503989299451004569e-01 5.699661800971806969e-01 3.367092054397087808e-01 6.477246595492733849e-01 2.237656976654933683e-01 1.593387888572378730e-01 5.490353872893354303e-01 4.638089615435226909e-01 5.031927456772611329e-01 3.960594439358921526e-01
3.842503448028506408e-01 6.090078540249334038e-01 5.870173722146818651e-01 2.738434186354670175e-01 5.879104720170464926e-01 3.072152161842729989e-01 2.941910006980856807e-01 2.860321190594520280e-01 9.476073503971618739e-02 5.757714673234815006e-01
2.928594585733400035e-01 5.476486761282519655e-01 5.921969473111321491e-01 4.085705353135394291e-01 4.165134295625796401e-01 4.837550933594323976e-01 1.502476252158655434e-01 7.291419612894103341e-01 2.055260145156175555e-01 1.735402587308247369e-01
1.788226954991028461e-01 3.719293365923128647e-01 4.903911781553458304e-01 1.657401267684476542e-01 8.073057757819455116e-01 1.217675617855263903e-01 3.913918772066410923e-01 4.183834009848834690e-01 4.195446199291096301e-01 6.347234272966885138e-01
4.543401240205163782e-01 4.044504900358604216e-01 1.224343981179017021e-01 6.795554398816079367e-01 3.214655335271620062e-01 5.621640817918422961e-01 4.925826961552111083e-01 4.563910041369605430e-01 3.238616514460912477e-01 1.827545808868426824e-01
4.479595112358077391e-01 3.389376577658812506e-01 3.290114020259294891e-01 2.186003089051241910e-01 4.501329181305565585e-01 5.617870192363794146e-01 3.735905625366073290e-01 5.755366725368981085e-01 3.126572677539457001e-01 3.917866798728765199e-01
7.024825329564526877e-01 3.115920120616372246e-01 7.141948086181227895e-01 2.683482252118518652e-01 3.986284694105585169e-01 4.955899657578233253e-01 2.537474766091178946e-01 3.220649086227504454e-01 3.988027412819855622e-01 1.345488594696936657e-01
3.900529001094185100e-01 2.773669986694836664e-01 3.625963507079071890e-01 5.153955499954869790e-01 5.193450073024397096e-01 3.241581536696453991e-01 2.149402306749195191e-01 4.920067118897768488e-01 5.457079611805533137e-01 3.584301358003629812e-01
2.912118798661805785e-01 4.143915288578660094e-01 4.931876349276061999e-01 5.518458167523833113e-01 2.175857381318604122e-01 2.316492045130986444e-01 2.716825719345803414e-01 6.664759891002356440e-01 1.557992332942735314e-01 7.061704026219147723e-01
5.380669290802471139e-01 4.275002520888302460e-01 1.581842195620155045e-01 3.570708746716895754e-01 5.214232958994070577e-01 4.268973760626715297e-01 6.525624036253987459e-01 4.821564091130307039e-01 2.832492511891553932e-01 1.528889887075614573e-01
5.975979211481570186e-01 2.713379661636610707e-01 5.004748249753721012e-01 3.947162927615813777e-01 4.581970365043159799e-01 2.761647376321995084e-01 3.601480748015594147e-01 2.485249475793173957e-01 5.480607983532126415e-01 3.447774000806252404e-01
3.384701704972406522e-01 4.318704163751789782e-01 6.674623210349543978e-01 1.582229613764039033e-01 3.562832001817640704e-01 3.983396640902118202e-01 4.204517073937028560e-01 3.153069120558908978e-01 5.079293485307285749e-01 4.056632984639229056e-01
5.247850529642084094e-01 6.016435705585108096e-01 6.000829352712132581e-01 2.131973116226819065e-01 3.523450168954330164e-01 5.188486151827612636e-01 4.380773971347098339e-01 4.345913399040531866e-01 1.522979065403647359e-01 1.641308539260543375e-01
3.886927023832710271e-01 4.322332561791464300e-01 1.749538008793805888e-01 3.404238662027794238e-01 5.107176093443278608e-01 3.438476541787119922e-01 5.608439897388536322e-01 2.207849286991180882e-01 4.908247210525931159e-01 5.366774713418164255e-01
3.403373267367091337e-01 6.571605166674723275e-01 2.150196863402881187e-01 3.954116953936903656e-01 5.248341131611308219e-01 5.671187445600981425e-01 1.982429477293671805e-01 2.953372622572760786e-01 4.751453174363646781e-01 3.313923897176092037e-01
6.432676127240014585e-01 3.954859590771935274e-01 6.024827298938391085e-01 3.901805918046378219e-01 4.287681368286816452e-01 2.515653074225548957e-01 3.238851102675475158e-01 4.304932983833349436e-01 2.122462243375886626e-01 3.216250292606231409e-01
6.076018211115595813e-01 3.116959384770178199e-01 2.827332201320411631e-01 3.921063304939094163e-01 3.379147131392258863e-01 2.009029719863328900e-01 8.347168994006968212e-01 2.153230306771979907e-01 5.679377644725548402e-01 2.490673101094657282e-01
3.622635260209864372e-01 4.507338643723041161e-01 3.833306406723248072e-01 4.935341585766223060e-01 6.417213272654206380e-01 2.366448869117548370e-01 1.925631126935867798e-01 1.776808873014379953e-01 5.849651763524786885e-01 4.765624198330791206e-01
5.154681314676685666e-01 5.755565432160725248e-01 1.680040294530071310e-01 3.763068470155428447e-01 2.824575778515481250e-01 1.787971022980885671e-01 5.898766197646865272e-01 2.680408974593594951e-01 3.408881425354978179e-01 7.046041089385203238e-01
4.015734747008720129e-01 1.604352875810210188e-01 3.025952536073021060e-01 6.076059770238375624e-01 2.973222300939108997e-01 2.635224255873930277e-01 6.564913548841764257e-01 5.107242550782650214e-01 1.301408047363381004e-01 6.695889367068862397e-01
7.016114014777989905e-01 1.763883746171481803e-01 2.229747613696836384e-01 5.079232622031399913e-01 3.925443636470299369e-01 7.111590044744940942e-01 1.876643699742019944e-01 5.685103974664228454e-01 3.059021642019867926e-01 2.253219005680778264e-01
2.563316255112321751e-01 4.512043384579444982e-01 4.987104068294458403e-01 1.917177294816451161e-01 6.604739630762346270e-01 2.388778630396975466e-01 8.201341567819442346e-01 1.822664608421312171e-01 3.269911167643256844e-01 3.732923392154008368e-01
2.589496359209091381e-01 5.989270899014159655e-01 1.782915375754950404e-01 6.744631623014800681e-01 4.658811732089583879e-01 4.094280725220657557e-01 3.747507146746493767e-01 3.392687958026130435e-01 5.261191459952063720e-01 1.739206720972165943e-01
3.312157142065321747e-01 4.373677538411591681e-01 3.824883607549968145e-01 6.523552540338843908e-01 1.789363925093439556e-01 3.050708211500173239e-01 6.094225107759173587e-01 2.153449967383384844e-01 7.056070160049346951e-01 1.821911799848677793e-01
2.513308425117315448e-01 7.230671292132346828e-01 8.728027401137372632e-02 4.368125102913777424e-01 5.409734493541082934e-01 3.868363233893148401e-01 4.558193190504191694e-01 1.682648369268245625e-01 5.382978098536100875e-01 4.113175053980049345e-01
1.834051231931700388e-01 1.555743940617968502e-01 7.075429491770739432e-01 6.315602785630886062e-01 4.487839916779716720e-01 5.120282659080136467e-01 4.052631293239211674e-01 2.627539661582806163e-01 4.296341636608823622e-01 2.634537382758033175e-01
3.823878061870010781e-01 4.785054799670990233e-01 5.819431837093309579e-01 2.884783232995486446e-01 4.683974042031651686e-01 5.401979870521252947e-01 2.573054180604863461e-01 1.140463037145551806e-01 4.439898500198280473e-01 4.447482437868679472e-01
2.792195383742483994e-01 1.522008151887978555e-01 6.479919806402800742e-01 4.744359623667333548e-01 5.004973897631963542e-01 4.532047731619315845e-01 1.686057847938190468e-01 5.678820654459098005e-01 1.301732422563793568e-01 6.257884480087105850e-01
2.620151214631395442e-01 2.661405556632342462e-01 5.355826693900607172e-01 3.239891825322440688e-01 3.428956748341773775e-01 2.670489753128381105e-01 6.646119690273293301e-01 2.280323767458865281e-01 5.641437434381788574e-01 5.455397315929090274e-01
3.030661602117565856e-01 6.303007453726356957e-01 1.248449966100064340e-01 4.811429565482285287e-01 4.128002573146618004e-01 2.184703905182896200e-01 5.606555791234510977e-01 3.335699604117197126e-01 6.221861724698769525e-01 3.129627814193692847e-01
4.643627551921420960e-01 3.025432302811836283e-01 2.684079832585071212e-01 5.803301856490158395e-01 4.851075205962287473e-01 1.012005359673436022e-01 2.787536995637149295e-01 3.668055338170238544e-01 5.068069588228556466e-01 6.456815968519887816e-01
3.997736777212491099e-01 9.044815618393599321e-02 2.396049379684576930e-01 7.162234767812676317e-01 3.732025436721116973e-01 6.022171655867496476e-01 1.494425430934725463e-01 8.322964112626431987e-01 1.387788070609687341e-01 4.580122806691427906e-01
8.131737646152137344e-02 2.464047946725448635e-01 7.264652699250437884e-01 4.008541215798264723e-01 4.122654117212822822e-01 2.071898089496408968e-01 5.651565352015963661e-01 4.114528554737648114e-01 7.265136125664104494e-01 2.223802134483694459e-01
6.775796273081027277e-01 3.799382051224238221e-01 7.341066214918090527e-01 1.349211576604220086e-01 4.783164528002216143e-01 3.701048617775691274e-01 1.318397578360138989e-01 1.414446120163040943e-01 5.820758912257089079e-01 3.696728127614192783e-01
1.549896750654352062e-01 7.661349605678323682e-01 3.307051241847941414e-01 6.102845598935398019e-01 2.820689426003679112e-01 3.798214458886589595e-01 3.574032046892476333e-01 1.848852824750283064e-01 7.152782272969760990e-01 2.184285773381136053e-01
4.690752305543808287e-01 6.270171860412978582e-01 3.070031948389227994e-01 5.400816002255373061e-01 2.071918846323800023e-01 3.355592967765660961e-01 3.644882161086013261e-01 1.970573280597766874e-01 3.510025075880913170e-01 6.015235551744400055e-01
3.220595833715486633e-01 3.943638856334378273e-01 2.953162717176073260e-01 7.057647803770972228e-01 3.125567213255046051e-01 5.087555828275318603e-01 2.835382394929201744e-01 1.403984738751767325e-01 6.908078263949436471e-01 3.464386349842394908e-01
2.501207390850683221e-01 2.756024703264682296e-01 4.581855415531659315e-01 2.803748149412976787e-01 5.361344805619261411e-01 4.442122116093182305e-01 3.377940409339149630e-01 5.845578381057969786e-01 2.413317549379930815e-01 5.916861079450519423e-01
5.033188703758055826e-01 2.383101619211031585e-01 1.294520957966241448e-01 5.243627977859268707e-01 4.848720833890982074e-01 6.317520768934102859e-01 3.124618876942560908e-01 4.782466232124145122e-01 4.672795025008922298e-01 2.299439004304711931e-01
5.666398757095056915e-01 3.945930957065342803e-01 5.430605357549183054e-01 2.913976613773507918e-01 3.353304571523541000e-01 4.093062473671430501e-01 3.095368016212626250e-01 2.829250557599852778e-01 5.597847722339466259e-01 3.074254973169916472e-01
6.946195229132831050e-01 5.412019502224236778e-01 2.289684073397686703e-01 2.918537050308519509e-01 3.910762774923151608e-01 3.290056839152813994e-01 2.780526356805484989e-01 3.768078123922212752e-01 3.813485991472239101e-01 4.870654058660787711e-01
6.414659687929697984e-01 2.839398237261303581e-01 5.049280902288514339e-01 4.215960723998832260e-01 2.388175728273397302e-01 6.595515741410264976e-01 1.948990897088699881e-01 1.453486389148869462e-01 1.541697562276099220e-01 7.552834130324330708e-01
2.530195669766728273e-01 1.609947681843575396e-01 6.456880112704743713e-01 1.702063678046260298e-01 4.648368032139479911e-01 3.596049769088046633e-01 7.073534957361493625e-01 3.339065806458539343e-01 7.211291105281611991e-01 1.832603187309516379e-01
4.527214687234356605e-01 3.480235428868662662e-01 4.431899654323849247e-01 3.225234128569600678e-01 5.717948477397096774e-01 3.184433086771182864e-01 3.578315019953280940e-01 3.348957440348263592e-01 4.991174672903854193e-01 3.514587403629820805e-01
3.527819337834168234e-01 2.581299785595200236e-01 6.714466358850498251e-01 1.202418494605838883e-01 6.674858099185340676e-02 1.550989299362319496e-01 7.422787380700675008e-01 4.579199327523481022e-01 5.242906102017440562e-01 6.510628103591783455e-01
3.128737729957362657e-01 3.935105444436625133e-01 4.908035512290159774e-01 4.260208087608834404e-01 3.412309924412909590e-01 1.651215224495655165e-01 2.313523516893015164e-01 7.070322626932086241e-01 2.794268285484259318e-01 6.526273647489180263e-01
5.557253493188079041e-01 7.370213105072053184e-01 2.697709819928134634e-01 1.026292890832858906e-01 3.403495127209686943e-01 6.674328016957279397e-01 3.555832986993250344e-01 7.007393763641779350e-01 1.168213835170479054e-01 1.539266961006316436e-01
1.810550872317596982e-01 5.591812924018364495e-01 2.995481724811754898e-01 6.281538151787162683e-01 3.018927778610918100e-01 6.019682556039865906e-01 3.082204105177051012e-01 2.967726041260639880e-01 1.442044979160745366e-01 6.790030866815938149e-01
4.677179236008057184e-01 3.463025264423299499e-01 1.990101059805426398e-01 5.517758364491223144e-01 4.003849688719357536e-01 3.197544669917926630e-01 5.261590802407311029e-01 2.378189584214115415e-01 7.080327856229211569e-01 2.430433473784059661e-01
4.500392749727985531e-01 4.295634966519191189e-01 5.685680603037972514e-01 3.193481964052583555e-01 4.676484122280660793e-01 5.463894934958313243e-01 2.217642611137124464e-01 1.802197000352649958e-01 3.402581030227016523e-01 4.762010017706650999e-01
5.363722839092358585e-01 3.395358600192621146e-01 6.580212277726007475e-01 5.931759500557506337e-01 4.751963874954702738e-01 1.368616907292644624e-01 1.061349883682183165e-01 5.496773086491173466e-01 3.227341821182347914e-01 2.822901208828522135e-01
1.605156065489448114e-01 5.813457758652277318e-01 3.756764516544784382e-01 3.714926578490705955e-01 5.556170934681118334e-01 2.890520661319121443e-01 4.291491196105116646e-01 2.869109445892183974e-01 5.855339316586990472e-01 3.647063526238236708e-01
6.304613127703967423e-01 1.682517626587907988e-01 3.580776761681243592e-01 3.207765252854511417e-01 2.385075150905919816e-01 3.293927795406081938e-01 7.101890251259381781e-01 3.810835774434434553e-01 5.210550221976578689e-01 3.422048037190036363e-01
2.181684258154104328e-01 1.195604445386003051e-01 7.429293277516453298e-01 5.122882792484070302e-01 3.545403288876512460e-01 4.478407513410558316e-01 4.286304670131008687e-01 3.147052510463645980e-01 2.260392258870280446e-01 6.352974984707437933e-01
4.092949604622874160e-01 7.253916328025485916e-01 1.094851716119368545e-01 4.282116161246259933e-01 4.148625490175916197e-01 4.410477024972987437e-01 4.523599000002322956e-01 3.839532019487382764e-01 1.510992007558497330e-01 4.842940647788894770e-01
8.418138851519132437e-01 2.692981283583036345e-01 2.623224594612263427e-01 4.124785694447388740e-01 2.046283881186053144e-01 4.698877329213381193e-01 4.564953457996169806e-01 1.829188378950637461e-01 6.725419630983808794e-01 2.276146897508073419e-01
1.506274339310681998e-01 1.145642068319132761e-01 1.324307854906299486e-01 6.423097939154887026e-01 4.550428193722042547e-01 6.638762345285323940e-01 6.115244797799779253e-01 2.827600514568166523e-01 5.991703626197886212e-01 3.476938320735816212e-01
5.023832980242082247e-01 2.926955091173257251e-01 5.875316401481595063e-01 2.134785004188120838e-01 3.624286985130396044e-01 5.697278504060087068e-01 1.190184100539325440e-01 4.368052050231818195e-01 4.516918396151362591e-01 4.642390486801937777e-01
4.428284142392293621e-01 3.561571876769785150e-01 4.346747101209749164e-01 3.561751655668550232e-01 6.090011725578489132e-01 3.719868306525468959e-01 2.428469217417299486e-01 6.452546736206903333e-01 3.767097081033503048e-01 1.643652157197935115e-01
4.701589213193975159e-01 4.268195431641361726e-01 5.317260569066164511e-01 3.363144125740409329e-01 8.846805084619954740e-02 1.156548002869589725e-01 6.171290869960979197e-01 3.803164552378303087e-01 5.273630852665233126e-01 5.060495874021917473e-01
2.805320458294717767e-01 8.448150217502322645e-01 2.444527670774742645e-01 7.119241493225959561e-01 1.600885563545952905e-01 1.401317696729476037e-01 1.458904480085400357e-01 6.144781517220991862e-01 6.016295849344894808e-01 2.560575053275506718e-01
6.461133892691373060e-01 4.488016533703624855e-01 4.880418534613186754e-01 3.885942332930071297e-01 2.586543986300534614e-01 2.226952993786415480e-01 5.670907409351905182e-01 3.340505925676149901e-01 3.420993378785387451e-01 3.038585012161355570e-01
5.993480031379314621e-01 3.603292659948154619e-01 4.764333466672003858e-01 4.292116297254487955e-01 3.003220202155249541e-01 4.961840799652241785e-01 1.835083667839200738e-01 5.082033537867598483e-01 3.097551427537801882e-01 3.367047909694107499e-01
4.460772388141471811e-01 3.098908768270017267e-01 3.423922223994690928e-01 6.908567730261196971e-01 1.604468169734920846e-01 1.250353049635982428e-01 6.385462995121335972e-01 3.332926676031616187e-01 5.697680360850573278e-01 3.836937637958218184e-01
4.030589172435140588e-01 4.477220776045616191e-01 7.124974790009196424e-01 1.167834561728453152e-01 5.686314732374371239e-01 4.582406011016553760e-01 4.373349845465587804e-01 1.823695615791584013e-01 3.838532895647608356e-01 2.895081599485838098e-01
1.540407567113447618e-01 4.454358987022881133e-01 3.228835749303540226e-01 4.235517631655874582e-01 3.650841152364526776e-01 3.025518920256416999e-01 6.338251735252186103e-01 2.738266413107482977e-01 5.801377809849516121e-01 4.986624034074110812e-01
3.176941902863572031e-01 2.281409187595181964e-01 6.357153530294323840e-01 1.890248779061982631e-01 1.064729712993101735e-01 4.459691512030626859e-01 3.407323772040226628e-01 6.865658140649866237e-01 5.739386053280632893e-01 4.757457409190467001e-01
2.125501488880689460e-01 1.335594902840245290e-01 2.667436142369471463e-01 5.537743654853517494e-01 2.707984143037449609e-01 7.706669700936887857e-01 1.406975529027262029e-01 4.060142695957558723e-01 6.732588358447386678e-01 5.719363383649582744e-01
1.830354027220215674e-01 6.724990682952641796e-01 2.460852182820973677e-01 9.010706697449759328e-02 4.022640235306711443e-01 5.149166753141012354e-01 2.244500823874199247e-01 6.706075124686404765e-01 3.082200057230324308e-01 6.878149443022520959e-01
6.044279910022404279e-01 2.210686855170943543e-01 3.931785088988695165e-01 3.732857776731065003e-01 4.348447986304415647e-01 6.718174791807732804e-01 1.086262436161873901e-01 2.422591943950928028e-01 6.069548236217474635e-01 3.435364974644519731e-01
5.020123430977123657e-01 3.512724803287487485e-01 3.897075921607158766e-01 3.183481090063881580e-01 6.313461873065807639e-01 2.348733673527676480e-01 4.050198906872894966e-01 4.736008512177229957e-01 5.040593535920147028e-01 1.897598252500603544e-01
7.292807656754570766e-01 2.411342974426954333e-01 5.446314528141629197e-01 2.828100549038442546e-01 1.864153883935346645e-01 8.008323016641751835e-01 3.916964609180834667e-01 4.891786957059923724e-01 1.569471674913181514e-01 1.770734149907386423e-01
5.544629175651811792e-01 1.145354392118875658e-01 5.390626030241393307e-01 5.372969691082363219e-01 6.541337347772973043e-01 2.172263262171995335e-01 2.772332458617539630e-01 5.105018909659204684e-01 2.531289191754031442e-01 3.424179540929795929e-01
6.739104443968856328e-01 1.285959935505154861e-01 6.675088518631331347e-01 2.512420631162503581e-01 1.850660075022589890e-01 2.262573398390772539e-01 6.440091083316916709e-01 3.164467903786962188e-01 5.728223493672291999e-01 3.341410516542729359e-01
5.158432095125302652e-01 1.433553823852083131e-01 4.688148348300708035e-01 3.511086454823135750e-01 5.600452077324413747e-01 4.931604235886045684e-01 1.866456424742214404e-01 6.437624875951928338e-01 3.286735089803353715e-01 3.085906574190797613e-01
1.396526282793336959e-01 7.346722973296009318e-01 2.771587384208425431e-01 2.066084072106569025e-01 5.811726955725018406e-01 2.599366696472327209e-01 5.868732784014746295e-01 2.316112421201724780e-01 8.611478742899879579e-01 1.211661687281983257e-01
2.091717959175568575e-01 6.901227896220620828e-01 3.591168127225729534e-01 5.050596039743844301e-01 2.349614695633290840e-01 3.498802903473709480e-01 5.501797907943238863e-01 1.802114412711471880e-01 4.589714627142902903e-01 4.623245430729642225e-01
3.724908635126552570e-01 1.991266144312306696e-01 4.231916919582623948e-01 3.712595376145648163e-01 4.898101769627475899e-01 3.805061645017789873e-01 7.397811598404597788e-01 1.819211309029153401e-01 2.140924384235975420e-01 6.278202218517958677e-01
1.461045943971479022e-01 7.385828097765231304e-01 1.829033447632892329e-01 8.167292010549062620e-02 3.834620720821156903e-01 5.197458080824872706e-01 2.927119589646484110e-01 5.176719887753314930e-01 4.152365671760804289e-01 7.219079358768809573e-01
2.825608011271250053e-01 4.776306864782222106e-01 3.795517064873956126e-01 5.436928564744651915e-01 3.130746316852917044e-01 2.803533189457009800e-01 4.011087125153319777e-01 2.474278138160106721e-01 6.457607775474379919e-01 4.288386949230177936e-01
