7.337332420919200071e-02 -2.901285581269093528e-01 -2.876658795412850300e-01 2.330843320365363902e-02 -2.178470844172149812e-01 6.938260460506084915e-01 4.487910653557168894e-01 -3.705986221770765643e-01 -4.635575547274053965e-01 -5.091339288781580180e-02 -1.163591361364038484e-01 -5.090087473508120297e-01
1.418683048794812551e+00 -7.336298229696703865e-01 -3.860233171127170904e-01 2.556264023350308112e-01 2.173743058613993862e-01 -3.693356175781107864e-01 -7.567340562947382221e-01 6.525594595667153497e-01 -1.315828917868568440e-02 4.297846803141858185e-01 1.273364083583396721e-02 -6.184023854910490892e-01
3.996633504298521267e-01 -1.216079477591463509e-01 2.484099272578184706e-02 6.061754946547545098e-01 -8.954371388765537676e-02 4.742354331698699355e-01 -7.827995976790311783e-01 -2.505438793221758664e-01 -3.692899325080969269e-02 4.391096098940517334e-01 4.910473216062861135e-01 -9.091284359084871314e-01
4.745091457818712000e-01 -1.019837602040783331e+00 5.324260166587073406e-02 -5.126926687596533583e-01 -9.925080873052419816e-01 1.963888011388858490e-01 -9.302304818995644764e-01 -2.841799684617161703e-01 1.837304750152644606e-01 -6.937674402166908727e-03 -6.833142675020367207e-01 -5.282489421884063036e-02
4.161522136837436103e-01 -3.799480102447437835e-01 -2.446251048064638015e-02 4.434994145837072299e-01 2.844357603466984852e-01 1.574182122509648063e-01 2.209679433866002657e-02 -3.839504902578783074e-01 5.418143907797008385e-01 -2.736860721349243519e-01 -1.558250336761018151e-01 4.183878235231652809e-01
-1.381817607879224155e-02 -5.720847465802698650e-01 -2.828209143975504714e-01 -1.175886581364470329e-01 7.158537046551967098e-01 2.398406514970087833e-01 -1.840494434626757658e-01 9.055929981884767999e-02 5.379894326786659464e-01 2.034904219024440686e-01 -2.999417972900246809e-01 -7.756006241286061975e-01
7.632611122284270744e-01 -4.965715596850518443e-01 -4.079080482098886296e-01 -4.596056283230348649e-01 -1.139754563441103125e-01 2.018721346007058548e-01 9.712207627483077088e-02 2.278731233869252526e-01 -2.601548078296664901e-01 2.963507216820984724e-01 2.462662436582428171e-01 4.740101126908903284e-01
3.838911394547495082e-01 1.419699938859621813e-01 -3.051642764560310098e-02 -1.480060702780936766e-01 1.979012370014089917e-01 -5.870360948623669639e-01 7.781709085921750813e-01 1.092639974637189537e+00 9.174962617609901117e-02 -2.828634519006786308e-01 1.166561336610288713e+00 -5.843677152791946217e-01
4.219667027394542469e-01 -7.532838069177701795e-03 2.171933551044447352e-01 -1.084437621620361059e-01 -9.382330142786601823e-02 -6.995096091111439041e-01 -4.725936945742119089e-01 -3.342211934602249412e-01 2.029436943091577350e-01 7.042375093925420382e-01 3.165134551287542841e-01 -1.529741909765930663e-01
2.256175901892014390e-02 6.949220896673191650e-01 -3.456061767783755179e-02 8.247653210865600604e-02 -3.797564513138779879e-02 -1.817707729108482828e-01 7.614886606789442736e-01 -6.318331995234260923e-01 4.016035006094618304e-02 1.592379802788857213e-01 -1.949089013239459212e-01 1.699801941373092762e-01
3.426120945455590761e-01 6.613480632882999533e-02 -3.119778621733884649e-01 -9.511448282096450491e-02 -1.603911869752939534e+00 -5.308442381540101618e-01 -7.542854379509363882e-01 7.168181156808459686e-01 7.622482155273679894e-01 -8.419794541714732405e-01 5.754805540898498828e-01 6.461075174665156240e-01
-1.223321673332447221e-02 -4.725360899893596978e-01 6.602935996848836586e-01 -4.493939607899787858e-01 -9.419431913228405451e-01 -5.648247488797326632e-01 2.933680367667381717e-01 -7.151989523719634589e-03 1.157753458505102750e-01 -2.447866622934238012e-01 2.599320684505792012e-01 -5.691062518579836915e-02
1.431640814160236620e-02 -8.934824617948956549e-01 3.192419542878190408e-01 8.337495843712812160e-01 -2.494727704842483740e-02 -9.829123679096679611e-01 -3.843825001448217260e-01 -2.223277875706944906e-01 -5.288392625420350601e-01 1.571711166731224463e-01 -3.568222434490949668e-01 -1.956009700290450015e-01
4.143324301402162013e-01 4.802864465743418299e-01 1.706017888890762058e-01 8.074890372145218098e-01 6.698716543491718411e-01 -1.509268212586864222e-01 4.022879030577612980e-01 1.351920737415065153e-03 2.801577246673929156e-01 2.195094714121695600e-01 -6.749735186317039615e-01 -2.028237030107329364e-01
1.129211185714275478e+00 -2.264924429598335898e-01 1.020693463999997608e+00 5.111474099723337661e-01 7.196860748947718767e-01 -2.845704098440722807e-01 1.897426006150688960e-01 -4.207905306934301981e-01 4.883688317289361369e-01 1.031476793132839326e-01 6.353248797282718963e-01 7.345835632237315282e-01
2.627638273079709735e-02 6.426583392391517213e-01 1.597892634732747119e-01 -7.228536479999846109e-02 -6.252358987900092924e-01 2.371342654211515688e-01 1.773044835818351483e-01 -2.562246357812006381e-01 4.757667621323312668e-01 1.330974648501787483e+00 7.162655181247580549e-02 -9.049826919082286647e-01
-1.076697697083275722e-02 -2.533056123333763399e-01 -1.813542026830484988e-01 -4.296167713621478201e-01 -3.895659160164688384e-01 -5.150103469885856100e-01 -3.840086986218647636e-01 4.286776584692312819e-01 8.650459317570280415e-01 1.140610076520877647e-01 -3.592438028967993580e-01 -1.082925438647085181e-01
3.533015281078291103e-01 3.433318459017684621e-01 -2.565465090473688092e-01 -1.738552218001717109e-01 -2.364555674213634773e-01 -2.036238621056630227e-01 -7.280522908303098673e-01 -2.615345147162381062e-02 -4.982958002472780978e-01 -5.129066186592011745e-01 9.653155299673280565e-01 -6.031425512054695570e-01
5.802965914462644426e-01 -1.758295888083220015e-01 2.872211093330729881e-01 -3.129979476356054696e-02 4.386993716953112993e-02 4.256657355506485718e-01 -1.630196969212883706e-01 -3.657466323183332646e-01 -2.140877972471084689e-01 -6.074301557606079927e-01 1.107092862307958864e-01 -2.748556355206366320e-01
-3.776740746277132410e-01 -4.067850602434294749e-03 1.122969488127859350e+00 -2.914757403996643403e-01 -1.461460889651296224e-01 1.249019893618938393e-01 1.627649504837477140e-02 4.538863020113620972e-01 5.712241526508690104e-01 3.839285654016539318e-01 -5.398975126334235042e-02 1.039032374898464450e+00
1.438410417411706499e+00 6.061265986775481451e-01 5.362720672137678557e-01 -1.329765389320734181e+00 3.922031471702873695e-01 -6.298783767648929999e-01 6.859973345959404778e-01 -8.827953801651672316e-02 1.055902615648408593e+00 2.988280410817236166e-01 -8.157388083097304454e-01 2.307332752915461915e-01
-5.765583126769285860e-01 2.493818529794673555e-01 -5.093121420187275428e-01 8.116275873279577002e-02 -1.165361664100810352e-01 3.467638494153147954e-01 2.647778775758488200e-03 -5.782721051355348418e-01 3.707423361785849303e-01 -1.511508089769830476e-01 -1.131386660934513427e-01 -5.801687393251409031e-01
3.367331949940164937e-01 -3.523001901430976995e-02 3.665974110259344609e-01 4.221925790150632962e-01 1.534991713574247220e-02 -1.188414640057311233e+00 5.224459190401848918e-01 5.292410339667775326e-02 2.131180396703420132e-01 -1.554052362582713231e-01 -5.143640583260664645e-01 1.423976666308720551e-01
2.350829440164309003e-01 -5.530386782235232473e-02 2.489857076841138772e-01 4.052916237382947484e-01 3.251136037919929445e-01 -6.017712514522337575e-01 6.208133116232283227e-02 -7.240455465151443004e-01 -3.907390911010308332e-01 -5.199302136494743376e-02 -9.145374696207722032e-01 6.474770484437178952e-01
9.062308943096850089e-02 5.395467479176394576e-01 -1.622202619703491389e-01 5.346314085547605455e-01 6.425937159783730313e-02 3.941132440226436939e-01 7.134906553906529281e-01 6.374287561298505600e-02 -9.633869700022418270e-01 -4.192945012956232342e-01 1.440809635282407630e-01 3.095149112312396977e-01
-2.203925286257795435e-01 -4.425724606426835739e-01 -4.621715031712706478e-01 -3.654052805317341557e-01 -2.230851866964688457e-01 -8.870132924992610302e-02 8.277910139584998550e-01 9.548711396492903791e-01 -1.840202121100942001e-01 6.266209969933543567e-02 -1.920969778697183827e-01 9.653535068966371258e-01
-6.261122229869867661e-01 6.378073273634828899e-01 1.022157746824928909e-01 1.334852670409113040e+00 -4.601914349989298936e-01 4.264500634415890334e-01 -4.347233193783380245e-01 9.482621925770777851e-03 3.317927151607428793e-01 -1.210484991193490956e+00 -3.343305079580382588e-01 5.912973546192610425e-02
2.760111221281847937e-01 -7.173799019820994993e-02 6.324577418578283261e-01 -4.186996794810890488e-01 -1.580682740744516479e-01 2.079862603162561108e-01 2.943260548438158403e-02 -6.172221192297450143e-01 -5.434945134584717730e-01 6.992123571082634603e-01 3.310935012170048708e-01 2.520222662598077257e-01
-3.248005559903412443e-01 1.719778130572775510e-01 2.671101568730542275e-01 -1.136415759517343416e+00 -6.403887022431897780e-02 -2.551178100740250088e-01 3.016656401715543945e-01 1.241472321393446654e+00 3.948585924918677353e-02 -5.350735269513466896e-01 -6.915051567117757036e-01 4.029163367479260960e-01
1.878421629564820949e-01 6.389273262951646049e-02 7.475797826177395244e-02 1.766652510011731403e-01 2.692508645061862660e-02 2.189177287024601515e-01 -5.966973052258035537e-01 -4.706958564811435791e-02 3.938009118293092081e-01 5.023297597069589226e-01 -5.747615608792999708e-01 -2.762558382881046687e-02
1.950328902437552248e-01 -1.945343730199997762e-02 -5.217356337575462799e-01 2.243931313753170509e-01 2.114528082789824126e-01 -5.077749491355745270e-01 -1.035306556855956739e+00 7.240750375448637977e-01 -1.416048603647652726e-01 -5.912265387564060726e-01 -5.511534049461938034e-01 9.237529469320163167e-02
7.907199152658406227e-02 3.833564015729661878e-01 -1.859210865812031543e-01 -7.211628076073151039e-01 5.924260639980416521e-01 7.652361681690010853e-01 -1.246734577629630691e-01 3.922098995233764401e-02 1.130840016556468736e-01 -6.480354252767280832e-01 -3.633081066644743840e-01 7.069876106279296413e-02
2.437314916045905666e-01 1.307805686552140356e+00 -2.897872776658469429e-03 8.295477926628083143e-01 -2.422152001784490805e-01 9.616073326890528516e-01 7.433658247300702904e-01 3.572670073348460096e-01 1.922684932473091857e-01 -7.428814962256965471e-01 4.925783548326679862e-01 -8.303649955382061965e-01
-7.931286292837902430e-01 -2.835853475986445660e-01 2.295663876982443341e-01 -3.905373321406611226e-02 5.269568584070292161e-01 3.591096485745499112e-01 -2.411863778058824515e-01 -5.497258682415855358e-01 1.846684058880677104e-01 2.635465194398046995e-02 -1.288319263231152770e-02 4.890720619652849099e-01
6.288854618125910845e-01 -3.276308959011474398e-02 -7.830323879979940171e-01 2.120068440000164381e-02 1.152996102580071403e-01 -3.783853974854179403e-01 4.664049097342198857e-01 -7.947085917362994856e-01 3.372792557335071995e-01 -7.321668407102703557e-02 1.661008218575854289e-01 7.156132649105302612e-02
-4.558114986420901960e-01 -7.051320146376691689e-01 -2.647308455521960036e-01 9.832268455290688047e-02 2.980204564342272544e-01 -1.313349887605313127e+00 -2.145006771313944516e-01 -5.786805280162203857e-01 5.329193398060166897e-01 4.407192903385731553e-01 4.693943829494738318e-01 -2.501404278260958014e-01
-6.229756593886395799e-02 -6.659189297125609475e-01 3.891178983414699255e-01 6.703444292395736859e-02 -8.449750842542832485e-01 1.414775861275791580e-01 8.885573568245921372e-01 4.946018701831460529e-01 -8.836381379062342445e-01 8.032835383097494120e-01 -1.649658861973342106e-01 -2.063858132175669657e-01
1.723009303542066550e-01 5.535383055156729570e-01 5.482178928627988723e-01 -2.975308111455098325e-01 5.870950105936875163e-01 -1.361998796951616741e-01 -5.769966748981958382e-01 -8.807396357439948309e-01 2.670862468942193924e-01 2.087915790907930169e-01 -1.950670501119297906e-01 -5.529613216560395061e-01
-2.303431128911886949e-01 -8.201619533034169018e-01 9.851633246119119169e-01 -4.573081672138819553e-01 -3.890513099215036630e-01 6.256836859845060772e-02 3.066328599918674014e-01 -3.153724458703072719e-01 2.306301503212820070e-01 -2.457283493951544495e-01 -1.525753816586275236e-01 -4.260861296967603518e-01
-2.036143396889786017e-01 -4.768303750642681749e-01 -5.717758435738767853e-01 3.884414103285692144e-01 4.066536495184512601e-02 5.688015967447462851e-01 -1.524358093233614264e-01 5.029193998846042124e-01 1.794160772314133956e-01 -1.426895961133912982e-01 -1.187831786477178131e+00 2.529456043041630742e-01
8.507968853269771703e-01 -4.952365582243206110e-01 5.059431694318172745e-01 6.822897165735191116e-01 1.591666300201435014e-01 -2.679303549112463378e-01 7.771776348237076082e-01 -5.098023860782856520e-01 -2.557391948115620983e-01 -5.739925061397358474e-01 1.180718856845452275e-01 -1.117838293261212979e+00
-3.946163263211932559e-01 3.263837190910196667e-02 1.145866334434033629e-01 2.552411086680428376e-01 6.207384479869820781e-01 1.941408431935291445e-01 -9.470515947493162168e-01 -5.883070224652755531e-01 -5.986825071438662826e-01 -3.150783678189403823e-03 -8.506381325151436412e-01 -1.128677528846547089e-02
-5.298744792147871419e-01 -3.456492519259169449e-01 -4.913788466294032875e-01 -7.188797689009911451e-01 6.140462342208519164e-02 -1.060731439571615947e-01 -3.199911189152387925e-01 9.792025576304868029e-01 -6.161020191940210777e-01 -9.449385827306245877e-01 -4.541662366805358508e-01 5.256374031565533844e-01
8.847928048720378469e-02 2.287318896469809348e-01 5.873413321496973039e-01 1.310696813074511413e-01 1.896467493587042363e-01 6.341922917452628983e-02 -1.037413694146272825e+00 -5.935117430119368764e-01 2.135298883573749917e-01 3.047223286033720613e-01 -2.484431351466567794e-01 -6.097789966845795773e-01
-2.551823211294418914e-01 1.775707798976778606e-01 -1.363658394159410377e-02 -1.105750989505407123e-01 -2.757627965726157093e-01 5.960339675737429399e-01 -7.476409180875163152e-01 8.339971974313700187e-01 5.579944546952567141e-02 -2.847783868865307391e-02 -5.302476342540362042e-01 1.292201053395984622e-01
1.185728676633144574e-01 -2.814395754529742111e-01 -5.145298201684441602e-02 -6.457252632734211727e-04 -5.237055395129253110e-01 5.655430297358192693e-01 1.128737916137456443e+00 -2.462942330249839051e-01 2.818138728238717694e-01 7.570009702765896353e-01 -3.382540501334078131e-01 -4.208176270668746444e-01
6.376662767229205331e-01 3.790340507122375580e-01 4.358925507312361725e-01 -2.412449856210029386e-01 4.360276532915859371e-01 6.494179955237145974e-01 1.713732644003563080e-02 1.447799931484158531e+00 -1.270637586440948874e-01 -5.611446540807403238e-01 3.393943874347386536e-01 2.899220332583062887e-01
-4.826693999323289352e-01 -1.067835121064435011e+00 -3.660135529315686198e-01 -6.716009133711478563e-02 -4.365046701270332008e-01 -5.223641797593453484e-01 7.065015799282235998e-01 -6.157830017832247038e-02 -1.105748388333846144e+00 6.191520545280936316e-01 -4.338912206149228568e-01 -2.100200696238551101e-01
-4.751673549690889065e-01 7.513849201704238256e-02 5.123628187806644751e-01 -1.659348827798896031e-01 9.299627397528448247e-02 2.858472988335279408e-01 -2.389910273505723715e-01 -3.259243947265622610e-01 -4.539897221376324454e-01 4.110313647953881683e-02 9.633231164765451715e-02 -5.308562240020349154e-01
-5.828879942706405304e-01 -1.422125071121906614e-01 -6.581161653246981880e-01 -2.419169649529749888e-01 -1.761696802580816346e-01 -6.672144976011438189e-01 -8.124672669163024441e-01 -3.082917842643627115e-01 -1.943930628106238512e-01 1.439202777406787814e-01 -5.135812465918127706e-02 -9.886902259106652990e-02
2.130569477502248510e-01 2.589113079643471371e-01 2.359207002747598647e-01 7.168227021423633216e-01 -2.596147037221975817e-01 3.317987057053740640e-01 -2.610764529170729251e-02 4.851606651482127108e-01 3.795894963011782197e-01 4.981822886292693320e-01 2.276287956003320567e-01 -1.789478561002302293e-01
-9.012195743175590579e-01 -5.478666325391013947e-01 -4.187787421662014092e-02 3.679103561813701906e-01 -6.953320819920912055e-02 1.773670233238101579e-01 -2.696581882912973960e-01 -1.626627669087551686e-01 -1.252365471405316455e-01 -3.164850629582212638e-01 2.086559223074464231e-01 -1.386930015865841304e+00
-1.335131265599416028e-01 -1.181035207087129058e+00 1.100783539703171082e-01 -7.310324624554667139e-01 -7.596015164415207410e-01 -1.466240631559831975e-01 -3.933067260912851415e-01 6.095373595886823814e-01 3.041273302303683645e-01 7.348929254248891263e-02 2.598125310021348611e-01 -5.227179851364184282e-01
-6.383945632355440825e-02 -9.157033063423277719e-01 9.548059268414604839e-01 -6.917714659102326413e-01 1.078658673821275282e-01 -5.861764515764077421e-01 2.336508864680416353e-01 1.096355145321287416e+00 -4.785430511682774446e-01 8.588272922629150985e-01 -3.058082499874244520e-01 -9.041418543118220352e-01
1.309785333008430142e+00 4.839829740575436468e-01 -5.841124917193454280e-01 -1.526827938564840614e-01 4.957908735386465371e-01 9.126833483834185801e-01 5.626571524772434607e-01 -9.157182005959071391e-01 -1.478692828771279444e-01 -4.735434632142940248e-01 -2.186738371200076525e-01 -3.708596383049966860e-01
1.780467888304205493e-01 2.340578798174837161e-01 6.744946144203912697e-01 -2.437960137498888791e-01 -2.539676562082855971e-01 -2.449747090577361897e-01 7.751723433991480894e-01 -5.482058499972682908e-01 -5.501662269161797791e-01 -3.057026384967462262e-01 5.211690984504709773e-02 2.938278102821958448e-01
9.248491808961123439e-01 -9.420306984682229601e-01 4.169526804794775332e-01 1.651953054337757798e-01 -8.063547032089266042e-02 -5.583292433660996118e-02 -3.814911147188632667e-01 -5.810947308784897292e-01 -6.780649507983791402e-01 2.030173150361091750e-01 9.998452027241463980e-02 -2.732038867465499954e-01
2.277359546592311601e-01 1.157275036403001972e-01 4.291551835254459046e-01 -4.309854308013760238e-01 9.871605846404049589e-03 3.310112923447107725e-01 4.843441548065516855e-01 -5.754630111174233731e-01 -1.957339859858683584e-01 2.206012089399997655e-01 -1.073010659191471872e+00 2.046353634973161750e-01
-1.983491450369793685e-01 -5.779333669705238874e-01 1.660570673016467103e-01 9.183371365338035552e-01 7.920161716228325821e-02 8.198596088928526981e-01 7.560401296321905829e-01 -3.412717601422916025e-01 -3.609086173064079972e-01 -1.176111569398285761e+00 -3.787134103772532012e-01 -2.128103208740713959e-01
5.549547801210997881e-03 6.819540366800085351e-01 -7.151504133978047184e-01 -3.008704849060934161e-01 -6.865798549006117968e-01 3.890467105090291144e-01 8.188594462023911502e-01 -3.297198384708635577e-02 1.333132733923530489e-01 8.169909148205477534e-01 6.098237739302593552e-02 -5.432335663264673542e-01
-5.796971080072127469e-01 -1.292377928436620582e+00 -5.648344528349427129e-01 5.453051877095332900e-01 7.036034445627439848e-02 2.514218666815523084e-01 6.580406951999213661e-01 6.834035840626926372e-01 2.833501571479611347e-01 -4.685913312606156400e-01 -6.364419327338707300e-01 6.834374553312837497e-01
-7.309366458945631972e-01 1.113227347230231895e-01 -3.557816387217371812e-01 1.456273772279361722e-01 2.088123338312504185e-01 -7.038058193417779940e-01 -2.953926797114314051e-01 3.687634648561580741e-01 3.060140106486544664e-01 -1.921606955019241891e-01 -1.198673368192988697e-01 -1.148111399252858877e+00
1.475934288327959698e-01 -8.975258404338463114e-01 -7.462075623572752558e-01 5.574112416203812204e-02 -2.517815925583524045e-02 -6.120039419405995940e-01 -1.915082598443242079e-02 1.359239165924988058e-01 -1.086651142101650036e+00 -3.265103896024623142e-01 1.013357411431520694e+00 -6.146689840825884238e-02
-4.796769071531988005e-02 4.315681147671887596e-01 -2.043760274844113878e-01 -5.581072215926079494e-01 1.195934313842008101e-01 9.909189229003018129e-01 -7.951974749578472057e-01 -2.609913969433405589e-01 3.982641090140499190e-02 7.606669640174172284e-03 9.487783881599826108e-01 5.316771699692921516e-01
1.362404056539506525e-01 1.580267874674858020e-01 -5.915171751838770309e-01 9.124604267900029431e-01 4.868323057429936318e-01 -9.062186627301535014e-01 8.710361538371104162e-01 -1.385323273168166114e-01 -3.879743186848235159e-01 6.526372831772107030e-01 -8.880730129138626472e-01 -4.000382507495051643e-01
-1.998289557771238123e-01 2.713448180228649753e-01 -9.365619870928819368e-02 -2.803641614495702705e-01 -3.953806657527093038e-01 -4.327381140436915019e-01 -9.896281957275419872e-02 2.253604895595712893e-02 5.867046732708921519e-01 1.532834596146336568e-03 2.683392267621626318e-02 -1.143201750594065313e-01
9.055068243695763019e-01 3.407308309471804297e-01 -9.842421731489562342e-01 -1.041681876880227842e+00 3.009980159638823149e-01 2.939858440596745948e-01 -3.032538097567365476e-01 9.932596385509404602e-01 -1.068757901832154245e+00 -6.424263855737400997e-01 -6.063439507136395568e-01 1.548738614249480228e-01
3.155347995252876653e-02 6.061554673968990725e-01 3.372984766548809965e-01 -8.594022989671495916e-01 -2.093234786124835156e-01 9.478684690899101539e-02 5.478984915771005770e-01 -8.967247765362166279e-01 3.683347267751470033e-01 9.504623759985665610e-02 1.252089371473702195e-01 -4.473478630031563208e-01
-7.640753510655328151e-01 1.157774308426343879e+00 1.042172533576540161e+00 6.361753904427593087e-03 -5.058060610664572021e-01 2.769363793601833240e-02 -3.853303563793355480e-01 2.180286335561941735e-01 5.565435920242866041e-01 -2.239763342305865212e-01 6.865828118671806202e-01 5.801942128918938235e-02
2.969730022848848239e-01 -1.101299957809598329e+00 -1.276721338539482442e+00 3.008444591332650186e-01 7.869412000634338211e-01 5.481623728361021408e-01 3.351596238467011712e-01 -3.712945464163635578e-01 -1.730404917407613319e-01 6.573541672992631035e-01 5.695076789230393843e-02 1.242120250694723094e+00
1.917663037110977908e-01 3.251090942159179376e-01 9.294886991180952018e-02 6.910775694177505313e-02 -3.238337681483470232e-01 -8.505256916150675250e-01 6.877393557508364452e-01 -1.100593970207505851e-01 -1.396925185675472525e+00 2.542293278358676578e-01 -9.020348344249104477e-02 -4.045874670080616964e-01
4.299989637577067425e-01 -9.348991222959087688e-01 2.803810420059539288e-01 -8.164451984563233511e-01 1.429638512790706584e-01 -7.656901561748923335e-01 -5.206708172392403300e-02 -2.339934615817841276e-03 -2.316479822109421827e-01 -9.081518739270004470e-02 2.627066924766672251e-01 1.875124778773112344e-01
4.679814348849218320e-01 -1.238637800699457836e+00 9.434671507913458544e-02 3.623671854217601629e-01 6.987465868594895380e-01 1.699972394593473463e-02 -3.564260082690398623e-02 4.273757719200534100e-02 -6.778516821895887168e-02 5.049786122613429962e-01 4.352780590699966146e-01 -2.270615113846981975e-02
-5.905432299855956080e-01 5.115064149144148420e-01 -1.867451334213073577e-01 -9.650284469018937106e-01 -8.766080022909485125e-02 -3.999407146498463184e-01 2.059066722914157654e-01 3.615768863258939647e-01 8.214662589707242280e-01 -1.178024902457202316e-01 -4.777539732613193535e-01 4.608135966256365346e-01
-2.480447232844466138e-02 4.264739762460666855e-02 -4.582562715792687369e-01 6.828165538663888423e-01 -6.031140718402868695e-01 2.988441464066889375e-01 3.359129610994728843e-01 -8.735341013143478259e-03 1.987335676387592398e-01 -4.192331952861673150e-01 -4.114179999867219606e-01 1.007649872495620796e-01
-2.586191039078278853e-01 -3.834775873058985374e-01 1.654526453026808896e-01 2.252193771891209673e-01 -5.098720025392192157e-02 -1.200377093312371274e-01 -3.497213345467575230e-01 2.711243165003474065e-01 -2.775860604171442869e-01 2.520556943715626108e-01 -2.969534425575903747e-01 2.282365223725398851e-01
9.345422482410006282e-01 -2.972818813027771831e-02 6.765387514991265394e-02 4.509677931228056047e-01 -7.587981899660484197e-01 -3.713193416412083891e-01 -1.080240165478308256e+00 1.207875622934334731e-01 -3.947967556910665921e-01 4.095608857965409300e-01 -1.330235834170377940e-01 -6.934019105728616017e-01
6.025339239557016002e-01 -3.207682302979493194e-01 1.245802010611113397e-01 4.824519894745180615e-01 1.809584341689756126e-01 -2.413662333667459803e-01 6.602886519582097657e-02 -6.214930450347438962e-01 -9.075544162502829915e-02 -9.385388650191080206e-02 -8.914021312295707100e-02 -1.373763208569535876e-01
2.589531690480615378e-01 4.970004044312021363e-01 -4.868994385647070211e-01 2.551956341863078626e-01 -4.711420179043326328e-01 7.660582229481993632e-02 2.545442809366734727e-01 -2.590037382614019945e-01 5.103698041259082524e-02 -6.668080315615069198e-01 -1.077625363894416238e-01 4.221861042030036204e-01
2.365552554018688358e-01 -1.570568098845253613e-01 1.075092883193616844e-01 2.441998030974326106e-01 2.512462320441654073e-01 -3.730525999521636105e-02 4.053167664195824610e-02 -1.068927372439673201e-01 -5.160800481933459638e-01 4.253742979501837773e-01 -3.062846353194254023e-01 -3.954749623780114409e-01
-6.365894025137105450e-01 4.394568381252003664e-01 2.752649006841169366e-02 2.422036886447710147e-01 9.788037191300275053e-01 -2.107255797580449494e-02 -1.022433636534704898e-01 -3.133306127808055397e-01 -2.444612470233590018e-01 -3.865390408017933543e-01 9.282702415911173732e-01 -1.707853845834965967e-01
2.867739134971739601e-01 2.600632782878304350e-01 3.263203271299767727e-01 5.731040511736098519e-01 -3.860081014981230907e-01 -3.487264361771187371e-01 2.834922900455194017e-01 7.300108964896646624e-01 1.056907071549368915e+00 -1.167617825069538345e-01 3.591847339409494078e-01 -4.101073839018096745e-01
4.971366997534021337e-01 -2.490953015674504945e-01 -5.206635303107759460e-01 -6.531243629806196549e-02 -7.230525156688004662e-01 3.719100009773406712e-01 5.444458985500238990e-01 8.399604956985949888e-01 1.025977238426216243e+00 9.856389644673427819e-01 1.563974485739270393e-01 -1.657772942814448869e-01
-7.727112502064721333e-01 4.977631972863482551e-02 -8.061316998394694178e-01 6.207166369218726221e-01 -4.175738215724527080e-01 -1.677949777408941079e-01 8.024795954845733714e-01 1.199539851360488102e-01 -2.446526028693394583e-01 -3.091691710740583354e-01 6.421708984123128405e-02 7.949796963113466841e-01
-5.140293213864539634e-01 -1.567733888342690562e-01 3.061923365355241899e-01 -7.211363681009784476e-02 -1.875343835436290019e-01 -4.221424672734758188e-01 1.314080104308258945e-01 -2.022224446780198359e-01 -5.308319959328301751e-02 2.149772525386124955e-01 6.362818773014583540e-01 -4.196623990748352684e-01
-2.166087888653605575e-01 -1.822455723134980554e-01 -7.111712975382225577e-02 -1.645467074033072907e-01 2.840700911602699885e-01 -4.451204320857121005e-02 8.239529166931978121e-01 8.988414698047341167e-01 1.430363938075050467e-01 4.802312815987022643e-02 8.085423915158909125e-01 -4.471401244438079625e-01
-6.837215339782992674e-02 1.297391538253142920e-02 -4.136462492497092192e-02 -2.325205474633529612e-01 7.952705693332422221e-02 1.981224124048412139e-01 5.824027348506578550e-01 3.465925974566314016e-01 6.969435860928399062e-01 -2.289307861236040964e-01 -2.074868461124556307e-01 -1.183876215848215452e+00
-4.005586533495592572e-01 4.403528670475084228e-01 -3.626015454822605344e-01 2.797788052244496448e-01 -6.265762239138353840e-01 -1.025793065347314403e+00 -8.078921093932104336e-01 -2.083796034056587809e-01 -2.574855801212836970e-01 -2.433951566126062172e-01 1.323853800793511337e-01 -4.221460684975684163e-01
8.668968151460645366e-01 -2.646547920807247878e-01 -8.936475325499840805e-01 -2.353583074753983484e-01 1.045004719458661580e+00 3.724000547416329021e-01 8.078412924368181258e-01 -2.334121882125464731e-01 -6.516649891919381599e-01 2.183751927238429813e-01 -7.921928335711135860e-01 -4.646500258846756881e-01
5.299483000348259587e-01 -5.909815418713792318e-02 -7.251353160815232624e-01 5.057025040646780933e-01 -2.721741774877747266e-01 5.709111713023067303e-01 -1.081229532577855923e-01 7.900216862247416705e-01 5.553363934908291805e-02 -7.365942650814345516e-01 -8.496965176438674161e-02 -4.452427611830443027e-02
1.185498587087129296e-01 1.640044252960482229e-01 -1.731930163217189345e-01 -2.817662253429856212e-02 3.259317612584932689e-01 -1.850079092997101160e-01 5.106250518523601789e-01 2.706222562632656370e-01 1.680139257334321012e-01 2.896411452092249594e-01 1.350697221798355274e+00 1.062166323258919853e-01
8.663301980720106155e-01 -3.874652043744283847e-02 -3.329047456955340212e-01 -3.650861928864592154e-01 3.077756526682924876e-01 -4.567940571916717096e-01 -5.400660634109506475e-01 -2.497310763715728521e-01 3.424066414077447246e-02 4.970272854373875004e-01 -9.489816789300323796e-01 -9.595493263430121544e-01
2.634689925827407575e-01 -3.298520543711676578e-01 -1.993622617084012394e-01 -2.842311419895913738e-01 -9.857759708671058885e-01 -3.058336830034038001e-01 3.453424368771155217e-01 -7.781676057219434617e-02 -3.926244454215046531e-01 1.700701701077905192e-01 -5.581227278830354077e-01 6.096674364723996264e-01
-2.870376644194885807e-01 -3.731145871460856966e-01 -5.038570697827548378e-02 -5.075414543533444123e-01 -2.638919908253544722e-01 -2.189125548880669903e-01 2.076090884194311745e-02 1.118604733049386235e+00 -1.986260572967700477e-01 1.143561099724068164e+00 1.041177663534005315e+00 -5.960349786330194632e-01
-7.056338114129765415e-01 -4.932900681234081985e-01 6.935356727735573212e-01 5.021829476419822358e-01 1.890378963524987077e-01 3.419949535413184805e-01 3.871818187928889642e-04 5.568290192918022852e-01 1.715785440210952292e-02 -1.002811402933042384e+00 -4.454692955833812196e-01 -3.356230663817700299e-01
6.017556429806814045e-01 1.375112663676566205e-01 -3.642241849058535652e-01 1.429541477529792763e-02 5.553412833042155050e-01 8.757916002360193186e-01 -7.290328573191808825e-01 3.974724057279312439e-01 -4.150895638909545826e-01 1.079671245002175262e+00 -3.471715965800004633e-01 -3.160574543557257421e-01
1.003589324229751528e-01 -4.781705882517941486e-01 -5.803984662384311655e-01 -1.242861482818471142e-01 4.570909284019154528e-01 -5.359503730573540459e-01 -3.650391540143867464e-01 -2.581247736663026537e-01 -3.771880965979272915e-01 -8.633210490515085267e-01 -4.077270572536396687e-01 -4.080878454542625766e-01
1.133271002218646240e-01 -2.893674600033647182e-01 -8.188076686786188718e-01 3.268453655879717812e-01 -6.781672329134386112e-02 -8.024167178563120784e-01 1.019773104001903130e+00 -6.635423428575988325e-01 -4.592163264111402410e-01 1.316108341405752558e-01 -2.474707720080789736e-02 1.302744175115480296e-01
3.336792067476533341e-01 5.695636021202636901e-01 9.147264305796328765e-01 3.951988176946606979e-01 5.142318767375947397e-01 -6.055590552052890763e-01 -5.232694234063504091e-01 -4.208536302781948346e-02 -1.931629634475652002e-01 -5.444542202475292081e-01 3.823053555695278827e-01 9.624700654647819764e-01
-4.320906750152159193e-01 4.514798285859626392e-01 -1.030542545146325983e-01 -3.519125331544557533e-01 -2.023949565681462670e-01 1.581496750963592990e-01 -1.244156898217580465e-01 6.932133988780000422e-01 4.474765487507837980e-01 3.821509415063113480e-01 -4.205824096539234613e-02 1.848357133882746750e-01
