-7.229508202818395013e+00
-7.059539697776791911e+00
-7.029652124310753258e+00
-7.476039720143016432e+00
-7.062293653762007573e+00
-6.682410427968310529e+00
-6.909773110641461713e+00
-7.064173246775995452e+00
-6.839460302877349740e+00
-7.557317904395622676e+00
-6.712443902408988805e+00
-7.313815712149600579e+00
-7.265623745757419982e+00
-6.842244164237346382e+00
-7.515338258504103308e+00
-6.973564183345496659e+00
-7.364152946042796799e+00
-7.184009693380900785e+00
-7.226427835018299106e+00
-6.988866192783540932e+00
-6.831322522184495760e+00
-6.579386020273448210e+00
-7.326396686428572558e+00
-6.964930306660172654e+00
-7.225989686988611105e+00
-6.680517394183718594e+00
-7.146543310463985499e+00
-7.274986903301423169e+00
-6.438749111507123146e+00
-6.535764917723019707e+00
-6.928198034780962189e+00
-6.662879248492585837e+00
-7.387793790473768496e+00
-6.111213252331127777e+00
-6.548980613005603857e+00
-7.629727057557895264e+00
-7.158397865237899893e+00
-6.996898449315168911e+00
-6.848299949073133774e+00
-7.023678908268650822e+00
-6.811675911161766628e+00
-7.143588435243671597e+00
-7.137265773848000094e+00
-6.383705464129493024e+00
-6.202337132505983952e+00
-7.069847070086206386e+00
-6.625455224317939873e+00
-7.156326260661247218e+00
-7.227718952088206805e+00
-7.082087097552014932e+00
-7.028720621535285318e+00
-6.940103272091581843e+00
-6.707065857430523970e+00
-7.240936654626567659e+00
-7.122531204718453246e+00
-7.042210388637561991e+00
-7.452036438476095093e+00
-6.687120822425257849e+00
-6.455416683867888139e+00
-7.581593931117149410e+00
-7.208897930544381438e+00
-6.805729524021928434e+00
-7.502608569073652589e+00
-7.206353950643843653e+00
-6.957939820732780944e+00
-7.084400422214713444e+00
-6.577710606209465460e+00
-6.518270580152636384e+00
-7.383492263693449686e+00
-6.962741370030280486e+00
-6.481531341493237619e+00
-6.722737128440472887e+00
-7.040322570577297157e+00
-7.709924940617939093e+00
-6.175263002118388300e+00
-6.958576960459406102e+00
-6.790765514721689655e+00
-7.396659384376521373e+00
-6.293007236072975630e+00
-7.560016686452208035e+00
-7.369392251412302031e+00
-6.812334730394059790e+00
-6.686640713060747920e+00
-7.082735441522542530e+00
-7.502827405656568693e+00
-7.508734338753827231e+00
-6.870894761592871269e+00
-6.655711691317247158e+00
-6.419025595930805572e+00
-6.735023194620461062e+00
-6.675583817562185551e+00
-7.183853238195346158e+00
-7.107290346045568086e+00
-6.835810425361706244e+00
-7.286414239355075040e+00
-7.320015725622464053e+00
-6.491965027772399921e+00
-6.599575219671579340e+00
-7.684289273430176870e+00
-7.005876634965900074e+00
