1.771110648297567203e-01 6.077005832049711120e-01 -4.388752171749884523e-01 -9.284042319639481677e-01 -2.934977144166850405e-01 1.914155794308670111e-01 -4.498964087615899277e-01 -3.611820036038623782e-02 -2.246402293415502571e-01 2.765415287129005528e-01 -5.039592199870248646e-01 5.983296317128909969e-01
8.103345010927566483e-02 6.352287173761291816e-01 6.185389886475023413e-01 -2.380835662110128981e-01 1.496015146856106703e-01 2.339070316400702065e-01 1.889796658015076569e-01 1.637187889157874221e-01 7.582945502577134178e-01 -3.742132133497667601e-01 -2.290985879456032825e-01 -4.067203785801686844e-01
5.829326441549348425e-01 1.112568057930310439e-01 5.506272719199845067e-01 -6.959556297831158700e-01 4.170695569229480593e-01 -5.027413430899742020e-01 1.474378380491251327e-02 3.457232287698795981e-01 3.035818999455798251e-01 6.694120697862406821e-01 -3.857817915702701494e-01 -6.366155675383583512e-02
1.508191760928652425e-01 -2.866087149276252966e-01 -1.290824970051353097e-02 1.054688964534845397e+00 7.983597968573712123e-02 3.700924413823755699e-01 -1.153957738103618125e+00 5.059578288748666636e-02 -1.441601577181920169e-01 -4.410348170984053073e-01 -2.214269014197395302e-01 -4.024869010804840164e-01
3.941925015065937954e-01 -4.007734032690361548e-01 4.159316281413147354e-01 -8.508446418131192235e-02 -1.076247562613134701e+00 -3.491037537091453147e-01 -6.618054962177494227e-01 1.031578141818533911e+00 -7.329605952381361700e-01 3.274113477455249388e-01 4.898338605688762337e-01 -1.823562824196082732e-01
1.859412250556957136e-01 -6.411473399766906001e-01 2.692332933311146759e-01 -7.591601019076388290e-01 9.703827334139718264e-02 -3.195421253958881103e-01 -3.744582482082654123e-02 1.963165628592522527e-01 8.541467478372069544e-02 2.937818759619658104e-01 2.298398953017889434e-01 -1.106830323244260450e+00
-3.504323493946630008e-01 -1.985147208407167171e-02 -5.455258398130063968e-01 2.373591755752158666e-02 -2.694527677017923284e-01 -3.760635190193861721e-01 1.467998067744096802e-01 -5.228879959612372508e-01 -2.616284125535625615e-01 9.732131358210525107e-01 -7.172527994950376184e-01 -1.086937542001638279e+00
3.275471420805099731e-02 4.577997932642476897e-01 -8.137383258069354197e-02 5.919117303639006566e-01 -7.699279022885868740e-01 2.267286356556423577e-01 5.748204268389287552e-01 -9.953665792406624080e-01 -1.283445972823611669e-01 5.010436977690826410e-01 7.460911681833809483e-01 2.063179121234083313e-01
6.039866589785977125e-01 -8.329630061171626465e-02 1.682680594367438054e-01 -2.285283379716925023e-01 -2.953419543765189448e-01 2.038256156925048190e-01 -1.023849980739849341e+00 6.321282822172328286e-01 2.656150095539940859e-01 -1.798612017591469658e-01 -1.083415138827617252e-01 1.257912870960526536e-02
2.948582215057394817e-01 5.647705770991310326e-01 1.249507061862691781e+00 6.356338001311760966e-01 -8.470717962964650072e-01 4.638699622022109809e-02 -5.059021223035142789e-01 -2.416232464708796546e-02 -1.159833579696739198e-01 -5.869591227848530712e-01 -2.124231560686118403e-01 3.102759898861366383e-01
3.321011723883382505e-01 8.147548917055327244e-01 -5.826617516704803990e-01 4.795384979593425023e-01 -2.104078533845527288e-01 3.727945661612359074e-01 1.172642484452095929e-01 -1.108122307896455716e+00 -1.333363802026383826e+00 -3.841257984059645025e-01 3.488278873522969725e-01 1.677158982455569103e-01
8.576468740254431511e-01 6.740848525183761042e-02 2.108376228762005311e-01 5.996244641367298213e-03 4.703899990291172950e-02 3.095799448069445070e-01 -1.931922954119479618e-01 2.387130688601474954e-02 -3.096438125670336605e-01 -1.060696773603701237e-01 9.483984104194541354e-02 -3.646043593682186112e-01
6.855692370357785448e-02 -1.126409750756056372e-01 -5.452305458235651159e-01 -4.426143058002776076e-01 6.844300906514753091e-01 -7.765427988627517930e-01 -2.558378578514282631e-01 1.603600936462550308e-01 -5.918008903981920588e-01 9.152446255409886211e-01 9.062683494747719726e-01 2.776467671263787521e-03
-3.698142620326548835e-01 -1.409922699587579098e-01 -5.105127647236269439e-01 1.175181562188346795e+00 -7.211466067632762433e-01 -8.793193104099483737e-02 -1.021510339699723602e+00 8.019471933186823887e-02 -1.534679565039548110e-01 2.319006945255208674e-01 -7.875323882513605156e-01 -1.494107008960683658e-01
6.906983772729591298e-01 -4.609421858994969812e-01 -6.282718927952155585e-01 -5.827818953824361048e-02 8.194373351787753723e-02 -2.370825254985628738e-01 2.483002950153638810e-01 -2.030658995069683712e-02 -2.363317494441287692e-01 6.003544248012869788e-01 -3.292699298236480554e-01 -3.818446903160134243e-01
3.926135075724320744e-01 -1.593455470120822282e-01 2.219107724254774650e-01 4.197391439401963464e-01 -6.992023551984002383e-01 9.093724282769197753e-01 3.813236131749265789e-01 2.539073576359471840e-01 1.652716210286604148e-01 1.284055177363422062e-01 -3.705096300597224834e-01 -1.498364937381008871e-02
8.843851559553083108e-01 -1.527461372164513054e-01 -9.171457544651560878e-02 1.207654500407297216e-01 1.808160939794170863e-01 5.643694185367469363e-01 9.621802896279008088e-02 -2.318170203984115108e-01 -1.099467564351314985e+00 -1.049477082912382980e-01 -3.224007789587720052e-01 -7.400722221189433014e-01
-1.600591503457990949e-01 -9.707883042194517462e-03 4.458223101342922434e-01 3.115904123100662337e-01 -1.250506797346389698e+00 4.431622445323982751e-01 -1.711473961305161606e-01 -2.111054857338963420e-02 -8.264313823926242586e-01 4.479572538300261586e-01 7.064735292295329372e-02 -4.501702447960148797e-03
-1.573293031010319365e-01 7.077403841696167097e-02 9.748004627328810123e-02 1.821661643827166832e-01 2.289301779416421517e-02 1.276646535287158102e-01 3.520378933377048963e-02 -4.407710206417730925e-01 -2.368385080120645469e-01 -7.978063721759538485e-01 2.164848484074698709e-01 5.109073276133906799e-02
7.674738567250580790e-01 4.355247632180198614e-01 6.180708433902872834e-01 -8.944556142275091881e-01 -2.615756363975596521e-01 -8.200731745110789728e-02 5.169197188658229969e-01 3.616417981142829863e-01 -8.312713174944161842e-01 -1.768989850596128788e-01 -9.815894660327019183e-01 5.985197099961560019e-01
4.045441390102412771e-01 -1.774859514272310868e-01 1.703140119338598379e-01 2.839173276882070440e-01 3.998070453599900653e-01 5.574983250057743422e-01 1.501265550258827283e-02 -7.734584375917807897e-01 3.014586673527104577e-02 2.641051252435271945e-01 3.661410330386506429e-01 -5.156467800725219597e-01
-1.219724404930694478e-01 -1.172120091027013311e+00 6.365171077837808444e-02 -2.152964598644729888e-02 1.485529309407935226e-02 -1.440567836739278240e-01 -7.362358829571750141e-01 2.689969602660158624e-02 1.278706010558471329e-01 -2.044483107058772953e-01 -1.085317796192974971e-01 3.549270748251531216e-01
-3.949853974401053014e-01 4.321250749568984473e-01 -2.355657892868275038e-01 4.582555301101395306e-01 -6.683129515214997207e-01 1.082817206889772788e+00 -1.248102099920072039e-01 9.022308677143615896e-02 5.555994460152766656e-01 4.657272295891896063e-01 -6.399397941665485590e-01 -2.470285048462459165e-01
5.732779989100993401e-01 4.614252054561390065e-02 -1.149055620562087696e-02 -5.171313009154679952e-01 -1.773558026906238150e-01 5.917041077001337079e-01 3.052787703783781115e-02 -2.704405883706212932e-01 4.928975607894801048e-01 -5.494421973746862475e-01 -1.185470864298662635e-01 7.254527949664260067e-01
1.803381457197636706e-01 -7.953971201729627127e-01 3.859419937942984435e-01 -7.053001563286739883e-02 9.440341345160219166e-02 -3.131675276837236344e-01 1.294207547582303663e-01 5.814559063593798260e-01 -4.503460989122781144e-01 -1.326954848443382962e-01 8.841931752442805381e-01 2.795076823684358169e-01
3.346871393377586767e-01 -2.261150072220952656e-01 -1.010410083736258853e-02 -9.494510214854852415e-02 -9.093785640610482779e-02 -3.377875410154654312e-01 -3.231624043274006763e-01 -5.341939112952146518e-01 -5.529848269257778837e-01 -7.541415985431575431e-01 1.188362941249399451e+00 1.314469124715560433e+00
3.587136476818893471e-01 -5.635681743319482795e-01 4.143344077024526673e-01 -8.749562736362305471e-02 8.667346762040058217e-02 4.131621714785344568e-01 7.126599047423498590e-01 -2.427822317702187094e-02 3.110108091714269829e-01 -1.338028045807093669e-01 5.806627617455931700e-01 2.173332818430019631e-01
-9.201026590893909285e-01 -7.993057855707662585e-01 -1.975126835195336328e-01 -4.396450451171806106e-01 -1.621491914843367910e-01 4.478184066485944026e-01 -3.573016683643794322e-01 2.307200804148412387e-01 -1.204432936195759085e+00 -6.075845031950147801e-01 -3.593183264276590405e-01 -9.595818276038657613e-02
1.666409756036352774e-01 -2.112630192323954395e-02 -7.234882813554184278e-01 9.313446210857256879e-01 2.585516458681806351e-01 -1.938451313689176503e-01 -1.510944265714847301e+00 -4.630483744672895252e-01 -2.551463131226814895e-01 6.659510907684261516e-02 4.022445964623689307e-01 -5.169264911206846724e-01
3.747793526775929085e-02 1.898067672067842993e-01 -2.865453383382021713e-01 -2.201098696040067193e-01 -4.658757312793802841e-02 9.892875380259148477e-01 7.084325050951144620e-01 9.877601277260898704e-02 5.395235346169720003e-01 -7.586130361869634076e-01 1.401622400086159070e-01 5.171717252690796185e-01
-7.227587492316434048e-01 -4.799673988694338478e-01 -1.035144947035316759e-01 8.965810047516844516e-01 -5.731340459053986258e-01 9.795188314917259165e-01 -4.461016303100231450e-01 8.672374586949951336e-01 1.414793625016292911e-01 1.689007681049896903e-01 3.798848922983090182e-01 -3.584663529395108045e-02
5.398943870679056428e-02 1.622088851791632647e-01 8.934056036678661439e-01 -5.885363932715054203e-01 -4.524937141454712375e-01 3.403852458989680696e-01 4.347449469995976479e-01 9.811955766172214544e-02 -5.145668593706425459e-02 1.501147822410111854e-01 5.271313527419534406e-01 -1.837665523520332356e-01
2.152660037605054200e-01 9.814144698721841698e-01 -5.245272818537269899e-01 -6.157142854633360640e-01 6.762338379033464575e-01 1.874380549827609280e-02 -7.653436319879770577e-01 -8.621981660923097590e-02 -1.650929445297760201e-01 -4.130652815251382726e-01 -2.320471140369491647e-01 4.796232690958262546e-01
-3.986381714337036697e-01 4.155962780937241807e-01 -5.105417182913724039e-01 2.302248693852394085e-02 3.766009458411183619e-01 -1.296341905235088854e-01 -5.994318785106111935e-02 8.741029059360065634e-02 7.884567030602291915e-01 -1.003926122686059408e+00 3.958525260904134924e-01 1.127465627580055862e+00
2.702740134605885469e-01 -2.535027634182676071e-01 2.905872497020737244e-01 -1.555607497197946942e-01 -1.401685791044467722e-01 1.263157291001503757e-01 3.282285188506330886e-01 -1.534490110952266284e-01 1.247296962999123293e+00 3.933715573179956682e-01 -1.063377448799692065e-01 -8.333048898107237035e-02
6.672361760511178463e-01 2.223222144824641144e-01 -5.178998545958571897e-01 3.281243587851124799e-01 -3.003888691790546628e-01 -2.202653705136513318e-01 6.813434023520712479e-01 4.637609692029354691e-01 -4.045161666002140555e-01 -7.538403168708179836e-01 -7.117806820423671077e-01 -6.982011796268455806e-02
8.035278742395842722e-01 -7.029857193157601492e-01 -4.983879495910353841e-01 -3.276544271538082698e-01 2.421260635869385558e-01 3.213502468549775948e-01 4.554624831747657310e-01 3.621880747106074883e-01 -7.973658143575201862e-01 5.334963115362988395e-01 1.543704528434929613e-01 3.786645526512547044e-02
1.635251383806404432e-02 -5.842545192569951508e-03 2.591008242767818270e-01 -5.745244713046526730e-01 5.417305447225746473e-01 5.442341935522230223e-01 6.408462947193274140e-01 -4.035842440257244590e-01 4.819657964813936490e-01 2.064296098966083848e-01 6.650482084326399257e-02 -3.625944978365935323e-01
1.182298029298750330e-01 5.003582907122940127e-02 2.785439694398277877e-01 -4.907706148761273313e-01 5.248871627524753086e-02 -2.678066026649416620e-01 -1.240005051648475076e-01 6.304446875559116537e-02 4.930971992588187858e-01 -8.160248335313667611e-02 7.695247988966948949e-01 8.639088457330881821e-02
1.794803049723548982e-01 -1.008973113130154503e-01 -2.427466897578100524e-01 -1.331887397211424795e-01 4.417227425719520706e-02 4.665061922540796324e-01 -3.869255229485818459e-01 -8.650067103562761872e-01 4.370699041607248869e-01 4.214713023704800277e-01 -5.397815768928894142e-01 1.085228679140331387e+00
-1.034351745915086829e+00 8.513021634866453635e-02 -7.238012814990996135e-01 -1.643676690960264475e+00 -5.053022359753820414e-01 1.442256243116012138e-01 9.093509239086033924e-01 -1.121674709562072575e-01 2.814074889496715470e-01 -4.663823991884873399e-01 -1.348161731589837764e+00 -7.468692310866404949e-01
-3.236009437240957576e-01 -1.388115062672563293e-01 -2.544392240523066923e-02 -9.261490303901493970e-01 -3.570826945371420313e-01 -2.085647909474576955e-01 -5.162196610059865964e-01 -7.269991627837793513e-02 3.806411920448741215e-01 -4.451120775415030040e-01 -4.995666887956626279e-02 7.387942679097625476e-01
2.063401728401490220e-01 2.787668947342379980e-02 -5.933980027002668800e-01 3.650700688423663687e-01 4.689459590420909096e-01 1.557477604647971303e-01 2.122061297882528730e-01 -7.463313376662814580e-01 4.829796931144914596e-01 -4.789435774008228286e-01 -7.891111529726339002e-01 -3.667875193735331552e-01
-3.791689921694894605e-01 3.646478211830040950e-01 4.946654348928116174e-01 7.904820579246805146e-01 -8.788138134116266764e-01 -1.094071107120518027e+00 -2.346008384958520043e-01 -1.755251226797204245e-01 3.279544000623415417e-02 2.441703085558641351e-01 3.980070247229732239e-01 -9.967411283109681771e-04
4.333792914807258478e-01 9.795481794439951650e-02 3.392245718694006373e-01 2.878757104251885024e-01 2.561607680575890833e-01 3.609827453592382440e-01 -1.801298996490911519e-01 6.034039891708576908e-01 -8.423825095536316976e-01 2.369838389317850125e-01 1.777468453847693558e-02 1.834504571639072046e-01
-5.355894106260903342e-01 3.295014306868330189e-01 4.140381158245409754e-01 -1.196756117814903098e+00 -2.271703135599182077e-01 1.267167734451324801e+00 -1.806378922188819555e-02 -1.323562498118036612e-01 1.126687398253449907e-01 -4.398132737284716209e-01 2.626495559186435291e-01 -3.853494106497461907e-02
6.358555744982149482e-01 2.114989827965880753e-01 -2.148723875523309845e-01 -4.467422579006558037e-01 -1.664996207467265288e-01 -4.076420261739568396e-01 -1.067910701818666208e+00 4.016618593387620284e-01 -2.326586672714229809e-01 6.840127957322220675e-01 2.295556014777243303e-01 -4.709300655927264358e-03
1.990794921728712419e-01 1.006840796622899381e+00 -7.138516967660499812e-01 -3.883125164876475299e-01 7.440907893905526205e-01 -1.307281482958104479e-01 3.250736193802980512e-01 8.932062220409571485e-02 -4.156553379871424231e-02 7.480501443234548464e-01 -3.347638331914281618e-01 4.003325173527876035e-02
7.450519280113662157e-01 1.169394385689941085e-01 3.385266426651971083e-01 3.668951554953311378e-01 -2.446174469349496339e-01 -5.217541092017556892e-01 1.824215067067770949e-03 -1.316466064349792464e-01 6.858241522752830943e-02 -2.638095551863873789e-01 8.819140966465816023e-01 7.045087109296321870e-02
2.563920724192808587e-01 -1.649907536313589274e-01 -6.590859261818076131e-01 1.582945893770887624e-01 -3.698441226244235658e-01 -3.819972585854014002e-01 1.032209785343452868e+00 -1.294205980427354241e+00 1.199107530388904691e-01 4.373347887043935733e-01 -3.913653849756755787e-01 -4.034772947260960030e-01
-6.027839642404736464e-01 -6.977296454815008486e-01 5.868179734173445405e-01 4.220024356190159587e-01 4.025439526419497538e-01 4.092232633216893317e-02 1.488973804649642609e-02 1.091518453010778891e-02 -2.735182945147336953e-01 -3.978522696586587193e-01 -6.063724964386277838e-01 7.782335847390794425e-01
8.953980811083563918e-01 -2.408157069870525691e-01 1.386754111028662140e-01 -2.960978984016705562e-01 -1.556418820465863342e-02 -1.911294206498873327e-01 -5.933309203608732041e-01 -3.037539714595006712e-01 2.812639898069988487e-01 2.246875347746539464e-01 -8.353252159122596110e-01 6.658134165476188582e-02
-1.958108866634280520e-01 -1.304021220030717465e-01 2.145765423909002101e-01 -4.289314785799858143e-02 3.038232501095506355e-01 5.076083472623471593e-01 1.173280878027388729e-01 4.671699334714788376e-01 6.572065186594360231e-01 9.577044972722530136e-02 7.716629727737150946e-01 -2.584963978084925951e-01
-6.178785742115423113e-02 5.543665739845243801e-01 2.717887778313243241e-01 -1.209837116990913064e-01 -4.604548740431476106e-01 -4.482608559454371866e-01 8.171914836801127402e-01 -4.716995348128455445e-01 -2.882843298114955433e-01 1.458282303906136279e-01 -6.712564998194606725e-01 1.848465553140604956e-01
-7.215907914964408976e-01 -2.344754219322474076e-01 -6.692829380351086321e-01 -6.969206485842465160e-01 4.290542233837275066e-01 -9.138910536837466236e-02 -1.184720724146195725e-01 -6.253642113875835795e-01 6.421509072841121712e-01 -3.828852739575601127e-01 3.139201789163401785e-02 -3.298076155692571954e-01
-7.597558199231064791e-01 7.737682692389143968e-01 1.505067506281461687e-01 3.387849550333896231e-01 4.293451457823305728e-01 8.646527634169325349e-01 -1.510019727106110543e-01 2.546128035462391637e-01 -8.409335140604365932e-01 6.513645446755533808e-01 -1.110606524870398210e-01 -6.051024224119857520e-01
2.081672961522871845e-01 -3.429504542231426312e-01 -2.700892625598143998e-02 6.221097890656576146e-01 2.842024238227185973e-01 5.528327851713916719e-01 5.355129930556172813e-01 8.181848905533396499e-01 -2.172152321622947968e-01 4.924112780193967143e-01 6.703265543696265150e-01 -4.046954345140223869e-02
-1.249828547986883281e-01 -3.177137158020265639e-01 -2.674280144084182492e-02 -4.806960739014026762e-01 -4.586163265667010935e-01 1.413571129808257609e-01 -7.558673264925405144e-01 -4.097036789927759881e-01 4.331398318633299938e-01 -5.006993177413765483e-01 -2.643087920209560293e-01 -2.444407470428893447e-01
-4.712846979696270200e-01 5.938823202220970821e-01 3.016589147394762027e-01 -2.878138917971134192e-01 -3.907286909708818090e-01 -1.015761416507760861e+00 -6.583230200246222852e-01 -1.598488004254269013e-01 -6.707013936180745706e-01 2.790376866018229665e-02 1.308880900931907454e-01 8.349675936964803258e-01
2.504664604243855494e-02 3.129218937378734355e-01 -5.755603916953515586e-01 5.564041366618006634e-01 -3.847360975615671252e-01 -2.271311201072558073e-01 3.110660718370891753e-01 6.343419096324731665e-01 -4.719701458360573976e-01 3.716814505218853926e-01 5.387498318439851719e-01 5.871674353715197192e-01
5.160586159933883144e-01 -2.805634577482333802e-01 3.693976079156621184e-01 4.647213443559296275e-02 3.425671962320155362e-01 -2.403120961803910383e-01 4.394993577102675464e-01 -5.781759946128169902e-01 -3.860957240029049276e-01 1.100325124804037102e+00 -8.733724350810471160e-01 -8.948159162683926027e-02
8.109558087272655813e-01 -3.937375032240283956e-02 5.109649261261439701e-01 -4.099077964045689387e-02 5.658912355076083367e-01 1.407231386225001601e-01 -1.849028815981499652e-01 -3.823979309638953494e-01 -9.594631939070108473e-02 -4.443777889177151219e-01 -4.790510401323738732e-02 6.852551390477941151e-01
-7.306295177282222386e-02 -4.213118902832542201e-01 1.074610071721609269e-03 -5.927515684544408803e-01 5.294664719263560970e-01 2.919602362301207399e-01 -2.522316459414396528e-01 1.377304027101340145e+00 -1.586384055005876370e-01 -7.605664112989102277e-01 -6.787286795626125135e-01 -3.656100297683286260e-01
-1.335642376989839564e-01 2.492450998105004423e-02 -5.694756258895538048e-01 7.245137398065146228e-02 6.905349522851188249e-02 -1.408304843798403150e+00 2.428729593003136067e-01 1.104720331140017220e-01 5.215124941079024579e-01 -7.226778696364166699e-01 1.712803369270457510e-01 -1.698432398167801782e-01
5.982524129873847407e-01 -5.600472512699927741e-01 6.256293327982638264e-01 8.724517804470362237e-02 6.390072959224736282e-01 2.193454669553654979e-01 -3.133100839457969577e-01 -3.697605753682859375e-01 -1.045001661065467102e+00 -3.751838608596452795e-01 3.018749569962198009e-01 2.702925704465993229e-01
-6.329058689977214991e-01 1.763004984509096429e-01 1.025909628930521844e+00 2.966402059511817901e-01 2.309792495770819909e-01 6.296024167158904561e-01 2.626016724464607099e-01 -4.258479062995267350e-01 -6.778520416639990387e-01 1.199976768210793132e+00 -5.535177375959563495e-01 -6.608385274188456338e-01
-6.478175178518650323e-01 3.382391358023517647e-01 7.896683675506141475e-02 4.170581576206041086e-01 -1.070164687586108443e-01 -1.160741306761343683e-01 -1.170676347718396099e-01 -5.511330982128812561e-01 5.645703846302096290e-02 7.281681352265155782e-01 -7.270201627944542500e-01 -6.150064528860442470e-02
-5.639039825170214515e-01 5.123704049951958162e-01 -5.721849175349456029e-01 -7.960072349338744857e-01 -2.283151090670234029e-01 3.281041427007057587e-01 6.865788140162649711e-01 8.384984438319914579e-01 4.700815488282326093e-01 -1.075429370763117953e-01 -6.450440044819747420e-01 1.323998363864771766e-01
9.504145545794737138e-02 -3.978478191207535097e-01 -6.613578787232441414e-01 -3.288412865780271921e-01 5.100410411943127054e-01 4.861135141936988036e-01 4.361767792911551145e-01 -2.614229093009928784e-01 5.960550845021329175e-02 2.137506844015525098e-01 8.297674962575007918e-01 4.150072462610366886e-01
1.805421236428697562e-02 3.721414230342211527e-01 -2.565690749603879439e-01 3.715901608422075286e-01 9.849767658456802799e-01 -3.494263962123661527e-01 2.904100532336973406e-01 -8.275095654613036089e-01 -5.577864905983221933e-01 -3.985858958017207687e-01 -1.334587524910646750e-01 -2.435436366188969137e-01
3.160760558840006174e-01 -2.702687284380387300e-01 1.100161863483082314e+00 1.336356169791563537e-03 6.758733683172569728e-01 6.450111088512280877e-02 -4.259326539199776752e-03 -3.339280189265416143e-01 -5.013534545182719848e-02 -3.514694544130675946e-01 -2.030563511542000654e-01 9.338776336099961772e-02
-4.675496819019653860e-01 -1.128512613525279651e+00 -1.412783444475055883e-01 6.669775259307914039e-01 6.214839167917899365e-01 -5.477490537309244178e-01 -1.568830480287300155e-01 -4.302934714996224375e-01 2.715414699734523540e-01 -5.093437562386832207e-02 3.555537184267061335e-01 -3.051814391976237495e-02
8.959956579639827279e-01 -4.269343165834475484e-01 7.155141677195906436e-01 2.067141561334699951e-01 1.706676869948625941e-01 -5.365761728063098701e-01 -2.927185496584192026e-01 -1.907704004870262315e-01 4.687180521518308773e-01 3.717710504800098570e-01 2.324846576295895029e-01 1.031110241282956891e-01
-2.824527945540412088e-01 -8.170898001169017988e-01 9.174732188075476191e-01 1.601112882509763580e+00 -7.638209810840938807e-02 -3.687701682852420060e-01 5.772232607465911380e-01 1.768389549327235022e-01 6.483461273888065091e-02 -8.234294496906395810e-01 -7.274096418791318186e-01 1.710545346155668001e-01
3.294884535750351728e-02 3.522557925781398813e-01 2.239541142857727485e-01 -7.912943247912208600e-01 9.813436178494595874e-02 4.838664768049411591e-01 -1.271977607219026085e+00 -4.856847960056835944e-01 -1.383647832228844576e+00 4.917865583803844309e-01 1.576895466732555484e-01 -3.094255611288204699e-02
1.038464717664672882e-01 -6.669225913114352755e-01 -9.260438051304628604e-02 1.690278947907973561e-01 2.909651968661727296e-03 -7.610916684440796054e-01 5.797451713919777871e-01 4.793273831059498558e-01 -2.263783346159643495e-01 -7.807297011431463263e-01 -3.841989141762419124e-01 4.125904007219367009e-01
2.326391417338348477e-01 -2.391650662586625453e-01 3.585945354067673896e-01 7.690321711371244096e-01 4.896459548627303815e-01 7.546032541725313791e-01 6.293662202746667100e-01 4.941697209551051961e-01 -1.187556428673960940e-01 4.326326725320708277e-01 -1.269435028978437019e-01 -2.869193681380177718e-02
3.339475125475101225e-02 1.875932516132884365e-01 2.817101927462629107e-01 3.783458013837387446e-01 -1.200058170215082320e+00 3.698728795112617429e-01 5.322048079549449584e-01 4.476480292658696625e-01 9.168913582289528463e-02 -7.303161437273271439e-02 1.955357158781982074e-01 -4.999531862723006759e-01
3.647403633288858870e-03 1.113753800478630845e-01 -6.258844210763870874e-01 -1.566191638123282548e+00 5.835387874604450742e-01 6.610742453777915806e-01 -3.332364398249789139e-01 5.216011279781674892e-01 7.236935289702918217e-01 5.457660679069558096e-01 2.464990782936612446e-01 -1.784873526711830694e-01
-3.162011533613243719e-01 3.558092641378969301e-01 -2.061597354049350961e-01 -5.263358170567241645e-01 -3.262553530876193819e-01 5.880641637571298874e-01 -4.879332955304132025e-01 -8.151124268245700799e-01 -6.911431986976585007e-01 -9.565267527585499807e-02 8.476239465454309119e-02 3.850889692322713442e-02
4.574876844908549733e-01 -1.014714863137711476e-01 -6.801614081814230106e-01 1.965819357209295515e-01 -4.765309348877263540e-01 -1.650695659778812219e-01 1.284608851037903898e-01 -8.575409909288523869e-01 8.783327278095997004e-01 2.282763346772934687e-01 -1.089940424081465957e-02 -9.370924718464210823e-01
5.536183701090187093e-01 -2.498442418815374211e-01 1.118578211159842184e-01 2.931583035058269449e-01 -6.092003456844675702e-01 -2.721079685773080126e-01 -5.933897940672044902e-01 -6.406098319149258202e-01 -2.385253383752775069e-01 -6.538690243749779585e-01 1.491486611713493671e-01 2.769107351234891823e-01
-4.738360779088940933e-01 -1.967822737031483804e-01 1.566816256730768908e-01 1.210345239734715417e+00 6.861955439284902480e-01 -2.960748735440492663e-01 -5.236678127857954251e-02 6.091374045954595084e-01 -6.751081813544688170e-01 -8.191234976818524416e-01 3.142090438111460604e-01 -3.217682291005675710e-01
3.274405185482960889e-01 1.789079128472331748e-01 4.755582677344553644e-01 8.060462966807265817e-01 4.277890917037078244e-01 1.021091156491243102e-01 3.476587771065182131e-01 -2.307303501425901626e-01 2.979688332070977719e-01 -7.737141328463734702e-01 -4.476165884994160460e-01 8.771698566013205189e-01
8.915305051873743947e-02 -3.867046811228527226e-01 3.065699602221483855e-01 -6.514693237315867247e-01 5.155733545446589128e-01 -4.515818022697433154e-01 2.092321211115333868e-01 -6.355894795498400196e-01 -4.972973778373198095e-01 -3.576886019642269154e-01 1.612300522152548266e-01 -8.500241711563171626e-03
-5.842214844128350570e-01 -3.645246313413287309e-01 2.318064778979962437e-01 -3.459661006077642889e-03 5.650199996134519509e-01 3.247261328519042700e-01 -5.030849434836817125e-01 3.987275367941702231e-01 -2.634548886613775620e-01 3.476554080741039998e-01 -8.904150678958483445e-01 -2.821714385098691991e-01
4.179474650197217284e-02 -1.349379599823566089e-01 1.059860766987889669e+00 -7.811574024117447224e-02 -2.819361190356312052e-02 2.420882253546295382e-01 -5.111879824810861700e-02 1.147407314424162328e+00 -3.615997080801912067e-01 7.094366232387134819e-01 2.548051990658607435e-01 -3.443025908156844839e-01
-4.055492478132213252e-01 -3.300182038210636160e-01 3.293147089136255201e-01 1.910029064539658650e-01 4.482010398714385002e-01 9.333583243485921166e-02 -4.415902489804270255e-03 -4.265574860414986236e-02 -3.236859204779045651e-01 8.043776412905251361e-01 8.028570620665054225e-02 -4.346310107421701985e-01
6.436987432175055035e-02 -4.307727524908104844e-01 -5.126881746810059148e-01 1.791326146601095737e-01 4.046809253263566331e-01 2.173353527489880199e-01 5.235974237483626004e-01 -8.035306322760183903e-03 3.053521068371753966e-01 9.494783073718561506e-02 7.661775846896649034e-01 4.338106484790503758e-01
-8.090892245476283967e-03 -3.564773544716065556e-01 -8.768787634818113741e-01 5.759738999707503249e-01 -1.434663700342935500e-01 -3.241628422453223246e-01 3.794789535488117815e-01 -6.985605932123560846e-01 -7.987003154907616753e-02 1.268709386608516676e-01 9.898810807439678561e-01 -4.133180964374415511e-01
-4.934506572713187045e-01 -3.951455101757069266e-01 4.037756733595498360e-01 -6.331050795064392389e-01 -3.340306306124418145e-01 -2.965720079826701383e-01 3.284036943486335347e-01 1.534551279062100482e-01 4.379097367428937404e-01 2.554233647860504886e-01 4.576349981219494656e-01 -1.946103645020629269e-01
-4.588810640222645287e-01 -1.368332648814528374e-01 8.113044208250828893e-02 2.458299599902164564e-03 -1.259803040739009838e-01 4.912492650902036684e-01 4.813399384541733883e-01 1.044612409445628831e+00 -2.672629683035046000e-01 -2.603129614372515221e-01 4.874124990035356986e-02 -2.010160156191622971e-01
4.120456281783499985e-01 7.269025821609923499e-01 7.107442168473048216e-01 4.679354574972906522e-01 1.030521984213283171e-01 -1.051394709776701575e+00 5.244198128094758049e-01 -2.336552605282152251e-01 -3.924085446019264234e-01 9.624122164121593492e-01 5.642278146291177660e-03 7.538843166268152651e-02
8.386496034208908157e-02 -1.446111458728219501e-01 -2.930326125979853535e-01 2.489523341894399333e-01 3.877191085254665937e-01 -1.719014374815705237e-01 5.140790466608433779e-02 4.313526628803270313e-01 2.214089143702682450e-01 -4.955138068427453191e-01 -7.771856458814687674e-01 -1.117319201453755184e+00
-8.587495268445330399e-02 -3.053242525659054935e-02 4.061708399617964815e-01 4.570304794892665612e-02 6.889150540258932587e-01 -2.133926831076844721e-01 7.745530278196645080e-01 -3.330353261613577809e-01 4.702430168608806027e-01 -8.872601067457817903e-03 2.890832583484605478e-01 3.028807373214964516e-01
4.506952591423768473e-01 4.101217298117814103e-01 5.297366303535364640e-01 -2.679710559051896035e-01 -4.970061532294962892e-02 7.539013429104106656e-01 3.978560355262680259e-01 -7.680877908713000801e-01 -1.742598506225133459e+00 -1.538027076495450951e-01 3.065019556080622598e-01 6.383395846290126907e-02
-4.473125528400189593e-02 9.837527617629018284e-01 -1.093957310790386328e-01 1.147555666319747120e-01 -7.310894846393864999e-01 -1.120589700999412297e-01 4.345526195168712691e-02 -5.540746843956304568e-01 -1.034247585851606338e-01 -2.661262044385044323e-01 5.298299024891679476e-01 -6.323347307327179534e-01
9.249778779634049153e-02 -1.804705199601690790e-01 -3.279425379119976780e-01 1.281886830318162696e-01 -6.104066779385413088e-01 4.624627686955611328e-01 -7.316021862567632095e-01 -2.160382665071542696e-01 -4.962085708383427995e-01 3.984529672478274998e-02 -4.664117312389183534e-02 -4.547611262745146488e-01
-7.835287030463397029e-01 2.773798584677333312e-01 -1.538098873531472954e-01 -2.929810760759078425e-01 -6.947710449685062795e-01 -3.308727854513016653e-01 -6.746578000029315181e-01 -1.160667728781039632e-01 3.434976188730091695e-01 3.311407223531798866e-02 3.983663060281939505e-01 1.539081578723527910e-01
-9.018377577759696673e-02 5.747550901108866572e-01 -4.317791581089227559e-01 -7.914106919287376973e-01 -9.512195444774269593e-01 3.722677786372842745e-01 -6.029302416590597291e-01 -6.166604195834765045e-01 -8.182381533776561522e-01 3.136805243498581031e-01 -3.883126344299502875e-01 -5.165141452000127087e-01
