-8.499404155328708299e+00
-7.781692098446539418e+00
-7.251475694582573794e+00
-5.023777992588689401e+00
-6.543051273635501985e+00
-1.104038040126241249e+01
-7.166012151473313274e+00
-1.017222690070834901e+01
-8.954679285815663192e+00
-1.037484712154714650e+01
-1.092846963666546145e+01
-1.173507345817654546e+01
-9.955353143637516666e+00
-1.099548024164261228e+01
-6.718559067343311320e+00
-6.780900422897616409e+00
-8.772457542925572227e+00
-5.198428802717893760e+00
-9.608869299909093442e+00
-7.308392427590719720e+00
-9.130283741728735691e+00
-7.279359418854191688e+00
-1.143607151174509262e+01
-7.499438132288950065e+00
-7.437692950687258886e+00
-9.099086299887717999e+00
-7.489951348819657184e+00
-8.669609417396506146e+00
-7.165768901369693467e+00
-7.102769643952754564e+00
-1.165272145908770263e+01
-6.237955455316491538e+00
-1.001491872649757120e+01
-8.348945329108410363e+00
-6.642847353444300218e+00
-9.655862522686108562e+00
-1.009013401510485508e+01
-8.824547629657178760e+00
-8.066871986932650174e+00
-7.375698092146801166e+00
-9.687335424781652549e+00
-9.627502969293566082e+00
-1.078286839244330508e+01
-7.983279909208344627e+00
-7.469170216304810594e+00
-9.647534515365908447e+00
-1.096999403345824753e+01
-9.940933607467096422e+00
-1.253514710542951249e+01
-8.766288097189693929e+00
-8.729360513732949300e+00
-8.580518224393831161e+00
-6.645599373983027469e+00
-8.002481263615703000e+00
-8.132698930490400713e+00
-9.073588553515181232e+00
-4.870586868248152790e+00
-1.050437993442413465e+01
-8.353875406846297480e+00
-6.586771220987528430e+00
-9.819252278429592806e+00
-9.060870751294503478e+00
-8.898709158140308162e+00
-1.020469257821179454e+01
-8.612913930155119857e+00
-7.805886591592918755e+00
-4.725439104439574933e+00
-8.928376084428954584e+00
-9.681103565713222281e+00
-9.853501721464473562e+00
-9.419724967553760209e+00
-9.052078331128921462e+00
-7.852029134200635418e+00
-9.912180796394217452e+00
-9.926462195812632672e+00
-1.174281754214117868e+01
-6.318400693003195734e+00
-9.387193107133583680e+00
-1.140328952491985604e+01
-8.092766849516333849e+00
-6.949195750684564743e+00
-1.001455613231874331e+01
-1.102912581570514483e+01
-7.421974819777178212e+00
-9.424023569215119522e+00
-1.102951972163373462e+01
-8.780474493121706914e+00
-8.813225265784449647e+00
-6.560907347637993325e+00
-9.156093000090960388e+00
-9.618125659319582965e+00
-7.458530646196059877e+00
-9.752729651125767063e+00
-1.303327850732569360e+01
-1.165348388528203394e+01
-7.365232917428253145e+00
-8.847999587657273679e+00
-6.098531296448298278e+00
-6.567852022147590674e+00
-8.763556565065409032e+00
