-9.081587064680334276e-01 1.054861387463293249e-01 9.783122526909001637e-01 -6.236382394413485519e-01 -2.316476906678774650e-01 1.004497019541793268e+00 -1.009072903346779571e+00 2.637181138477647235e-01 2.061060289725878680e-01 -5.872018001175700608e-01
-3.359802096367118240e-01 1.805448303003671429e+00 -3.923564396185068026e-01 5.088686180613005705e-01 1.451202933799016437e+00 -1.262091777138278692e+00 -8.087590623351466057e-01 7.262004739521852326e-01 2.442220459284537015e-01 -7.033261697295805082e-01
-1.056470024894894166e+00 3.236842589072602139e-01 1.287590185514907448e+00 2.250283534642684380e+00 -7.591508760474927620e-01 -3.243065983544308750e-01 -7.899777267778588241e-01 6.116306703692342417e-01 1.215072469582970882e+00 -4.460390529718862851e-01
-5.494274812732886648e-01 1.725202183051452176e-01 6.076475658751667730e-01 -4.894548534407636708e-01 1.643461171002492893e+00 2.496180420667213351e+00 -2.425151247508826879e-01 -2.115555207146842531e-01 1.537004296551874205e+00 1.011667507480510153e+00
-9.244177073858880073e-03 5.166995787456132305e-01 -1.521937082586262147e-01 8.323567488771523026e-02 1.947955369766655620e+00 -2.232835353298859571e-01 -2.286521753064754414e-01 1.278674476240861502e+00 -8.456259587048533533e-01 3.878545226769916088e-01
-8.497196522332911561e-01 8.333588907844561300e-01 -1.614111481615191801e+00 -6.220263259837117975e-02 -5.889611822051286083e-01 1.554942623700276139e-01 -6.970368408659058934e-01 -2.004092583142605744e+00 2.833288010667001089e-01 -1.042975978272213528e-01
1.261198513452339132e+00 -4.696968441235527258e-01 2.726413933279625557e-01 -1.553545488721317369e+00 -7.748100315820813377e-02 1.911267921578073015e+00 3.503659188710414596e-01 -1.261601165629812060e-01 6.556063276662299488e-01 -2.401375356304693010e-01
1.409227693246655200e-01 2.155379696216632168e-01 -1.472767903350484353e+00 -9.286755747071060441e-01 3.665754570828927417e-01 -2.541227380466029029e-01 -1.636546088065296001e+00 1.014640568075185767e+00 -2.752866873130042635e-01 -4.412974076991482142e-01
-1.182177526019832170e+00 -5.020084562024381691e-01 -1.050305449399827395e+00 5.107556356777773754e-01 -4.182728140091669933e-01 4.392627714870998012e-01 -1.428371874543391817e-01 2.149272198128898137e-01 -4.062856437280426003e-01 8.090326724558314364e-01
-7.162357805078622963e-01 2.216204971070953267e+00 -1.520474459395226852e-01 -7.839149189371018567e-01 -5.144790041441370532e-01 -7.157777888943420708e-01 -2.217875582026900272e+00 9.977681493355670950e-02 3.798144186311497306e-01 -5.277736687395740978e-01
-2.587046122559493178e+00 -1.839972098284219371e+00 -9.244321662966764608e-01 3.038988816215558719e-01 5.902444592604093598e-01 -2.037780348318737333e-01 1.018397345315410263e+00 -9.411785928868734441e-01 5.000551432840576460e-01 3.896529043368768264e-01
-1.113700920892858992e+00 -1.569154934024264314e+00 -1.069673485183381123e+00 6.885096499036793549e-01 8.045409142457450313e-01 -1.936366640901831415e+00 -1.533177181156861746e+00 4.715898930933107858e-01 7.956279763642913894e-01 -6.086750215726033364e-01
3.760342342505041957e-01 -1.437451842601728258e-01 -8.938103570908337847e-01 5.387123764709969009e-01 -1.516885528944881045e+00 7.949991734236815377e-01 -2.365925789507555277e-01 -6.831709280772546578e-01 -1.425541321084703883e+00 1.192198604464649037e-01
9.466774695554289742e-01 1.134378701990685356e-01 -6.191555930725530787e-01 -1.178162214986631096e+00 -1.735536332779617774e-01 3.399761379342160217e-02 2.130844114243218845e-01 -3.371134887759147936e-01 -1.727957491316958194e+00 -1.837553772722563483e+00
1.010728970197648735e+00 -1.167992736259233055e+00 1.403329110088466614e+00 9.307469220462285531e-01 4.687479826302150543e-01 6.633765240920771467e-01 -3.580872303121552247e-01 6.360471692345633921e-01 -1.188668395773511355e+00 1.455726830838132424e-01
1.444709066067901171e+00 4.264932292003384418e-01 1.344878084272295826e+00 -2.215808244485112932e-01 -4.100803167704482610e-01 9.872213345999220069e-01 -2.068931508825669618e-01 1.484403375074071496e-01 -3.343688890875811670e-01 -8.708598368261586398e-01
-5.046057668191662460e-01 -1.049183457858524349e-01 -1.213652570211629200e+00 3.329842058755749234e-01 1.213952023690340054e+00 4.298251926674057088e-01 3.411282172480568226e-02 4.879489203646975026e-01 -1.645393061811634139e+00 -1.644804624185410846e-01
1.185428296612017096e+00 3.512813834552964143e-01 1.386267083839334502e+00 1.575319459329878713e+00 7.287307790873148727e-01 -2.010891828547775317e-01 1.719959821064162231e+00 7.701222901331571634e-03 -1.118200321101550543e+00 -3.314801718675758346e-01
1.696809912326452952e-01 -2.827668831360071189e-01 1.262851500871130739e+00 1.768769807652740556e-01 -1.416016175487854412e+00 6.812821554936375756e-01 -1.150710267747842228e-02 -2.247277652584505514e+00 -3.114931556095172915e-01 -9.740752319301948514e-02
8.457991508235940259e-01 -1.344716293895931725e-01 -1.416055636490383574e+00 -2.954753340996264452e-02 1.608843885252861483e+00 9.840869867774399982e-01 -7.998711666060699388e-01 -2.991952104810459701e-01 3.717228923714520628e-01 3.997566304407558779e-01
-2.841051680712036731e-01 -1.232736350159803873e+00 -7.159652572292690698e-01 9.022495788727693533e-01 4.166214446155575013e-02 1.550498831618250195e+00 2.982107621787455920e-01 7.230074180208863333e-02 -1.199825254917948225e+00 -8.510326912220630424e-01
-5.151444200795606276e-01 -1.352078999836394901e+00 1.892514984941999989e+00 -2.939365859805323500e-01 1.954840335845711985e-01 7.453439275219037041e-02 1.462268220671965935e+00 -8.709090992600161396e-01 6.306697734000044075e-01 1.124959786014877672e+00
-1.510567426540197156e+00 -7.405241772093118513e-01 1.198201431481549450e+00 -3.694308928042827622e-01 -4.099108981830320575e-01 -9.542672720375039441e-01 1.343955217952382264e-01 2.513121158000509725e-01 -2.006971692471226199e+00 -8.778929311261802759e-01
1.323781318020354481e-01 -7.856069722763868723e-01 4.465069553574252947e-01 2.159952654574502251e+00 8.994475925192922938e-01 -7.129871849536475459e-01 6.591576918838842891e-01 -3.882387877691095834e-01 -1.001292771568086604e+00 -1.557224947068230024e-02
1.528588020621999055e+00 -8.360476138469270513e-01 -1.620862241485452104e+00 5.373621311222264163e-01 6.939827061153130972e-01 -2.485044720890618175e-01 -5.917837501003764961e-02 8.871187112467265878e-02 3.914576024730566650e-01 8.808568042138650300e-01
-1.344578851611879067e+00 -3.824054849808070089e-01 2.207668206594693761e+00 1.291980461181537532e+00 2.411918184782101959e-01 -2.614965220369280363e+00 2.668771679179217649e-01 8.744212954927472747e-01 -1.136600556283508201e+00 1.417157922435271278e+00
4.452809776947684872e-01 -4.575282323372414361e-01 -9.181788592825944617e-01 7.004180569268269041e-01 4.631609335072363609e-01 1.011559411851839091e-01 1.302912814678710118e+00 -1.084823525058482341e+00 4.103041131648291762e-01 -7.896811672418949102e-02
-4.348884390341047346e-01 6.450790401602615187e-01 -1.561022535435205583e-01 -1.328170976884249566e+00 2.477594668213393969e-01 -1.074207928458349864e-01 1.051312063755563742e+00 -1.945938664705875620e+00 4.221349529622288599e-01 1.199529260654575102e+00
-3.085939648400279692e-02 -1.832719656896515670e-01 1.600512117250784572e+00 -6.600882899004791859e-01 5.550964224584136186e-01 6.058691986044719702e-01 -1.669057101164927559e+00 3.975744322073709869e-01 -2.057170923228441028e-01 1.908947753424459215e+00
7.982231424005195031e-01 -9.719092316112185603e-01 1.044724630203388349e+00 -5.555061198530786282e-01 2.583068885590688035e-01 2.143203774911490722e+00 3.150791007812625555e-02 4.630705478833606614e-01 9.062303539066615121e-01 -1.625556227131467635e+00
5.164864674322352522e-01 -3.243278387756762249e-01 -1.767278395957432302e+00 -4.058886350790324449e-01 -3.771609928817296620e-01 2.846680657774675743e-02 -1.011186362757274582e+00 -4.744258495339208348e-02 -1.293194889083319810e+00 -1.367157906258763322e+00
-1.738890494864613112e+00 -2.618990288607272454e-01 -6.597157481980462368e-01 1.227846272227095969e+00 3.042828563195017377e+00 8.190655420892914984e-01 -4.221169522916004002e-01 1.149250272656439309e+00 7.112963741252276151e-01 7.119981109871494906e-01
-9.258336123778539983e-01 -5.887377808188996031e-01 -4.544947703141073991e-01 -1.491570224115811083e+00 -3.248908744974615126e-01 -6.196214040720500194e-01 -5.071150522246450354e-01 4.078211246092615649e-01 1.717479845093967117e-01 7.987000560962962403e-01
8.633922644136333702e-01 6.084622141879094670e-01 -2.238014704656274556e-01 -1.706601248897199330e-01 -1.433996007937182515e+00 8.330054582197117252e-01 -6.711316291988324023e-01 -4.150863156021181166e-01 9.735903195510932084e-01 -6.526082516099773745e-01
-2.565845806993839393e-02 7.702047500225781551e-01 2.824623015183153757e-02 6.719629764169426922e-01 -3.506070795773422732e-01 -4.964132544028065225e-02 -3.374392171997810108e-02 1.045035577831766593e+00 -1.772562320711564277e-01 -1.325706406357303468e-01
-1.365410359825761866e+00 2.085950843353085560e+00 -1.132435114683948141e-01 2.077997813823158069e+00 -3.824805724460612621e-01 -4.805151658980802432e-01 8.907722123264452119e-01 -1.806092421389021041e+00 -9.334698849972403734e-01 -6.754897667425528995e-01
-8.280255484480650296e-03 6.738360360295485296e-02 3.815029484743143878e-02 1.260539171973052763e+00 -8.907180600745187027e-01 -9.329680325618392445e-01 -3.105715362183775197e-01 -1.386814475497582189e+00 -1.509915213662047950e+00 7.745435738785007018e-01
-9.805084633669780558e-01 2.449500702305223987e-01 -2.917431695218380971e-01 9.159610425126645250e-01 -1.503549106613250919e+00 8.014250263998917712e-01 -5.353273691907971255e-02 8.736261945820623653e-01 -8.507997136750606870e-01 -2.310046065022348105e-01
8.377668150996762098e-01 -1.126654353074227677e+00 1.034849689234282000e+00 9.000156984165651464e-01 -1.274958411350474385e+00 1.053217399675614230e+00 -6.209315095812407703e-01 -8.893945213960186003e-01 7.442880448127564552e-02 5.066141857736242704e-01
1.611858977476811616e-01 3.222333839465631455e-01 -1.397148410281574327e+00 -1.077628751539708496e+00 3.032331228063767647e-01 -6.770813827515625993e-01 8.951865630207492819e-01 5.856141826576632958e-01 1.024362293648374500e+00 1.236584826066262410e+00
1.711917728931396654e-01 1.954688580175721890e-01 -8.094427913417661102e-01 -9.105768570973006293e-01 7.046936419563367693e-01 -2.486630946561416977e-01 -1.811413191597123662e+00 2.497263670790311751e-01 -3.886677381065112846e-01 6.224312110970801892e-02
-1.442400824602979303e-01 -1.478700561223071086e-01 -4.836501012081332565e-04 -2.402197894135663092e-01 3.313459495068743488e-02 8.726289831439720812e-02 -1.166243108998018085e+00 7.888119092261580700e-01 -9.543488207737932383e-01 -1.149707409192514129e+00
3.678488655044439559e-01 6.563841756698662877e-01 -4.204845569006358530e-01 1.283033782488302021e-01 2.950105733306465083e-01 -1.998033845745895043e+00 -9.366571056786683336e-01 -7.867308998090920547e-01 -1.268500590405630568e+00 -5.103672870934462535e-01
1.153025951660668902e+00 4.486170125362837768e-01 1.571853156161268528e+00 -1.064745359115702783e+00 -1.239866520947357387e+00 3.213846939031071326e+00 7.329278717867118154e-01 -1.748436855893728437e+00 -1.345201992233249877e+00 1.639851790501021700e+00
1.504357804706285329e+00 8.245842116260935217e-01 -7.429790281926498818e-02 2.126423006509677027e-01 -9.220584419498280004e-01 -8.995568095279039555e-01 -6.849389334227627968e-01 1.253715073643929256e-01 2.120526449699716931e+00 -4.976468648003052331e-01
7.841986745746755416e-02 2.017120311729150739e+00 -9.264165521796214886e-01 2.517458683958601728e+00 1.607713979129779813e-01 -1.029038098588235695e+00 -1.127054140412985794e-01 -2.040694293167869322e+00 -7.590577199585352153e-01 -5.018208542520279369e-01
-4.197873000747595063e-01 -7.476767108628260550e-01 -2.465559497954109835e-01 7.343065105229753531e-01 -1.167771066750568965e+00 -1.291597275240583986e+00 -1.578021612173574617e+00 -3.874109460201322630e-01 -6.990356247384174049e-01 1.325391875907734551e+00
-3.292000787926289140e-01 3.828142836283591199e-01 -1.208050067645848324e+00 -1.024325452843308115e+00 -2.536536311750733352e-01 -8.342475774641032460e-02 3.233733009547303805e-01 -5.661174953026626433e-01 -1.245859392743686067e+00 7.686070416563882679e-01
-1.637476827467274854e+00 3.779377931751116693e-01 -4.000569396749847906e-01 -1.005363492547182602e+00 -1.464457970885792548e+00 -6.637323511741815008e-01 -3.097010652017609389e-01 -1.193139695703722358e+00 -7.862525328538961800e-01 -7.728831313174068240e-01
-7.225979261085798688e-01 1.424103373728499156e+00 -3.582184070070649762e-01 -8.910850046863874052e-01 -1.205926442907214041e-01 -1.101147229557643270e-01 3.077274969750558309e-02 -1.621143569642131688e+00 5.520264149459299663e-01 9.891267882767111885e-01
1.700873839256993036e-01 2.394668399822477700e-01 -7.898543977228558166e-01 -8.304237321984784259e-01 2.132629788070761027e-03 1.115599668480274920e+00 -7.390740838410700952e-01 -2.542943662530727233e-01 -7.926630252989259606e-01 4.744868668880843909e-01
-6.393967690889131028e-02 2.191689012269369741e+00 -1.362204003928723317e+00 1.331976057425393878e-01 -1.134853192373571074e-01 -3.335877684101068441e-01 1.375617627876984272e+00 -1.787196886818960051e+00 -3.721796668065454061e-01 1.141555776334021388e+00
1.487766282020462683e+00 -2.232427065492291474e-01 -2.226546824137737524e+00 9.351223091816731614e-01 1.900490151228434454e+00 8.402927760853839967e-01 7.134849734839874280e-01 7.104948727912230311e-01 -5.333879961681120552e-01 -1.485471887459354212e-01
-1.533293354327674551e+00 -1.729610445953001230e-01 -1.341780773896122936e+00 2.305804307299955669e-01 6.464865790127573009e-01 7.607044131844360457e-01 5.208496674910271240e-01 4.416303486365454334e-01 7.494375740137847464e-01 -1.927928034438870508e-01
-1.345478246352721508e-01 -5.199788941927890873e-01 -6.840650178012906979e-01 -2.601095023642104875e-01 6.551297075878697029e-01 2.035274698983389474e-01 -7.351011329616629064e-01 8.651894270592712655e-01 -2.544963830419501583e-01 2.558419894761791991e-01
4.733483165917892060e-02 2.788337549128725446e-01 -8.028852199570858383e-01 -7.285300057025542730e-02 -1.899510191527181924e+00 1.130127954281503477e+00 3.653034711406744628e-01 -9.476113201306921585e-01 -2.897274621054669042e-01 7.270869785791838069e-01
1.223883361869031017e+00 7.675585413307565996e-02 7.899017496417683193e-02 -6.607176762728550479e-01 2.216710258707943471e+00 1.505506011656159382e+00 -9.430422618350509101e-01 7.166772422197147385e-01 4.575716283249238736e-01 1.181777767368717313e+00
-1.046548221635753562e+00 1.297278109019533868e-03 -3.704426823730180285e-01 -5.270007490889695445e-01 5.411829501003797560e-01 -6.900364686878084353e-01 -2.191479132169231181e-01 1.689535079381789151e+00 -1.996112263048398061e+00 -8.832319708800652203e-01
-7.575836537339980525e-01 7.999418981554010655e-01 2.807808879019543791e-01 -1.252206459799554805e+00 3.303378551693835624e-02 1.433029855187165857e+00 7.147706264025095457e-01 -1.070878370334482216e-01 1.868920655241953499e-01 -1.467110684441828461e+00
-1.122651562569525058e-01 -7.003760339315097116e-01 6.045129190041943490e-01 8.692263009569786147e-01 1.139750170153134956e+00 1.863466171705220775e+00 2.298593607817821793e-01 -1.723064339194965433e-01 -1.141874407046833406e+00 4.544470750757633598e-02
6.891332656061559536e-01 -1.858412191343248032e-01 -4.698074163584285978e-01 1.366387733044585939e+00 -1.399321695691755130e+00 -1.659920953250345610e-01 -3.343098494439638579e-01 -3.845235379438471934e-01 -7.011082982922672846e-01 -1.191713139378743680e+00
-3.945516676822200530e-01 -5.318407230600460389e-01 3.455559684431611656e-01 -4.847103937735015577e-01 -1.256429416471040450e-01 7.702565985274512084e-01 -1.777880783206312598e+00 -5.377323458786640309e-01 1.937010583925161122e-01 8.942348830544087912e-01
-2.516726895314064461e+00 1.269175918899478450e+00 -6.463952302042090536e-02 5.988504007946334751e-01 8.988153837870879181e-01 7.156973148606618484e-02 -5.550744840166843552e-01 1.440054065807594430e-01 1.234126119284997491e+00 -1.225406364160614547e+00
2.009752955772603489e+00 -2.898709183181590876e-01 8.747332418369940799e-01 -1.027959273592704115e+00 -6.093362578106527039e-01 2.816052669674692921e-01 2.588275667407885505e-01 -7.951434211904164773e-01 -1.373670820468609000e+00 -1.705410447519313921e+00
1.397662711855200746e+00 -1.563165887790914477e+00 1.053401147325196963e+00 1.425841344816704215e+00 -1.053835336095449549e+00 -8.994574132141830436e-01 7.190037557842982041e-01 -1.365580853124024996e+00 -2.720539415888796331e-01 1.218985345168831502e+00
-2.363819334595632649e-01 -2.037286306982858952e-01 -5.377603174666822916e-01 -1.842990568535309015e-01 -4.440687058538873022e-01 1.239578136524701835e+00 4.818088854335984550e-01 -1.160726074572482336e+00 2.670078063683640757e-01 1.133788211505364352e+00
1.437192838420080276e+00 1.953492744077931942e+00 -4.092037770675887587e-01 8.791015340001008260e-01 3.064600666447439004e-01 -1.820668871635629793e-01 7.016043550767733956e-03 -1.058459955043466599e-01 8.249093899371366667e-02 1.874761447835876949e+00
4.739940794192445961e-01 -7.218283270151811815e-01 -1.288628303932677799e+00 -1.432194325752647268e+00 1.010718002549711780e+00 1.012187816639803728e+00 2.349129826500717388e-01 1.452630146834153757e-01 -1.459025584431351774e+00 1.549406784034653484e+00
1.639331441990304061e-01 3.076111785713748215e-01 -8.615772665041815381e-01 2.407924673297745954e+00 9.742430460904996092e-01 3.273714976764791618e-01 -1.645397014535877167e+00 -3.311387019340388260e+00 4.003042968506494853e-02 1.975688531444308227e+00
-3.931001341630567802e-01 1.053811104847218738e-01 -5.280494873516783372e-01 -1.882945527688795417e+00 8.036996484244812722e-01 1.450591451402074350e+00 8.126706891672527133e-01 -1.860830201435994535e+00 1.219721471859569917e+00 -1.205239526402694938e+00
-4.958537351273762939e-01 4.671790127068777831e-01 -2.197296929120410969e+00 3.538764673115470383e-01 -4.777256598846388314e-01 -1.104953452722245100e+00 -7.352393005014178085e-02 1.939189708015196800e-01 4.019711183158237167e-01 9.235898158395814406e-01
-4.451706448130962057e-01 -9.894727894143629660e-03 -6.244383622966470648e-01 2.134019277094394151e-01 2.799405968106217779e-01 -1.054063020171666976e+00 -1.255879080503497613e+00 2.777419808111112470e-02 1.248705290123748979e+00 -1.981970587728641153e-01
1.294196599094059819e+00 1.513677758427469877e+00 -1.388073474757936347e-02 -1.063373294720330042e+00 1.993029715240762778e-01 2.036260608721697452e+00 -9.314870888615937039e-01 -8.700716872109376387e-01 1.739740240077830846e-01 -8.493127398497610780e-01
1.282759398545845864e+00 -4.350681848231419124e-01 7.361057819200168550e-01 2.622127874882702048e-01 -8.594639277815422362e-01 -4.626106429727910307e-01 -7.622294017771011898e-01 -6.568085430516896750e-01 -2.166951171143154387e+00 3.955978094581842908e-01
5.602293660598814951e-01 1.110083607035463382e+00 -5.496021716769773358e-01 -1.195629616095219006e-01 -1.891532626470896483e+00 6.560300813535520081e-01 -5.468569048532772037e-01 -1.630246470803599079e+00 -5.554492274787287825e-02 -2.196561845775551192e-01
2.350493882667314072e+00 1.125393859190130241e+00 -7.946213142418002695e-01 -2.097523610655291915e+00 -1.261468606482222699e+00 1.226820785000862779e+00 -1.370470473699120229e+00 -2.101272929162504965e+00 -8.166836853870710344e-01 6.367137944160113916e-01
9.396663051890372653e-01 3.118982967505681270e-01 -6.870375314134939682e-02 -1.023039782446410362e+00 -3.143443318242488127e-01 2.118136312039326175e+00 -4.306359315731736470e-01 -6.176238443103749809e-01 1.469989757736695823e+00 1.585051012346534671e+00
-2.133990403994028839e-01 -7.094245095741336105e-01 1.379970576049211584e+00 1.084334126677190202e+00 -4.607021791906726893e-01 -1.343580021846962347e-01 -9.331338096487443723e-01 -1.092490372566284007e+00 -3.495410119394315451e-01 -6.820214874926550097e-01
-1.364805562347529699e+00 -1.423461333755056790e+00 -2.180747970660018298e-01 3.064324401425800870e-01 1.296050082109227210e-02 -2.072838395987028459e+00 -1.966278658220195430e+00 -3.173693184593069372e-01 1.624823426545128680e+00 2.534533198086311945e+00
8.276397704464224514e-01 -1.884638364518995024e+00 -3.433983779367867917e-01 1.654498546918075907e-01 1.013354667278260068e-01 -1.086901761385146159e+00 -2.663939559227549991e-01 1.534383410288664873e+00 1.127776325044487660e+00 3.771215231679714841e-01
3.930135610544617797e-01 -3.532815343012410403e-01 1.454734843525869570e+00 -1.132537294427498481e-02 5.953420960068839252e-01 1.603251263868871623e+00 3.089723580743188869e-01 1.786068241321038808e-01 -1.094819820276492051e+00 -9.517397351948179152e-01
-8.461364899349336222e-01 -1.482170215543117564e+00 -7.838758492052690929e-01 -3.212117775013610677e-02 -1.174919624691712183e+00 7.287875685796993963e-01 -4.214887228170002831e-01 3.292473228876605096e-01 -1.236099596919506549e-01 5.488911653719461547e-01
6.121413055625847255e-01 1.467837783460398116e-01 -1.697808704621234899e+00 -5.536257340732168020e-01 3.954026889843186288e-01 -7.954240095956804923e-01 4.552206077015653052e-01 -1.214296171928389567e+00 -2.159559086621203772e+00 6.911553864045959505e-01
-1.416296054285943185e-01 1.160864904159913058e+00 -3.696020734208452785e-01 4.180828971442497322e-01 -4.166701406453682255e-01 -2.008264378048401910e-01 -4.362692253792710972e-01 3.629482888116754014e-01 -3.422248976787843344e-01 5.567305806858590111e-01
3.717217466028394646e-01 -1.010552475955188045e+00 -2.090796212266606557e-01 -1.718226454060463482e+00 -8.764236025436185074e-01 1.869425493031191099e+00 1.397454227414655359e-01 -7.542348442405931719e-01 1.343525458872746103e+00 -4.238930002630080240e-01
-1.328751598319514171e+00 -9.963715479655869123e-01 2.180528864095997721e-01 6.385341843435128339e-01 -7.746123871388801430e-01 -1.259240702862825412e+00 -1.119485709126845308e+00 -1.397826532799337107e+00 4.312181631173176988e-01 1.314539228975538210e+00
-1.161015931449604466e+00 -5.034612966871466755e-01 8.911832546321324378e-01 8.950370248874665868e-02 6.369343457470358905e-01 -4.530057370077136825e-01 -1.828559563886837935e-01 -7.575083145273763252e-01 -7.489062170636385796e-01 1.168477410102496394e+00
6.582523449588789655e-01 1.046319348112245695e-01 -1.168170979619350021e-02 -1.500116317018622025e+00 -1.145735734032375497e+00 6.990706800768118345e-01 2.223167560436676848e-01 -1.367713199224070753e+00 2.016238591397842672e+00 5.971551618063490607e-02
2.212385266044726073e+00 3.149841355215973748e-02 -6.120974897447206686e-01 7.159001677436783728e-01 -6.375082376679376273e-01 -6.889609715908385779e-01 1.443103938780763706e-01 1.304773854678331901e-01 1.978472408694872398e-01 1.744646625192024958e+00
2.110941597778927536e-01 -1.560193615361243014e+00 7.799947577222571260e-01 1.017451108011044658e+00 -1.074681566385474074e+00 1.330549268617478020e+00 -5.902002163161733650e-01 -1.063151613954514962e+00 -4.290719822362263902e-01 1.586826797210764695e-01
3.057779508441578753e-01 -5.550454946395431133e-01 -1.032320247051972117e+00 2.116511333413446105e-01 5.460795286956982020e-02 2.200498613622562660e-01 -1.286352412135967516e+00 7.356702608036486124e-01 -1.592254315936828313e+00 4.469698489383029938e-01
2.749482338756519262e-01 -1.456534688597629634e-01 1.518724269805724891e-01 -8.447425722613831622e-01 1.316867343155039005e-01 8.683250029655956714e-01 1.305699025343608044e+00 -4.260050226266521300e-01 -9.015003505523707661e-01 4.412837875396373732e-01
-9.779809523646603164e-01 6.216587298638454051e-01 -9.599381776352003959e-01 5.299982829203335744e-01 -6.394976167557651914e-02 -1.038495275237995008e+00 -1.965550394657305189e+00 1.536478433885049011e-01 1.223966319219723653e+00 1.597165997498798395e-01
-9.251076135731787220e-01 -7.788556541297996239e-01 -5.213952819616571865e-01 -2.178022649640360964e+00 -1.412156980002304829e+00 5.459730666157157630e-01 1.701522673724114920e+00 -1.644456224468633376e+00 -1.509079681405749440e+00 -1.122696495119376858e-01
-1.777816775039243069e+00 -5.150451044456173522e-01 -1.656966111055853397e-01 -4.971974364962867265e-01 3.016456241608874156e-01 -2.643008924822661587e+00 5.736059246531581834e-01 8.056400866111160797e-01 -8.689118416614547424e-01 -5.609861324567004814e-01
2.113821824808777894e+00 -1.274431896979675072e+00 1.167693320684396019e+00 6.224469156913761125e-01 1.974424104669124380e-01 -1.034784929143254262e+00 4.357710390365624464e-01 -5.320145514303546985e-01 3.227396436482096176e-01 -1.532104416288457838e-01
-8.639492839331189833e-01 8.721584546940561733e-01 -1.162941974996828609e+00 -6.498497937081264553e-01 3.300831383964906163e-01 -8.188528175857479052e-02 6.121054832558022740e-01 -8.320910328320358929e-01 -5.265162488096953447e-02 5.026598397642511040e-01
-1.069964552568203997e+00 4.727912052580883762e-01 1.270117456142892509e+00 -1.035585162272625731e-01 1.274441851663105973e+00 8.134823535467194944e-01 -3.632710422741027845e-01 1.549896836087524710e+00 1.896320128791339765e-01 -5.204318642308845000e-01
2.049529222672455131e-01 8.115930812877023559e-01 8.457221347814556367e-01 -5.490252806205324632e-01 9.262491769628721228e-01 -4.819717788540376358e-01 -3.630971904948696594e-01 -2.325044298772609985e-01 1.016361908094219446e+00 -3.433189413062652344e-03
3.925055623429923313e-01 -4.774756930779437969e-01 4.467252107138053874e-01 -2.017627003510956474e+00 2.851268122601142152e-01 -5.057641687602821429e-02 7.769228689175633473e-01 -6.339600934316954595e-01 4.676796687477607350e-01 -3.610446983138729249e-01
