3.798329083444119680e-01 2.730785352701332047e-01 1.717593075933110947e-01 3.780228941703832057e-01 3.468065443597527775e-01 1.621553957625539444e-01 4.040484347532627973e-01 2.678994415806371099e-01 2.618671975579124345e-01 3.545293406076421849e-01
3.595292612239245900e-01 1.222928264718808750e-01 3.813752847448184102e-01 2.848445507676583555e-01 1.411238015081704988e-01 4.362650994540634430e-01 4.071521168585204853e-01 1.999597500286695584e-01 2.826706284048230433e-01 3.847866805374695609e-01
4.323387894051627933e-01 3.037838773895513156e-01 1.800746026967922075e-01 8.910681730992692229e-02 4.176296099756386382e-01 3.695980396075351226e-01 3.894230342010417956e-01 2.585245050900308317e-01 1.764801233078918952e-01 3.830406010164298936e-01
4.164698507194325439e-01 3.337557125637921063e-01 3.106676004686620418e-01 4.120511165121978348e-01 1.513053762175460282e-01 8.898181307227640002e-02 4.195714554996063383e-01 4.136186838124767950e-01 1.750984706677467528e-01 2.784799204662613548e-01
3.178808230693402903e-01 2.586118064242916015e-01 3.450783374275697701e-01 3.452414444569349428e-01 1.159189752593739742e-01 3.967118326731886579e-01 3.868001335412086794e-01 1.587529916371798744e-01 4.075696307642066585e-01 2.674340247467121290e-01
3.779490597250152462e-01 1.419138541079615901e-01 4.123493191358703625e-01 2.335150177987921627e-01 3.210742047083974815e-01 2.105603319101006787e-01 3.478371744793194442e-01 4.440110262805443408e-01 2.137330218953455152e-01 2.970569899586553708e-01
1.674872892881674735e-01 3.744658659805071843e-01 2.525337131170137805e-01 4.457499187667353646e-01 3.671771742126085925e-01 1.206473608345362547e-01 3.203577723710669956e-01 3.491903234184616789e-01 2.421642541871877607e-01 3.602263278237124444e-01
2.561317146148940349e-01 2.054481092304355494e-01 4.181972531902302670e-01 3.890499503826874705e-01 2.000212258068112536e-01 3.348399261101403512e-01 4.364272316814415409e-01 1.312823350823343893e-01 3.140584684273719507e-01 3.145437854736526928e-01
4.065033353013521866e-01 3.589364564831431514e-01 3.902238730235234043e-01 2.122437804018987018e-01 3.416924452944634094e-01 2.188189984157462575e-01 3.094557425698262754e-01 2.462349659237443311e-01 3.408822760836387467e-01 1.750081265026658395e-01
3.736529340105634311e-01 7.499137308557229931e-02 2.990541266510906571e-01 3.529874907796535233e-01 3.127836340705751894e-01 3.476172955876691839e-01 4.517238023932435564e-01 2.339548034494616791e-01 2.181876761847235113e-01 3.350468637874424727e-01
4.734912619477260054e-01 4.465963767773302728e-01 3.675155238526108814e-01 2.207303581483805732e-01 1.932529582244698896e-01 3.063941060144238504e-01 1.491742323718574792e-01 3.875603929943685633e-01 2.277748872861536933e-01 2.275099023826751277e-01
3.905473111514203288e-01 4.255287882918959430e-01 3.830856123255532708e-01 1.567755764981300648e-01 1.138428510222732615e-01 4.403448231600549101e-01 4.200789717892347008e-01 1.552469773186437307e-01 1.756338365927662681e-01 3.389152518500329059e-01
2.288862030718784579e-01 3.007916274089117992e-01 3.763581773954937093e-01 1.805943734383543831e-01 4.192423577290640413e-01 1.763402124529792336e-01 3.081890729897266423e-01 3.496483949558186199e-01 4.079299569341442444e-01 2.520196236236266207e-01
1.226822942088191953e-01 2.390988219349271249e-01 3.191421821728599451e-01 3.833101130727419315e-01 2.685208983254730453e-01 2.626888297580369236e-01 2.425338891011796227e-01 2.866387796348408012e-01 4.359808116686521573e-01 4.394033801224684899e-01
1.965128598874580912e-01 4.332661042424942321e-01 1.766076875850849937e-01 2.529016562508153432e-01 2.871664700565565997e-01 2.715000181869839935e-01 3.734811701316015364e-01 2.319244125272333368e-01 4.358170121193479796e-01 3.408226090124223395e-01
1.501148545247812383e-01 3.187422773307015400e-01 1.626851428342717953e-01 3.817102356101605420e-01 3.857903817321460815e-01 1.881495722700566586e-01 3.566657058239776079e-01 2.803729576498121823e-01 3.578379908391985387e-01 4.179308813848920945e-01
3.342648120850146842e-01 3.026013081669557403e-01 4.088722836388847814e-01 2.544106239402970093e-01 1.699703760276990716e-01 2.547023192218605958e-01 3.028773109653413176e-01 2.239653169182255765e-01 4.333266787411720888e-01 3.150089702945497172e-01
2.024033956609007090e-01 3.387018418364436956e-01 1.818449955502642323e-01 1.920899099008488431e-01 2.906010514337584727e-01 3.970290240726881970e-01 1.489073081491860129e-01 3.924148415184528504e-01 4.603420327617442909e-01 3.956655991157126961e-01
2.657379529884075220e-01 3.281346497549429420e-01 1.481832684560814850e-01 2.852979270382711707e-01 4.243295120126899245e-01 1.930672750879223465e-01 2.962875578202791016e-01 4.608638524458837926e-01 3.076000669247233033e-01 2.904979374707986617e-01
2.210718588983895949e-01 3.435413103694723302e-01 4.473708481447608576e-01 3.471159371850918163e-01 1.403429398410637186e-01 1.812732323461017092e-01 4.007091675761645932e-01 3.625338130362790734e-01 2.610040339141291854e-01 2.950368586885464550e-01
2.781850524827059745e-01 4.096398806917973534e-01 3.854442891631943424e-01 1.679516320867719681e-01 3.229223867777626378e-01 1.231299341378198353e-01 2.675075730117676964e-01 2.604894038716483728e-01 4.102192306778151831e-01 3.745106170987158589e-01
4.202227411783365785e-01 4.579597614827204399e-01 9.376692137304443175e-02 3.700103871516163268e-01 2.827667218471676125e-01 3.146269375531034473e-01 1.414523924749273021e-01 4.259828976056989625e-01 3.115767822993327218e-01 1.816344570340590325e-01
3.982193304240636555e-01 3.515315592813220702e-01 1.185130078600156039e-01 2.938544882349310994e-01 2.827764618236835448e-01 3.544351400418997988e-01 2.240831292458686230e-01 2.182398705869829092e-01 4.319650813291150415e-01 3.263819311721196659e-01
2.940544217632297674e-01 3.992636750051508088e-01 2.795055173603450127e-01 1.093382119278148851e-01 2.074130864059460233e-01 3.939130983329208746e-01 2.264843989758941190e-01 3.608586655412504007e-01 4.179017533704716403e-01 3.112671713169764542e-01
1.276251783791539918e-01 4.190540435591689206e-01 4.557881998700691328e-01 2.440749159754929121e-01 2.545393590198709588e-01 3.534448569973688281e-01 3.140432181747513374e-01 3.170837870611078468e-01 2.839812425594531176e-01 2.303651984035632871e-01
4.562051405928305159e-01 4.203016184490106499e-01 7.506278094534152290e-02 1.485878296713948332e-01 3.359485167016236229e-01 4.913123312878810989e-01 3.058781718477581180e-01 2.252305009590852558e-01 4.326125648015662351e-01 1.088605447435050805e-01
2.432351151304875669e-01 3.655291992049651828e-01 4.084538016898457968e-01 2.309146104589426818e-01 2.799342557461014236e-01 3.298395786659367168e-01 1.582578534568453710e-01 4.125610606277745895e-01 2.492961427930867058e-01 3.219783822260197104e-01
3.735001142822627074e-01 2.140548576289761362e-01 3.393928136613545421e-01 4.226920069683099968e-01 2.444547623222090849e-01 3.232714107823100314e-01 1.559455590073647868e-01 4.589093584274532289e-01 3.006581310199588075e-01 1.671209858997960152e-01
3.795993970249377236e-01 3.903619043627026830e-01 1.363577111114088747e-01 4.091583730759029147e-01 2.670191948957396644e-01 2.608551005195624550e-01 4.452662299807652602e-01 2.441360059044114517e-01 3.461247222122688094e-01 1.211213609122962220e-01
1.981093331042979855e-01 4.093198180736592473e-01 1.874331775463747296e-01 3.992951064950069906e-01 3.535000243267008013e-01 1.133743036100037654e-01 3.659855501022245550e-01 2.907868727538275855e-01 2.379145727577571257e-01 4.442812412301506697e-01
1.616392914425749394e-01 2.946591847760481331e-01 4.129443104331673164e-01 2.634005349928327799e-01 2.844823933284557071e-01 2.250807969834305311e-01 3.590723435670427621e-01 2.068843979136866795e-01 3.890058649561092818e-01 4.028308816066528686e-01
4.691949626938863860e-01 4.053787720854848953e-01 4.142837228792814463e-01 1.793888987024264692e-01 7.104810273832486145e-02 2.989259885038589859e-01 4.008186359416137101e-01 2.167405523685213553e-01 2.745806703873945875e-01 2.696396936992067062e-01
3.764466379607130930e-01 3.212734576798854658e-01 2.990128273598794406e-01 4.104375853151888132e-01 2.883461592703560616e-01 3.250473981532318035e-01 3.349436548121425550e-01 2.129268223705329532e-01 2.654946651011540482e-01 1.660707919769184027e-01
1.943373730838053870e-01 2.489277493601808888e-01 3.081893591294723733e-01 3.262117561630664131e-01 4.309931877221787055e-01 1.691548024013462825e-01 3.940721962748039431e-01 3.776417828821139189e-01 1.657810971721456195e-01 3.846906958108855523e-01
3.235096445036164114e-01 2.285441931682916095e-01 3.284051266899497001e-01 2.348052453604962952e-01 3.555828272024877390e-01 3.246794442086471388e-01 3.278150870379041848e-01 1.962897474117504537e-01 3.444605544256449936e-01 3.359081299912117791e-01
4.217953935469564986e-01 8.884345077820457459e-02 3.578960722721652998e-01 9.391212413124225278e-02 3.760363937438174764e-01 3.647434281557364599e-01 1.643108661191807762e-01 4.404724888911695224e-01 3.659404521107163522e-01 3.260493302508108426e-01
3.029774089285125482e-01 2.638980997096335157e-01 2.933555691484196482e-01 1.176550492519170543e-01 3.947473943199206747e-01 3.772097699474112886e-01 2.519683735258969604e-01 4.195692766209391245e-01 4.313100163711288682e-01 1.473090421762213997e-01
3.885122497294236088e-01 2.610406466113034396e-01 3.415550136630255418e-01 1.667681282878615279e-01 4.276198841638156889e-01 1.811088110648691463e-01 3.203204738850415900e-01 1.818830084837897987e-01 3.929309934081590128e-01 3.382607907027085359e-01
2.066891965011074528e-01 4.191357461323847455e-01 2.070983211546696401e-01 2.274518789144820419e-01 4.310216562636126625e-01 1.653266394835408160e-01 3.892628389243752984e-01 4.064466586088870681e-01 2.857533252260437417e-01 2.618137387908958114e-01
3.147143281542052473e-01 2.703090593119917284e-01 4.401971585944778331e-01 4.203111316410297338e-01 2.595309145873824219e-01 3.882678240149138871e-01 2.242239959500396673e-01 2.682530647025209714e-01 2.183954063319589467e-01 1.957971167114788691e-01
2.605298674078641019e-01 2.272414275853630872e-01 3.705149875031213957e-01 3.892118271904003723e-01 1.729439578312688686e-01 3.361430046760775503e-01 4.398247698886555979e-01 2.100873413315181848e-01 3.277905558330062030e-01 2.657122607527258040e-01
2.612474385321323922e-01 2.954186829495277777e-01 2.689636183662195146e-01 3.015871849845684904e-01 2.681381169131434872e-01 2.608185841309012543e-01 4.009418936150324075e-01 1.537673215829669093e-01 3.906656594920938641e-01 3.984514994334134030e-01
2.060086138859694160e-01 1.855678688751034033e-01 3.217401480989661167e-01 2.567264556056552127e-01 2.103022587012447486e-01 4.383143853786812261e-01 3.578964139138409717e-01 3.166894979548153799e-01 3.878066877755286246e-01 3.189476698101922914e-01
2.292536441974535877e-01 3.296717732826109915e-01 1.344168687933963158e-01 4.528925027707222384e-01 4.663887971037848912e-01 5.519880481148145557e-02 2.694314061232375157e-01 4.670829284919268409e-01 4.436261848098556060e-01 1.520370896155295026e-01
1.455112562556543920e-01 2.395248387465304940e-01 3.269068286331482387e-01 2.916991108962347923e-01 4.050543614082066091e-01 3.989325767155417202e-01 3.791805510409247404e-01 3.177796893672517053e-01 1.013993986518422763e-01 3.940113882846646431e-01
2.902473521793727529e-01 8.273461861255036742e-02 4.233394229027689359e-01 6.516381479263738674e-02 3.036138875436021345e-01 3.906690909294109337e-01 2.913119609583204594e-01 4.584843008070257908e-01 3.781872220186228706e-01 3.162483292556901859e-01
3.139033323381669738e-01 3.272176468146405504e-01 2.832247412676307530e-01 1.502821437839854390e-01 3.957640553823964513e-01 4.083604610692323500e-01 4.003170843383477284e-01 2.712701134632620747e-01 3.438023820703551836e-01 1.058580394719817741e-01
3.285785963829328526e-01 1.966667340082984272e-01 4.001199747715382671e-01 3.832884313067522752e-01 2.766378215152766051e-01 2.881321289770947258e-01 2.128867298404460429e-01 3.489574339566604566e-01 4.089665446341328447e-01 1.557656046068706113e-01
3.969106753939323773e-01 1.601217971455567157e-01 2.626463447874020085e-01 3.201399744840322525e-01 3.737800544948196579e-01 2.906215523595770400e-01 2.450037128770525818e-01 3.570144462531437690e-01 2.923670875711732453e-01 3.013943546333070489e-01
3.910755175151963137e-01 1.326442046063065761e-01 3.566341875238916437e-01 3.869205803299894386e-01 2.935266395894061686e-01 3.018426446485616976e-01 2.823516445245243256e-01 4.329205173380649141e-01 2.433011458659598281e-01 1.787829180581038124e-01
2.790648236750860045e-01 2.500390381630207548e-01 3.688556612385348044e-01 3.753223940358366151e-01 2.906036398260870568e-01 1.625397040596576748e-01 3.694805928550200513e-01 3.092509934358573798e-01 3.670370986334144936e-01 2.278060540774863307e-01
3.735104821776071837e-01 8.344735788526010112e-02 4.397702202533858573e-01 2.764773558207828108e-01 3.143270586184874205e-01 3.770688873227893145e-01 1.171655519915875410e-01 4.650513169210561681e-01 4.026537153905479505e-01 1.505280536184934737e-01
1.485180922688906779e-01 3.957640162638088044e-01 4.823883080073442242e-01 2.169980735883045853e-01 1.578022433787578671e-01 2.672040397018895508e-01 2.860578644444851104e-01 2.457017452156057269e-01 4.084792095656079036e-01 3.910864075653048277e-01
4.360992189186104762e-01 3.104466917418725602e-01 4.226293997278766090e-01 2.855450210637487385e-01 2.317180711177951880e-01 2.313626129370985607e-01 2.586857476005642864e-01 2.718679479064536331e-01 2.122775542487154998e-01 3.393677347372667796e-01
3.094442248562854214e-01 3.449637682988225817e-01 3.608809368865640299e-01 3.243796438060075893e-01 2.186711126677098327e-01 2.822348587013676635e-01 3.820666057658215209e-01 1.809355210291949678e-01 3.356126754153486713e-01 2.608106525728780545e-01
2.994264048274452583e-01 2.586077927848783320e-01 3.690471120293103424e-01 3.021352291585477912e-01 4.477315063029648212e-01 1.565584428246387938e-01 2.446906370788433926e-01 3.900209633777309559e-01 3.341804327319937151e-01 1.976014788836453206e-01
2.372976506974539823e-01 3.566810889457173173e-01 3.781517638323658725e-01 4.288882349919613812e-01 1.179058396663320851e-01 1.846772883027631984e-01 4.342424291524794588e-01 2.961641855036394322e-01 3.165953760495227587e-01 2.493961428577680106e-01
3.582962894596479764e-01 2.537906486618674018e-01 3.044166060772145466e-01 3.203592005468867132e-01 1.962424079126121046e-01 3.470674582586126822e-01 3.080532424115137724e-01 9.206133375667117924e-02 4.478802439393249069e-01 3.718325689756457608e-01
3.955401433417977120e-01 1.939541868282430026e-01 2.767989696156094581e-01 4.194831007974252346e-01 3.058408356016391050e-01 1.507528466853564064e-01 2.323845555577433442e-01 3.264141573752591952e-01 2.644323152245517949e-01 4.343988889723752189e-01
3.381724079467799404e-01 3.974960127081937911e-01 2.611202004078604366e-01 2.464030913750470397e-01 2.096672482456591602e-01 1.410340984637462047e-01 3.147458422193722960e-01 3.521945979129668669e-01 4.245405243737156997e-01 3.146259763466598414e-01
1.864814583940856418e-01 3.156642142612539059e-01 3.560842087956473390e-01 1.190914965024301581e-01 4.132784230574255702e-01 2.780752347851004891e-01 2.980911365093484866e-01 2.977062816818490942e-01 3.410121233054734802e-01 3.945154227073878750e-01
3.441227337301778766e-01 3.581390837042615072e-01 2.276115458403262237e-01 3.578939968049768550e-01 3.283678164097154628e-01 1.763359918189329745e-01 4.409486166393393747e-01 3.487132559198188320e-01 2.380899237375188326e-01 1.797770353949377231e-01
4.807899603571044178e-01 1.251890703572345886e-01 3.523342432706833005e-01 2.560883056909972755e-01 2.227588399720697443e-01 2.897125048577829376e-01 3.727358593457953950e-01 3.259108778849968413e-01 1.341132127469328306e-01 4.403671255164026688e-01
7.810294268312319155e-02 3.564096389646897456e-01 1.526101005352569762e-01 3.971004609350427539e-01 3.401951139833201410e-01 2.203219835301956642e-01 2.273712362582270274e-01 3.454394464365989625e-01 4.293886924642256187e-01 4.530603842093258171e-01
1.614933666868002549e-01 4.518680429175865321e-01 2.404840765947872661e-01 1.416798964482708922e-01 4.368823837764647111e-01 4.218303385173645670e-01 1.709942495005519203e-01 4.420142315917164888e-01 3.795984928764988275e-01 1.531549210899559310e-01
3.445988356165456956e-01 3.296849280466965237e-01 3.481874814923261452e-01 3.285057210177872444e-01 3.648061505694822904e-01 1.622158538011698459e-01 2.498373448560679555e-01 4.138568337727392965e-01 2.859645994183962481e-01 1.723422514087899204e-01
2.306959334486829716e-01 1.519402986518322840e-01 4.070075026450564182e-01 2.517113774109037694e-01 3.312438200427285651e-01 3.837676985679308039e-01 3.461967538582189086e-01 3.686289021863943249e-01 3.701787822185255705e-01 1.586289309697247463e-01
2.370194835550964441e-01 3.741635302769758531e-01 4.311352799661678503e-01 4.385187428461075343e-01 1.802037275174791509e-01 2.075466849203287667e-01 2.749586602819722447e-01 3.013419067378412253e-01 4.343609891057635952e-01 1.207509947922638244e-01
2.939507005173278009e-01 2.554350869932202617e-01 4.108831718835684876e-01 6.238808512353061220e-02 2.062015514736032507e-01 3.007812705723085234e-01 4.645483675922514877e-01 5.132322889240423791e-01 3.912061148620004647e-01 1.013733620581473982e-01
3.654823510489079164e-01 2.411707305495982834e-01 3.768908195917488047e-01 4.542074614020394918e-01 1.670154751178426766e-01 1.646810338696151899e-01 2.294450422879592555e-01 4.532043052368947000e-01 1.192561600650751535e-01 4.286466208303181258e-01
3.482459192869245546e-01 2.058541901678469510e-01 4.531944662910355470e-01 2.302958300857465834e-01 3.395977572119457943e-01 4.060782783947940455e-01 2.971625243567941888e-01 2.692752375815634647e-01 2.644252147945212461e-01 1.858705818288307610e-01
3.350362355782738888e-01 2.707776933168357658e-01 3.551773017103582730e-01 2.653684659600107354e-01 2.393687232325756309e-01 3.897508600438795989e-01 4.040669115104451592e-01 2.700239071524956347e-01 1.499848487381885420e-01 3.204450527569356333e-01
1.724929198355698301e-01 1.522962315568133773e-01 3.232571251069754625e-01 4.181938383468123410e-01 3.148557107017854184e-01 1.021709303644107447e-01 4.289315090252029394e-01 4.108988233103618715e-01 2.727996731673797415e-01 4.041032385846888841e-01
1.407538598179239320e-01 3.477218947508697866e-01 1.976885638533759648e-01 2.513095047758872602e-01 3.665859887732981770e-01 3.239256269659227527e-01 3.466986927871997248e-01 3.503058008269240853e-01 4.524481839975131869e-01 2.225618834510803556e-01
2.286970076928764861e-01 1.633308478835165944e-01 3.346444564096076602e-01 2.835034293904443725e-01 4.385866533506564413e-01 1.759389394991502376e-01 3.597264505556097003e-01 4.336996999866103430e-01 2.689341523704766868e-01 3.129383628610520884e-01
3.234689362101482446e-02 1.096183344619558742e-01 3.953239578391245512e-01 4.782868346113484104e-01 4.395824263963769574e-01 1.112343743320014927e-01 4.422444684072744936e-01 4.711996074958082481e-01 3.694355340962948708e-01 1.507275687387989171e-01
2.603089172451963362e-01 3.093504984970808502e-01 3.316474236509274753e-01 4.450750343613846249e-01 4.179560422680676512e-01 1.000355642406957901e-01 4.232673708035105120e-01 4.198395440000841639e-01 1.370852527477583460e-01 1.554343521852997734e-01
3.073009843732031898e-01 3.706999135651521948e-01 1.219530955104971975e-01 1.447112417815749896e-01 3.444546894242103141e-01 2.853710920031176657e-01 3.703667664083189481e-01 3.946741966079858610e-01 3.173041382568881907e-01 3.431638820690516845e-01
4.369706885557506082e-01 4.192584255217430833e-01 2.458065973205387500e-01 2.406017706103945053e-01 2.434173653234463774e-01 4.475425265893188120e-01 4.645654600861696681e-01 3.731650318653240150e-01 8.711499373251274658e-02 4.155714039479276728e-02
1.924413228684527799e-01 4.561124862383768575e-01 3.723145460026346387e-01 2.860486730963351931e-01 3.024694022444144870e-01 4.249634024118604247e-01 3.629940742136811838e-01 1.402707398225918056e-01 1.720684536568901912e-01 2.903168994447644646e-01
2.505810267906608546e-01 3.675481341500451693e-01 1.579468718628788959e-01 3.513384527471637986e-01 2.824529545464299352e-01 1.617111903589227850e-01 2.957095133730096026e-01 2.958592092765746084e-01 4.260908255612624873e-01 4.107618213330549994e-01
3.786859208039776714e-01 4.270699765582294249e-01 3.442083279150446318e-01 2.543313372635098712e-01 3.963116818208693437e-01 1.571864423592382876e-01 3.356598313871026473e-01 2.179478681259641726e-01 3.040564543675591813e-01 1.845421593985071551e-01
2.190416881282298833e-01 2.420100602828059999e-01 4.345747601363549872e-01 3.463328768645407285e-01 2.028149211637725324e-01 3.721738604597791822e-01 1.664821239089607496e-01 4.103122840579252473e-01 4.564676339567956265e-01 1.497897910408407807e-01
3.390059812181710486e-01 1.639255643636502169e-01 3.619953223580840151e-01 2.503669358053044469e-01 3.518478030502352194e-01 3.404948721688118018e-01 3.528743527946085479e-01 2.587164257515124910e-01 3.513291182618980546e-01 2.294436242277231031e-01
2.255433047933786406e-01 3.848855261908983305e-01 2.720010323708837441e-01 4.399254565694757368e-01 4.047841591619779078e-01 1.011410312095967073e-01 3.061026916301107792e-01 3.898216751351027964e-01 1.368132667237459965e-01 3.389818562148283476e-01
4.126361625640483366e-01 3.778132381337849788e-01 1.994844411643696691e-01 1.810290360403646326e-01 3.557245178185407530e-01 3.991411670276228674e-01 3.885318398856393851e-01 4.029506169786948311e-01 1.841470591980123306e-01 9.854192118892195207e-02
4.274901840641163187e-01 3.816349409465935594e-01 1.661106119958697391e-01 3.018706506907500309e-01 2.069104653749621325e-01 3.482716512442101120e-01 2.728860350942262647e-01 3.721203069817755615e-01 3.926238176376147804e-01 1.300813359698839711e-01
2.134020145590906914e-01 2.959570618321143431e-01 2.562365746900177599e-01 4.368136592149823860e-01 4.266095130904254407e-01 2.015186200009092543e-01 3.225129429253904001e-01 4.456708865744358761e-01 8.614146555849931663e-02 3.151372615541322419e-01
8.959004815241754238e-02 3.820551477117199446e-01 4.119804496185914822e-01 2.059972536968264767e-01 4.110456764682919872e-01 4.161731263540402459e-01 2.917718804688755885e-01 3.291855609829015816e-01 3.461739197936910539e-01 1.160269367526455681e-01
2.703223317669725678e-01 4.296833422979982053e-01 2.052051414852278099e-01 1.663015630290097802e-01 4.101385745420768614e-01 1.351345458576875269e-01 3.763433237190560998e-01 4.067785146328510848e-01 3.338550678041026787e-01 2.662375948650175794e-01
2.445243209040545429e-01 3.542435994686429779e-01 3.888201937639482741e-01 2.401768712998338107e-01 2.770943758308536120e-01 2.508487818232124633e-01 4.076190009317094409e-01 1.612544502934704638e-01 4.294062995127909677e-01 2.460121061714852231e-01
2.977248221934806205e-01 3.342995491018079801e-01 2.760356962783270807e-01 3.986760440483941847e-01 3.057893223632880408e-01 2.091618546284492175e-01 1.482963278891085146e-01 3.791904857156623287e-01 4.104643322928088200e-01 2.403615654886747943e-01
3.912845811481475700e-01 1.820036966621752517e-01 3.896634301883690199e-01 2.252035884979500802e-01 2.909237284503783938e-01 3.961383533054073647e-01 4.465103040113834743e-01 2.442129539967960172e-01 1.574398623868211444e-01 2.766195013525721835e-01
3.604651364174605854e-01 3.305327990885371658e-01 2.514473307521950529e-01 4.460731952061989802e-01 4.026348331419425941e-01 1.043802260249256375e-01 5.515383046495242469e-02 4.373469501054488839e-01 4.183299926595173135e-01 1.936357061388203349e-01
4.205821149997251984e-01 3.127413043603963216e-01 2.672004186925717173e-01 3.169961136454486073e-01 2.017293054028357902e-01 4.608512740771844585e-01 1.839195050053667457e-01 1.714432234594266691e-01 3.519057195697966600e-01 3.126310207872419200e-01
9.608907084770322571e-02 4.383543592191916360e-01 1.891497992239724035e-01 2.683875164155063442e-01 3.057549200489600993e-01 4.161033739460131553e-01 2.723686540906856690e-01 3.735942032815079417e-01 2.801602722137159773e-01 3.600378307127475308e-01
3.925837491078427721e-01 1.532503761501288198e-01 4.164696593604803043e-01 3.769114254632556782e-01 2.217113738248958077e-01 3.179270205908790170e-01 1.983944856915240695e-01 3.883973615718260830e-01 3.117301738657582977e-01 2.226243743734078184e-01
4.262558453285417714e-01 2.926649982230755120e-01 1.965188457298451263e-01 3.646361178766911459e-01 1.968195947810065793e-01 2.583587093283906677e-01 3.862310133523687572e-01 1.644541084569725031e-01 3.243267298659165965e-01 3.897340370571962254e-01
3.053564881241834783e-01 2.392768366916840639e-01 2.238663130611839580e-01 3.864641630163438979e-01 2.034910098816111734e-01 3.745037583972512518e-01 3.743090739764784458e-01 3.538062577370022499e-01 2.017546170376113834e-01 3.371714820766527065e-01
2.501289488380056825e-01 3.505265967545276862e-01 2.328323530025042942e-01 4.511280651987913393e-01 2.588363000028055527e-01 3.075185782587414041e-01 2.035466005241357568e-01 3.716217837495910947e-01 2.329548488488608071e-01 3.409059248220336347e-01
