6.649398617992501315e-01 6.891291797585578083e-01 1.320421289857950653e-01 -3.711547370715450045e-01 2.991771103818295363e-01 9.062371526965921076e-01 -8.726365718319714637e-02 8.553231831889678283e-01 9.877333237160820234e-01 7.884437242933695078e-01 3.793470816493207387e-01 -3.511823572220703626e-01
-4.101734088236225761e-01 8.145526898767897483e-01 -3.728434845136301412e-01 8.087431914594742088e-02 1.456640370338767865e-01 1.169036194127730799e-01 8.020294409981245654e-01 -2.016933996136420215e-01 1.663786854568996554e-01 -9.551102425771134108e-01 -4.361038118583590029e-01 -1.406224156141606119e-01
2.808981669711139162e-01 -2.041909008192748232e-01 3.591941934102137468e-01 3.098802651043638945e-02 1.104126207614112010e-01 -4.601865214518062186e-01 1.096638406593460546e-03 8.872281091587752577e-01 -5.996520602380912141e-02 2.557947687721912056e-01 4.149826114371475971e-01 1.927402303450833077e-01
-5.857488047529479241e-02 -3.229743112505417506e-03 3.194862845299689114e-01 7.296022930166291554e-01 -2.833304772473638766e-01 2.016294090313892895e-01 -2.493980002440165933e-01 3.061608222560398551e-01 -4.520229054455788820e-01 2.130852560946891461e-01 -1.503418664331539756e-01 5.709349882920811137e-01
3.204205928598792830e-01 -2.761301150623574618e-01 -8.078693978416293664e-01 8.782744032847722426e-02 7.549329491811580528e-01 -1.086354448946245943e-01 4.655723782468929040e-02 7.671007286482389720e-02 6.100843384665609603e-01 -1.364559941294498646e+00 -1.266631294895775584e-01 1.405928822297919656e-01
3.985300959854994884e-01 -2.561501243394248561e-01 1.485351351194135472e-01 -2.384619466836817026e-01 -2.016148369137309160e-01 -3.612829317099056081e-01 -4.799670917357021782e-01 3.248817554990244827e-01 3.019277882453485495e-01 -2.943509749544529486e-01 -2.318051225126268877e-01 -5.591047970897947694e-01
-7.696389553820377483e-01 3.842014469693704193e-01 -4.888494708974156500e-01 -1.833525481777492361e-01 -2.441256352357948703e-02 1.218127956469579332e-01 -4.653639941032422511e-01 -5.235413744351535836e-01 -5.744079431688059456e-02 -3.335906510392806501e-01 -4.180086429547970606e-01 -1.613908067776091970e-01
-4.047545245170840467e-01 -2.206819364159469110e-01 -3.895479390314557921e-01 -4.277303865158583740e-01 5.703520679587245068e-01 1.928978986931203510e-01 -8.568821276456015656e-01 1.058657304801354782e+00 -2.569256194575742502e-01 -4.598783397430462605e-01 5.007361693660291602e-01 -2.947750294964038287e-02
4.686410553578976290e-01 1.803038989295996930e-01 -5.017270833313365319e-01 8.299675842684794969e-02 -4.509250353997837357e-02 3.925417472164757088e-02 3.076038695436249526e-01 7.015004191875255646e-02 -2.054505551251703532e-01 5.861241487648134740e-02 7.183140240688094813e-02 1.012325507039953498e+00
-6.424130716587687084e-01 -3.399694945188529438e-01 7.787872941203041188e-01 6.177939335355002726e-01 8.446456335716293062e-03 -3.034255193308065812e-01 -7.476395928385095591e-01 5.199993722964545151e-02 1.380236727975511501e-01 8.185617072082545728e-03 2.251591427299512171e-01 4.178374928222989837e-01
-4.610684424789874836e-01 -5.059671443293697890e-02 6.167348878639817844e-01 -1.147754918550565884e-01 5.220072786866865044e-01 5.972416785648527737e-01 -8.551206271116360003e-02 3.672472813022212290e-02 -4.953553940515284526e-01 -5.533673267453263073e-02 4.825419844843326089e-01 -4.101340513616121841e-01
-1.389818573536748259e-01 7.868692577902531848e-01 -1.811543234460951945e-01 1.551583798454159724e-01 2.261952274677079544e-01 -1.934111499615087382e-01 -6.973970907605437919e-01 3.738535132353100199e-01 3.661957809647248818e-01 3.731969509907111515e-01 -3.292032665928583679e-01 1.126955337934460594e-01
-8.560992038451695763e-01 6.375118696261715401e-02 -9.773913831065602631e-01 -1.585374086083673750e-01 -4.459030324144345192e-01 5.864638013758881607e-01 -4.336047742878409439e-01 -1.214404609068108654e+00 -1.699221195107323834e-01 4.584821603984413074e-01 -1.922716205058322969e-01 -1.620634064365890359e-01
-5.477439120852254373e-01 5.987726322116941891e-01 -1.968150275390646020e-01 5.072313030869449735e-01 -6.729937320869646689e-01 -1.555450773865812153e-01 1.310865598576119284e+00 -2.990648575669335174e-01 -3.633680520313357920e-02 1.151997909400009623e-01 -3.081259930004381919e-01 6.463872707465823098e-02
1.712694114263245138e-01 -3.545246173719361904e-01 -8.614971879230981511e-02 8.261734542977099138e-02 1.281869484489115418e-01 -4.722912831918176235e-01 -4.447972342890160746e-02 -6.685213154412314451e-02 7.977070080270725061e-01 1.860026663297242311e-01 2.980107052890208497e-01 -2.527309574964902716e-01
-4.945363162390245537e-01 -5.467902952532919247e-01 -3.728035499456855417e-01 6.535262895814496487e-01 9.352516454677077817e-01 4.664215834473904310e-01 6.239224937555370824e-03 -7.610605645693371279e-01 -5.104996329528003196e-01 -2.835471759691344240e-01 -6.359176666948413992e-01 -3.115045514134149873e-01
-9.376235907889820531e-01 1.914629819859863802e-01 -4.425015820451624893e-01 7.230810669711661420e-01 1.910097498742935884e-01 -4.612312669888797290e-01 -8.181166789899908809e-02 4.523295178886674872e-01 -6.529646364741288345e-01 -3.037560412442787960e-01 -1.926539831388333346e-01 -3.620626836802754434e-01
3.896005323774051621e-01 -4.189998662402211749e-01 -6.906177264917207070e-01 3.423538457419305625e-01 -8.183217657693913072e-01 4.200012739335934331e-01 -3.930540651895797488e-01 7.393822085410842737e-01 4.975764267786561557e-01 2.425483687838528579e-01 4.329799706999516995e-01 -3.835596680220139110e-01
-1.534471915314612467e-01 -9.708578421365532396e-01 -3.427599405758901541e-01 -9.734793875824473974e-02 6.923293845091006427e-01 -1.528569395598273484e-01 -3.880731045037132815e-02 -6.607675387034575021e-01 -9.818464581680202974e-02 5.763934841898885608e-01 -2.547264853286370645e-01 6.034279372561606181e-01
6.488248777733245376e-01 3.538894429061534286e-02 -8.478161967446228298e-01 7.275143748170438407e-01 7.369918438352686396e-02 -2.056197728128814350e-01 1.730565103532163140e-01 -1.874258333936682785e-01 1.190658220187003624e-01 3.079005182493914639e-01 -1.170706757069349013e+00 -9.503359529404704631e-01
3.844161948733960249e-02 1.361121065494350635e-01 -7.100581892936947970e-01 6.601759202047703667e-02 5.658995215733859940e-02 -5.562129434831092345e-01 2.209101855215053756e-01 4.994526468217592163e-01 -1.312617463750417990e+00 -6.789439257775471415e-01 -2.659124836964575980e-02 -3.917669852321972179e-01
1.000206137674866103e+00 3.093786948227091882e-01 2.754319273156259351e-01 -2.733619284845368314e-01 -4.603872470394855254e-01 -1.097317681958379261e-02 1.108632321637745610e+00 -4.972551330071451475e-02 1.029869661592623942e-01 -9.712398232299331025e-02 1.492370904623209482e-01 -5.059677366294307310e-01
-1.336116202383734741e-01 -2.130348728967707550e-01 -7.511589910487891375e-01 1.591011910175093302e-01 2.400945162377591535e-01 1.864397378171045172e-01 8.862790526272014136e-01 -6.771317845491135745e-02 1.973805265398335673e-01 4.929571209780241325e-01 1.515951611206198812e-01 -3.804663391001230632e-01
-1.404796755296742194e-01 -6.811809804205052332e-01 2.350773234103701315e-01 -1.061971654762525197e-01 1.231925489623225262e-01 -4.909837088441376118e-01 -5.000492665815082782e-01 1.521799573591784693e-01 1.136744497741811744e+00 -5.522175862550594561e-01 -2.448465588164585593e-01 5.649493739466097120e-01
1.875590400363710275e-01 1.181613977707573371e+00 -6.292792378210235738e-01 -1.006754909336911474e+00 1.962171087017102189e-01 5.155102288437316549e-01 -2.336147764962828166e-01 -5.033827993086631425e-01 4.688260435949244131e-01 -6.657821819042111788e-02 -8.281144844341853384e-01 5.545323067377850856e-01
2.932988360078349066e-01 -1.974577808478714391e-01 -1.314793843518410332e-01 -2.979384406509186234e-01 2.622013849695006282e-01 -4.752397747313433923e-02 5.126921950305188824e-01 -5.471375950375207964e-01 -1.073407445493358842e-01 8.268968483377948930e-02 -3.795336666369361449e-03 4.461981778091564377e-01
-2.546478139245512695e-01 5.776328272434458344e-02 3.426832878717908093e-01 4.089576835448130963e-03 4.249717953554186245e-01 -4.824924572229736391e-02 -2.452455047240145458e-01 -1.051434862117107016e+00 -3.150895882169735818e-01 1.523676873526506048e-01 4.589893853385504895e-03 9.477005615447901821e-02
1.279007341053193691e+00 6.933719139765464057e-01 8.023961022889281036e-01 2.149344097328421965e-01 -3.995648950956897094e-01 6.194791628052053190e-01 -1.355329932015659489e-01 -2.844107502763261741e-01 2.071830491390525830e-01 -2.997231493928836366e-01 3.827662529410082518e-03 -6.170720231826432034e-01
-5.593412534957995508e-01 -3.439623051023074640e-01 -2.826139306045655775e-01 3.601276550670070575e-01 -1.864589151891005991e-01 3.037756636387211051e-01 -5.695183987178560336e-01 -1.013771632836205860e+00 -6.401480310211333791e-01 1.530283718408345928e-01 1.324539577509454280e-01 -4.636929524606495101e-01
-2.730294989301190745e-01 9.716554485307422606e-01 8.699874399254148294e-01 -2.234481809444251177e-01 5.701394516622544373e-01 -2.801067962888127427e-01 1.377285471598148348e-01 -5.179479772831109274e-01 2.091161753926211453e-01 -6.423258725235216071e-02 1.862317209587854849e-02 6.271938932718441606e-01
-7.612744542867988518e-01 -1.390194874531771374e+00 -2.137215615315092854e-01 6.903380336068053458e-01 -1.269246146393939179e-01 -5.936077682805206424e-01 -8.050024068192761506e-01 4.849445329143462491e-01 8.468607285114082908e-03 -4.754365383342160079e-01 -2.681801355589498725e-01 -3.852418203814076958e-01
-1.958311942247529247e-01 4.019128678950193989e-01 5.013459765484969965e-01 3.365447204575725548e-01 -9.707457695928146946e-02 4.685086911905723683e-01 2.650314316093932421e-01 5.212674211452361650e-01 -5.019689648158650458e-02 -1.813491495107509566e-01 -2.176146963134701906e-01 -4.045842957680322871e-01
8.155961644624529772e-01 -8.266951451499563452e-01 -2.891579849712812011e-01 -9.177556712802038552e-01 -6.535463443559622609e-01 -4.910728799210135193e-02 -6.467914824864527956e-01 -7.209280703521504796e-02 -2.023412738606834849e-01 4.013475981474594334e-02 4.361029417034080757e-01 -4.158226263516741072e-01
-2.358371898742942230e-01 -1.792107531798896591e-01 -3.066254098571081776e-01 -3.517510121341207996e-02 -1.018589597710510136e-01 6.500541885499064865e-01 -4.651985021573157852e-01 9.775778083794775530e-02 -6.929877601001378506e-01 5.576171805245463409e-01 -3.263133214166650808e-01 -7.227064321349573328e-01
-8.486744159268787557e-01 -6.979664446951481249e-01 4.065860791663706841e-01 5.574418216551056959e-01 -1.848060136694360811e-01 -7.429300679023568277e-01 -3.867834217269469632e-01 -1.468851637516323076e-02 1.334485095793171150e-01 2.343170915530056186e-01 1.740478099653531285e-01 8.062454371184245572e-01
-2.300892908622677868e-01 -4.853074803976666352e-01 -5.181994353827590327e-01 4.002097411607794669e-02 2.881042540828147869e-02 7.565655854545446646e-01 6.941297382853474085e-01 7.986266666524960423e-01 3.201967773828373609e-01 2.185838299363591364e-01 -1.271764376435120747e+00 -3.483134622577392925e-01
-8.948665328201607649e-02 -3.944719722767183745e-01 1.994494176156630938e-01 -1.201494383893592088e-01 4.462118024161464414e-01 -7.592085404834729712e-01 -2.692482348541245796e-01 -7.234847541812391425e-01 -7.227874908430070855e-02 -5.367355082218002726e-01 -2.948355161403495850e-01 -8.333037566875768631e-02
-2.847699596996388638e-01 1.952170757833735035e-03 -6.447228788950470912e-02 -4.264793711275156607e-01 1.904113249486909243e-01 9.291162806026107557e-01 -3.478772962838521665e-01 -2.749262633223055752e-01 -3.832492531922191970e-01 -7.661398675106736444e-01 -1.475839614118619747e-01 7.893871305385212755e-01
5.164725867444354412e-02 -1.023496366762416121e-01 4.213641353326439409e-01 4.657344709041191244e-01 -1.015501271236186831e+00 -1.009141450553452113e-01 -3.752766836436487452e-01 5.954891151093857915e-02 6.639776859156847344e-01 -2.882537491885368564e-01 4.101949855918171073e-01 -2.100027390232259705e-01
-7.806737342574898708e-01 3.453222486597600782e-01 1.209755785319429899e-01 -1.094235909754445735e-01 1.593298560366273320e-01 2.701759866922692210e-01 -6.703126496038797066e-01 8.403710596894242366e-03 4.359276471752112636e-01 -6.747781188488611859e-01 1.915983446248640809e-01 -3.172974803055605975e-01
-1.564753087249078634e-01 5.069737560599633097e-01 2.370634404995509703e-01 -6.709737915409522691e-01 -1.233297300281653019e-01 5.749987978045069392e-02 8.102030459754647751e-01 -8.739578385585905496e-01 -9.372048159007113632e-01 5.720447901412153424e-01 -6.208760462529405721e-01 6.930680294238819039e-01
-3.205924875831716592e-01 7.092543457909069593e-01 3.053299930013957802e-02 -1.203434071055373283e-01 -3.179151456314806973e-02 9.145719760689319244e-01 9.714038174491340660e-01 -9.169234348994255435e-02 -4.548300443493705769e-01 -4.982398780073538647e-01 -3.482785472373423064e-01 2.302108800316489748e-02
-1.787117198992759781e-01 5.257922739436082793e-01 -1.162896495927832896e-01 5.712571889219708599e-01 1.179194298965432486e-01 -3.352549022044682969e-01 5.286349581347870030e-01 -2.281681700950504710e-01 -3.468886386298318802e-01 1.002304069040221179e+00 8.996532628757378802e-01 5.055656264886103646e-01
-1.377493111761454725e-01 4.561213975571893342e-01 -5.122472935951967177e-01 5.610195867572800310e-01 -2.434177205136026922e-01 -3.712227212902969864e-01 -1.740945906386227315e-01 -6.395403527749342620e-01 -2.174914618133179378e-01 -9.147024888642789342e-02 3.756205829497590853e-01 -5.406514672825472045e-01
6.035189488222042486e-01 -1.428667726281931394e-01 -1.782020398006408934e-01 5.383004282197617618e-01 5.502203076177357433e-02 3.925841563680290691e-01 -4.595124582289256132e-01 1.810739631316778953e-01 5.623184482994957323e-01 2.447032709285594521e-01 7.901046613080604797e-02 7.858653017569097177e-01
-1.374598727762524231e+00 3.627808626681119485e-03 -5.852097864368970698e-02 4.825739240913241579e-01 -2.147722568493990181e-01 4.869432809138508067e-01 8.580353517444730058e-03 -1.341091692582731948e-02 9.195763508040821765e-01 5.597555449343213918e-02 -7.509370753948250155e-01 -2.676796738209383797e-01
-2.237775457852631267e-01 1.474730162555607738e+00 7.464552476032340067e-01 5.841157881828801246e-02 -4.094059401738981419e-01 -1.928569024644095076e-01 1.811573604046266828e-01 2.085028783728960777e-01 3.455257519065700333e-01 -5.808537424638049451e-01 -3.324607363847400521e-01 -6.848001756634491954e-01
-3.600762500827279222e-01 5.567731102202938542e-01 -6.082046399668572523e-01 1.350171514994010120e-02 -7.663313582643851429e-01 -1.214663507074102006e-01 4.256751098953062695e-01 5.301503246681112114e-02 2.316730598340610014e-01 -2.455552281707039097e-01 1.424225182941185608e-01 -1.564401763705788040e-01
-1.487680377249087638e-01 7.966813378750194907e-01 -1.377043274544596449e-02 4.718634678722479769e-01 -3.024549047368013666e-01 1.434308004417926830e-01 1.702221847410942124e-01 -9.204461466008386772e-01 2.154095481813885216e-01 -5.125394993359347895e-01 -4.923282108838979987e-01 -1.820354422271845407e-01
1.097806786867727424e-01 -2.791461404499900323e-01 -7.368122555170613097e-01 -6.959937137629426118e-01 1.459094652469991420e-02 -7.961856001767067537e-02 9.317968559379112836e-01 6.854089202223382360e-01 -1.277585855419043348e-01 -1.872208502453654722e-01 1.618294446566088118e-01 8.452065478831032319e-01
4.414664913047382060e-03 -7.065488524145736582e-01 -1.002870233721778609e-01 3.907349529811058320e-01 -1.046258369564896790e-01 -1.834238776167236296e-01 -2.867091494797951445e-01 1.457497962273285042e-01 5.995229342527028660e-01 1.051961077767103320e-01 -5.766305559649171908e-01 -8.803265092244559886e-01
1.450760293247275456e-01 4.247099481317032077e-01 2.591775344963881747e-02 -9.339984786742527856e-01 -3.833286546699049002e-01 -3.129339776260290362e-01 3.446712690611494212e-01 2.934805319601804796e-01 1.321500490751328805e+00 5.859603335935739676e-02 -8.323885836653844850e-01 1.677299687755962609e-01
-4.422578989835028729e-01 -1.291277159328562407e-01 -1.745624735105639480e-01 7.245445533093460844e-01 2.218020217407233596e-01 1.028679947069216227e-01 -5.842084622901938529e-01 -3.962476760264361797e-01 -3.783012464705519662e-01 -1.046259341551280739e-02 -7.271404483663720941e-02 -6.778314066310117125e-01
1.547280078221872079e-01 1.082480348355359334e+00 9.832616180291722796e-02 -3.091290181603749687e-01 -1.767973976364901056e-01 -7.964207422534632652e-01 4.027391981005269406e-01 -3.717583377890175123e-01 -8.122243314270309877e-01 -7.700266414849450403e-01 -5.099008466164753894e-01 6.693026487855165130e-02
2.222253767692101700e-01 1.268593655237880036e+00 5.823359117877392466e-01 2.895620253566717484e-01 -4.733265244578234443e-02 6.702156030558215072e-01 -7.143151332943495913e-01 9.469029545057282282e-02 -3.699510650982279492e-02 6.241820537160637228e-01 2.889477057982180463e-01 -5.540938581728886980e-01
2.127812657311443922e-01 4.533483619093528483e-01 -2.518112823969529956e-01 7.138038698720763908e-02 1.912099922311337186e-01 5.838347623739383874e-01 2.043149335971816694e-01 5.314375826941674097e-01 -3.549639487732462323e-02 -7.228619285336749245e-01 -3.125000633029783592e-01 3.810307463935272421e-01
4.459067489259266326e-01 3.910436123818876453e-02 4.207547549416295607e-01 6.644034117028925490e-02 -6.399922954670607123e-01 8.142804600031839923e-01 2.542844457082743537e-01 -1.241444763173960159e-01 5.095266493909546002e-01 1.013026293044870102e-01 6.857030487214040848e-01 -6.005115276251270506e-01
-3.960461627466836942e-01 -2.442053736039057621e-01 -1.982542484857849341e-02 -2.489516010684555969e-01 -5.791048019119283685e-01 4.621703412868893163e-02 -2.138882531593893077e-01 8.633249327482925839e-01 -9.647077975376168457e-02 -1.790702721033354539e-01 9.253939251053827642e-02 4.291213748717555010e-01
5.540984149987860929e-01 -2.860408166987645981e-02 -3.079286441418598308e-01 6.809272650607659516e-01 -4.896968884098608643e-01 8.127664501786501239e-01 4.024621319876138803e-01 -1.227982448640556473e-01 -7.795810137258028794e-02 -7.056896883665654263e-01 3.396866463858541074e-01 7.493031537204613013e-01
-1.376828193007139517e-02 -2.670634247884775547e-01 -1.079486938217127490e+00 -4.454819586590320624e-01 -1.156586519094181947e-02 -5.320694737020661425e-01 -3.386466278583744605e-01 -5.694245002576270309e-01 -3.378014372936570253e-01 -1.386614169027125254e-01 1.658193680596005970e-01 3.461573709406078753e-02
-6.318322869644481532e-01 -2.885938764202019557e-01 -5.306202903973811225e-01 -4.983373595326370253e-01 -1.678611573193655171e-01 5.497736637313094255e-01 3.769437798305243226e-02 1.855744714543623441e-01 1.901622658574022851e-01 5.620014482341002537e-01 3.966582679029267422e-01 1.306151742113734193e-01
5.475782942516447260e-01 -2.982575363149746472e-01 1.396725885776622267e+00 7.707718926353754885e-01 -2.532764103728885052e-01 -1.837551336145073766e-01 1.076995864163176275e+00 -7.331842921688463965e-01 -1.397318294595609363e-02 8.522314374235697709e-01 -2.871135878438995648e-01 -2.049473628093870237e-01
-6.922055569482999937e-01 -9.317632138429478295e-02 -6.140935023220056577e-02 5.863729400562750493e-01 -2.112845768782606048e-01 1.031897126970324541e+00 -4.108885189471513377e-01 1.217157729228368179e+00 -1.236431621190341446e-01 5.419572984403133731e-01 -2.147037446298136476e-01 6.856358286982316974e-01
-3.033797332954719650e-01 -7.099102114866706614e-01 -2.774579927151324954e-01 -3.993818501588406455e-01 4.303829829382940786e-02 -3.446659331451226160e-01 5.911840755221474675e-01 -7.836797038217795386e-01 -8.057728649262803078e-01 1.380606586753498011e+00 1.876871764101729206e-02 -3.401559194611970122e-02
1.104166346227787865e-01 -1.947248760279896851e-01 -1.372324913577439298e-01 -7.843944410862162542e-01 8.599193241505924401e-02 -5.440508787555717873e-01 1.416704866186587475e-01 -1.030954541410148417e+00 -1.194507614848554944e+00 2.069022799332591034e-01 1.831892213569774608e-01 -9.397645581762985589e-01
1.703834035008289505e-01 1.240747453691518398e+00 1.934931626822848083e-01 1.231863674873068915e+00 6.322465351063321082e-01 4.615715401799066475e-01 1.109358884760518055e-01 1.815597995429585554e+00 -3.725380014391242445e-01 -3.618770659984493210e-01 -4.403036356734030266e-01 5.591729763953806609e-01
-1.340195110626238584e-01 1.030225947782287710e+00 -2.155008174174292968e-01 5.300929539190868400e-01 3.805097513836337431e-01 -6.066657728718941739e-02 -3.004419432425650127e-01 1.601238294995977196e-01 -6.418682428584974176e-01 -1.417057037063233826e+00 -4.590355377456374272e-03 -3.076100023179720311e-01
-2.975330715462260467e-01 -3.862171806864243551e-01 1.166692005373787255e-01 5.381264813074712050e-01 -9.903956038405556939e-01 1.129401176232037174e-01 -4.586423211587411508e-01 3.593285226388535925e-02 4.830596550808998191e-01 -2.757039147548147051e-01 -1.185180084212712620e-01 7.540421174197505794e-01
6.262840302277740134e-01 -7.775082431379517489e-01 1.044725053387926428e+00 -5.853135141870263736e-01 2.277913123913631877e-01 8.522143507288983122e-02 2.613873193404592232e-01 9.513935608042902725e-01 3.355471470850373006e-01 -3.379021083482779964e-01 -4.597124530178272606e-01 -1.878303720691294199e-01
-3.798787973767778214e-02 9.603838300468597877e-03 -4.784492946897037080e-01 5.160109700898642821e-02 2.883152486379366164e-01 -6.905808423719521638e-01 9.212684795395766025e-04 -1.616153781134627987e-01 2.549237850468004662e-01 -4.140403961433439806e-01 -6.025398565429164188e-01 -3.385368048711385747e-01
-5.277781563418660893e-01 1.165287162701513363e-01 3.400517764853854819e-01 -1.701202532721562410e-01 -7.825734914840819512e-01 -1.966817350293030564e-01 3.167304839063436184e-01 3.010080220868445733e-01 -8.565355983217755043e-01 -4.939659124575314642e-01 -7.548701137195736877e-01 -2.802966413721323380e-01
9.481764216662716405e-02 7.816369494712042953e-02 5.929078479050733375e-01 3.090168148173464968e-01 4.527275677947854571e-01 3.711644622170674479e-01 1.088037430299757968e+00 -7.708409098592976516e-01 3.739570330971072054e-01 4.994687973533692982e-01 -1.638598194043897893e-01 3.918218527612482016e-01
-2.449745358991836097e-01 8.286237550630203286e-01 -4.149271487289888372e-01 -9.107026760419488498e-02 -4.780284265712336778e-01 -1.146620845460747662e-01 -6.363164590878965798e-01 4.228496401436575985e-02 5.196806843121604819e-02 1.134770679286992490e+00 1.053602545097867216e+00 -2.592488948681485605e-01
-3.276356877844395776e-01 1.781550717493303113e-02 -6.643883814143034527e-01 6.945431662987171517e-01 4.873301837801922165e-01 6.678806036907161681e-02 1.708249832897664189e-01 3.745969092068823225e-01 -6.102259729098850061e-01 2.755166413781608981e-01 6.924230634949363195e-01 3.764217720033087300e-01
-3.054691038296564742e-01 9.583077999985550877e-01 3.377699583110214121e-01 2.606525300999060560e-02 1.176640483196723513e-01 -7.389549904371592870e-01 9.552010975840308227e-01 4.100988820774565946e-01 -3.369151165685148053e-01 7.261298584483483198e-01 -9.986545802650964587e-02 8.119911277304157071e-01
2.491108464675190481e-01 -4.184371969882252906e-02 -3.939198280458412471e-01 5.031350496507620562e-01 7.773109547341598979e-01 8.221717580456922025e-01 4.208828663206449355e-02 8.140695665393552494e-01 7.609372276992022732e-02 -1.337518605465977742e-02 4.702086312332978690e-01 -2.291590756455725575e-01
5.523541051362366484e-03 8.894960872602090951e-02 6.524133551243107565e-01 5.567159519481841290e-01 -1.611609394441297156e-05 6.840140194462047685e-01 1.356755618248575157e-01 2.615729356787785398e-01 2.492991862116467061e-01 1.625346199271360537e-01 6.933398651701162818e-02 2.876746415140727930e-01
5.954104341794687061e-01 -6.655417600151490864e-01 3.094416022536200170e-02 -7.601883353115121977e-01 -4.283368761040603490e-01 6.473546841263966289e-01 -6.479248014867857730e-01 2.431038435095284334e-01 -6.539874356776502751e-01 -3.053176567609390823e-01 1.613523876984835903e-01 -5.023226497072493801e-01
-4.475253022933582403e-01 -4.158215407569636896e-02 -6.521496040744528822e-01 1.176270807486373138e-01 -5.730152664713883404e-01 -1.340300256696786096e+00 -5.526093073484344975e-01 1.095226558595544103e-01 5.332425465929904185e-01 1.919131953241890731e-01 -2.213170865839851897e-01 -7.545422013217243373e-01
2.274526406981446092e-01 -5.940134910525953771e-01 1.321418963179879502e-01 -5.148344580455463948e-01 -2.533806493128037962e-01 2.217873879849723284e-01 -4.575846350098785043e-01 -8.603506364719422095e-01 -6.309633506890492960e-01 5.292650961152753908e-01 -1.661410627885074320e-01 -1.863570776162423448e-01
-1.664120565806583851e-01 5.593225224489892788e-01 -1.422476045068979122e-01 -4.229098214950686163e-01 1.760931024314574544e-01 1.990170429478996528e-01 -2.513890217528789162e-01 -5.008707462501819085e-01 -3.614570372419939059e-01 -8.505811640666088858e-02 2.060601484036866660e-01 -1.082979969768760986e+00
-9.729745059770973370e-01 3.692581519600050544e-01 -2.506997959462023973e-01 -1.054082659360111411e-02 -9.570056956492182243e-01 4.205252721154461443e-02 5.366956125792383681e-01 -2.058679284078960003e-01 -3.571541131696241433e-01 -2.533889350291073650e-01 -5.721065216169880507e-01 -3.762064445472003138e-01
-8.727379959754665295e-01 -7.273224646237460567e-01 3.583024421728278619e-01 1.016210933385912618e+00 4.098686205852428155e-01 3.651048392635435347e-01 4.053213812382046310e-02 -2.826125405210155317e-01 1.604278640935818678e-01 2.173216127998581215e-01 4.238995530486082408e-02 -4.552093213240915315e-01
-1.995986016700340149e-01 -6.401618812928139279e-02 4.351211519559708418e-01 3.716757671058992796e-01 -3.236093983510291983e-01 4.424796660334157639e-01 2.607930241242431557e-01 -2.083466096339791074e-01 -9.235853748017692766e-01 -7.305094568163177371e-01 6.584631867051439214e-01 -1.601460760087365376e-01
-7.511092377433935541e-01 -3.241504398524097663e-02 -4.116740691426412635e-01 -5.656677915684725777e-01 -5.553721674212088733e-01 6.327290074564213551e-01 4.310484556841462922e-01 4.114330450711451426e-01 5.261537020147456778e-02 -2.438566673937528073e-01 -1.812619918260687801e-01 7.039984010497262190e-01
1.930341961337130874e-01 -1.188160738287621504e-01 -1.862785247658305943e-01 3.663320535815962620e-01 5.864036597093374992e-01 2.464644872669153608e-01 -1.447671777376703106e-01 -5.504199545463352994e-01 -1.491352425172171037e+00 5.495105405300899637e-01 -7.781836239139735545e-01 -1.270633326523264717e-01
2.959001522008580243e-01 -7.706191592466604678e-02 9.120559712271861796e-01 -8.678458517806044714e-01 -1.595510021267797784e-01 -5.599680927295485056e-01 -2.367981167457736402e-01 8.418290693096112942e-02 3.377086269621942805e-01 3.668603088521462108e-01 3.300245634332756861e-01 8.707730384738744667e-02
-4.436464099085156709e-01 1.214437377949119656e-01 5.812527174689156029e-01 8.637159559528843900e-02 -1.284351125420107598e-01 4.202626365919396312e-01 -1.775949469885666210e-01 -3.745558441171185637e-01 4.902585874159670065e-01 -8.894554485846478675e-02 -6.283777834442288990e-02 2.553963349054323428e-01
7.387788599893935215e-01 -4.957547965609074847e-01 -4.321613943333135754e-01 1.072794913492500085e-01 -3.850353299899647586e-01 -7.117612623852719311e-01 -1.313076386759263747e-01 1.327159676895059981e+00 6.233779751711751027e-01 6.493764641675332516e-01 -3.848541616616026895e-01 -1.752979615946703359e-02
-8.080758981389728479e-01 5.287989930010662809e-02 4.959013069278344742e-04 -1.964277221635027937e-01 1.072353717816881824e+00 -1.230204674441153223e+00 7.774213063754999986e-01 -1.326291834143456638e+00 3.279500614973724915e-01 1.043904908009511967e+00 2.918317993930947263e-01 7.476590297004054309e-01
9.403298564539607218e-01 1.578684211912743107e-01 -1.233333208868574518e-02 -5.406085735128417502e-01 -1.996697219551902824e-01 2.947700313709706310e-01 3.563907988135320282e-01 -3.078858727633212999e-01 6.093060372875102049e-01 8.529319609979166272e-02 -3.696936385070690445e-01 6.018365077026703869e-01
1.550252167463349873e-01 1.046033716486261644e+00 4.008510195326989711e-01 -9.694256738607291979e-01 -1.706763270818259237e-01 3.176701744248877080e-01 2.211658325464864461e-01 4.944162351882202544e-01 2.368332562674380637e-01 3.766292202653965804e-01 -4.920231749454848647e-01 4.720885549141173865e-01
7.687825873417351852e-02 -3.732839684264405156e-01 -3.641265508581605359e-01 1.202618936979739234e-01 -6.199779351680969608e-01 2.977295081267424259e-01 -5.533784863287043859e-02 -4.099447350506776333e-01 -1.644858125638994917e-01 -2.614545428919443637e-01 -7.230728126821045487e-01 -7.244423322739164117e-01
2.312806510563366891e-01 6.463368529501336557e-01 -8.534490864922489317e-01 -7.281086377142015342e-01 -1.811278126516932194e-02 -6.030383480367630389e-01 9.187194429589189137e-02 -1.312856812018883823e-01 -5.776740854656593482e-01 8.969258597011865730e-02 3.578772092329066679e-01 -9.678901883825356822e-02
1.173353687159575942e-01 7.897174760463765431e-01 2.654267106119375663e-01 -3.948511494957360896e-02 -5.406672012034844377e-01 -4.787784720889388668e-01 6.486134214525953734e-01 9.201060548542807638e-01 -1.854171842372625556e-01 -4.830900884155061442e-02 1.986348123362237650e-01 -1.747076673065889596e-01
8.514086168943101052e-02 3.901874187070035194e-01 -2.528577822064522751e-01 -3.913382376616407199e-01 -1.037876722808845666e-02 -2.629940146524903377e-01 2.392352398429984095e-01 1.594863537296608014e-01 2.206666661750905367e-01 2.853094933496865774e-03 1.540882625449282728e-01 8.330739399149690583e-02
3.491206254146885790e-01 -8.868026234357172244e-02 4.177284909304031513e-01 2.901991616353797876e-01 1.463106612839191467e-01 -6.835930874469626772e-01 -1.105348866895019100e+00 6.822692976594285641e-02 -3.401517026112707565e-01 -5.171496667224198540e-02 -4.105544562695392224e-02 1.818882890182755424e-02
1.398639270611799768e-01 -2.070006907938010399e-01 4.165873252007821353e-02 9.566253235380843545e-02 3.492870150945219243e-01 -5.339972511203875394e-01 -1.577613774889171927e-01 -3.671554944185125846e-01 -3.597962339909983598e-01 7.072374062255845084e-01 -2.097844319903895138e-02 1.143102414496801611e+00
4.646780047609714304e-01 -4.615054209445672989e-02 9.690545204918691313e-01 3.592696093716868933e-01 -2.564972425530593347e-01 -7.979727725342784794e-02 1.102906709538370861e-01 6.538546021635857630e-02 -2.861039332703914639e-01 5.367127974718700623e-01 -4.001797259183255684e-01 7.992842911609243650e-02
5.655400821545352175e-01 3.195648866006132183e-01 -8.551012153747452604e-01 9.414086184971559579e-02 1.803251181173776418e-01 4.486494471359809832e-01 -4.293427480799477669e-01 -4.970863748103440671e-01 -4.160209001182292310e-01 -2.870255408295914190e-01 1.050902065965256149e+00 -2.874320161663142525e-01
