6.143733529096441492e-02 5.861457129121588200e-02 1.070502388133107025e-01 1.947974009188178091e-01 8.410252748833722813e-02 4.561609653163021388e-02 1.752366893632071876e-01 5.081609740608560716e-02 3.470153807941308427e-02 5.168742485819653731e-02 8.771343244576632059e-02 1.967301574709292011e-01
1.383863898227042366e-01 2.916325646150601594e-02 1.257012458703411217e-01 8.143313028338482196e-02 6.470589171223449509e-02 6.363049788605400214e-02 3.476744795740717431e-02 1.008268802740388131e-01 6.149484281601178687e-02 2.202474374887492536e-01 1.095562138154300286e-01 9.659371933265714638e-02
7.815719709514536151e-02 1.244336109514295879e-01 6.993715673367086050e-02 1.005201701338474529e-01 8.067627114849103276e-02 1.710770150659534916e-01 9.280394870893904358e-02 3.141256241714929925e-02 1.182229013057609218e-01 8.223209765364801471e-02 5.752374111092100478e-02 8.198356823434582719e-02
9.850594953316456348e-02 1.079749452713205798e-01 5.554858573632572710e-02 3.722882516834316591e-02 1.404145390813843486e-01 7.653089762659062711e-02 1.181366614060376519e-01 6.927511795528847049e-02 1.516847187011879650e-01 7.527419190473434718e-02 1.176818583211131503e-01 4.678774970463053795e-02
6.468565875724101299e-02 9.655458266782024346e-02 2.040715753226761964e-01 6.410589671323681238e-02 2.424960405144845413e-02 9.050067841984790751e-02 9.475354830561330544e-02 5.656731801640885876e-02 3.089272475981453409e-02 3.349414117965578419e-01 7.412875300846707982e-02 7.217550493813960910e-02
4.858064793269409321e-02 9.790035577560941837e-02 6.528204007924567898e-02 1.007670599148774437e-01 9.106022101246086242e-02 1.080843636476808006e-01 1.349836993632929916e-01 4.564117524494507722e-02 4.842255061669816646e-02 1.088501316808818259e-01 9.658262235625109104e-02 1.382514276304181444e-01
1.726508758020751100e-01 3.855481208039923668e-02 1.089611187430127304e-01 9.225334545969583744e-02 5.673354650465293331e-02 4.774285224101263575e-02 1.175767172255070409e-01 1.147433478771054255e-01 6.193048494932908155e-02 1.058896359147372956e-01 1.013571773346568783e-01 7.551488329271001387e-02
1.469397256570082744e-01 7.859216272988865659e-02 1.196351096715890794e-01 1.370189993672915885e-01 2.470500680990463452e-02 5.839880054056843794e-02 2.510165525327583969e-01 1.723010989910307711e-02 9.627548179066226786e-02 1.610891625896330726e-01 3.071481805103349824e-02 6.995475600723563558e-02
4.422547882299501798e-02 8.129339377012402557e-02 1.730856832032749704e-01 8.051828578874715980e-02 1.098133688483984433e-01 9.937745590107945060e-02 6.545057290621492108e-02 9.656199362575104694e-02 1.244497688634198518e-01 9.500775219575381680e-02 9.843829305621971948e-02 2.818701384128259949e-02
1.764727419437549238e-01 1.192528606190638024e-01 2.494045173990923348e-02 3.908535088190799589e-02 1.018844731714604879e-01 1.127511775533993066e-01 1.968467624531915483e-01 7.925395230603639318e-02 6.946489648124311300e-02 1.041488352856279470e-01 6.854599741845229799e-02 4.305814029276831822e-02
1.475938110356206645e-01 7.988639505505643057e-02 4.566094266026920340e-02 1.201046642694710009e-01 4.630202418205646431e-02 4.145523362071204532e-02 1.140699765535213295e-01 8.378242875365510267e-02 1.553743666050879935e-01 9.792194321668422352e-02 4.438547735091468577e-02 1.312810824288483114e-01
1.128152295215735373e-01 3.591725000061132128e-02 1.172103730646435055e-01 8.698214134958982824e-02 6.199084981995586080e-02 1.034891702507693689e-01 1.953324866761175782e-01 5.279765185847572900e-02 5.405468141686891465e-02 6.594874319734232715e-02 1.333592521673574449e-01 8.557670583759552363e-02
1.588222227523333197e-01 5.629208071354816628e-02 1.836029013764225726e-01 7.642657757054752143e-02 1.047679378185158577e-01 2.805780366447096705e-02 7.942878778758746816e-02 2.305762272191488049e-01 5.856793654989651127e-02 2.935416796948163778e-02 7.369817180385866695e-02 7.921105223278306073e-02
1.475667418273967912e-01 4.877303601063834315e-02 1.019486388032330298e-01 4.096595669334889694e-02 1.953486757623577319e-01 8.811422932116799722e-02 1.387937295993535609e-02 1.275704239340813839e-01 9.964212104222210098e-02 6.592214004603309807e-02 1.265335877121468444e-01 8.011350444325303355e-02
6.896148543728343461e-02 1.330947797927567733e-01 1.003398160661788663e-01 7.418512478957868528e-02 7.746476913696521971e-02 1.494358597704375236e-01 9.280992353712524956e-02 9.885180926567627147e-02 3.484068554676159751e-02 6.196392153896216476e-02 6.848213439989778162e-02 1.234647981867113831e-01
1.210313276992520393e-01 1.316033497408768682e-01 1.211295506939171485e-01 2.606340143497134360e-02 1.326532335367941809e-02 3.082634360802139623e-02 7.517923454578685771e-02 1.675824934428005730e-01 1.192550338982267255e-01 9.982689935594965536e-02 1.459250713024038970e-01 1.036541873828028815e-01
1.849177093408243822e-01 5.731997084295778477e-02 1.443598900845562416e-01 2.758877243787228456e-02 4.331900529271436040e-02 1.475521191608300531e-01 7.281229400221662929e-02 3.189221001806576833e-02 1.567056068051512208e-01 9.900268999977945850e-02 7.033591484265970528e-02 1.075199573850166013e-01
4.725151975663452464e-02 1.302451914167623015e-01 1.751479237135599720e-01 5.149871275682420257e-02 2.378812391956980354e-01 5.191456731400281160e-02 1.404859209225509109e-01 4.037014692461500520e-02 3.886551137264738359e-02 5.309561654053335245e-02 5.574363294461760071e-02 1.463780696545929350e-01
7.785131049483903776e-02 2.132775861209845469e-01 1.018619024253669542e-01 8.333269229269515965e-02 3.739025023105538303e-02 8.874952928316152956e-02 7.800502271723282199e-02 1.700656580745525948e-01 7.810966212887222870e-02 3.985858544408948934e-02 1.203448958631692517e-01 3.872858551076192868e-02
2.112486009446503873e-02 6.624713894397370184e-02 2.254694385810957769e-01 2.512526888605731354e-02 6.936197803470962875e-02 1.243558133293642121e-01 5.755712166721013712e-02 1.045248809379106802e-01 7.782068726303559281e-02 4.080584962096208551e-02 2.074690604783980263e-01 1.706740520064348454e-01
5.453683758704607615e-02 4.909924229760087577e-02 1.878105717794034957e-01 5.297233180104395089e-02 5.380534417891828097e-02 1.680285347466478063e-01 4.186479640904328114e-02 2.294939810501573155e-02 2.685822335770942648e-01 1.043573019548970499e-01 6.180721062780823033e-02 1.339491177742517802e-01
2.625997400288091616e-02 6.160140019072450623e-02 8.583608042034480967e-02 1.170695392661601636e-01 1.639195194711937087e-01 9.384929520363338717e-02 2.128343792121318787e-02 9.807890105703952199e-02 1.006196873223312721e-01 9.119209436333663987e-02 8.153502787170913146e-02 1.865999257519250498e-01
9.227764593251026881e-02 1.028464291872298320e-01 2.042244896082095473e-01 6.646132156599440788e-02 8.203837200953079112e-02 7.949962608554014820e-02 2.877735930956446669e-02 1.064802155761996605e-01 8.630460981541115961e-02 4.263347838988849198e-02 6.926758923375617161e-02 1.526617274386542489e-01
9.196108539700031947e-02 1.832139373789013481e-01 5.293968714202926945e-02 1.069752956754451284e-01 7.714966700717204584e-02 1.191326849335921784e-01 1.619781767670233352e-01 5.156640249332890974e-02 1.396472825344721724e-02 1.609798757463103691e-01 1.097337326717610917e-01 2.733365861084914236e-02
5.535363072382688820e-02 2.178103747124156275e-02 1.412800324019786447e-01 2.258388906928760764e-01 5.659286679276391563e-02 3.742539526631595559e-02 1.110632127391229934e-01 1.567771306324577119e-01 4.008222422522467882e-02 8.307451172503553527e-02 2.188088472237190163e-01 4.244440711838932262e-02
5.725037490825202885e-02 1.168324736080736670e-01 9.940014040536154782e-02 1.167000644930820813e-01 7.161388459039112753e-02 8.745755991052228673e-02 4.547273768803037491e-02 1.703570761150009494e-01 9.332531954408336550e-02 7.778188971667733542e-02 1.002154650658306223e-01 4.930765670604434631e-02
1.138643669191754526e-01 7.555937098248384498e-02 5.273182932129166778e-02 8.096811988421227790e-02 5.210514857436011893e-02 8.164594048628666390e-02 9.488751887949099795e-02 2.227638882927190644e-01 1.001268322197346877e-01 6.779437704689549038e-02 8.193556051302570975e-02 7.159195744268480321e-02
2.216381272339462347e-02 2.398085074031262171e-02 2.968048613237443678e-02 8.330408625369482845e-02 1.680732332879292246e-01 4.364167492823375905e-02 1.252159933685787208e-01 1.403669583814618760e-01 7.865387410650256927e-02 1.545249574638530576e-01 9.329480822934586859e-02 2.208490503110199787e-01
1.171573572684098674e-01 9.669049775992874518e-02 9.129889280509062566e-02 4.282122434136188815e-02 7.646734148198884584e-02 4.728370033086698454e-02 1.118992650503162906e-01 1.763345853016237419e-01 1.251413146742047233e-01 4.839267702014667799e-02 5.105718975073036264e-02 1.153882655620686870e-01
1.678727090521675569e-01 2.818249119289194943e-02 2.901898883418283295e-02 1.461946770592427169e-01 5.561999216957114883e-02 1.227226574956312016e-01 8.505754648848952437e-02 1.704215309788290889e-01 7.196318366186682525e-02 1.185572666896764354e-01 9.372800250873580818e-02 4.946335147935564114e-02
1.218964827665891676e-01 2.483250315064509106e-01 6.612819598035532542e-02 1.915936173753075844e-02 5.514619418197606870e-02 1.238582149171156971e-01 1.432346391132575669e-01 2.832252577411735472e-02 5.764951174420600982e-02 1.188214612081300303e-01 8.223717127571535113e-02 9.754557028138943764e-02
1.219462775317522868e-01 5.957246210251339325e-02 4.962423110569392365e-02 6.991869995621499689e-02 1.175366499744639331e-01 5.835566258699451808e-02 7.021924947157437424e-02 5.516260143507674407e-02 1.036457508873258049e-01 1.197237596193620607e-01 1.147001775316589117e-01 1.426972664283288617e-01
2.543343452934065940e-02 1.759098914452503215e-01 8.375358493161970397e-02 1.638983261609530395e-01 1.287770127377425855e-01 6.083081894546360502e-02 1.404277275297521055e-01 7.110214464489834907e-02 7.685028753115560884e-02 5.773961527640841807e-02 4.272973161659432417e-02 9.427131070413211078e-02
8.203630358250767196e-02 8.676857136581882235e-02 1.060957333763535015e-01 7.584778343115838872e-02 7.465962531582971684e-02 3.595352927336007559e-02 1.176115298154577354e-01 6.685800356733416494e-02 1.679118908155896317e-01 3.488645367726850299e-02 9.139999958053256213e-02 1.653652090109768991e-01
1.829085174610185494e-01 1.597696584552697752e-01 3.928135793100558104e-02 3.749840413514652498e-02 1.040250197722991654e-01 1.713280775286503965e-01 1.220583834293419573e-01 8.640631205518271851e-02 6.978671043981245214e-02 7.371726111989941599e-02 6.630346018125864160e-02 2.714352149490375371e-02
1.057080842778094637e-01 1.451731027489455705e-01 1.400053628817410356e-01 8.760014641682875580e-02 9.095189008023611688e-02 3.197103198317440692e-02 2.862309349911141415e-02 3.439577212832544556e-02 5.957275494954594741e-02 5.931128013904148066e-02 2.930669466916223653e-01 1.030096539016806950e-01
7.304478581728558739e-02 1.107040072916624512e-01 5.369038692020092901e-02 6.353204990349474446e-02 4.065365952179970238e-02 1.599030098182430970e-01 8.558277416789152048e-02 1.514422973211719536e-01 6.958628011763630383e-02 1.192048050588922214e-01 9.796321853747676223e-02 6.676369929172980278e-02
1.333864349695093321e-01 8.426460693330703466e-02 7.268609053130159481e-02 1.596717269871837652e-01 5.404041628157518068e-02 1.788537656639639997e-02 1.243652528014191072e-01 1.148117845986357105e-01 9.187819079852238557e-02 1.943377361305519413e-01 7.461561562820995253e-02 2.507304209690379079e-02
8.438694067120938724e-02 1.042313078112380026e-01 3.872775268324454151e-02 4.074002297024807706e-02 2.693278083291184566e-01 7.657752482466211041e-02 1.458792947695971565e-01 8.094108012639422700e-02 3.384581565392292407e-02 1.270679944484736923e-01 5.885610251992251518e-02 9.251381186872564832e-02
2.028452048428057986e-01 3.859493940815732910e-02 6.086633299572814793e-02 1.145872142070852029e-01 5.472017326028125878e-02 4.530214676866254481e-02 1.970327453335968815e-01 6.359478943602650536e-02 3.879113092038913996e-02 2.081885598269734017e-01 5.468463342626848217e-02 9.236914450722462366e-02
9.370219573784334399e-02 4.830310711431269610e-02 5.544570539915005813e-02 1.646265623184310634e-01 9.650934253448756328e-02 6.120167470433849483e-02 2.352261248054209747e-02 1.826412289372073838e-01 1.803521406793979487e-01 3.909939945200720940e-02 1.905673802301234288e-01 3.869566775060353375e-02
1.501141569983448498e-01 4.048698381848871847e-02 7.388258112508770681e-02 1.183775447552449928e-01 9.534814380811511281e-02 1.959137959976261362e-02 2.097744552149547609e-02 1.127349730662327576e-01 1.445075584142657410e-01 1.466879590014740498e-01 1.357798792192453641e-01 8.550090887780441296e-02
1.507228187866803126e-01 5.815057764485759284e-02 1.596782124117551438e-01 5.824318913552129634e-02 8.736988844606689841e-02 1.874157914555241722e-01 4.953195171198675195e-02 1.268808955986330533e-01 1.699221447701436682e-01 2.234198897887976210e-02 2.325126299132833363e-02 7.331344691470734198e-02
7.769469733458325700e-02 4.226001896334586477e-02 1.573508650288230060e-01 3.779894367464015775e-02 8.880509723528216826e-02 1.239811415022046975e-01 7.906649522361339222e-02 1.417073603842159690e-01 9.834435734316129829e-02 6.630907990040030286e-02 4.285236667414496492e-02 1.546796860637119631e-01
4.487119276662632217e-02 1.414127616731427894e-01 1.236579500104416224e-01 6.011737809385647030e-02 1.189150914167806244e-01 6.592761788290800451e-02 1.842280534229644995e-01 8.904835861454078738e-02 4.620995199927779157e-02 8.873730498995414939e-02 1.151708241043352537e-01 3.550068609795467567e-02
3.171772656952799307e-01 6.274272284125431698e-02 7.018103016996853072e-02 5.564542543300527583e-02 1.008246398971579388e-01 3.994946005858861920e-02 9.442274262172146992e-02 9.054899706642831336e-02 1.851774870016610966e-02 6.478169140890949196e-02 2.073810335508929348e-01 7.712039702125328411e-02
1.096172044969550563e-01 8.321132942353735157e-03 2.006469240983624336e-02 9.416908191763759262e-02 1.452360513724256230e-01 1.030769208636883594e-01 8.928835670381794765e-02 6.814887003080140337e-02 5.389736435715813956e-02 1.928995129859517876e-01 1.050768348199717511e-01 1.861493975725354577e-01
1.176593024237573559e-01 3.957035764731271082e-02 1.731000144291409415e-01 7.242130843384447791e-02 1.784307885733282251e-01 8.972281474632178011e-02 4.030822633068364275e-02 6.634903714964722476e-02 6.652493926999127061e-02 1.041507560447103298e-01 6.060708817995829473e-02 1.018735290562991225e-01
9.954597017094453382e-02 3.185733211011218535e-02 6.216915691580553877e-02 4.700185984522355087e-02 1.275549066374581098e-01 5.988644995628225609e-02 5.680196232430557296e-02 2.375323634501335379e-01 5.254537256511206816e-02 1.371719492204495350e-01 1.337282664192928905e-01 9.180998187289048096e-02
8.591000442562000960e-02 1.211638588360982455e-01 1.751463359108249573e-01 1.727740484443049951e-01 8.930827150041451001e-02 1.146589326572121925e-01 2.682761687588921390e-02 2.984020851198218235e-02 1.076423791244228018e-01 1.221773240530644872e-01 6.453941060514889472e-02 3.101582012106845684e-02
6.335119414928928883e-02 1.768147189030537803e-01 7.901977359283378355e-02 4.188900142518624248e-02 8.952900414499662118e-02 9.609563167307098863e-02 1.074694462005831019e-01 6.517211723266978785e-02 3.277089200894067744e-02 5.502645578603426041e-02 1.345106602350517322e-01 1.783815947922507417e-01
8.512412418569882677e-02 5.995017153247680225e-02 7.384246873260966182e-02 2.303996556841931276e-01 1.123682960704477235e-01 1.242446139679759115e-01 7.090366015417837176e-02 4.600460695965834929e-02 1.163025772966470341e-02 6.942519095411160690e-02 2.298127636465596701e-01 6.313618639002781252e-02
1.073018623962440771e-01 8.832798019232884768e-02 9.760223588484778778e-02 2.707963724828797020e-02 4.216203778254947604e-02 6.874159335864479803e-02 1.420259839369575894e-01 1.044083924015503650e-01 1.198835482324416835e-01 7.110850464547849303e-02 7.171983802827520960e-02 1.610848052568712996e-01
4.167105626190292095e-02 1.438090972796059359e-02 6.490166516691917020e-02 1.160112083290281149e-01 8.123612279778064105e-02 1.920298492733718554e-01 4.227825110802099773e-02 9.396866121878974520e-02 1.687309922108308213e-01 1.373037489363989061e-01 1.249587559248641067e-01 7.149694520145122301e-02
7.158181901695155613e-02 1.394081510210710279e-02 4.140709907806558454e-02 9.858236550835666745e-02 1.109041780490855472e-01 4.539622078195103966e-02 2.561612009065923345e-01 8.638713551299340154e-02 1.326479188458452307e-01 5.929418004602331205e-02 6.182915662134123164e-02 2.111548879890176034e-01
7.835825858527493970e-02 5.679253313456525398e-02 1.325402527738164249e-01 9.427666656971435410e-02 7.260476402093796189e-02 5.194744734447111906e-02 8.287941848313472304e-02 5.219116501024754357e-02 9.028414220572138216e-02 1.966921266188133566e-01 1.206270866781643525e-01 6.557949372954331724e-02
5.912448772314209816e-02 1.074439010232293296e-01 6.141571572410420288e-02 8.336281199896519722e-02 2.201269673692111406e-01 3.279334772365744000e-02 6.747678489411025604e-02 1.330106726373567472e-01 5.531776795095653954e-02 7.468062587867890789e-02 4.825331829525104227e-02 2.018300475137224381e-01
1.363141964282502117e-01 1.051854830365555604e-01 7.328131055950891370e-02 1.124850932663547382e-01 1.449551014111956915e-01 8.014139240394915764e-02 1.137424935437974516e-01 2.692567481945906324e-02 8.164938274377041283e-02 1.179460257059449374e-01 6.411717142304147743e-02 4.158118464885435239e-02
4.009042819490094695e-02 1.172260756342114185e-01 1.299609020870805820e-01 4.380579712380098384e-02 2.163634206551492689e-01 3.631282625116444979e-02 5.619911728583440458e-02 1.397577023759275505e-01 9.390906724879506673e-02 2.139480138161001521e-01 6.529688196783821341e-02 2.618972895311637294e-02
6.294865361390061809e-02 7.373860797478457019e-02 2.021187926798569123e-01 8.970990542079679275e-02 5.842977328648538138e-02 1.241149898911757810e-01 8.823986011190132484e-02 1.150497414769404009e-01 9.825591646280119884e-02 6.857467439003682441e-02 4.875606941981390496e-02 6.418703611025822209e-02
1.705760937352091555e-01 1.070980175235711623e-01 1.403089790017551519e-01 1.434561856001100311e-01 1.001340433937653873e-01 4.430546519939825706e-02 8.375882747520128901e-02 7.714839666552013309e-02 6.947728981900956613e-02 4.313645352028564611e-02 4.926796322479123913e-02 7.291195575257325423e-02
5.710459673201227770e-02 2.172941729253032306e-01 1.690261514338000162e-02 2.095781643645803008e-02 1.578735267037189582e-01 1.164903262714856863e-01 1.924832954184509809e-02 2.485711127090424466e-01 8.594243382304678214e-02 2.607080840723040999e-02 1.735157050753820818e-01 1.214953651646285410e-01
2.070501702912889153e-01 1.010752005112847962e-01 9.451284109123028743e-02 5.877228838393787347e-02 1.216990795679130655e-01 3.300950313370911576e-02 1.745008418977728737e-01 2.736856131552687157e-02 9.661723123706676686e-02 6.272908494912762811e-02 1.252586127789984960e-01 4.109932079576653768e-02
9.269962317323318657e-02 1.532073431139983344e-01 9.979255762742342273e-02 9.814696897605208747e-02 7.816254718740128782e-02 1.134124160214756843e-01 2.722682088744973403e-02 1.590693221942743596e-01 1.591638403231086796e-01 9.569997730229425764e-03 5.740081185057554353e-02 9.449369757794622016e-02
4.618217533175461575e-02 5.549023402855200737e-02 7.868646120711893233e-02 1.417631006026205398e-01 5.221587706139604879e-02 1.286093078305710347e-01 4.798811479720096335e-02 1.440326435912628877e-01 2.071726322581730062e-01 2.940286515551867111e-02 3.835337921619471485e-02 2.028824325725047673e-01
9.490133920897102227e-02 3.540878810156444095e-02 1.250826989715614068e-01 3.118705654830051383e-02 4.769927367731247037e-02 9.909177610553422666e-02 1.153686103566162607e-01 1.387069769010731979e-02 1.878563205062056818e-01 1.583675065806414151e-01 1.842745418303044780e-01 7.613440558784945189e-02
8.881833515399317758e-02 2.032834983195125345e-02 1.159474537792866827e-01 5.071202544431013121e-02 3.767896289300553397e-02 8.223088949597914810e-02 1.260623092621961927e-01 5.364697612679246441e-02 1.162991073110511281e-01 2.865158304955570667e-01 5.904612997549579106e-02 1.342107385612257286e-01
1.002204934381396573e-01 1.413720906767736707e-01 4.606171533516068006e-02 3.702981241267717244e-02 2.754159107263376427e-01 5.828119066450686281e-02 1.583337188610968727e-01 8.413111632186132116e-02 3.411239146395077942e-02 1.281177553081232767e-01 1.007577491923221519e-01 2.258098407909935740e-02
4.571125927130324090e-02 2.416135523297428533e-01 2.754852170417467980e-02 1.876530797543452811e-01 7.374227022804039078e-02 8.189600308217788449e-02 7.134176369147346430e-02 2.689012836969138440e-02 5.170837329736487076e-02 1.259793301029491774e-01 1.463937241052133964e-01 9.384017084120949148e-02
6.735520063343357344e-02 6.650464540765561872e-02 1.382980188479478179e-01 5.970516894686520026e-02 4.474085145845634742e-02 1.684598595559861911e-01 6.987419207241002406e-02 7.713085345693580785e-02 5.528670694018376214e-02 1.091902246032569468e-01 1.324000227300169696e-01 1.057891381366387468e-01
1.264720383389270619e-01 5.998344089022025760e-02 3.572714737057951229e-02 6.980290331651291258e-02 1.662682315125717514e-01 7.502740130091373194e-02 3.216633916109328667e-02 4.376216265458088284e-02 1.806728950091582298e-01 1.027011749922827760e-01 1.543793396495702630e-01 8.716944780439016272e-02
1.018860164456157902e-01 1.223017625228512290e-01 4.978723254204162063e-02 7.660061093213528516e-02 8.864065183867254893e-02 6.092812138062590754e-02 2.559737606756337658e-02 2.908121818566914984e-01 6.017509227173108155e-02 5.632774073910486873e-02 1.696088933031281165e-01 6.547945294968959828e-02
1.225387567677134887e-01 2.837252066203061265e-02 1.614901801614118670e-01 1.004570890838194230e-01 1.408588603305270526e-01 1.056130157595107227e-01 1.622941462243918942e-01 9.530994115936518296e-02 9.074396878998508553e-02 1.337378232841606070e-02 1.463471280725012723e-02 1.403984431779070341e-01
1.574280096320621880e-01 8.131403089168359744e-02 2.358784381801250774e-01 3.766343180023978138e-02 4.286488470872353712e-02 1.162711352440442131e-01 8.099584747426522013e-02 5.040604152561011658e-02 2.150270299934043949e-01 6.199378617221409232e-02 2.831836928250662522e-02 7.073320118317449889e-02
1.524070023732425061e-01 3.258407867091474980e-02 7.800587040912018710e-02 1.135833560592070246e-01 8.053119751561345352e-02 2.610172902131259742e-01 2.860942180624095887e-02 5.701266783767148377e-02 1.814043621372109505e-01 4.424055315248562326e-02 1.015254623751006835e-01 4.865346868241780115e-02
8.365199997865208070e-02 9.818303755683654988e-02 1.849290794472228938e-01 5.409416609140532683e-02 3.113218324807077997e-02 4.942121843108895213e-02 1.285270703533759051e-01 4.055980737808995151e-02 1.094337423226736800e-01 1.279413383428489037e-01 5.789454983021635054e-02 1.619717793063852607e-01
1.173459955405238703e-01 1.099631731462002576e-01 4.500756635831925506e-02 6.234599676098116078e-02 1.326318198168902063e-01 4.951452583794695855e-02 9.904913008795929175e-02 9.543227511069043989e-02 7.939455460835664891e-02 9.749216630891151258e-02 1.128573594616109899e-01 7.432661399399034807e-02
3.589068159623130805e-02 1.434292257072370957e-01 5.980588104178810593e-02 1.595415197885471648e-01 9.994434455777882753e-02 2.938249318411399746e-02 1.487805988834333959e-01 5.141548381431670228e-02 1.358684309052581030e-01 9.373132777448177355e-02 5.420631442309231662e-02 1.118523819630088539e-01
9.265411367492472350e-02 6.411116574202488372e-02 1.471308211104854768e-01 5.120763998691094804e-02 9.967341533716303492e-02 2.337483562395899495e-01 1.028698967487740173e-01 5.290855197330145143e-02 2.921270100095656186e-02 4.076563849056687866e-02 7.675040830095283817e-02 1.520865771594625826e-01
5.056874654716506101e-02 1.458600782868093027e-01 5.690629886570567481e-02 1.202540437318065092e-01 9.609148844497374109e-02 4.642390847655883390e-02 9.687336798764391299e-02 1.649741763092508751e-01 1.179252849350070631e-01 3.271793873515959489e-02 8.865608534333827007e-02 8.685258787902819244e-02
7.251093757026289000e-02 2.515548173294871251e-02 8.725657918738587149e-02 1.329888470344849360e-01 4.926620755216386260e-02 5.584248636281480271e-02 1.091948372170097187e-01 1.185320674603235203e-01 1.198079213760114003e-01 8.126300782357877284e-02 4.529140896184146586e-02 2.427928131924931288e-01
1.895477733706967816e-01 4.346372110216648738e-02 7.090148338456291055e-02 6.087220537189298036e-02 2.019567115165146753e-01 5.128839821374392427e-02 2.600096785405410157e-02 8.715575127162851488e-02 1.038097929471446107e-01 8.273631662699260092e-02 1.258617485800448688e-01 9.205624394346907657e-02
1.771879837771153654e-01 1.895324594929625461e-01 4.930460218388333510e-02 2.015483982365339974e-02 5.253892799173825318e-02 6.560461981532179909e-02 8.430444392268966747e-02 1.293326638808670881e-01 7.724504816787580719e-02 6.445026228990784201e-02 8.599896387775064766e-02 1.413669716157427148e-01
1.138519772113124467e-01 8.687508428403672989e-02 4.083162116984585116e-02 5.456911919855388787e-02 1.380953678285565811e-01 4.732326231245852222e-02 5.770582235382286374e-02 1.040019859991900969e-01 1.875842989498480162e-01 1.706154238977381776e-01 3.573034874758421187e-02 9.048237724968329065e-02
2.000184694584296874e-01 8.101355944161797717e-02 1.123184778601017397e-01 1.447860688313270805e-01 1.415435925436832054e-01 3.643722000567676395e-02 4.491654589183526752e-02 5.006177274997174187e-02 7.249385926878713915e-02 1.202597940736614690e-01 9.545046109499355502e-02 3.260525936856693147e-02
4.272492098057621701e-02 9.107437658900968680e-02 1.063138368809779383e-01 3.555930948861905222e-02 2.725149216211359554e-02 6.699531053369259248e-02 9.616281658980999070e-02 1.029741294773602461e-01 3.400219770307617573e-01 3.068278862615311103e-02 1.901002112664823551e-01 8.821792348944230977e-02
7.481440469864907017e-02 9.042073107087260364e-02 2.820330072375027211e-02 2.402279962543673320e-01 9.120133713820632870e-02 1.528516443621873167e-01 1.170783626185604859e-01 7.347864977886992000e-02 6.142974055143174406e-02 6.135290630611448665e-02 5.905161775334864110e-02 7.699412280126952113e-02
1.685945847299964717e-01 7.671932203928556737e-02 3.327178829550851008e-02 8.973562241534920048e-02 1.203843630873706466e-01 4.439882355856183266e-02 1.126847187733869826e-01 1.469004612112363162e-01 4.173594550260009001e-02 1.126884460455323256e-01 1.077537650281646664e-01 5.602632178280634451e-02
3.349393790097624640e-02 1.675929640613907368e-01 1.402480185552827385e-01 8.062820738771857287e-02 1.376682416674033238e-01 1.864270882607508562e-01 1.068797412534653463e-01 1.623335092611970232e-02 2.394514319502492883e-02 3.836004445209506564e-02 1.636857708879634887e-01 8.764835302315913956e-02
2.145314592911113372e-01 6.737276902728379924e-02 1.056134852139896801e-01 1.043435351557406993e-01 2.323385921874813326e-02 4.138636507531870401e-01 2.971787982164648609e-02 3.627581896685111995e-01 4.357245703552906080e-02 9.187592186373775421e-03 2.633692319445594607e-02 3.635683295910456525e-02
2.437100707216339340e-02 9.558885652824998524e-02 1.039986352327769148e-01 1.582305858173402302e-01 1.318674129869053802e-01 5.933629324790513915e-02 6.456278325518387262e-02 1.697160976039186475e-01 4.177600204596883943e-02 7.989899331273948857e-02 1.777411715224874456e-01 3.730877044837715983e-02
9.324598698339096881e-02 2.707036636749635822e-02 4.960859156483297949e-02 2.705233575818103975e-01 9.943970097465294755e-02 7.294674048793817200e-02 9.003625269786932894e-02 6.028791623564573599e-02 7.479809082440613821e-02 7.079487581462644286e-02 1.799421414594213064e-01 6.396086202132922338e-02
5.047512296271857574e-02 1.101337642833795372e-01 9.616784761361298062e-02 5.265624885199901573e-02 1.511856485214940204e-01 4.372139018862551685e-02 5.683373633226754262e-02 1.146060254039637377e-01 7.630214651962206884e-02 7.082756657242296472e-02 1.414048662486430408e-01 1.317152750475243106e-01
5.373580714362358873e-02 2.390630227589457535e-02 1.840019349427464423e-01 1.410839874131237792e-01 6.331691072780074037e-02 1.752463170459984954e-01 5.851774169498594885e-02 7.482828313477925264e-02 1.672161848938659157e-01 5.475997115676806831e-02 4.312157998565669531e-02 1.105979673768609506e-01
8.415550677437606819e-02 3.159814994307665742e-02 8.001909103591289818e-02 1.108427248686176952e-01 1.482246306938763414e-01 1.783862301791166727e-01 3.544208890777716947e-02 2.364461254187314940e-02 1.371557917797316950e-01 1.065783869904509268e-01 6.526405308025660934e-02 1.394507436346597296e-01
8.476770924854863665e-02 5.149377246491676496e-02 1.195483901707808244e-01 1.359247436278128440e-01 8.266064515056356643e-02 1.293539747652414085e-01 6.843432746803931876e-02 6.872908991002414647e-02 7.517656758669921668e-02 9.294781413866748387e-02 7.196309601025030478e-02 8.827729839133476031e-02
5.394661429876216469e-02 9.053320136651966943e-02 5.035903896454120565e-02 5.252538734773834483e-02 6.289652872724246779e-02 1.440298955270908898e-01 2.233412892710094355e-01 6.514576375499558925e-02 1.202731868893381351e-01 8.565194634636248694e-02 8.359752926899745307e-02 7.860803609143376947e-02
6.851702762912410816e-02 1.239793758239901567e-01 8.860143419598326409e-02 7.410092752020050466e-02 5.928606663553544903e-02 1.712411770152517665e-01 9.619403442327886800e-02 1.342037089613651868e-01 1.338373617746492772e-01 4.169392959944235449e-02 9.326186199157568413e-02 2.439639665775802935e-02
5.741653478198295579e-02 1.254537990442285422e-01 3.002723810897611062e-02 5.021936036547035992e-02 1.398557836676465604e-01 1.022980498213296591e-01 7.203874619276444402e-02 9.793806216670876419e-02 1.338124672364229273e-01 4.710872800202281496e-02 1.720735537225734080e-01 8.458586137379515979e-02
4.639525670066878965e-02 4.458336428441476984e-02 2.233071061034001825e-01 6.782189849920303160e-02 4.926987928840886877e-02 4.925551293325219904e-02 1.409727349290504084e-01 1.231761910641473029e-01 1.376495511765126190e-01 1.074602669849498565e-01 2.383589750039592087e-02 1.412942317351388588e-01
