1.291926285478577796e+00 -1.666925990684144654e-01 4.012551651161502808e-01 -1.779999463118012715e-01 6.832577395269299192e-01 -1.847826771623309439e+00 -5.962697825672406138e-01 -8.622862995917797146e-01 -5.825169484296817135e-01 7.024029462923070399e-01
-1.794881045352340720e+00 -8.772588106163444754e-01 -8.824112342001180220e-01 -1.555121863144354855e+00 -2.951117289386304687e-01 8.161224379584989252e-01 4.772984179050558939e-01 4.041622103105171893e-02 -1.024415768739471488e+00 -5.368159057094348263e-01
-8.880835308496528580e-01 7.278579453869928884e-01 -1.834937213959779712e-01 -4.800688854542350392e-01 -1.592157225148909339e+00 -1.532942689598525643e+00 -1.404722095200660270e+00 6.165858748200560985e-02 -6.025694782128602212e-01 2.894207303406868825e-01
4.280679339998915145e-01 -1.062810236524721619e+00 -9.999090758161574000e-01 -1.155594526492867535e+00 5.164618033463933000e-02 4.415075141377587942e-01 -3.721836644004609673e-01 5.879279789435506443e-01 4.445117388558072480e-01 -1.846274669509448407e-02
1.195836089996566098e+00 -1.173976038361289054e-01 2.109501318076934528e-01 3.876532851982763539e-01 -2.961860481442145088e-01 -8.036579014552706068e-01 1.336592366433856593e+00 -4.118696926541714348e-02 -7.683215817834558869e-01 1.418299403837552652e-01
-1.574860276680970950e+00 -1.467110529439445754e+00 -8.592386695632795446e-01 1.195744857891764434e+00 -2.860571515062800829e-01 -5.429843844369138806e-01 1.282043005087837084e+00 3.400414005452147004e-01 -1.113362970194888835e+00 -6.411740701089987393e-01
1.232479227960592699e-01 -9.181952056537352469e-01 -1.907896605267694889e+00 -2.104889377337214873e-01 -1.543823090767388884e+00 -1.425110816473005970e+00 8.599748625118901479e-01 4.972648654078009600e-01 -6.363234338419513358e-01 -1.078333099260774697e+00
5.610185423325827481e-01 -6.291807870511585410e-01 -1.697403212283332907e+00 1.432964141559397886e+00 1.309086062644405413e+00 -2.022342556175284578e+00 -1.140666689718895288e+00 4.770229939850604839e-01 -7.798184670660950335e-01 1.220318882855328857e+00
9.263538322589711660e-01 -1.845867370525439144e+00 4.956282844750148353e-01 9.026543968550058139e-01 -1.640801366783419812e+00 6.858790938617685962e-01 -2.495821112513952819e-02 -5.268214589670358050e-01 -1.748183670002374734e+00 2.973362152090333610e-01
6.118011018253093347e-01 -7.332248949979458530e-01 1.148688357792223336e+00 3.826385507643632056e-01 8.015065431983227073e-01 -1.008520050453303174e+00 1.542807244024260616e+00 -1.101025489686564995e+00 4.498964633976851313e-01 7.199733133032740762e-01
-6.924688159974601298e-01 9.810006064124698888e-01 1.267132820565468387e+00 -7.004638301160319713e-01 -2.470986462576746590e+00 3.534418678338294151e-01 -5.173782128788519952e-01 -1.765210626023862028e+00 1.356466355438901150e+00 1.097725282017481430e+00
1.070245164321127485e+00 7.127818205735311219e-01 6.423354124759096395e-01 5.966455455275405245e-02 -3.524637861311927800e-01 1.713403655065158238e-01 1.001963226321647360e+00 -5.151605185067219539e-01 -2.172780601217734198e+00 3.892806688817407323e-01
4.128184690478328700e-01 -4.215851101569226822e-01 -5.823708268629204099e-01 -3.709971915465461456e-01 1.201802717824647232e-01 8.172952819320020157e-02 -3.821244428885004485e-01 -6.554495562257949270e-01 -6.850009095696484307e-01 5.473007933210966014e-02
-1.783297285217242623e+00 -1.201464523395050055e+00 6.953891719811856609e-01 2.654242900592148069e-01 -5.893825610802935211e-01 1.238512880096263036e+00 -8.709874831336089640e-01 2.571915267489994772e+00 1.514269497741796311e+00 -5.861650414793715402e-01
5.033820944910534223e-01 -6.240108793726015790e-01 4.038944405782111113e-01 -2.784747821652435729e+00 -8.586296890700436668e-01 -6.143025328174408495e-01 -8.492918933907225298e-01 1.407081749550693539e+00 -5.674104497049045071e-01 -2.171638396936807158e+00
-3.624826420901662849e-01 1.313931572987719232e+00 -4.280314032126457668e-01 -1.238961980907685057e+00 -2.228317620411069885e-02 8.777067036217707230e-01 9.808509997583930717e-01 1.779662601577987502e+00 9.484392227152050880e-01 -1.839067748951200010e-01
9.249147191246025468e-01 2.242476438549293460e-01 1.196053726868815836e+00 -3.754072725619810758e+00 -4.201875372530605168e-01 -3.321162408254615950e-01 -1.887996341240487430e+00 -7.910825626782879150e-01 2.631405826455657931e-02 -1.002533577442576318e+00
2.505107822487983249e+00 1.127384223270253116e+00 -4.054713943742447868e-01 -1.341190041319080040e+00 -1.303754313289326783e+00 9.385015297231584785e-01 1.950410969227671654e-01 8.197676449880332283e-01 -1.271113380561799885e-02 7.244496815459289252e-01
3.529342264410891272e-01 -2.355025692837817708e+00 -1.802061236293396096e+00 1.393914519217165582e+00 7.646894024740089613e-01 -1.546813832123638877e+00 4.884840264151387723e-01 -4.074809002801076385e-01 -1.162446135734484187e+00 -4.228794441659385894e-01
-3.046182361933848504e-01 1.279824116301817583e+00 -1.178075642825995861e-01 1.170608815915199774e-01 7.743141740238773663e-01 4.893536779687265165e-02 -1.635513405661793485e+00 8.706407627062599797e-02 -7.941399849169382685e-01 -1.541351749927845738e+00
-7.436352891999824521e-01 1.693175570238732774e+00 -2.822390899414417564e-01 1.144707552398070760e+00 2.844868955128442511e+00 -1.323177899415785008e-01 -1.661361866949213839e+00 8.453739561179884898e-02 1.510270033460527905e-01 6.227694563926358118e-01
-2.375930502378527098e+00 -1.497519982797401727e+00 2.253067933713029034e-02 7.970302570372241047e-02 -5.838917282407066756e-01 2.173809040547872995e-01 1.316417066654772094e+00 -5.968828100731945474e-01 1.788853795730999563e+00 -5.068439488039099272e-01
-3.647927593591431816e-01 7.933131806532152108e-01 7.502476037119961694e-01 1.056229376904659789e+00 5.916116076164215087e-01 -4.614762533516095916e-02 4.719019661635072693e-01 -2.077397366423479053e+00 -5.966991003171272234e-02 7.243250208874639773e-01
1.985405861562332674e-01 -3.263273770421330489e-01 9.344687957929992406e-02 1.485233461140308686e-01 7.765174889882099363e-01 1.601459980886186241e-01 2.800796658736551814e-01 -7.235447513368601369e-01 3.888696937550926713e-01 -1.668793953997528057e+00
-1.326183895531063639e+00 -1.704755720151364562e+00 -1.023226226490297819e+00 2.017977884406691125e+00 -1.315874328004985883e-01 4.429258290278325072e-01 -1.660962387197942203e+00 -5.147199363527720228e-01 2.230925290303008568e-01 7.724383505256171567e-01
2.740011725494025802e-02 1.185624552505799706e-01 -1.702803494540426232e+00 2.754766625743110819e-01 -1.894261206960313526e+00 7.366230315730143419e-01 8.915752991284875417e-02 2.028841573863475745e-01 -8.249304338726136665e-01 -9.158155986600260978e-02
-1.133968451180792147e+00 -1.676769405842304106e-01 3.690446000894898049e-01 4.704943311449561461e-01 5.042476966128508487e-01 -5.010641105022038966e-01 7.508263110930482043e-01 -6.092181310509999781e-01 1.618339728094945196e+00 -9.105083713055863726e-01
-3.263581707269794241e-01 1.596395007873475214e+00 -2.231160757044356735e-01 1.339434747523282843e+00 1.292364566466801534e+00 -2.379710427818399199e-01 -4.276461671409419463e-01 -9.108251939065468150e-01 2.877928417979920273e-01 3.765063641011398565e-01
-1.906646087910095044e+00 -2.799665964799165518e+00 1.492228225994668200e+00 -6.475429339510133664e-01 -5.437057475465486567e-01 -1.384568427658380563e-01 -2.015999157409081588e-01 6.492129768770581455e-01 1.891119875195211408e+00 7.017914173821326873e-01
1.448158970466616527e-02 -8.564520529329717746e-01 2.042736427889969786e+00 5.028163694086448254e-01 4.955758765017013734e-01 -1.912678585268353937e-01 -9.413870113866732448e-01 -8.855091751030545744e-02 -6.694766964575474821e-01 1.315588300244679543e+00
3.591166250309984487e-01 1.745452928323157349e-01 9.013106635610167450e-01 1.493680766732994603e-01 1.372722772588524931e-01 -6.816664194803765398e-01 1.130436250622052663e+00 -3.886064420459019453e-01 -1.105188762596734708e+00 1.514624686928813135e+00
5.343022967813850638e-02 1.016653797476935184e+00 -7.059889316897812739e-01 -9.092980698475889856e-01 9.280513062201536378e-01 -9.175003468825322639e-02 -7.330022461851282145e-01 3.072242281452977064e-01 4.060381658761538226e-01 5.780562275692308072e-01
-3.852056480039411368e-01 2.182622967084125509e+00 -5.254933383827111726e-01 -1.387099304528173649e+00 1.013613411705164946e+00 5.835237246420329343e-02 -9.723545025713916656e-01 -9.895641995722229689e-01 8.326553652909176595e-01 -9.387797372801426343e-01
1.184662176594087235e+00 -1.736893963223895998e+00 -1.106930640281647005e+00 -4.860700229877978340e-01 1.074900169009672002e+00 5.283516462948629755e-01 1.799686324862657560e+00 1.808753504437515591e+00 1.798084340607097209e+00 7.028565394194620231e-01
1.712236578349522753e-01 -4.446068645654196461e-01 1.272592993918795767e-01 6.853636718172979592e-01 2.210656899449500834e+00 -1.890167553992915028e+00 1.364806604898931797e+00 4.769332486658496295e-01 -1.291485783194324055e+00 3.865268375837566800e-02
-4.409526010315750755e-02 -5.081795492117587854e-01 2.794304487085166877e-01 -1.443449482645863535e-01 1.521121540331257238e+00 8.303324166001555540e-01 -4.456177403397885706e-01 -9.516019164655989959e-01 -1.945028180396859652e+00 9.391417324209361261e-01
-1.503960558923557844e+00 1.039820461517279027e+00 1.297433492500103647e+00 1.395646259257904420e-01 5.528226167037567640e-01 -7.385786808802107251e-01 1.461303584801247668e+00 7.942158335796655200e-01 -1.990806953940997603e+00 -5.291673451090771474e-01
-1.525259859803020479e+00 8.686729599810084634e-01 -3.994467566101645994e-01 -9.642371574531064526e-01 -4.718557375164819656e-01 -1.289213174303621257e+00 7.293977920789760372e-01 6.298423246610315163e-01 -4.047741486188647930e-01 -1.331160678495625360e+00
2.898513150919592718e-01 -1.224681951362245780e+00 4.324662860675442255e-01 -4.069393235407403608e-01 -3.220266695632159615e-01 -7.623177439419466517e-02 -1.689588600170070842e+00 5.222683535741249328e-01 1.353521819029303574e-01 2.502105788897615035e-01
1.373179642541277445e+00 2.236267511154919951e+00 -2.682296628910015301e-01 1.061305335903159897e+00 -1.629185289178823604e-01 -5.705712328678902434e-01 -5.935602225435387957e-01 5.153595695951125322e-01 -5.718741929485908759e-01 -1.300727740957247081e+00
-1.226709534528924506e+00 6.616049082054944463e-01 1.607739765266678056e-01 -3.002091301117659206e-01 4.174915063274758226e-03 4.904245158983968622e-01 -1.157839424165882258e+00 1.168285845697016434e+00 8.354061630613592027e-02 -7.666812614743062637e-01
7.476073118599518841e-01 -1.469054106118439229e+00 5.696327188514820339e-01 6.596388369663633844e-01 -8.919171061861245198e-01 -1.471614390960480634e+00 2.037354673120274295e+00 3.712127080599819107e-01 7.200742131915331967e-01 1.995708906499094271e+00
-1.655271956591653826e+00 8.130026319464955797e-01 -8.520331617241115874e-01 -9.407687410818407203e-01 1.459488888219063973e+00 2.068928063936174289e-01 9.614304701966953637e-01 3.291019918940701894e-01 -6.317450052537045835e-01 1.188337339846826657e+00
-1.110079116180161973e+00 1.108806647333273609e+00 8.765800965380371457e-01 -3.237237572072024783e-01 -7.469852173545824536e-01 1.083272047410703598e+00 4.268382413992292956e-02 -1.052475928908433334e+00 1.721385714375198495e+00 2.280402228295852041e+00
1.298126116758950621e+00 3.065051494061600823e-01 -1.214915826097429097e+00 8.240380327039341646e-01 -2.783495018107192132e-01 2.480313769902924848e-01 8.025626342778225952e-01 1.072090536769889857e+00 -2.583999798016918259e-01 2.930161806871735553e-01
-5.478305695892596860e-01 2.080098672671501225e-01 -1.417551761533281551e+00 -1.775157478786313636e-01 8.825939195550576155e-01 5.001731519473967547e-02 -9.946503117712914843e-01 -3.229934531480099791e-01 3.801406985639737002e-01 6.698384716879783873e-01
5.205444200112404607e-01 -1.066991808378129569e+00 -3.944928388060401914e-01 3.851546132805640510e-01 -1.200117341844782581e+00 7.815656524752191414e-01 2.049520028851667397e-02 -4.749886418759166617e-01 -3.050502155709962637e-01 -1.486858427174115205e+00
1.898066435488108272e+00 6.838631661790836036e-01 1.747911945953555257e-01 6.730148054552410608e-01 -3.304074636625525113e-02 -2.624846653611859204e-01 3.286254853971263268e-01 -7.213652470723100896e-01 3.555907412247815147e-01 -9.309608988224786774e-01
-7.741094446741003665e-02 -5.091077142362865349e-01 -1.068151718757602425e-01 -1.547192359858723165e+00 7.915980534985794792e-01 -5.418808717575362283e-02 5.004884966893357046e-01 -1.346873708886169085e+00 8.959114320170847856e-01 -8.510164735416770876e-01
5.967685418308656953e-01 2.672140401231897222e-01 1.416097378258492911e+00 -1.319477424044389391e+00 5.087609408228637164e-01 9.264788292321363139e-02 9.476011190087086922e-01 1.803479593855964458e-01 -8.060183671078443579e-01 1.097912623916580177e+00
-6.974863538835591736e-01 -5.309367483521864051e-01 1.261656032669475902e+00 -8.720357600029458867e-02 9.028457100293915127e-01 7.422757277490277250e-01 -5.221482058377737712e-01 5.759279442865571363e-01 -1.020979342676802126e-01 1.689121748101088505e+00
4.132377860847646356e-01 7.795853724200495494e-01 -7.559843840749488342e-01 1.624420150321117251e-01 8.612426091868118361e-01 4.494911885963320253e-01 -6.019804478727068808e-01 -7.209728154266598077e-01 9.518743787245690369e-01 1.529641623289236807e-01
-1.267283780900895662e+00 9.516893635965801845e-01 -2.992634801208574058e-01 -1.670107337801373104e-01 1.812997948713253038e+00 1.447811746605325744e+00 -1.782704501358036708e+00 4.769594232165618175e-01 -1.542236746962148963e-01 -7.734877973926025385e-01
-1.304183368845135242e-02 1.377760481860633490e+00 -7.299111206653630113e-01 -9.120366602312046655e-01 -1.190865775042480035e+00 6.723169427836029888e-01 1.640940594824655818e-01 -3.205302485747391072e-01 -1.603051704713210901e-01 -2.506172254190003890e-01
-9.662556484895949982e-01 1.160371489820968716e+00 -1.199517241317966665e-01 1.013368591558660992e+00 -8.901732520682894556e-01 -1.850558593293606946e-01 1.904489777673639417e-01 -5.693653431786733776e-01 4.720783179975632793e-01 3.990265866473443057e-01
1.211893707509573925e+00 2.078487654582963570e-02 -2.766316752624157216e-01 -2.857747464128669868e-01 -9.761886510078791046e-01 1.463363112332991323e+00 -2.292242174598294879e-01 -6.569665677315712493e-01 -8.657680672873419025e-01 -1.169213099609069245e-01
1.242884158565922492e+00 5.578930981526197819e-01 1.307136164560692926e+00 -3.963239612161418290e-01 -4.442504938779801016e-01 1.229273570567937623e+00 1.526487538599335669e-01 -1.636486926940623921e+00 -1.437722955636749234e+00 -1.530148353840390663e-01
-4.118902461139066773e-01 -6.141458783550518552e-01 -6.146508939088153323e-01 -9.966294324736048038e-01 1.604400517945314408e-01 -2.370276655562244983e+00 1.127817704107585833e-01 -6.666517268226506143e-01 8.465353627983308593e-01 4.837045236463521913e-01
8.824892306642768691e-01 8.595348382733434267e-01 1.307836982891513955e+00 -1.865134896828188338e-01 5.558695876243143763e-01 -9.150074949482686626e-02 -9.481419627256006954e-01 -1.405731197483544692e+00 -5.338060326453235582e-01 4.864063449171263653e-01
-8.099132486735299841e-01 1.988566450997301949e-01 2.075132062704614089e-01 -4.611759639037841807e-01 -1.776099099258391822e+00 -2.295356231971314442e-01 1.751573105995109847e+00 -2.358187038135514113e-01 -1.632739802669759266e+00 8.253393790045941980e-01
-6.190075589754359120e-01 -3.009076801759051345e-01 -3.150464091737452121e-01 7.797970500890597512e-01 3.627119305906273405e-02 -1.074872510178284113e+00 6.999296757595565577e-01 -3.422591680808687586e-01 -3.646825261044241984e-01 -6.673260497828227278e-01
6.936592451160925599e-01 -2.595567072349215243e-01 -6.590035097264057562e-01 -9.494356411184737832e-01 -7.384634648531385182e-01 -5.626585566322922505e-01 1.190866902038583586e+00 -7.785889934876917273e-01 1.628092364020932159e-01 -8.755975773579464938e-02
-1.090449109464214583e+00 1.386913753239036318e+00 -1.923349383000821033e+00 -1.390593715601571079e+00 2.772790295017433793e-01 2.734335633770730301e-01 7.270236145469743949e-02 -1.316951001963293288e+00 -1.969192453685391753e+00 -1.561941003359335278e+00
1.107888908896854929e-01 -1.797468871242844379e+00 5.731086991874859843e-02 3.076358425837240063e-01 6.959055289653925946e-01 -3.415876391155391323e-01 6.400362059956694605e-01 2.506948900256072310e+00 -4.090780369477068357e-01 7.770084096653380179e-01
1.583210806111063351e-01 9.788462510891864365e-01 4.892784852662960815e-01 2.522922412306197182e-01 -1.398404582254189066e+00 -3.933063567118144088e-01 -2.183812109493874942e+00 1.915559397610159031e+00 -7.067766020354565581e-01 4.794124809461500769e-01
8.379306435885739424e-01 5.185752143001111092e-01 -6.685668270978540884e-01 9.349404956034678138e-01 1.278514805086739259e-01 1.084963915801230749e+00 2.571848483631148929e-01 1.293580329392394646e+00 -3.623557718672625882e-01 1.315103110137536779e+00
4.601431356883371460e-01 6.700410363488021881e-01 2.539202655728798885e-01 -3.120371562939880383e-01 -9.321203944067222302e-01 -1.643746008306090634e+00 1.045845446765004016e+00 1.089975956750196096e+00 -8.051670024736190534e-01 1.648114837572462354e+00
6.213373749418612535e-01 -9.490037001124629334e-01 -3.454485334918376283e-01 2.771733776618433009e-01 1.396935684495228536e-01 1.098023647498996613e+00 1.453614996129160009e-01 -3.230809429099369412e-01 -8.772753895664513468e-01 -6.130639397907573507e-01
8.420480505408799443e-01 -8.997963552448172697e-01 -6.572000576471589417e-01 -9.161543534153607227e-02 2.790796635096846057e+00 2.222737963796825866e-01 -1.392405392537386377e-01 4.036783865846029773e-01 -1.753278102718892895e-01 1.318279282571270805e-01
3.420898037833438043e-01 9.225564719683165826e-01 1.595182326771293235e+00 2.103093365406972559e+00 -5.359980243967220614e-01 -6.215602679646096140e-01 3.958694881739396876e-01 1.701252063140019866e+00 8.293049430960341972e-01 8.983013989896819762e-01
2.472687988847774299e-01 3.260778843315463582e-02 1.242584586176658096e-01 -3.845963669663242102e-01 -1.623908999118617580e-01 5.887419495578451178e-02 1.886343128919730494e-01 -2.789224945856292881e-01 -2.042588118157808927e-02 7.599247167007895376e-01
-2.218175048479575917e+00 -7.557953114609849976e-01 -1.647477343977711006e-01 -1.789103536459573929e-01 1.330379560362490610e+00 1.766436951492364182e-01 -2.014224375861441541e+00 1.199110781681679505e+00 5.924633624010091637e-01 9.679676393210299157e-01
-1.837915045504543210e+00 1.030412175816530551e+00 4.065387925645485012e-01 -9.414206004635388148e-01 -9.833718388789836062e-01 -4.335376373840279518e-01 -8.742524542863713277e-01 -6.175531841900270269e-01 3.202362721435331877e-02 -7.984897210726022987e-01
1.499610165941589912e+00 4.696803612079336054e-01 3.299827655232976387e-01 -5.758603033186316944e-01 5.298357966769453586e-01 3.037410022742852433e-01 -1.500171177329330030e+00 -1.650399770753147588e-01 2.126981174639671401e+00 8.773298998188671094e-01
-5.483572202090707393e-01 5.077222454927547701e-02 1.586691579503370086e-01 2.030898594573623817e-01 2.603331069397666897e-01 2.454755632904183638e-01 -1.604246079712120521e-01 6.581523235574895381e-01 5.240004095968748832e-01 4.439446178395954623e-02
3.767401076506749491e-01 -7.259284879809089694e-03 7.517934738723336396e-02 8.346081572568853080e-01 -5.483052949830641287e-01 -7.768733226062578545e-01 -3.762850315534533308e-01 -3.242092668616619600e-02 3.480221097428403687e-01 1.828549658072944784e+00
-4.172985837430620570e-01 9.811590580039015741e-01 1.526286520425111259e+00 -7.617027059913952791e-02 3.188451930813139268e-01 1.101209617051432055e+00 -1.499454724947297590e+00 -5.884229713329751643e-01 -8.256499477666856546e-01 -2.398690298471932696e-04
-5.863347042235889095e-01 3.896787449850894203e-01 1.797888887463456431e+00 -2.078400860468989086e-01 2.509358855285976020e+00 4.484639659621136865e-01 -3.242418757058568995e-02 4.680976518342162829e-02 -5.572739908798864800e-02 -8.257240255946483032e-01
1.279262430331514988e+00 -8.093712463919685574e-01 5.998126432568077204e-01 3.614410237331937559e-01 -4.721081150948697736e-01 1.013560369819022089e+00 1.160530819224729226e+00 4.928541275087831575e-01 -1.795817817170142661e+00 5.063274533928696641e-01
-8.268575714853257930e-01 -7.368652467066092449e-01 -1.714392064103561264e+00 -1.470251566096510309e+00 -3.368400885145502732e-01 6.136772129908428797e-01 2.072222823282630078e-01 -1.856440630475818532e-01 -1.299532861767019654e+00 1.450714984324757983e+00
1.863524039551533562e+00 -1.951330435685334763e-02 -1.088050684547068547e+00 6.203751178325417337e-01 1.170762453617305132e+00 2.006666198511181942e-01 -1.340164181611807281e+00 1.298863446480393591e-01 -7.978735085554924389e-01 1.107824900778906496e+00
-7.738566610186885519e-01 -1.925308120276366219e+00 9.517491348812780194e-02 -3.085726193424659924e-01 4.184360200062394175e-01 -1.849121910198398000e+00 5.679501329324587733e-01 6.354702024445234576e-01 4.020492285754903583e-01 -1.541592162513951980e-01
6.747313330848124791e-01 9.708867207698157475e-01 -3.224211105780682152e-01 1.380001576385462725e+00 -9.921033830878002169e-01 5.828791258863272873e-01 8.882765195384361157e-01 -1.836975685044577311e+00 -4.456191379472698166e-01 -7.848272285891340072e-01
5.251828591846365857e-01 6.064808193359109145e-01 -1.071249536321938090e+00 -1.245156334856496683e+00 -7.847892966708387430e-01 -2.407242161940025493e+00 -6.522933251613702854e-01 5.497935430598301920e-01 1.118570212067904857e+00 -5.130271321633302906e-01
4.315238152933564275e-01 1.386524108789433996e+00 -9.777834040414011552e-02 -2.052388938332027346e-01 1.299287300840925030e-01 -1.812989046318296493e+00 1.000730706058692743e+00 -2.832276653463280947e-01 5.727385559947371085e-01 1.414746644050987490e+00
-2.749159232106651030e-01 -1.016266368202296766e+00 2.348930240959110904e-01 4.459139240010444594e-01 -2.493013546807270053e-01 1.135270421641657146e+00 -8.141774549812922368e-01 -6.538334867073412049e-01 -2.878519053193037691e-01 9.638272496071840223e-01
7.318662905781541106e-01 7.824849217613701058e-02 5.240284619975714708e-01 -1.586424654431107362e+00 1.045290433547937603e+00 -8.379946892623048038e-01 1.559096936201192385e+00 2.581626110618223668e-01 -2.296637370151257962e-01 1.488943308580111369e+00
1.185869510920294134e+00 -2.753282238994490871e+00 -1.039395811952730675e+00 -1.487274488568823161e+00 -1.641368922563674282e+00 -1.072685976271349428e+00 -5.254869981601872908e-01 -4.648076004849169274e-01 -3.564552381747898013e-01 -2.948849429839275893e-01
-3.160203133691411592e-01 -2.771629115211752259e-01 9.439233118846547255e-01 -1.808458906221243279e+00 -2.141394033503248195e+00 2.190921902106542640e-01 -5.309318081571594572e-01 -2.393093537123597958e+00 3.753997159864576605e-01 1.103415998153427946e+00
1.406962064343894703e+00 1.589143828619682952e-01 -2.453342533847168438e-01 -4.421512705116210085e-01 1.087865278765703048e+00 1.688544000510210780e-02 -1.344692654321968162e+00 1.206558831728604231e+00 1.091035966843165693e-02 1.030215968176943830e+00
4.160688720280075192e-01 4.344500977568480082e-01 2.223882913511286974e-01 -5.955883592940657278e-01 -4.418718184888945077e-01 1.311776546944287469e+00 7.135148871051221198e-01 -1.458914904542119029e-01 -2.177030491562375936e+00 -4.033082301210244025e-01
1.285852363262220521e+00 -5.182788625802087212e-01 -2.601984907221798204e-01 1.006302204875910489e+00 1.241111952874816238e+00 -1.781937670338609447e-01 -8.213691288828454118e-01 3.883063478577686300e-01 1.894862129251052130e+00 -1.932641045445831207e-01
-2.543773420843541633e+00 -9.047901485105235286e-01 9.140490505854822478e-01 -7.194366869661107389e-01 -1.055373935479440695e+00 -4.875945717112387286e-03 9.154542251077883996e-01 1.825196939693148446e+00 -2.356791384991878957e-01 6.309101327557326000e-01
-6.863854730705487572e-01 3.924855576186783157e-01 -7.117465266795688361e-01 7.207471592348241307e-01 -6.538994401588839045e-01 -8.532215854112905618e-01 -2.005132724031136071e+00 -1.991910043299558231e+00 4.253069363110952850e-01 -5.201797445005724718e-01
9.837145633409093426e-01 -8.602373534432020685e-01 9.621296023786088947e-01 5.958865435835548618e-01 1.287219105393271112e+00 -1.870651883979372432e+00 -2.899552701831691337e-01 -1.046671747538871378e+00 3.685024938046193022e-01 6.799947804399044671e-01
-8.527611833665342811e-01 -2.380485127764695008e+00 6.563937725050239536e-01 6.602845873610045935e-01 -5.483077977776823486e-01 1.466559366547987686e+00 -3.028982469864575089e-01 4.590646815146566528e-02 -1.026121987339914998e+00 -1.111393915358294127e-01
1.102661804628331410e+00 1.118284288071546895e+00 -5.681579388961038868e-01 6.385333081561326285e-01 4.321696098985773338e-01 1.881119930387423755e+00 -6.620369056306185662e-02 1.439915305050440075e+00 -3.394343441535485617e-01 1.571839656704249411e+00
-7.837292773842537974e-01 -6.212363308894788272e-01 -1.496330800459684918e+00 -7.316580561759326029e-01 -6.479994766256645944e-01 4.420583456215442242e-01 1.126650041702571547e+00 -9.076193814086173095e-01 -4.416268255253853470e-01 2.394817429890079286e+00
-1.336482568731823736e-02 -2.799970338658953839e+00 -6.851430758566083856e-01 -6.022470043878488388e-01 -2.607647486866178976e+00 -1.909118377683865164e+00 8.453742685207568108e-01 -6.632059165271623202e-01 3.498274635022488588e-01 4.875439341619565714e-01
1.092523020976139403e+00 3.302908990819729551e-01 1.454357132013413212e+00 -1.610858914292240263e+00 2.931931622757351641e-01 -1.260716467378460159e-01 -9.238264551422684656e-01 -1.476745264366591481e+00 -1.245157984780221744e-01 -1.949697719548479258e+00
