6.426044129766617097e-02 1.897097105683135387e-01 1.553452498676136107e-01 1.949427240241199677e-01 1.119999705891890629e-01 3.906547343614769074e-01 2.426403592341129234e-01 2.847540266743384119e-01 2.646575782678640687e-01 1.010352051153056707e-01
3.528453587383209022e-01 2.292321569407470561e-01 2.532668357239077350e-01 3.320014513870220840e-01 1.545819054240901991e-01 4.697787370432179171e-02 4.890370160845054770e-02 1.146313566180885563e-01 2.791284715953593620e-01 1.884308882596930634e-01
2.507173384094004143e-01 8.526097994760581389e-02 1.280584247696512079e-01 1.800186914005634242e-01 3.123546724397677221e-01 2.977319597121845796e-01 2.891899928489541916e-01 1.355301840206214470e-01 1.960750320372067479e-01 1.250627244140448402e-01
1.341451894724107752e-01 3.017960625888874704e-01 2.780123331817134780e-01 3.159263355265729545e-01 1.514894858920581289e-01 1.332801169404971842e-01 2.435247425378073149e-01 1.181984737100255506e-01 1.310659460157755640e-01 1.925613141342526202e-01
9.639496560130320080e-02 2.249085528510171850e-01 1.846766913454373216e-01 1.691245091855400062e-01 2.426674974011214792e-01 3.134024982455472230e-01 8.940996463693484664e-02 1.950953431443149533e-01 3.063865728164824054e-01 1.779334047723026557e-01
3.419921828003679165e-01 3.079767826334207648e-01 2.354879843067583245e-01 5.764998372269783400e-02 1.832973878485308905e-01 2.340281041393368899e-01 4.837091620792539209e-02 8.778570758151237052e-02 3.085092448015094302e-01 1.949017059579399302e-01
1.176196276917138017e-01 2.179666642724058245e-01 3.404900903471784757e-01 1.527818030411177141e-01 3.071463232745798022e-01 3.044014620999280218e-01 6.171402633561962059e-02 5.904648510761274088e-02 1.819460145286386776e-01 2.568875033012048004e-01
1.000922238238050460e-01 2.274241171054270927e-01 3.781161123907522681e-01 4.424149264697520290e-02 4.870660662475252700e-02 4.144749818601345392e-01 3.236555383104563477e-01 1.312575964568587217e-01 2.609637964633865770e-01 7.106753431745153893e-02
5.509095356309073876e-02 3.980536471512342023e-01 6.634331757808535623e-02 5.908132784379298286e-02 3.926860667461935517e-01 8.385647905170080796e-02 1.870412595016705537e-01 2.657692577849953830e-01 3.911887824885235676e-01 1.008889082907132029e-01
1.548744974044274358e-01 3.284949849255889287e-01 1.172004062048256634e-01 1.697638908768505650e-01 1.271120324156352899e-01 3.709424903592000167e-01 8.513069653037705353e-02 3.697621559973343075e-01 1.465197987334587171e-01 1.301990465523029383e-01
3.273891796769611284e-01 7.695868625999023604e-02 6.049732679439565053e-02 2.896756857141506436e-01 4.297711873666538729e-01 1.336592797584739145e-01 1.815151362941164193e-01 3.818697537231194317e-01 4.797029504776546827e-02 7.069346936437523321e-02
7.750450108270683092e-02 1.154228065918184165e-01 1.546624229091540514e-01 2.160631524852889285e-01 2.738021964103079520e-01 1.818257467122798843e-01 1.090314793268653826e-01 3.035548535007991933e-01 4.296102776903879539e-01 1.385225632903916149e-01
1.206130277349808100e-01 2.269482575941984548e-01 2.431824939134985542e-01 2.229022948987453567e-01 1.534815720490236846e-01 1.513219405292088315e-01 2.210424574642726459e-01 2.474322532424408638e-01 2.602510657573435249e-01 1.528246368162875790e-01
3.674791246560594749e-01 3.436450964295386101e-01 8.732895402333501478e-02 1.483882629233872763e-01 3.006165667215261461e-01 1.001396402699269439e-01 3.829953581493565351e-01 3.061243421843160006e-02 2.808090976494476490e-02 2.107136528434953304e-01
1.038250153806117015e-01 2.165911558516130375e-01 1.006464974974420334e-01 4.183183371771592718e-01 1.957387704169266662e-01 2.030460354360903996e-01 1.993277376782388866e-01 4.238162471467912806e-02 1.387977692048870115e-01 3.813270566423520025e-01
2.998271080140699207e-01 1.128461337220409005e-01 2.850756354179538876e-01 3.705685880505374397e-01 2.435990492783016159e-01 1.334041693628081893e-01 9.041655790571526130e-02 5.599734951444440556e-02 1.278678051695166240e-01 2.803976035646115750e-01
6.267263582392350318e-02 3.890477534817946004e-02 3.733683420220404447e-02 4.669348011117406827e-01 1.844529897359594162e-01 1.941647442815090663e-01 3.538480841630372575e-01 2.271478360432210297e-01 1.432416521033705037e-01 2.912956471868552999e-01
2.546790800595472373e-02 6.718268583884243195e-02 2.612800296251535093e-01 3.577735340557736121e-01 3.690411859335845368e-01 1.262833774691531075e-01 2.363890384077120821e-01 1.554500800438835539e-01 2.720719947263829375e-01 1.290601658935582319e-01
8.823570664873163494e-02 4.287712121371082263e-01 4.147175538986459520e-01 4.369793574517791268e-02 5.186462507433527158e-02 3.635100623747383741e-01 8.253110704037146250e-02 1.278855913774833430e-01 2.783804685242871613e-01 1.204057371791198844e-01
1.919336863409464022e-01 6.561695566721180428e-02 1.857040529879868118e-01 1.725385428406642774e-01 8.667615615440218968e-02 1.333096664332141246e-01 3.687217065394574611e-01 1.522534197850042292e-01 2.890254524471344566e-01 3.542203608039786733e-01
3.519835172135454826e-01 8.868766449993968626e-02 3.292345264015322237e-01 8.775918054769146770e-02 2.189619261583581125e-02 1.782527016093346794e-01 3.901943219455861755e-01 2.229284062236867592e-01 1.945250159771890197e-01 1.345384729656585177e-01
4.114570877680745475e-01 3.561126089258759286e-01 1.302300336832182270e-01 1.412187466404894454e-01 2.632483053264266237e-01 1.198077010254356284e-01 7.695787930582723146e-02 2.890323982935686375e-01 5.621366879765408303e-02 1.557215702334286689e-01
2.834372776511646652e-01 1.422440155966886999e-01 1.251220840969479164e-01 1.006115632069960325e-01 1.499355217232277715e-01 2.423630373810383154e-01 1.582851384549169294e-01 4.242732865080200422e-01 2.227213754907215182e-01 1.510066998902778457e-01
1.516131059981850326e-01 2.427945820871586502e-01 1.796849092721609920e-01 1.650684827577532654e-01 1.208803889686983074e-01 1.646178022165699362e-01 1.549637970462307834e-01 2.982691099926806366e-01 1.360240566121589390e-01 3.860837650484050254e-01
3.272566333524772886e-01 3.378960465620134968e-01 2.609808246096098072e-01 3.477984457190189810e-02 1.097971827348132867e-01 1.262218822003412511e-01 3.646251844634506023e-01 2.401104388897374320e-01 1.222760246913198318e-01 7.605593792433482103e-02
1.644839930465571975e-01 1.259681157603785018e-01 3.763818769078376425e-01 1.164879816180605515e-01 3.955720862760770395e-01 7.653875201205664891e-02 1.217185364757958632e-01 1.572308142308818657e-01 2.746093828218976740e-01 1.910084608504586945e-01
3.164933278380491211e-01 2.167984393725578829e-01 1.349299460426411357e-01 1.090153334781155670e-01 1.393089938501301805e-01 2.737613339758811493e-01 1.330634832907182930e-01 3.031344000980777942e-01 7.302622329710044269e-02 3.004685187567295301e-01
2.777970126827030706e-01 9.247231732400487680e-02 3.030736231213073673e-01 8.534856234144333476e-02 6.720491630960581664e-02 2.512248359049762403e-01 2.606553136523697689e-01 3.346402264714768426e-01 1.545635786632162112e-01 1.730196135288972203e-01
4.329772835575973478e-01 4.712778120572641560e-01 5.009715708988297933e-02 2.483243279485685961e-01 2.430783862271538587e-01 2.025888565013254095e-01 2.160894763533570129e-01 6.270659135955730656e-02 1.193909031756101684e-02 6.092101858773439627e-02
1.700059582941040592e-01 3.235605479978201915e-01 4.900845569154885228e-02 1.199100374880653769e-01 1.757820908004844862e-01 2.303836524545714304e-01 3.344331237195899975e-01 2.020016490003522236e-01 3.130056717495193763e-01 8.190881280394467223e-02
1.686351289468412673e-01 2.053997350995754312e-01 1.222716952452024691e-01 2.098304836906617621e-01 2.044003492205140049e-01 3.118795358144939023e-01 1.090076553034071832e-01 2.403661561593481155e-01 3.480469405074022027e-01 8.016232001255393924e-02
1.895512701756241203e-01 1.142447285446603344e-01 2.934028262874865955e-01 3.189795010117811858e-01 1.131734279999719039e-01 2.015870720830200136e-01 2.993354953057676404e-01 1.708052888217728715e-01 1.553641725792297978e-01 1.435562171906863693e-01
1.852973639135582773e-01 3.442581295175521638e-02 1.766099009069581061e-01 3.336734735090582382e-01 7.794151802495712100e-02 1.702961145231190465e-01 3.052334937639440415e-01 3.233874143236922793e-01 1.030002013608856126e-01 2.901347067220722553e-01
1.340210973820088469e-01 4.307708255127549180e-01 3.777276317671878214e-01 3.097378847439108407e-01 1.579051334327403189e-01 2.102845867261260437e-01 6.698921159856130458e-02 4.388444744114657070e-02 7.232950905567962774e-02 1.963496723398844290e-01
2.114965230043324707e-01 2.671461417908990721e-01 2.169146493061095415e-01 9.509110520805555411e-02 3.625974144481777794e-02 4.334074938902576779e-01 5.525776355403866358e-02 1.116404026807157196e-01 3.687751941449365911e-01 2.040109849758370009e-01
1.901824170819833570e-01 2.731584243239622567e-01 1.822218187802040479e-01 2.379500722585089489e-01 5.384596283968758057e-02 6.178429995315865009e-02 2.271542137568180186e-01 2.868568230426636889e-01 4.075299905725667249e-01 7.931597739044657369e-02
3.615552586794525958e-01 6.861423827240789586e-02 8.176455234390100912e-02 2.371774759093313589e-01 1.672186598647852074e-01 3.473211526001712124e-01 6.798257830811826885e-02 6.798927766681273077e-02 3.999327722657444739e-01 2.004440340892757744e-01
3.605582599928797705e-01 7.180284835725753156e-02 1.505853458915210052e-01 2.791313650691240600e-01 1.863134286730525335e-01 3.254622354765905889e-01 6.219826667269203607e-02 5.510916905692785778e-02 1.948243354986291254e-01 3.140147453113250609e-01
1.357116077967344681e-01 3.421864843941149759e-01 1.231050503637643456e-01 2.141013541532788833e-01 2.130462503940284136e-01 1.597517407302458392e-01 3.763105910546872823e-01 1.129239313719700988e-01 1.662704209765666630e-01 1.565925687646090581e-01
5.782549201611217327e-02 3.712754702090172859e-02 2.487801927583609407e-01 1.164186015862576362e-01 2.116083576799371313e-01 2.731287361061410790e-01 2.636023448558746374e-01 1.549333921001538883e-01 2.646115422118705540e-01 3.719637936643912512e-01
3.532398937818024831e-01 1.105196756630081045e-01 1.312008350109052646e-01 2.297950667911575207e-01 1.668854473620510759e-01 1.194169689556478092e-01 3.509804097197747330e-01 7.310584334115516336e-02 1.664976494117085259e-01 2.983582099627892226e-01
8.865987068870333221e-02 3.912022667082002969e-01 1.093229197251451706e-01 1.415781974652687569e-01 3.583293551790683318e-01 4.238954207300905663e-01 6.174333084583985554e-02 2.079669564223899370e-01 1.694083326277078250e-01 4.789334960758531712e-02
4.073026137586303608e-01 1.036578344435901688e-01 3.125679739108713218e-01 3.118917967810405645e-01 8.947927187244877900e-02 1.516461586906293624e-01 8.605439405676927611e-02 1.443715236055004292e-01 3.041543472783278523e-01 8.887408560219232923e-02
4.013208230148962441e-01 8.518153665048433520e-02 1.263352519215789616e-01 3.051683865741849910e-01 3.420525921850953166e-01 1.232503621882827666e-01 1.729379101221523718e-01 3.646722223988358991e-01 4.352523738560382105e-02 3.555567755888461301e-02
9.996798143481551435e-02 1.729740365150134185e-01 3.736015833888092774e-01 1.391044585187864446e-01 2.779651517149402395e-01 2.021152756663399386e-01 1.379087812452736705e-01 1.213120555589880384e-01 2.792198878179979471e-01 1.958307881390366212e-01
2.691649045482889524e-01 1.603455515277744103e-01 3.516578626278137332e-01 1.663608358165895307e-01 8.630605811468486377e-02 1.755008989612191206e-01 3.125637939333617554e-01 2.384078017672784100e-01 1.342930680459721582e-01 1.053992246570159136e-01
1.002159040085633807e-01 2.900840815537781836e-01 1.748706421986364612e-01 1.098800645088841843e-01 3.332533892118709762e-01 7.911429377484227587e-02 1.344383343883739923e-01 2.414947869776855605e-01 1.805893341875315361e-01 3.560591691898340461e-01
5.383954770815040786e-02 1.093508389047741364e-01 2.199893204838033745e-01 1.458002917835201917e-01 2.119193226708978028e-01 2.543015725414521921e-01 1.565818909531538350e-01 3.250522459841199141e-01 1.614606552597885047e-01 3.617043137103404526e-01
1.719674355926507081e-01 2.439471506334771056e-01 1.768736150642229443e-01 3.625216528496521540e-01 8.798627706193064280e-02 1.080916137453241666e-01 1.064170526292312902e-01 3.490644008675387600e-01 9.833425974513204659e-02 2.947965418108411950e-01
1.706467990756104225e-01 2.094673956780679636e-01 8.641346121003548597e-02 3.955897263858308421e-01 1.579015936984617952e-01 2.411006770523324849e-01 1.243085255542445422e-01 1.747838241915347923e-01 3.350964400679901090e-01 1.046915570858921313e-01
2.947749942895168118e-01 2.712561079914238560e-01 1.064923345698277901e-01 2.542345519062135795e-01 1.173836692761952849e-01 1.289943493914817163e-01 3.148654383927780298e-01 1.676081096246222202e-01 2.627012831937577397e-01 8.168916136418410967e-02
1.741998459531305110e-01 1.280078319537627796e-01 3.176261120933059900e-01 1.770297840167626702e-01 1.102684207749534406e-01 1.669666779007636936e-01 2.929806747829671321e-01 3.179433608138660383e-01 1.172706256002442465e-01 1.977066661102440392e-01
3.701785748713564139e-01 9.189017594781760667e-02 2.369686264724245317e-01 2.064307438083049506e-01 2.893746273726164817e-02 4.048411782402994152e-02 4.123026746710705681e-01 1.066030789326693068e-01 2.223488620696067453e-01 2.838556826654582421e-01
1.587117021607795386e-01 6.005703729784356987e-02 2.683231073747602835e-01 2.753754302241679941e-01 3.369599717053084476e-01 9.428917673990298842e-02 1.395696972810313852e-01 2.383991901583573658e-01 1.973951625738576410e-01 2.309195244839913619e-01
3.350417950302012615e-01 9.968123289620259286e-02 2.227863131487958503e-01 1.136916127763241274e-01 3.068161730047807012e-01 2.110491448768354039e-01 1.656756780909415250e-01 2.769232137185363429e-01 1.300707100542857764e-01 1.382641264030965433e-01
5.988436981085810268e-02 1.604440757718658683e-01 2.377433112730327203e-01 2.087608344535356597e-01 3.222420242299937621e-01 6.288728706118791589e-02 1.942737927416178789e-01 2.759473574103464832e-01 2.988774730022735193e-01 1.789394742452869447e-01
7.868099423964924899e-02 1.174948676315296925e-01 9.465334487170939948e-02 2.626725839312272215e-01 2.742920123089794271e-01 8.740294468602125000e-02 1.448679897321889509e-01 3.862153719117138451e-01 3.669087421716697439e-01 1.868111485153119422e-01
1.892834032934554989e-01 2.305942870838022518e-01 2.116505178173500035e-01 2.789554106063573125e-01 1.103940892872970203e-01 4.171357619024136376e-01 1.433726007035635575e-01 2.743918543670198495e-01 7.474874064183513467e-02 6.947333429690483175e-02
9.789886420315323246e-02 7.816865899525486661e-02 8.252433027217284667e-02 2.579799737127297932e-01 1.550402403157469244e-01 2.155302820574522826e-01 3.131541238999890897e-01 3.678368129840225431e-01 2.715897124959468223e-01 1.602770010635321540e-01
3.032078271444459960e-01 1.331933052259197670e-01 1.448696553066063375e-01 2.519895402355577518e-01 3.772122553998710770e-01 1.650529618610354632e-01 3.434937374198188814e-02 1.258517406572909891e-01 3.652722753772417175e-01 9.900106505004846458e-02
2.452210722369202456e-01 2.075043050684762802e-01 2.137610182968021910e-01 8.901857325306690438e-02 1.434028016954900508e-01 3.185887540574499632e-01 1.052798976412938070e-01 2.131669125742288173e-01 2.159545242697724077e-01 2.481021409065002625e-01
1.088660954026708372e-01 1.938466658679143251e-01 2.436014864130111035e-01 2.816262100585599226e-01 2.538714794879925463e-01 2.284662200260403342e-01 8.212143816134886976e-02 2.794792509020118665e-01 1.609438991020297749e-01 1.671772545784201425e-01
1.990740199600093407e-01 5.537806796025723788e-02 3.572469236796029790e-01 2.884782263863039375e-01 9.623969902033911727e-02 6.105892333088277363e-02 8.507570914771128701e-02 2.477368801787142027e-01 3.248300026940446061e-01 2.848815476421339143e-01
1.655260484669946186e-01 4.036891976309237018e-01 2.210389607649916321e-01 1.901212590868285868e-01 1.324875688673531893e-01 2.964335655694575467e-01 1.148830584201140370e-01 4.098958339283886171e-02 3.005274261776246791e-01 1.343033316228728624e-01
1.586054281609108330e-01 1.044719257623760722e-01 1.286380875554170022e-01 1.387261964250538493e-01 3.505645113871223018e-01 1.844931921026626287e-01 4.194057749277630975e-01 5.643817862913753231e-02 3.116291956755834480e-01 1.470275093739734640e-01
1.362808970364039196e-01 1.859191651411465918e-01 3.389681967649325611e-01 1.526559245013831556e-01 2.467309668824692048e-01 1.411811806008025916e-01 2.372198282848444473e-01 1.257623921142498602e-01 3.247198925265784575e-01 1.105615561471891689e-01
1.276388662330791290e-01 1.560299515771263190e-01 1.787671963419938947e-01 2.291837782890400743e-01 3.226473206595753540e-01 4.049170392622140624e-01 7.317123221725498061e-02 8.075183854239234571e-02 3.591130142026136007e-01 6.777976267471068350e-02
1.175058840967214691e-01 3.142385397481505804e-01 2.233123248556569962e-01 1.736036076239010906e-01 1.590225333414959641e-01 7.413721686254368115e-02 1.529864320945782674e-01 2.385231016588302277e-01 2.873448411398390467e-01 2.593255185782839534e-01
1.105284139404834332e-01 3.490013244150282912e-01 3.039231592107626279e-01 2.125886171705222982e-01 2.936560359174401197e-02 1.490594511237788578e-01 2.559636133408503822e-01 1.615491105274597661e-01 2.517834136217828034e-01 1.762372930575882013e-01
2.639128037548144623e-01 1.802787420986797229e-01 6.980466706773215402e-02 6.162929038405312587e-02 3.708454813396095950e-01 3.505960531583909301e-01 2.112139890905155859e-01 9.151276820987008787e-02 2.020535807989356225e-01 1.981526240973991715e-01
1.725870094878109995e-01 2.064318438851539261e-01 1.895853929026934670e-01 2.566284463123336135e-01 2.205278055125926562e-01 2.004242977905124068e-01 1.830974598008543452e-01 2.432657616942546508e-01 2.070767000471864516e-01 1.203752825666076082e-01
4.290798061550737952e-01 3.054170501411208605e-01 2.089640625447900524e-01 2.276104143756417786e-01 8.566661340694428639e-02 1.330373698272594163e-01 4.128089387272242949e-01 6.028905421847235990e-02 5.846422794362234748e-02 7.866246265985184227e-02
3.676760272053054557e-01 5.674496703323010649e-02 7.536576237120055921e-02 2.519988486117962778e-01 2.483056326262638169e-01 1.915594104035710510e-01 2.391911780230530915e-01 2.018057482716928697e-01 1.497796902746214853e-01 2.175727351792657305e-01
8.022773120281756487e-02 2.026655483980670525e-01 2.136035900196049386e-01 3.277838896348492237e-01 1.642457429760324494e-01 1.951726128584957420e-01 4.006051045386999632e-01 2.836466274054223469e-01 5.793303411529496239e-02 7.411611885071610339e-02
2.837278010904490388e-01 2.097612960916010183e-01 1.942168961168030672e-01 1.925919753073173091e-01 1.875278725086491349e-01 1.894743936121232319e-01 2.442937423140520425e-01 1.387929039854711444e-01 1.485242352321355375e-01 2.110888837413988639e-01
1.492992693679875971e-01 2.320881257708086176e-01 2.001894520665764565e-01 1.303419383023578515e-01 2.840049722724669601e-01 3.032532968092281345e-01 2.563576456570494377e-01 2.284465924879535981e-01 1.595064857394377922e-01 5.651222152613435967e-02
2.791113829836900928e-01 7.788476336053315463e-02 5.536717530529723652e-02 2.356801215363413526e-01 1.673456051339921036e-01 8.143745903034950440e-02 3.799669049691306588e-01 2.345727312309970614e-01 3.017189923960081899e-01 1.869148640536613670e-01
3.045136222175732765e-01 1.512418052878263253e-01 7.712969091089084961e-02 2.931057116574321553e-01 5.172399767810652998e-02 1.376155512179164098e-01 2.428197050879125352e-01 2.056118912337498994e-01 2.212678799342204794e-01 3.149701447743706861e-01
9.063257034781611876e-02 3.414334251168693601e-01 1.463851465106253968e-01 1.765375431351500490e-01 2.977664156628010983e-01 1.070920873621919178e-01 1.025389309408417937e-01 1.751034544777676505e-01 4.144531972654523222e-01 1.480572291804855556e-01
2.542163803590629101e-01 2.215964058065641173e-01 3.502888894136071407e-01 3.156149086411025317e-01 1.749711397555037407e-01 7.122391937981079058e-02 8.121493204033242153e-02 1.514118143561843377e-01 3.153117762557133830e-01 6.414983399211907078e-02
4.919460041062478917e-02 2.229613856194846699e-01 3.572307668860398300e-01 1.572878497810608067e-01 9.894052577629966483e-02 1.583839264826434889e-01 3.711475280294279644e-01 1.784656985387868267e-01 3.326415960821529350e-01 7.374612239347966280e-02
2.539933364285039685e-01 3.902103075218675832e-01 1.519245413696660441e-01 2.361604271884527873e-01 1.315443719628335839e-01 3.952697359210222139e-01 8.483812551565267368e-02 5.966072631048426750e-02 1.004769304040206840e-01 1.959214973774958957e-01
8.601232851490872577e-02 1.027635980347591377e-01 2.937265464487077704e-01 9.095556998267004256e-02 3.558505442939010055e-01 1.024060169786392277e-01 6.569511698139970934e-02 3.979726492670005999e-01 2.106030586936810112e-01 2.940145708043329642e-01
1.060928481221836833e-01 9.193135942438553088e-02 2.885183782519995521e-01 2.855035478843677144e-01 2.332249436666438136e-01 4.010939252084697593e-01 2.154925265951905811e-01 7.911937010652708713e-02 6.512060630036435593e-02 2.339024944398698791e-01
1.719559707286140160e-01 1.065986890391135422e-01 2.306747276333227792e-01 2.623986560803661661e-01 1.853662885658882153e-01 4.145453226974245564e-01 1.111269547086290443e-01 2.897164362720697772e-01 1.451391610886376693e-01 8.247779318593372044e-02
1.919297602698692429e-01 3.129901171524825387e-01 1.491501188116570731e-01 1.474977890500007160e-01 2.151978387870135956e-01 9.098660195492691560e-02 3.020202635657034396e-01 2.657055641442263583e-01 2.304682750035881855e-01 9.405367126053232329e-02
1.236822747048125087e-01 2.566019274153081842e-01 1.478824690562924871e-01 4.124798593795158674e-01 1.004120223781405086e-01 3.747759827242381769e-01 7.320932065715314574e-02 1.713117460969675876e-01 2.732323552392911803e-01 6.641204234828078368e-02
4.272266450916895747e-02 4.159269522758646254e-01 1.943307949429436132e-01 2.823748033479792086e-01 2.830920592572526151e-01 2.290682522558772916e-01 1.541281132239345486e-01 1.626528172275493733e-01 1.471740126071088284e-01 8.852953035231972412e-02
2.029086875335517348e-01 1.788894688163948088e-01 7.337702902873291522e-02 3.956475626496664955e-01 4.027857970827772860e-01 1.073409107176887950e-01 1.252729337786985808e-01 3.974942691957048524e-01 6.514226785600099601e-02 5.114107334078255018e-02
7.161400530687007937e-02 2.183186377702114322e-01 2.656578001120055710e-01 3.014644105626202442e-01 1.112677148957603168e-01 1.774598708833894922e-01 3.783976041055658879e-01 1.120761476684947189e-01 2.591716554670974171e-01 1.045721532279849236e-01
1.371479623879622300e-01 1.376935851916190612e-01 1.822610575540464795e-01 2.740591248247181699e-01 2.580377715514987069e-01 6.998459523579499131e-02 8.858966421562956828e-02 1.963702237306601817e-01 4.125461850801792063e-01 2.433098302278911829e-01
1.172667236647800260e-01 2.883139173805496780e-01 2.550728155791004426e-01 9.987247491381258391e-02 1.028510171248214339e-01 2.774428438825858323e-01 3.425681324355111523e-01 1.697390672463280903e-01 6.773217392887628807e-02 2.791408338436359715e-01
4.338519823081554705e-01 2.935549341783462718e-01 1.034754588788864282e-01 2.799068541050723224e-01 3.162164872695927276e-01 1.810118196475582475e-01 6.181620787115259946e-02 3.754880123038728534e-02 1.716173790106411690e-01 1.210000755002095113e-01
2.182374802939173741e-01 1.082467122119434022e-01 2.055541477207816770e-01 8.851138653677059764e-02 1.778028660432404151e-01 2.108112267859763578e-01 3.510318314118384686e-01 3.657331801426920714e-01 9.205122121309000649e-02 1.820199476397489358e-01
1.112517674546741331e-01 3.434400320148977004e-01 1.074797024575087356e-01 9.371931576612538284e-02 7.337862455808967510e-02 4.096638164584640585e-01 2.222850311672494306e-01 3.334378740265759866e-01 1.696345604925086070e-01 1.357092756039056936e-01
2.702682633118289601e-01 4.220523547284113497e-01 8.151821642494232190e-02 9.681086291318556636e-02 2.538368039560344736e-01 7.005040153971264782e-02 1.712315369767916096e-01 1.685829611754201540e-01 2.867016242767400636e-01 1.789469746969322983e-01
8.653954047851691866e-02 1.286729684473879587e-01 3.510194788610566663e-01 2.105405425670423547e-01 2.316990499817115912e-01 8.805175505296441996e-02 3.345130306735537573e-01 1.270953301079292552e-01 3.507099185960098620e-01 9.115838523382725767e-02
2.761139346596775956e-01 2.310675405905226742e-01 3.515092685099664993e-01 2.306131043460409313e-01 2.650460474992708537e-01 9.246339477220158476e-02 5.667454314969260637e-02 2.877951232663244485e-01 1.738879290249981113e-01 3.482911418130429232e-02
9.128671473056162999e-02 4.141879944908544164e-01 1.650812735562591782e-01 1.661634506567624403e-01 4.036480192523510535e-01 3.637170805609990509e-01 7.624979333274098381e-02 1.767401938780601423e-01 8.677851458932603346e-02 5.614696495208418292e-02
4.760356491363037373e-02 2.638515294254131435e-02 4.218677610586689386e-02 3.863262561555858565e-01 1.119355658073998977e-01 1.886927373521137818e-01 2.853016800180794843e-01 3.607193502600953838e-01 1.490343613217388619e-01 4.018145551229480583e-01
