-9.514688311421824807e+00
-8.751714634874884879e+00
-9.532681560702529922e+00
-9.215359582865671584e+00
-9.007962895179666418e+00
-8.305781518950968945e+00
-8.813660321639046558e+00
-8.819206495910339783e+00
-9.341171568624845989e+00
-9.236011925572739756e+00
-9.751729243821332105e+00
-8.861080786807546517e+00
-9.442641655875927853e+00
-9.418834127856991145e+00
-9.307464155612256818e+00
-8.947313816901353078e+00
-8.518779519986328097e+00
-9.948169943583273778e+00
-8.918461899687594396e+00
-8.685299868155937020e+00
-7.283138395117929598e+00
-9.535504203554195257e+00
-8.692009909403518364e+00
-7.906521950918507180e+00
-8.601172099793984671e+00
-1.018046496597415818e+01
-8.387599701040830524e+00
-8.100951185813846323e+00
-8.964899419756028109e+00
-1.025745220353261367e+01
-9.163349491693292492e+00
-9.118515366589386772e+00
-8.662546234160044989e+00
-8.838658030401305155e+00
-8.726581152852478596e+00
-8.909461107698128046e+00
-8.467364808442622959e+00
-8.929463975052348346e+00
-8.988229625617300655e+00
-9.021992947138866015e+00
-9.694570781311666607e+00
-8.779578059036058590e+00
-8.737024058222491618e+00
-9.514894417653801284e+00
-9.001796706914301893e+00
-8.727554818500275147e+00
-8.305940903432819766e+00
-8.717630252855908424e+00
-8.879231826508728886e+00
-9.052002195793919626e+00
-1.009800033023060628e+01
-8.911906407987487455e+00
-9.263426000056073306e+00
-8.461393138556841720e+00
-9.022442219709802202e+00
-8.644425661803738947e+00
-8.896654966276052789e+00
-8.563238982822303669e+00
-1.018912009364801818e+01
-9.047605667071783486e+00
-8.899859381829603677e+00
-7.969227586307237488e+00
-8.277611957618868033e+00
-9.592575085482387465e+00
-8.722097085407050088e+00
-8.591680337844087134e+00
-9.140120277169202723e+00
-9.050754810298611730e+00
-9.421835537188675502e+00
-7.673659575422495216e+00
-9.140825614278559996e+00
-9.236933149403537158e+00
-8.860020412585463134e+00
-8.635231508202858564e+00
-8.447335086338775056e+00
-9.224745296401348327e+00
-8.615723165779629156e+00
-8.507170311122242978e+00
-9.373057921072673437e+00
-7.793749788901043196e+00
-8.341043273945583536e+00
-8.041478844438856299e+00
-8.562908092390886239e+00
-9.558246014178063632e+00
-9.752317575043162989e+00
-9.522954302180833608e+00
-8.666287341261647015e+00
-8.455439782440109298e+00
-9.324273746271222407e+00
-7.813688932929813369e+00
-9.189612138993766166e+00
-8.024826029394011684e+00
-8.974153881190686022e+00
-8.368638684227860836e+00
-9.310834295837910446e+00
-8.395021278599347880e+00
-8.693566787810755869e+00
-8.871933510128027223e+00
-8.922470345439625916e+00
-9.089263160860781454e+00
