-1.347613964128359143e+01
-1.312182800720093390e+01
-1.056445465245546522e+01
-1.016992404066407474e+01
-8.388021652364514580e+00
-1.083608114132622902e+01
-8.367541169367704867e+00
-9.738389299638511076e+00
-9.990743473118158136e+00
-9.213528560298801295e+00
-9.440292488470268140e+00
-1.181900583511469627e+01
-1.268563387851552449e+01
-1.349084823347631001e+01
-1.188200929203909517e+01
-1.152657659658489742e+01
-1.395705427761389572e+01
-8.543386350448152200e+00
-1.281002660323683173e+01
-7.771924478955651416e+00
-8.604782230341690763e+00
-5.841894611360327616e+00
-9.767604328415204762e+00
-1.194003054042161516e+01
-1.058342444683673378e+01
-9.111184399309667725e+00
-1.090983160145679598e+01
-9.010389528247936042e+00
-1.296184051114987312e+01
-1.133510899757892076e+01
-8.498342861782088420e+00
-1.065690360545680271e+01
-1.173592454338918500e+01
-1.106753245864300794e+01
-1.400687098011860066e+01
-1.030984796828748884e+01
-8.777104496585955928e+00
-1.225929381520894346e+01
-1.203503475592298955e+01
-1.007683534307158801e+01
-1.015965507169404525e+01
-1.048163180478074530e+01
-7.795518029227135770e+00
-1.002950210911640205e+01
-1.193177475525335041e+01
-1.252368427727750344e+01
-1.300426271763140917e+01
-1.054791976511610940e+01
-1.202433660861148645e+01
-1.310176916637752065e+01
-1.288063137729060159e+01
-1.156234416603250459e+01
-1.232952977447975229e+01
-1.056553525404303606e+01
-1.016205388339163562e+01
-1.210113098459692971e+01
-7.516509594532715610e+00
-1.043653481157510576e+01
-7.619029371785603466e+00
-7.878212880727084588e+00
-9.847877974610664609e+00
-1.067707173479063520e+01
-1.311986469242940245e+01
-1.069233189239578330e+01
-1.110165321251263748e+01
-1.201233941088925938e+01
-1.074140375025845451e+01
-1.240133596451047815e+01
-8.540098971914169113e+00
-1.166683557731101750e+01
-9.213665521033309602e+00
-1.077267063078246423e+01
-1.190165090919901125e+01
-6.581024357554553283e+00
-1.224599517775250845e+01
-7.458232710908669461e+00
-8.168155307906504348e+00
-1.223148687364280462e+01
-1.051421150715703945e+01
-1.311405811158751789e+01
-1.040881425417274642e+01
-7.467782743669686418e+00
-1.168802973638551101e+01
-9.003091333723244105e+00
-1.197511418734247179e+01
-1.124433565215936781e+01
-1.351115503024882791e+01
-1.103855529420855852e+01
-1.247826047056989118e+01
-1.164435683671878152e+01
-1.076122319614806067e+01
-7.669420817488202147e+00
-1.124468226361482870e+01
-1.271004024033713264e+01
-1.182251895487968874e+01
-8.206332192127065994e+00
-1.083025667542797343e+01
-1.132365792553835959e+01
-8.314744953668043337e+00
-9.481256355693494342e+00
