-1.232999187676010466e+00 -1.390160744860117870e+00 3.752307661409047812e-01 2.640646858440652611e+00 6.202050023031576709e-01 -1.097714208788485468e+00 -1.245582891192760222e+00 -5.410872802671734538e-01 -4.004437463163160182e-01 -9.858651381668712688e-01 -1.689281323323109207e+00 1.092401845423838225e+00
8.695817113431647538e-01 -1.273546963337017557e+00 -2.253438770811374836e-01 1.213910068953399257e+00 -3.717347537343349551e-01 -1.994861520961966672e+00 -1.970669608932740680e+00 -2.580721942763299775e-02 -1.526870421987613025e+00 -4.738871172774806323e-02 3.320503006456983486e-01 8.039799365658728547e-01
-2.781590038558324762e-01 -2.039983281418763505e-01 -7.789941106364121903e-02 -1.054407736060597234e+00 1.202968556498802855e+00 -2.465551362000450164e-01 -1.333826971821033380e+00 4.427126116685518586e-01 -2.369401037983358549e-01 -7.108005329337377942e-01 4.271973444231330075e-01 1.102929074343284688e+00
2.551636762928031765e-01 -1.467912942796054665e-01 1.729029812878817074e+00 -8.940034095498815558e-01 6.291632163753358986e-01 -1.608731858004839976e+00 -4.648563794861393927e-01 1.988250775799585091e+00 4.946167851707555241e-01 3.135057570522242210e-01 -1.085156323630502406e+00 5.038697320404525795e-03
-6.297952185383022261e-01 2.301402972422463555e-01 3.968619060955878575e-01 1.935650940177219281e-01 -2.960385651301778998e-01 1.691276836927763094e-01 2.094225917411600690e+00 6.254783281398994532e-01 1.066584344489861946e+00 -1.785440221465722566e+00 1.475024632414149828e+00 1.187681854569452744e+00
-5.810557430887695052e-01 -5.237494233962205481e-01 -1.460239372071829633e+00 2.145254972141912297e-01 1.140344662229582529e+00 1.254391921590815251e+00 -1.025043600827569082e-02 8.059149839281900540e-01 2.066756088057264962e-01 -1.351039890122436582e-01 -1.986846061655112572e-01 -1.612673305560305081e+00
-1.017861339538649601e-01 -1.951557738844737377e+00 -9.973978055514329810e-01 5.101373264748781944e-01 1.701830540967392835e+00 1.088192429932439476e+00 9.995367423794970785e-01 7.174570187868589688e-01 9.132893322219726162e-01 9.303470949354768482e-01 1.028055490782505244e+00 -3.025954517334853433e-01
1.771082044032120661e+00 -4.545000116428893899e-01 -4.483922760066199054e-01 1.601276374826323234e+00 -2.381928474768233717e-01 1.246694251267007614e+00 2.327460821354057907e-01 6.597971952269305884e-01 2.867282470508842329e-01 -8.606007389318164336e-01 -2.278346084175510100e+00 1.486043667326515827e+00
-1.776793178352598312e+00 -2.899437172163433107e+00 -1.153138384530307120e-01 1.952830060782170918e+00 4.940318111004629031e-01 6.334041779102886904e-01 9.172745551693517463e-01 1.033911744817722855e+00 1.061248954089268448e+00 3.078293654766732224e-01 4.385129507626501777e-01 7.429488330127169693e-01
1.992476662051344827e-01 -5.217780007501034989e-01 7.317327728809354115e-01 1.009750094088978978e+00 8.529653101846920160e-01 -1.862920965659943695e+00 8.501323737678749826e-01 -2.444893218115096467e-01 -6.676980907190147030e-02 1.268505215402037756e+00 -8.988523678019795238e-01 1.452550793170674703e+00
1.212687943434457155e-01 -9.343517021359285524e-01 -3.998170654409256008e-01 9.061278341833984840e-01 3.909866233989862661e-01 8.486718704461780893e-01 1.183946698918203033e+00 -5.635459459773901614e-01 -7.610716233675322018e-01 5.971470671471078573e-01 -3.482229380599485835e-01 -8.577182272773962307e-03
-1.383620242958350399e+00 -7.756539333448170259e-01 1.075779074275660246e-02 1.121133443441104438e+00 -1.341117448094745646e+00 -4.827972049234972585e-01 -4.326384557926599705e-01 -5.280440827919351543e-01 -5.905107121383149638e-01 5.951314076540639153e-01 1.587079950479587664e-01 6.057343149427724116e-02
-2.253973958673150257e-01 2.240224426710997641e+00 3.057860981929274025e-01 -6.453382777062600661e-01 5.766821580665807412e-01 6.112445602306448844e-01 -1.661635627255733993e+00 -7.123085736586316496e-01 -1.694825502160971276e+00 -1.573702537077463326e+00 -9.031239035594351705e-01 1.407030692189227272e-01
-4.353738115076741799e-01 1.789653431838569841e-01 -1.658039165442205753e+00 5.369841691651393578e-01 2.779326928641926986e-01 1.157139096802570766e+00 -1.058160518368517877e+00 -1.415466474335947078e+00 -2.349128453056662236e-01 1.554772468623595527e+00 -1.461351246861532616e+00 -1.996729203252137763e+00
2.170062808326894910e+00 8.012765445265189745e-01 1.918252770392500306e+00 6.123047241340140445e-01 -2.416608628515155566e+00 -9.846382857984911086e-01 -8.090110294307605310e-01 -1.176866510744205563e+00 2.688764957211206008e-01 3.408797246575184237e-01 -1.307626325997870653e+00 5.069426594127152130e-01
3.765469166089426833e-01 7.513858054140765130e-01 -6.225178653423630859e-01 -1.254902589687160175e-01 -1.395958538265964721e+00 6.025423228439104051e-01 -1.591737412847544109e+00 -2.807566960690510011e-02 -1.840872665709750167e-01 -1.525757401768254695e+00 7.267923118793594428e-01 8.203441559084413415e-01
-1.725335546251814955e+00 4.345472979719623707e-02 -1.898846722222005956e-01 -1.129588164052604871e+00 3.579013187074579494e-01 -1.070532089475358495e+00 -1.509976987247336977e+00 -7.977281643050015969e-01 1.429425163958281675e-01 -3.376074743067955519e-01 -8.460719278263199028e-01 -1.086386351952512541e+00
2.018015843307813598e-02 -1.969965628420799753e-01 3.297292539492256980e-01 1.724483807450279294e+00 -2.100296013131859874e-01 -1.439744951191299194e+00 4.342330616539236687e-01 8.274935456329941541e-01 1.110902322156282818e+00 4.613296515708626977e-01 6.204471306373292583e-01 -4.418616451557122460e-01
-6.078869669539760379e-01 4.133658272196964467e-01 -5.391759201253640832e-01 -2.843810160435720213e-01 -2.280788634925926761e+00 4.162399968022494762e-02 -1.141065564097792251e+00 -8.188544756038104167e-01 -2.545366375667043601e-02 7.621731319741431587e-01 -1.236759687209335157e+00 8.378356482105701053e-01
2.205328671931868545e+00 1.286105965012966035e+00 1.045690197425683809e+00 -6.315113014524545432e-02 8.782342805459338875e-01 -6.404305208458280219e-02 1.060826165459243908e+00 -2.575497929933905916e-01 -1.328611137619531424e-01 2.990944571664349572e-01 -1.683550045591238331e-01 -9.370137722792444279e-01
-5.703701639571555626e-01 4.677082202419226009e-01 1.834872992248307355e+00 1.475295818819371219e+00 1.507374564936847738e+00 -1.157074265636360400e+00 4.356184192999216775e-01 -8.727788528748220420e-01 -3.523770660836385571e-01 4.029887397949092898e-01 1.060659496543799429e+00 -7.290898119063256300e-02
1.284024056624384125e+00 1.461350526702373254e-01 -1.305318681900899946e+00 2.603182343581157965e-01 -2.766546057162116989e-01 1.366108827496072653e+00 9.780383516422338497e-01 1.028489510815517649e+00 9.896306407020102336e-01 5.790728172678130115e-01 2.321115797539481385e+00 2.836218299256239472e+00
1.409168339094630795e+00 -1.623800218656533956e-01 1.155593127016566024e+00 -1.803839862161227048e+00 3.920855997509960500e-01 -7.416733853629915441e-01 2.454872649013688513e-01 7.438767214195730615e-01 -3.876346140855918554e-01 1.067709512499090518e+00 -8.018788116004845756e-01 1.722732985613733281e-01
-8.588979020595141067e-01 -1.407394039559280996e+00 -5.240391547424717855e-02 8.614325994532715525e-01 1.242329750182129322e+00 2.742192929012770897e+00 -9.424090187046770817e-01 -7.615869542896733790e-01 -1.110751864337498951e+00 -1.042559326038732914e+00 -5.875604674952260575e-01 5.830976376773445713e-01
2.803567431106526731e-01 4.249245509092794415e-01 -4.051949343674818294e-02 9.593161628508111161e-01 -8.191805594596991702e-02 -1.833435750857311586e+00 -3.528267716376845553e-01 -3.114723572540408283e-02 8.675469841767313728e-01 2.774373169948620155e-01 7.103337154034240486e-01 -1.680637465454646096e+00
1.019283122969532274e+00 -1.806381978596721949e-01 -1.464562051953086641e+00 9.766242449198621056e-01 8.331540150166864001e-01 9.798224526968885018e-01 -5.382711186470472836e-02 -2.711178905712439691e-01 -1.419214935053407345e+00 5.506929916017401228e-01 1.042670957626311429e-01 2.807533784634180130e+00
-2.250696186013511346e-01 -3.091174515160634573e-01 3.269191121140508360e-01 3.749610115758586493e-01 -6.928491788592257006e-01 -1.375951313797352693e+00 1.034289852052069580e+00 -3.928404063639107657e-01 3.786019837188502324e-01 -3.829764258577060265e-01 -4.993416895690542257e-01 -4.593960936739038825e-01
1.321714332883042520e+00 -1.143014136674798342e+00 -7.744836319853307671e-01 7.444485324981859886e-01 -2.246894816804879610e-02 -3.288304167930960337e-02 8.616665013439630538e-01 -4.179813919757965346e-01 4.115546612809338756e-01 -2.727780336155325447e-01 1.296747554076237985e-01 2.172963865270969297e+00
1.029467227844612504e-02 -1.269595739180374494e+00 -1.812336169932959526e-02 -4.910873104138394618e-01 1.644666427601634950e+00 3.100120917753705352e-01 -1.145675289858038237e+00 -1.078374421213709633e+00 -1.549741421712287570e+00 -1.762566598730986200e+00 -1.133650138881205430e-02 9.797264007561522492e-01
9.719761473077624947e-01 1.136644658172867750e+00 5.483587034644802349e-01 -6.707658787773173037e-01 -1.677696239474369810e-03 5.609337622228544040e-01 -3.739179254044653344e-01 -9.389315915633353882e-01 -1.942780071154989852e+00 -5.379020760513072430e-01 -4.026039612485058927e-01 -3.762208154795845805e-01
1.070330980357725968e-02 -1.428178240124891474e+00 -8.399168210762072428e-01 1.378199157342206549e+00 7.268825164249224091e-01 2.239784084250185714e+00 -2.184705605464255240e-01 -2.842300275414096911e-01 2.128743405137065725e+00 7.768918369578723393e-01 -6.463042609362756874e-01 1.486110720212545866e+00
1.468199779382698411e+00 1.436599699972669120e+00 1.040132315618332026e-02 -4.312754873671285627e-01 -1.119030050565811507e+00 9.170300273243585654e-01 -4.387709887789633667e-01 -7.379221307094975257e-01 1.541049914198020510e-01 -1.449139200770426655e-02 1.651604705692975295e-01 -1.537391864103758277e+00
-1.453683333844243801e-02 -1.063301879752432511e+00 -7.346144255802230516e-01 -3.764839455919423705e-01 -9.059468204667173175e-02 -1.141799851983673619e+00 -1.481872729432257008e-01 2.604189321530921974e-01 -1.226214556734543049e+00 1.370046476923106049e-01 4.528829289119595813e-01 -9.679427590715901364e-02
-2.627025195150409220e-01 -1.326923328787505296e+00 3.683304003860317644e-01 2.240726177570707467e+00 9.122616912506013032e-01 9.377123826678851470e-02 4.591797444940976525e-01 -2.253203604420900064e+00 8.229845062395947375e-01 2.944060607016817793e-02 -1.032678944624870060e-01 -9.902746245239013589e-01
9.143842968525390802e-01 1.076418385865110183e+00 -4.143498858049287081e-01 -8.709918838658078366e-01 6.215553771533568334e-02 -2.820116440451463924e-01 -2.031346748302384153e+00 -6.481165997968492132e-01 6.720202970483977190e-01 -1.957275550629875127e+00 -2.133650569019973631e+00 -1.781570082783613673e-01
7.479795190246173453e-01 -1.023026288359057734e+00 -1.730318123510210082e+00 -9.545733117660091249e-01 -3.432113054844210254e-01 -3.306926604465371816e-02 7.467199653031829643e-01 4.795889355987157932e-01 1.813045023456846483e+00 -8.187046859854653080e-01 1.247824496813130901e+00 6.934260941070257145e-01
1.558209399990550859e+00 1.646130820746032120e+00 -6.567336503698683048e-01 1.322611834206222969e+00 1.036664700170696118e+00 8.920438182612212552e-01 9.924826968610857003e-01 -1.680347867823295038e+00 -9.614729372523077577e-01 -2.318828002074718383e-02 -2.282366065250892029e-01 3.032692708579594609e-01
9.227783962674435125e-02 -1.580677281970696679e+00 1.303576729789463207e-01 -7.970897207659122241e-01 3.780730834342329594e-01 8.203992551768318764e-01 1.956444178550543311e+00 -2.000124745164969298e+00 2.758797396292546056e-01 -6.610329405362372901e-01 -1.136685019133916397e+00 -3.070530391964804151e-01
1.468793524710909404e+00 -1.584662441104613739e+00 1.893081999377204783e+00 1.506587058649972999e+00 -2.022712338444802693e+00 4.324883962814573546e-01 2.974873741207996192e-01 -3.329275660489601218e-01 -1.659572510239494481e+00 -1.055257758833944015e+00 1.839712546284344719e-01 2.582444696949008980e-02
2.702026341051617209e+00 1.413492979557404716e+00 7.162327745661866141e-01 2.277484245058647161e-01 -4.314041330054038670e-01 6.648856514766140480e-01 -1.430454932238648391e+00 -1.947324160139821403e-01 -4.775820921747579995e-01 -9.909695607353089519e-01 -4.986277824176753581e-01 -2.187404003828598634e-02
5.208315808179949657e-01 -5.659213284476611455e-02 -1.949576025320411743e+00 2.389208799264169958e+00 -7.864310161521855802e-01 5.539519930527772584e-02 -8.989780743074647917e-01 6.562917690004806959e-01 1.342054237424558982e+00 -9.111039634876568760e-01 3.592061012609423232e-01 1.414912417649966114e+00
1.588264197238824282e+00 1.789266459773488638e+00 -3.900990184432316654e-02 -7.036568345393646728e-01 -1.165242143853113754e+00 -1.182615385364651495e+00 2.326997709758730493e-01 -3.135530276485705148e-01 -9.510427221176451784e-01 -3.351239932037185509e-01 4.037037471347739159e-01 1.435509590339543617e+00
1.190143939977426957e+00 -5.937932813286254108e-01 1.211097656270795797e+00 4.237141432677061226e-01 2.864280646184239054e-01 1.779307904995355960e+00 2.533689488173886506e+00 -2.914320324110754035e-01 8.180416386874470591e-01 -8.857137510261661184e-01 -2.015450201042573164e-01 -4.521685869056783491e-01
6.383151210672534104e-01 -6.867641396344715821e-01 -3.114517373689588142e-01 -1.020996889525650708e+00 1.471648090428532063e+00 2.789086064908576912e-01 6.574564681290635537e-01 -1.100644984983635138e-01 3.644234974051511755e-01 7.446471209759052412e-01 -1.049416658888561615e+00 -7.217954175992179477e-01
-2.767794316409000754e-01 2.829780262098504084e-01 -3.761654000982396218e-01 -1.236033115284902228e+00 -1.273204773447719873e+00 -1.382445979635234412e+00 -6.404314105400511492e-01 1.151442580001877491e+00 -5.834722043310133222e-01 3.306247478253288019e-01 -6.576734391414038594e-01 1.250055590885154500e+00
-3.002973266457406240e-02 7.059464563617900978e-01 2.952465716615695901e-01 -2.760357020576669651e+00 8.995298821721566807e-01 2.614853575121649065e+00 -5.168691724590881442e-01 -5.522721372842489540e-01 -8.056467191681707662e-01 -3.276461057012387545e-01 -1.660036453514120325e+00 3.021218924023412744e-01
4.500367452994490092e-02 -1.190146053229742762e+00 1.760535026776119949e+00 -1.024833122624309478e+00 -1.158050614346515017e+00 -5.444244353650030677e-01 1.520632903835833272e+00 -6.616836646576579328e-01 -2.094941208450288084e+00 -8.167305494609251593e-01 -1.517196270826096927e-01 2.028857360486878425e-02
3.361900416609423514e-01 -9.717045118768841139e-01 -7.392615243180792328e-01 1.652189689600950806e-01 -1.585652566607711922e+00 7.299651729874978567e-01 1.576729812896290051e-01 4.972693890164983643e-01 1.473874927634167831e+00 -1.651112360123700717e-01 4.509502289594848751e-02 -6.307603655494974371e-01
4.886933906399432842e-02 -9.554340689169862344e-01 1.673697165579286272e+00 2.977807473392730664e-01 -1.128226986721891034e+00 -3.372382734949819771e-01 4.329734986277564701e-01 -8.927982380035634491e-02 2.013044462044295990e+00 9.031984549616749458e-01 -1.776268735909244167e+00 -2.173889674473147515e+00
-4.544277619252645728e-01 2.974775231923220131e-01 -1.293496995940086158e+00 -2.361180379678294861e-01 3.192093808248240849e-01 -2.481968343173434621e-01 4.929670149080618569e-02 -1.953602340242117874e+00 -9.403896952535143461e-01 -1.260074455083053158e+00 2.019462984551596563e-01 -7.650770648461890922e-01
-1.423166152726968559e+00 6.952928252157743183e-02 -8.402620364927134711e-01 3.493659382341301467e-01 3.631215224991407586e-01 -1.518525325717482666e+00 -3.892412123538188107e-01 4.652679093476481120e-01 1.707398434012878108e-01 -1.202160948631620485e+00 -1.100115474909823199e+00 -5.333034898959991832e-01
9.834666339821429570e-01 5.432091099901833475e-01 -1.010885545954495646e+00 1.678260148560047349e-01 -1.213363764315316812e-01 -2.148051537008728307e-01 -1.122662824863492670e+00 -9.211974787582895979e-03 6.780796758527367629e-01 -1.224163086511722343e+00 -1.832385246203479812e-01 -1.336134295196877986e+00
-8.249037644857714069e-01 -2.183562923857731430e+00 1.926819976172890470e-01 1.081293368623258200e+00 -2.530017097070574872e-01 2.104134540206898940e+00 -8.438976472174816723e-02 -2.552732546406778491e-01 -1.455846552148328588e+00 1.233373737729076373e-02 -1.353660720151893093e+00 3.078550676070667125e-01
1.148210008833957740e+00 -3.632452033136125968e-01 6.873437309515792459e-02 -9.129399988072687266e-01 3.843271598313000026e-01 -8.564853990028920006e-01 -4.877859292668591529e-01 6.976008873598394944e-01 5.802538107825834235e-01 -1.326159614420684418e+00 1.851434771538734703e-01 -1.333757153703554743e-01
3.042864266203931800e-01 4.250043765706477683e-01 -2.175805725298708346e-02 -4.938818950617780423e-01 5.861492223568773863e-01 -5.939292758948502282e-01 1.755281506987624585e-01 -1.077736257332631231e+00 -7.617972399181117682e-01 -3.452773221151918537e-01 9.563394436796289755e-01 -4.189962283713881408e-02
1.620752248059316392e+00 -3.249629372534435512e-01 -1.379920421275111497e-01 1.408073728491811283e-01 -5.141670241928707474e-01 -7.662834409129806179e-01 7.770739639778916352e-01 -1.364847535549339241e+00 -9.657330357943261223e-01 -8.099172432666504884e-01 -1.577720155969684290e+00 5.605692785942077982e-01
7.531160822759962459e-01 -8.876505290430584116e-01 1.462295297389039739e+00 1.203527537800868519e+00 2.280960756195389738e+00 -1.041457374940429892e+00 5.678948381355563013e-01 5.089617198862769198e-01 9.158775848346021320e-01 -7.339838242528302636e-01 4.842592716714819168e-01 7.934524884439058123e-01
8.943334670585403323e-01 4.981078173136303106e-02 1.149073973680461158e+00 -1.125854478522835267e+00 1.163970868648668056e+00 -1.565541998282834468e+00 5.189411906812245734e-01 -1.436457930571692687e+00 -5.957895914056137165e-01 6.173893390584331842e-01 6.307310358170544751e-01 2.448045172223563617e-02
6.239622365383782343e-01 1.694183307318927856e+00 -6.032684359401110363e-01 1.995882492597398361e-01 1.740602997083636971e+00 2.707579949163939070e-01 -7.561133766455375993e-03 -5.317990464082713586e-01 1.539160435616898859e+00 -2.894944015704550289e-01 -3.955857807879575860e-02 6.701169886814326571e-01
3.772710395127804039e-01 4.769551267715778642e-01 1.344671517282778783e+00 6.416117530253263590e-01 2.125376721964386206e+00 7.741620707079593933e-01 -6.609418268453512990e-01 4.791328505304632279e-01 3.150734173694731965e-01 -2.435600788554540819e-01 3.287375548847866757e-01 -1.232287680874144309e+00
2.222600028683612006e-01 1.064529132289240732e+00 -1.651578003387309090e+00 -8.277913945382966432e-01 -8.948930261903532690e-01 1.256860524624766384e+00 2.975462071805235476e-01 -4.110616102326345445e-01 6.618089115628660313e-01 8.273856328309597830e-01 7.717267567928923766e-01 -2.950529943188151538e-01
-1.443297558549832271e-01 1.057870154863983947e+00 -9.662791989617292021e-02 -4.772698216016144634e-01 -1.372551070094716552e+00 -9.503355959677555198e-01 4.596780668258276803e-01 1.633144052750850478e-02 -1.916292941766572777e-01 -6.650435900505035081e-01 7.322229226107490607e-02 6.691673285022936568e-01
3.793015351204984120e-01 -9.228861645895028998e-01 -2.304534817982683670e+00 -7.793634432741887164e-01 1.173465288117214289e+00 -3.518869842207437704e-01 8.895924201068927673e-01 1.757863415648246441e-01 1.091365496352366460e+00 -1.584558384588952595e+00 -6.711180292618487142e-01 -1.492024100227114403e+00
1.034616536856304503e+00 -1.647447160768883867e+00 -9.083753963968547174e-01 5.764302848597601114e-01 1.113549529582839037e+00 -4.038981068626517068e-01 4.183348305823066937e-01 1.594723262886199144e+00 -1.198086251039624850e+00 9.202424649407690838e-02 -4.527709011146247020e-02 -6.736516681686905983e-01
-1.821931572389312581e-01 3.472219044296854240e-01 8.205198141460954275e-01 -1.046887209456941248e+00 1.018451051081046499e+00 6.480939495924342708e-01 2.654037744117447417e+00 3.896260498468209210e-01 1.189203813343882254e+00 -2.501122780659605471e+00 -6.776364436510227129e-01 -1.513446301421076612e+00
-1.112819426213941698e+00 -8.190622418382087488e-01 -1.718922871188765383e-02 5.417418985510116247e-01 1.227592205170281670e+00 4.016434268864456092e-01 7.523663882562708904e-01 -1.126228510409068795e+00 1.710710886392680541e+00 -1.513909249336083285e+00 -6.306957826231363029e-01 -1.696478749096640870e+00
1.593528234385989950e-01 1.776715021825870933e-01 1.461154413423299166e-02 1.040191039721205524e+00 -3.837502315662627561e-01 4.641716835006149539e-02 -1.536513676477957890e+00 -1.719915723524547690e+00 1.190404287852881299e-01 6.697089859776891307e-01 1.069286082640263036e+00 -5.654228235828494542e-01
-2.040469319468545706e+00 -1.949762920690818246e+00 2.690375686115101805e-01 -3.308289018138211302e-01 -1.006654818557441988e+00 -2.284214731778397289e-01 -1.073147843819256958e-01 1.605615938293556422e+00 -6.486587165447517123e-01 8.456979489734558486e-01 -1.804661771780017854e-01 4.456691231461388236e-01
4.512236527651332096e-01 -8.691338244485247166e-02 2.155333756975622794e+00 3.583581144182254041e-01 9.211182162386865047e-01 -1.936771678624682469e+00 2.248374893503271910e+00 -1.584252638266603064e-01 -2.118691572576500981e-01 5.526734759709349687e-01 -4.700043486735231424e-01 8.444430348758327209e-01
-9.910778458199497321e-01 -6.849717586363553989e-01 1.312116766626544972e+00 -2.054916507451584717e+00 1.336830409122145236e+00 -2.809426215229844925e-01 5.325162276436874453e-01 2.565750907683981841e-01 8.839744847004485373e-02 5.459137642168059301e-01 -2.103034574607225871e+00 7.972869304499964338e-01
1.040871737330070879e+00 1.194170053085128330e-01 4.092714808141525995e-01 -1.610501601817453110e-01 -3.797075067917533575e-01 1.904740684489060865e+00 3.639105812642949855e-01 -5.325153809194116405e-01 -2.165456703817705830e-01 -4.329734474498209140e-01 -3.902458020252862481e-01 -2.941788818666275507e-01
3.042255667933942420e-01 -7.113091386104324343e-01 -4.795288362944650218e-01 2.094074270616474130e-03 -2.128603690396274617e-01 -7.430873455353791401e-01 -5.995364967039920057e-01 9.585951163536935438e-01 -6.311128176294098502e-01 6.388275913735310674e-01 -8.943680526819969279e-01 3.852509548633319403e-01
-1.064967973819886948e+00 1.870821414625636780e+00 -1.486683097244958507e-01 7.367745875340606654e-01 -8.770957703193561494e-01 9.937868911737221533e-02 -3.458317316344377557e-01 7.928813300561431132e-02 2.405109567267846860e-01 4.546890791281172350e-01 -1.309171575944867882e+00 -2.214773474788619634e+00
-3.356412352099209517e-01 1.026385049211385292e+00 1.776748437679493975e-01 -4.751487857854388985e-01 1.273964250622075856e+00 1.567441598179002193e+00 1.138478190192876438e+00 1.698553194890034188e-02 4.497465848896767260e-01 6.676145260633988832e-01 1.924611545747677122e+00 -1.411459650760981122e-01
-1.691818457939729126e-01 5.427273375848500336e-01 -9.730871809991005206e-01 -4.106131821387445924e-01 -4.403008034929246639e-01 3.333499105906655435e-01 2.912811318665329829e-01 3.032630406724816097e-01 2.945937482765823567e-01 -5.440672107983366423e-01 -2.782489239625318245e+00 -3.023803719749673657e-01
8.379547191950009050e-03 -5.649792518254351803e-01 -1.174179873921386980e-01 5.410720799641339784e-01 6.423488540586882456e-01 1.462079950957076768e+00 9.137176301726120942e-01 -6.547587788842526013e-01 -1.951027592348338058e-01 3.966776520755906366e-01 1.387301535648709949e+00 1.370161052441276617e+00
6.734973202077180199e-01 2.105831817502977488e-01 -6.558927899618496316e-01 2.679290376241856841e-01 1.483551915312710356e+00 -7.420019768228375279e-01 4.098059503808803572e-01 1.842676265704429994e+00 -5.713259945172975973e-01 2.161473543954623100e+00 -1.192247886262745027e+00 1.869565027471483010e+00
-8.262083803110087388e-01 2.929403090060121451e-01 -1.700415055468097458e+00 6.493528547489800795e-01 -8.242929145288524495e-01 8.020628088099952535e-01 -1.504777604133773483e+00 -6.812259691059188160e-01 1.560856607177087962e+00 -1.316102765073092096e+00 -4.813768308744937885e-01 1.304188127140285758e+00
1.955542708966138576e+00 8.518365965128591455e-01 -4.475801242224078380e-01 -4.272957532781057610e-01 1.223791870930335257e+00 -9.638324320025623004e-01 7.380982286961124128e-01 9.122561514508605029e-02 -1.540463561579372698e+00 -1.409182693872590653e+00 3.096395280935590466e-01 1.138451472197437447e-01
-5.884341767673325618e-01 9.886812495437585779e-01 1.125129007719353869e+00 -8.931964388202446870e-01 -8.106994634575011016e-01 6.118343535936154876e-01 -4.863736415407646785e-01 -1.319349943694646310e+00 -1.085941074617461678e-02 -2.566720213843538989e+00 1.672027806995552146e-01 -9.747816992149898052e-01
-4.055125546211755250e-01 9.606113725040426043e-01 -4.703033677356380227e-02 1.579006831835697788e+00 -6.075023806995394349e-01 1.928677603311429678e+00 5.878215516010514285e-01 -9.217945431169904946e-01 -2.556219444139668506e-01 -1.109324254382695329e+00 7.819633018298972615e-01 -1.618534363734830617e+00
-1.080365943718258753e-01 1.297409247839197866e+00 -4.654924359320735672e-01 1.526208986582085592e+00 9.180382959932691378e-01 1.611446220527552875e-01 -7.036911005329467006e-01 9.517892744439566677e-01 8.586076748748540099e-01 9.029751439464461793e-01 1.807433218528863073e+00 -1.073622478853986539e+00
-5.999844188759080321e-01 1.592455518348394883e-01 -1.300941731986984040e+00 -1.258213217914221360e+00 -3.219964018003146355e-01 5.676591997029376557e-01 4.299522849429615601e-02 1.167583470855108330e-01 -5.799973368411389663e-01 -1.013305116338567569e+00 7.359429634316376756e-01 -1.781769576208318828e-01
1.101169077347320169e+00 -7.084472168379789547e-01 2.361578169862495802e+00 -1.672521717623081106e-01 -1.182152124600031717e+00 -1.056716666452788944e+00 1.532852046878419916e+00 1.589166439911012585e+00 1.557309247138338293e+00 -8.169766842200847368e-01 -2.427761221994678975e-01 8.442095195913843497e-01
-1.865135691080224145e+00 -6.911920447513498766e-01 3.428551857498056132e-01 1.027224974365546828e+00 -1.301030738952649646e+00 2.910691392241696596e-01 1.907224109164807890e-01 -9.900639669652057107e-01 8.546564205941197256e-01 -3.364783559683020009e-01 -5.969867310081313772e-01 -3.019847967359770013e-01
4.777258507777614738e-01 3.784815278842542652e-01 -7.487433689402552828e-01 -3.057579381476218106e-01 -1.414829572654858092e+00 -1.050891351339891200e+00 1.103170518991088089e+00 -2.428319602229553897e-01 5.597361646984624350e-01 -3.829191796117528135e-01 7.901479476524557732e-01 -1.268285567584943818e+00
2.587663353994661186e+00 5.089354924876378083e-01 -1.165022229742272292e-01 -1.593688997114176775e+00 -3.119661872573363248e-01 -1.113895520485020718e+00 5.533154682752958742e-01 -9.453080373212948695e-01 -2.177527402670325074e+00 -1.026194107570615133e+00 -1.210784880752960868e+00 5.147501602366848505e-01
-1.272932573015800983e+00 -1.602715591601631406e-01 6.481719724143725214e-01 3.099018706064440298e-01 -1.541411290145552337e+00 1.221330115246747616e-01 1.628597806390356562e+00 -1.722225598029108184e-01 8.126694674944779928e-01 -5.607701695490979743e-01 -3.293899965407258157e-01 -8.486414989041216606e-01
-3.680434513707994681e-01 7.914934950345206000e-01 -4.077409647025938555e-01 -2.112191773264275874e-01 -1.721624476317523689e-01 -1.715096051266393751e+00 -1.613944147856561484e+00 -1.032586281909660064e+00 7.620545861949734601e-01 1.133341584148533032e+00 -1.532793537049619292e+00 7.379336833842465859e-01
-1.339954743011818827e+00 8.835429051790760768e-01 1.980698265632146460e-01 -2.193169770890444070e-01 -1.075814827595860113e+00 2.905213073147363545e-01 -8.842274773931496634e-02 2.037166268379577705e+00 -6.509148818314614005e-02 -8.142303758599738206e-01 -1.226237035331111169e+00 -8.945112202194480666e-01
1.269332806052001938e+00 -9.748151718811536304e-01 9.157256115652069317e-01 -1.260155337941561982e+00 -6.969750959679456015e-01 1.633890923388669369e+00 -1.740692117115305804e+00 1.175561432239646820e+00 8.839022422400145684e-01 -1.033600008301837958e+00 4.074557090866809950e-01 1.612813908980254285e-01
-1.408076123936489399e+00 4.504820155101099566e+00 1.435056889685999704e-01 1.929168102891710035e+00 -2.078071272707897599e-01 1.935988341799063983e+00 1.003035999239204168e+00 5.579056859496404897e-02 -5.987413806645118797e-01 2.030553600179343665e-01 -1.737477418354764491e-01 8.036535841900427357e-01
1.543698259759868074e+00 7.454931310217537133e-02 4.919146685916357398e-01 1.535102797018626397e+00 8.690929696324531384e-02 -7.469447961560965465e-01 -1.940871705926801472e+00 -8.565136422365240421e-01 -5.869380206057291938e-01 -7.517366390221610351e-01 3.704480672624295701e-01 -5.645473523053508025e-01
-8.193288429252011396e-01 7.759260951952520191e-01 8.393750646828802564e-01 -4.599896984090626195e-01 2.896562213509426553e-02 -9.437451634329234729e-01 -1.225350225834343831e+00 2.761532749460682279e-01 -2.403335639782790967e+00 -1.488719244533718948e-02 -2.125788918690020568e-01 -4.915726164267381071e-01
-4.720173499504323189e-01 2.871620055369487057e-01 7.028200515201517284e-02 -1.374615912469515644e+00 3.433645982727557278e-01 -2.260750626188722523e-01 -6.762373074444559817e-01 7.777073637626106262e-01 -4.249084169244798370e-01 1.905299828138325990e+00 -7.031444653238565490e-01 -2.002712840145251416e+00
9.883006088862166250e-01 1.055497379132297908e+00 2.034832103698565875e-01 3.514223772540821522e-01 -2.104475796743237315e-01 1.389005425537623184e+00 -5.591138742548095592e-02 -6.637534856848427145e-01 -1.609894410506975015e+00 3.484351622071363841e-01 7.614409315842231019e-01 1.869039022178061726e+00
-1.510666790922925662e+00 -3.027641246823303600e+00 -4.791735464478693585e-01 1.037196521364904145e+00 4.598371104217416905e-01 -1.559024778001893152e-01 1.450399028461063222e-01 1.233391432595245973e+00 5.905815663448018560e-01 1.229375560928371192e+00 5.722294889689243380e-01 6.656934996185449593e-01
9.560180697972305852e-01 2.527215910827790069e+00 -3.312844931482665234e-01 8.882707538749122778e-01 6.884289713630396823e-02 -2.015681809765156984e+00 1.131085927566792028e-02 -2.274661608894949172e+00 2.244896541991659333e+00 -2.803303502672780390e-01 -1.265516194504298086e+00 1.420769050876304451e+00
-3.005481375037510894e-01 1.640339058721430154e+00 -2.319685827377256926e-01 -9.331329698473314060e-01 5.837533432099931696e-01 2.267687331193882105e+00 -7.910956458060902641e-01 8.493322264951377321e-01 5.106010392829752886e-01 1.820989871126374338e+00 3.266769376269703873e+00 -1.171055324807559472e+00
-2.141971457851050975e-01 8.782468973824937297e-01 -6.272886037435432272e-01 4.458467801069828096e-01 -2.955450514012203725e-02 -1.108543427902629164e+00 -3.720093201264739746e-01 9.581834930017112395e-01 2.785979212816545036e-01 -7.899541125137468645e-02 -3.350810400177106629e-01 9.845237419804268031e-01
