4.741484254607169352e-02 6.722844144984109482e-02 2.161182902885866106e-03 3.850582869635089164e-05 7.813053045638506354e-04 3.211965914695808638e-02 5.417265759929164315e-02 1.319563546841249352e-02 1.051877545777404194e-02 4.306928032811263574e-02 5.124189034488960820e-02 2.701991150994505902e-03
3.591845275588758171e-03 5.989070653319029935e-02 2.136786729378145622e-02 1.686600103313916138e-03 9.987634864738290097e-03 8.038113902378959952e-02 6.577154283565060655e-02 1.211093146225693251e-02 6.762491670624724838e-02 1.832700493217326310e-02 2.532886758556838255e-03 8.902012245947015304e-04
1.374008896339843841e-02 2.023573036694365987e-02 2.246918020029423091e-02 3.400081323220333074e-02 3.884715997370575841e-03 2.207012652397433508e-02 7.042531807767592189e-02 1.030792278045092845e-02 2.138584589648233336e-02 4.114698907944498024e-02 8.145609612594551310e-03 2.671558711278231284e-03
1.087639834476181872e-02 1.050654541544700053e-02 4.448121689300314069e-03 1.989103607465640688e-02 9.143437334403444958e-03 1.004016834285782755e-01 3.204106219856321658e-02 9.425333310312674576e-04 2.309082125234686398e-03 1.425629711142202549e-02 6.607115205669593372e-02 1.826669572546765763e-02
5.514450359386036810e-02 2.972000240396692472e-02 1.347518350310777761e-02 2.197343303056255304e-02 5.329018414836590029e-02 1.821925785263410827e-02 1.224270432120976113e-03 2.567758454819013027e-03 1.210443371708321177e-02 1.202552527550507233e-01 3.850578253160973855e-03 4.060880603305700755e-03
3.126303440847685855e-02 3.056273885287469003e-02 8.518928972410778899e-02 1.159946529516682305e-02 1.139518502645153969e-03 1.343758083275482232e-03 7.755041354291681774e-03 8.297376081031666156e-03 1.249461226929140557e-02 1.663585728777155701e-02 2.220171370424230475e-02 8.947146563968522148e-02
3.478324789187024063e-02 1.212473348566165676e-01 6.609519098076990784e-02 1.190425569801859332e-02 1.899613823404083064e-03 3.693769307918068606e-03 8.622428359592593239e-03 1.383511865055987895e-02 9.538665868301035231e-03 6.250249858180360364e-03 9.223678714848899604e-03 4.406095645035269792e-02
1.314277453817595462e-03 4.985144776257861149e-02 5.019321446936493569e-02 4.005338428846146742e-03 1.184097875917316037e-02 7.821078599449799232e-03 1.369899672687978527e-02 7.501164774434432650e-03 9.088088941330894552e-03 4.162577583228967149e-02 1.204229955139722863e-01 1.647424553521667718e-03
7.862102348436632304e-02 1.999904960592305825e-01 1.997852195370068001e-02 2.298813018902177811e-03 8.175300240139586963e-03 1.199022336808079972e-02 7.417830970748165269e-03 4.102158764818613669e-03 5.625907984460057180e-03 1.698309705467889244e-02 1.479971176267988811e-02 1.184187831311547118e-02
1.791218503606711865e-02 5.226566259930774672e-02 9.664875249307289945e-03 2.533311107775480277e-03 8.571192523677436531e-03 1.160600873851872911e-01 1.115920691276083010e-02 2.544838010396746619e-02 2.065256736355743777e-02 7.839681921535777628e-03 2.778520300483759004e-02 4.188212257439651379e-03
1.764346762863959819e-02 5.587064180435560856e-02 3.220504424742432620e-02 6.572731582868664851e-03 4.631354410941708466e-03 2.560715752308353934e-03 3.705517266743819926e-03 4.028486557311489885e-02 5.008955508671357471e-02 1.053877785800342790e-02 2.616489824435122916e-02 2.294259346110242431e-02
5.879522377507665626e-02 3.426602839702518055e-02 5.603437550745705292e-03 3.033288646801102564e-03 4.854463774464666537e-02 2.980451692792481302e-02 1.879812233887070624e-02 2.748112175154645773e-02 2.754730344443683671e-02 6.089558732170995831e-03 4.184554682669709008e-03 9.990284353530474309e-03
4.686462654386730313e-03 5.768679264884528021e-04 3.816158675853106603e-03 1.325860728593260783e-02 4.129975831141691200e-03 5.008966182847147258e-03 6.520052878998322532e-02 3.297641248499437461e-02 6.404166811650693902e-02 6.644804958472727563e-02 3.391959249915865032e-02 1.142297620735830375e-02
1.264469646919434351e-02 1.254085376043557153e-02 7.570345823607672886e-02 7.317243447914146062e-03 1.128689780683238969e-03 1.125849184407184565e-03 3.371993106752137204e-02 6.781319215926821797e-02 6.639135390603403790e-03 9.296648713775803024e-04 4.373621487975633965e-02 8.875820381524959779e-02
2.025729605392178375e-04 8.674560999223902239e-05 1.265561278908460246e-04 5.613981421843100908e-03 1.638654146228130104e-01 4.391134828468491735e-02 4.861991412884275610e-02 7.570454385754617210e-02 1.183655207165188426e-02 1.596491120445475004e-02 9.537145392634448215e-02 9.614774427216844777e-03
2.489478035298151818e-03 5.648103209455126658e-03 2.351349832376052260e-02 2.321822425267022760e-02 4.470495516423260429e-02 9.530314993886372307e-03 6.224724489563466384e-02 1.753840321561396520e-02 2.140390555253775598e-02 6.899320032780399681e-02 6.287715431024730808e-03 1.713959863300163269e-03
4.992443189092790612e-02 7.153372571110069682e-03 9.473896499391619083e-03 2.059874065027077553e-02 5.990673689855983280e-03 2.446343627078884780e-02 5.488889674493471760e-02 1.933158656243964130e-02 4.752699168380904692e-03 7.813466780896080252e-03 2.122673670297188162e-02 3.489136925539548795e-02
2.872295249002015938e-02 3.702285220581129355e-02 1.279867824075906109e-02 2.404793316132687857e-03 2.613323084619546821e-02 1.027836906731165595e-01 1.315905237192949162e-02 4.095659375971684099e-03 4.721035405867821284e-03 1.170216491988905136e-02 1.567465441406445253e-02 3.716386027921506768e-02
9.677517977002097344e-03 5.686663589460703994e-03 1.032858740572861582e-02 1.960208777992677662e-02 8.449336551908848136e-02 1.032442737210191239e-02 4.134585616718507162e-02 3.753393523072433985e-02 6.187597675461721687e-03 3.219561932145857154e-03 2.008933301113072223e-02 7.439642569481859022e-03
1.415575726028306565e-03 8.586204834501622160e-04 4.630171117541369633e-03 2.475465346421973703e-02 1.576128935763367739e-02 1.774051221405329934e-02 8.678879468959222604e-03 4.362808391060197383e-02 4.135902873893865239e-02 1.818105915112038298e-02 4.245179470372598823e-02 6.746096132193059314e-02
6.246525833573209063e-02 1.119153548809812514e-02 6.439155281718223628e-04 5.084587243243511925e-04 4.670662889853051392e-03 8.477659235476944777e-02 2.203784602913854557e-02 5.991663147257349914e-02 5.014766326753727216e-02 1.520403675475584526e-02 5.622415353001592765e-03 2.869938232557790736e-02
3.273228577609945972e-03 3.885426772841475695e-02 1.148231406336760047e-01 3.549091102055002694e-02 6.998356187219574587e-02 1.156055852401691002e-02 9.699655661117800864e-03 1.406517591789091005e-02 2.418899223048436367e-02 1.713961436478971673e-02 7.906659148477389798e-04 2.047264085988367767e-04
3.005007241755970355e-03 7.675157641724434168e-03 7.656937487285964995e-03 8.050556209886161607e-02 1.539044399352430988e-02 4.111898134477379868e-02 1.690390398083644122e-02 8.910423145366478184e-03 1.717983910451540211e-02 7.971702966471788665e-03 4.116516205124460398e-02 1.489002983138168479e-02
3.165310091214158100e-02 7.539576571712593156e-02 1.128401576448293669e-02 5.794873086376289666e-04 8.714243738310061731e-05 2.486205653125608296e-04 3.326838077212466299e-02 5.028079975773183663e-02 4.564250716505815347e-02 5.738827598224925663e-02 3.388042701582387461e-02 6.475377848041603997e-03
1.475861324395723838e-02 8.965179111718802815e-03 1.241052722255559654e-02 5.342807512204786162e-03 1.812523147729012962e-02 1.027268114580955766e-01 2.785928386770154461e-02 1.333100791445221076e-02 5.155391852922360831e-03 5.739368250974295066e-03 9.771647828351090470e-03 8.616915969444860490e-02
1.648405568405433971e-03 3.122587686331444040e-02 9.754600038997689182e-02 5.830878735368245740e-03 3.257065342691379574e-03 8.387171182914309256e-03 3.133850789024538591e-02 3.660638522395981420e-02 8.508103935963702569e-02 1.908002319396898128e-02 7.235694315380528097e-03 3.452382594601193411e-04
2.274666071384639360e-02 1.840191099554380066e-02 6.242406871702812186e-03 6.176356873325356510e-03 3.792984315948014912e-02 5.838111738084696134e-02 4.596111045054885116e-03 1.024512311954979202e-02 1.148125917058067172e-02 2.162355229802200712e-02 2.665865360569772552e-02 2.364622379351044579e-02
1.877347644454408805e-03 6.872663095919093190e-02 5.186192307991645267e-02 7.794698977551852044e-03 2.264797919555073397e-02 2.919511281122390625e-02 1.016636436062228095e-02 2.483416982491458078e-02 1.815139139891833522e-02 3.800788437293178834e-02 1.300355661532791481e-02 4.693954150686695400e-04
6.662283857955838065e-03 4.389337781265256755e-02 1.779113844856933246e-02 6.157218095608528799e-03 6.290766670476680839e-04 4.687086454038417137e-03 5.315813686632068352e-02 4.588594486488949825e-02 5.657635228894703633e-02 8.291028135581626768e-02 9.259187767392651480e-03 1.127228965717818080e-03
2.020985018779715946e-03 8.620047134622318757e-04 5.381191340331551581e-03 3.783034254480797942e-02 1.955720390026359501e-02 6.132899932605025139e-03 1.693959270303868267e-02 4.411731597354812823e-02 8.996545924881217682e-02 2.698708106650459307e-02 3.332600176459086377e-02 2.191764759565451026e-02
2.033860792853957669e-02 9.490780352239430728e-02 5.165623672540405747e-02 3.308756116083990881e-03 1.700778986762092838e-03 1.815671615064944544e-03 4.510970512950036176e-02 4.493124749000312196e-02 1.802449658688214454e-03 8.021320807632058639e-03 4.664723069327684352e-02 7.917531878702789572e-03
1.572177894862340601e-03 4.722907051635798106e-04 7.067322133349753996e-03 3.890943329808551482e-02 4.595160468994677339e-02 5.069399871670422948e-03 2.962848692090139235e-02 5.457409819559889269e-02 1.362406441843972901e-02 1.051085361545050882e-02 2.177436157484409496e-02 6.713450006665484804e-02
1.316754742164061298e-02 4.324066347687208212e-02 3.172605603568087046e-02 1.560024685867775554e-02 1.662000529282233602e-02 4.672385456762059852e-02 1.429991975136770885e-02 9.761164207688948630e-03 4.406015898992872437e-02 1.224619500219079754e-02 4.383656873518098664e-03 7.116784240643743778e-03
2.895522595148032272e-02 8.564138598048225137e-02 9.439097240092024846e-03 3.271557576170255736e-04 8.085585914378260342e-04 4.331988808336720634e-03 1.367271711923438021e-02 1.117035345121682871e-01 6.818986017830148787e-03 1.270830377116631896e-02 3.019039114620842776e-02 5.050182129173874657e-02
3.609233206432003863e-04 1.000700074543955844e-03 2.092038208363608195e-02 4.544002359591678419e-02 9.892283262243440484e-03 1.299449577406114331e-02 1.048820814058434997e-01 2.321657095390492268e-02 3.133557827884645743e-03 5.443572368899522729e-02 7.822242360342514245e-02 4.516827665432103685e-03
6.049798028903629818e-03 5.127751571721305551e-02 9.158217483455553809e-02 4.777402748647001374e-02 3.550384415835770857e-02 2.032936568405706301e-02 6.341261480158792013e-03 3.405390376606413916e-03 3.248319047440919628e-03 2.705910906651879874e-02 5.352605865847054507e-03 2.706963429315660443e-03
1.506344870075387345e-03 2.425105406133671281e-03 3.192403335029880135e-02 8.675087865476023910e-03 3.217774733263969143e-03 2.652597340805740427e-03 6.611476898813011677e-03 1.059823660532085432e-01 5.781141076393059297e-02 2.720268491893969298e-02 5.085808436003913524e-02 1.932566862879273734e-02
1.375821321167703878e-02 6.100155376391384887e-02 1.622161439150696799e-02 2.398503333726852149e-02 4.567992287859604095e-03 6.404579110884812271e-04 1.132222967877835390e-03 5.863743025882372367e-02 1.309468362828025180e-02 2.810047833021234523e-02 5.459836461254446993e-02 2.056741625423192180e-02
4.926407974846554877e-03 2.479928825408138360e-02 6.040502302457979780e-04 1.289607272605873111e-03 8.265040451231359109e-02 1.387223465375898510e-02 5.819142305821549746e-03 1.853231151247575551e-02 8.410580738522854816e-02 4.428568787688225150e-02 1.161663623643789667e-02 5.495344252764921070e-03
1.754446361721893595e-04 3.168875963395909523e-04 3.965683284085883518e-03 2.563064973871267277e-02 3.726079893654599129e-02 1.010334886225954139e-02 7.047243121238652708e-02 3.116798833352090597e-02 2.792791781875039736e-02 5.300404027495643489e-02 4.198593655513817996e-02 8.118755785092820684e-03
3.838049584590058280e-03 2.763171300073345368e-02 1.026267957204468895e-01 1.488344950225209233e-03 1.893671799795303839e-02 2.635820905668759262e-02 3.525986264571572687e-02 5.153886547503643868e-03 4.601540334957753692e-03 6.604319363385427466e-02 1.819893110424685573e-02 1.718780459634824172e-03
1.574152763206922894e-04 5.815327110869359176e-04 1.525610068095757492e-02 5.130025921995591542e-02 6.108528826672988965e-02 6.460859105777021216e-02 1.985585564307830453e-02 2.685911509205302430e-02 5.778301500354160458e-02 3.592609044403898000e-02 6.506142095793246080e-03 4.402487626939242016e-04
1.000459014949806047e-02 3.444370133764495384e-02 9.031494280020256268e-03 1.611774210487860320e-02 1.226133794085981082e-02 1.062653791569468167e-03 7.680696895866786882e-04 1.804540011810007796e-02 1.663698994768145548e-02 6.099343777213486056e-02 4.271132031565747639e-02 4.369938906918299087e-02
7.355264846019561077e-03 2.410966956055660138e-02 3.386471325578114394e-02 3.471314412601494287e-02 2.630587909496389862e-03 5.132690088993888296e-03 1.202206581450670532e-02 2.288995453288686713e-02 8.473113499259908588e-03 6.029574867656361040e-03 5.831778967037668654e-02 4.405368439740844910e-02
6.368429421004453625e-03 8.014749096137370465e-03 2.077726261528727025e-02 4.653942775671224275e-02 4.648961476272796267e-02 6.044733108378260583e-02 1.969840755579936251e-02 2.935161483142829063e-03 1.332604567527855173e-02 1.469967941317919941e-02 1.601694436368995833e-02 2.850153378208784404e-03
4.903897943502787994e-03 2.390601360562685622e-03 1.241803993599126417e-02 1.943501380484337626e-01 3.195035418904978563e-03 2.191555633479288915e-04 1.253321343874581363e-02 3.913462359424328685e-02 3.159534904559706953e-02 1.960951990187238467e-02 7.555984493510534139e-02 1.369278652114357120e-02
1.639905011275172644e-02 2.247489063813106619e-02 1.422651373699576746e-03 2.584120469902670067e-02 5.973645408597812179e-02 1.220642435846667345e-02 8.923814710173757440e-04 1.548407170917951402e-02 1.026936892383121663e-01 2.364733982365681969e-02 7.526983296708669030e-03 7.217919968940195163e-03
1.153733977863388716e-02 5.091142446845510483e-02 4.219466598561085607e-02 1.440596437955309062e-02 6.079126000851189232e-02 1.009335120309640468e-02 5.277776241653864102e-03 2.579263337699515962e-03 1.644184281215932625e-03 1.193278901944029580e-02 2.509718054483254732e-02 2.842036056021739546e-02
1.206050584031275949e-02 1.932129378887900012e-02 2.174541536127155145e-03 8.158688875121311232e-03 6.737711785888966798e-02 2.894066280713557260e-02 1.088563830354358566e-02 5.257007917644367784e-03 3.449537134000227605e-04 1.818413503771771321e-03 6.133253113074186441e-02 8.722837898445723326e-02
1.396996666378511054e-02 7.926449926113715572e-03 3.890741220443447168e-02 1.516206994969234757e-02 4.599927953606172508e-03 5.865161717617122655e-03 1.039190395759146887e-02 7.144761278054556630e-02 3.288854531437279682e-02 3.233175529936818671e-02 1.028969916132922713e-02 2.172495550894704835e-02
3.776493008848613026e-02 1.458896271750450939e-02 1.413357714773949211e-02 3.393503946876025041e-03 5.796846685149796737e-03 6.482370346534066519e-02 2.151716809879551662e-02 2.764172354940764350e-03 5.257549768096351529e-03 4.299855708241132057e-02 4.197599399471042825e-02 1.886419432734750753e-02
2.760915662973935369e-03 5.385608376097032052e-03 4.151663300138364737e-02 1.614493768796546047e-02 1.122941723766318449e-02 2.041865856984607930e-02 5.595860489105985991e-02 1.357905190591059130e-02 5.118224820841297922e-03 3.282128887340502593e-02 2.327424662189011423e-02 3.427804809386934132e-02
3.054435419155852524e-02 1.105884430293943288e-01 7.861670136995726685e-03 1.448416351570800580e-03 2.434879029143686632e-03 1.016680782128198419e-03 6.316151949864763117e-03 2.416037044005273082e-02 5.849665473184338660e-02 1.515812052528722580e-02 3.726857409240894037e-02 9.404965616334269585e-03
2.912784747414139987e-03 1.394296692800451806e-02 2.343486886898908661e-02 3.294151751305281900e-02 1.046420728447870069e-02 4.803906066031963379e-02 3.567328876960690343e-02 4.010092926528771931e-03 5.549755273493306960e-03 5.388891781041102447e-02 1.902060337696740572e-02 7.291606854292289643e-03
1.140983137639554369e-02 8.983161023321502639e-03 1.873896122322711924e-02 2.605914146394661471e-02 1.098745920587066577e-02 2.310714135907316821e-02 1.533207536554492996e-02 4.754814048021841627e-02 4.372773584671187791e-02 1.920619015290307707e-02 5.161681693547445597e-03 1.183438365454435662e-02
7.366270528428423047e-04 7.910938091830511248e-03 1.473855106789455360e-02 1.153233026441184174e-02 2.708835023648821852e-02 2.533479175415644102e-02 6.565446319645795899e-03 4.579928606507512046e-02 3.801864520063923114e-02 3.405365101311238346e-02 5.764888373549192924e-02 3.631402252786718361e-03
1.776621383824731476e-02 8.339736718040773045e-02 6.259413153790341702e-03 1.012726257586623289e-03 1.681331506874652378e-03 6.915474453380031361e-02 2.434626705466324051e-02 1.002511041723727625e-02 1.159274794396654082e-02 7.504666088965089576e-02 2.279829450469033486e-02 8.356492020410107718e-03
9.503506843718600300e-03 8.312914900066557117e-03 5.981978252607185811e-03 2.548237452838401917e-02 6.910767833602708514e-03 3.783337091629260240e-02 9.527277332062608975e-03 7.444524005221539453e-02 3.756722534523284501e-02 5.829131941240378589e-03 5.208294197547862214e-03 1.335288800001006686e-02
4.527368858378563905e-03 4.036430672318581589e-03 6.193297689670908268e-02 2.703778808905314690e-02 2.545057736847264069e-03 1.127370886472929719e-02 4.003750820321235609e-02 4.012087382083356912e-02 4.242946519364114259e-03 3.098572561711029905e-02 3.917846212961080543e-02 1.090171622133789472e-02
2.222268248096937598e-02 1.228391254622888083e-02 5.075602539095007588e-03 3.618295111781009467e-03 1.269550045973838167e-03 9.418948477956715776e-03 5.710684198864712097e-02 1.971463529669429532e-02 2.031174777517894339e-02 3.528293787238036272e-02 2.237649178904732930e-02 8.158254116528113054e-02
1.412626264378274640e-02 5.751437645437567844e-03 7.871620305738540047e-02 5.138051214814150225e-02 3.891140585840051347e-02 4.253759925029414364e-03 1.301167460818358421e-02 3.372766402340338088e-02 9.014588638420150540e-03 3.424291993828849825e-03 7.485124669672756602e-03 2.975612229415423166e-02
9.527087654768491218e-03 5.254951597377901379e-03 1.241417529309461407e-02 2.727116612698845394e-02 6.620052650285901397e-02 4.208896536366418806e-02 8.106304097218602900e-03 1.064607560248344124e-02 2.362899012230246926e-02 3.564351972050048417e-02 1.221608569127919861e-02 5.808375977623618514e-03
7.896249957810255737e-03 2.695866818521902575e-02 1.165951938402960963e-01 2.216033757798950565e-02 2.741341513039822868e-03 6.497405762714260173e-03 2.951477321045970284e-03 2.711174732788171945e-03 3.191087832951969554e-03 4.863123403132714462e-02 3.253749934077160982e-02 4.935740490732869190e-02
5.198756953131636674e-03 7.601070830979579640e-02 4.663319019644364405e-02 3.758523553178970238e-03 2.311749760910069857e-03 1.155144313233403067e-02 5.833973204641190388e-03 2.683066901192427550e-03 4.557848155496362075e-02 2.107484939689242484e-02 2.480463734983080759e-02 2.909295066471099048e-02
3.038033422483125273e-02 8.141111908533676597e-03 9.319663821610171123e-03 6.054585048274982451e-02 8.983646873862195792e-03 1.447393136529575349e-03 1.559614008756973085e-04 1.149777898737454080e-03 5.730498225157963990e-03 1.691047880174539608e-01 3.758508024722623936e-02 8.768017181500424584e-02
4.792315138551285492e-02 3.895055449127309000e-02 1.285188106979007552e-02 2.870486179547810865e-03 8.181268898112422326e-04 2.464234815623645054e-03 7.928984113014259441e-03 2.598132812802318725e-02 3.141775914798459936e-03 4.515457174080012709e-02 3.408258701037276961e-02 7.032402716043512081e-02
1.851143041318598428e-02 1.246099055827009847e-02 9.880634458796420244e-03 5.845598771465966223e-03 1.977987481381154877e-02 1.853499588046253477e-02 6.541712489776679851e-02 8.453622682072366168e-02 1.358754038929463163e-02 2.875631998227825073e-03 4.089279839059392629e-03 2.662024963202500732e-02
7.472006488718957451e-02 7.151500655957793162e-02 6.210550324163750108e-03 1.510664207943207549e-02 4.747419714268160534e-02 1.865788334019729752e-02 5.211909762800391241e-03 1.674715159794475192e-03 1.465339847368792893e-02 9.446016099727210652e-03 8.321825189299232248e-03 6.358844304463274685e-03
1.676877354481041971e-02 1.595513125648715530e-02 1.682668894915257795e-03 4.032437169797471049e-03 1.340181347916378531e-02 9.914079503229786261e-02 2.402037492744914411e-03 2.397074915864060365e-02 4.246026819768960320e-02 1.655224728142686702e-02 3.118461982085958539e-02 1.077184221514361495e-02
5.460640442568265307e-02 3.748984170984712844e-02 4.126883013362993465e-03 4.676727752562985507e-02 4.824188941485390604e-03 7.145477126873875026e-03 6.333361559386423492e-03 6.663841935953433888e-03 6.107366314729659358e-03 1.022501775708841397e-02 7.491624642396838007e-02 7.416031559706090515e-03
5.296873267336010653e-03 8.749522514333507237e-03 1.287332978712282631e-02 3.136545117602483612e-02 2.206159746155063328e-02 1.568750292405349115e-03 8.294187258562592951e-03 4.250978902104073087e-02 3.037186731176635263e-02 2.995925775892679596e-02 3.853972159623646199e-02 2.785206838350316044e-02
7.424196466258497183e-03 3.718380771355948161e-02 3.046069529952271163e-02 1.190898948282993405e-02 1.687088336057045862e-02 4.462754623904174878e-02 2.543241432689589965e-02 4.520237191414058948e-03 1.344656210387679476e-02 1.140814397804363819e-02 2.660161437090578784e-02 7.103122402822207790e-03
3.196971607516223973e-02 1.549003561814792790e-03 4.755804220342677024e-03 7.751649603968582825e-03 3.141400137452290270e-02 1.553535244014991705e-02 1.749714698873295823e-02 1.234678419541717503e-02 7.227851642090858328e-03 7.386095328224707469e-03 4.321845365974188308e-02 1.096618210900175416e-01
5.945251703966156903e-02 9.564439224326832384e-03 3.181422727656088578e-02 6.884221567856424473e-02 5.964598116195497443e-03 1.334872110522178183e-03 5.116487122874450490e-03 3.712872132915893270e-02 2.851080993991744056e-02 7.411293161773244327e-03 2.750977587883026484e-03 4.531662199995097062e-02
8.748050044267704356e-03 7.841898913689217959e-03 3.535367523258311356e-02 2.741356812265154444e-02 1.887406080358008595e-02 8.280736933011062853e-03 6.270879407505227515e-03 6.027248637720260954e-03 6.733285691025861844e-03 2.209233674132240685e-02 1.550164510110057514e-01 1.774771820055512372e-02
3.097318221441573011e-02 5.960962593362089529e-02 3.440763993563868833e-02 1.991557279605151581e-02 1.209583713625769254e-02 3.588372405527400118e-03 7.856998280965345194e-03 5.535695183959304932e-02 4.232575636934458180e-02 1.368611153594869942e-02 2.767538928608578429e-03 4.104392430230565693e-03
4.357173654164150575e-03 2.631722860183235285e-02 6.033473889964442727e-02 1.478545878587688746e-02 6.106419566939012313e-03 7.423472957837783104e-02 2.067638943192011414e-02 3.022682451749538011e-03 1.269741567280959459e-02 4.522545533372984879e-03 2.668379106405509640e-02 2.176193574223117284e-03
1.026984949469824694e-02 1.202061215669216962e-02 4.506382193811715731e-02 7.427049413519182242e-03 1.037670851958389859e-02 6.446005937923849141e-03 6.258801194774979426e-02 2.575610258800742347e-02 2.486349913759487024e-03 4.218542643389789487e-02 2.030782321436847004e-02 2.479237780704110754e-03
7.782524312562198645e-04 3.722037713662290376e-03 4.070557872434756030e-02 3.410710832373185092e-02 5.482420268187928464e-03 2.963464147104127172e-02 8.634802020849863952e-03 1.248971366621460036e-02 7.407391050629912044e-02 6.522032050938182668e-02 1.275897207003905826e-02 4.319194180863889128e-03
1.974851766395632410e-02 1.254923267428811537e-03 1.458558699196632440e-03 2.932002615225149517e-02 3.336006491733706225e-02 5.187755073422097019e-03 1.685210356770482434e-02 4.109849944702882729e-02 1.413137393755356519e-02 9.806416019362154679e-02 1.154157417159662816e-02 3.633914013993689435e-02
3.033179041409209825e-02 5.124058499040569196e-03 7.822481184354201228e-03 5.962943990067743998e-03 1.507813325846405969e-02 1.347303978424387516e-03 4.004003825885060763e-03 3.566354614543269796e-02 3.018919608602411639e-02 3.638104825481359994e-02 7.941630669453195873e-03 9.222506147518906572e-02
3.731449818185476885e-02 7.570120442897811802e-03 2.530207696006942647e-02 5.144897359669102499e-03 5.564897795680476440e-03 2.986644396789530503e-02 6.240507065958092459e-02 1.076877725932323150e-02 4.971019027060045309e-03 3.092575975801536547e-03 3.697281340550837275e-03 8.466824457510069291e-02
2.465121938490468304e-02 1.211532901906072629e-02 4.745108979795949894e-02 5.573640855582746856e-02 1.641099154404282792e-02 4.089689100026728738e-03 6.079691105145001995e-03 1.049056859954655002e-02 3.173309489922998550e-02 3.691882713357566570e-02 5.298364692044240341e-03 1.359175220472630397e-02
6.943337189214577980e-03 3.670470835516728009e-02 3.843230045502522320e-03 2.483151001188072318e-02 8.473151958845580312e-02 6.411746783158092655e-02 1.868757346312625465e-03 3.260481735780826318e-04 2.050670272773516545e-03 6.227681838919930241e-02 4.221124408856635757e-02 5.553889458329778865e-03
8.639892775497794164e-02 2.987829999885119672e-02 3.728506075043205512e-03 3.245609172458623331e-03 3.558799095067224916e-02 1.093623648213954552e-02 9.558595686391732973e-03 2.591639434443866394e-02 6.015758371374680530e-03 1.778751599868206093e-02 2.642567787348640979e-02 1.843250615215060242e-02
7.819133148367655647e-03 7.086662765794726759e-03 2.530399528889874100e-02 2.142715759251414415e-02 6.644934062258617269e-02 4.029279130729549602e-02 4.386533486071368670e-03 9.121148982283102877e-03 9.878067563420234870e-03 1.352820526537377131e-02 8.136074025347913088e-03 3.712516957602929324e-02
8.102484552005066406e-05 7.540351412577553977e-04 1.357168205748783898e-02 7.022365348139092411e-02 2.006471193916148019e-02 2.383216211213846220e-02 6.968555500068272790e-03 3.042692758250940127e-02 9.542654126214118737e-02 3.836406079100998512e-02 3.572538648879307333e-02 1.955391496203723843e-03
6.571001968263501247e-02 1.589935549541773158e-02 3.555053336561124315e-03 1.194393274570094456e-02 8.826396540477632335e-02 1.199265129788256758e-02 1.248186475327269602e-03 5.907345681573054549e-03 8.727241141930547341e-03 2.793775330429219134e-02 2.359074195334389529e-02 3.775313281914197128e-02
6.946722756576017774e-03 4.372960089899645408e-03 1.352187061022950415e-02 1.661828936587403382e-02 1.664019559191984299e-02 6.261142233917738054e-02 7.012375713682343636e-02 3.439047282448393777e-02 1.941196842347295282e-03 2.033036200363315567e-03 3.329279716716867371e-02 9.079114996305277102e-03
5.794596417310741293e-02 5.032357400633716629e-03 4.927945748464959697e-03 1.960088218463262866e-02 4.885182182568229003e-02 1.186270092104580592e-02 3.792554270612287851e-03 7.003558853415697491e-04 9.276792586349353470e-03 4.383798658216644939e-02 5.166394550446630485e-02 4.155130502616377619e-02
3.700170919105215568e-03 1.793655211195951255e-02 7.365800277611333699e-03 7.358020650568841692e-02 4.084324838252484380e-02 3.334901971417328446e-03 2.792684292401496210e-02 2.192025288923578428e-03 3.204405795455052535e-03 4.618084143217297127e-02 1.762430959715861195e-02 5.609824486248742893e-03
4.479064702448980889e-02 4.305293741951918382e-04 6.057528351770623438e-03 8.623339951902904421e-03 2.120281979646357340e-02 2.030425219783359679e-03 3.366537428674676660e-03 2.780341074904684254e-02 6.011843592141919573e-02 2.111042025769765962e-02 2.031768832629814864e-02 1.601335038963316859e-02
3.878061922165314084e-03 5.697034091210491542e-03 2.663807426513647991e-03 1.222373176399619643e-03 6.523467345577345193e-03 3.612470634936645886e-02 9.233011038944903548e-02 3.560693174503223868e-02 3.632948862466918449e-02 3.309395253156099254e-02 1.237191302657076990e-02 1.578277454868207141e-02
2.704298457765653627e-02 2.754329067163499827e-03 1.560052300766071043e-03 8.644807729741792179e-03 1.370887283249008770e-02 3.824485250252170065e-02 4.045132655996554194e-02 1.041037902934190476e-02 1.023069303817699949e-01 1.285256874587937734e-02 1.058759023887872672e-02 2.769996009501431503e-02
1.842711902805856464e-02 5.400186023028979293e-03 1.610149035259311051e-02 6.070386086320928715e-02 9.600956868280059731e-03 1.442620107256128298e-02 2.717394815831384799e-02 8.778735977806794918e-03 6.525094368382438649e-03 1.099081390173237919e-03 2.147277998393870915e-02 1.088294129992828652e-01
2.786103055801997415e-03 6.735681467846584697e-03 2.102411318789068617e-02 2.580624683018897456e-02 2.785478637941814217e-02 6.717991348555073239e-03 2.711960984128929802e-02 5.363109264659390168e-02 1.061356621562126040e-01 2.095689052188178664e-02 5.928260525813713183e-03 1.520208895760293086e-03
6.259725538959873270e-02 1.935470378839914130e-01 2.664170833974736224e-02 4.492182402581471577e-03 9.846262691305434495e-03 3.356948698910659085e-02 1.962202293459434921e-02 3.499058029023826948e-03 3.273614090241116440e-03 2.572666563767847872e-03 5.445823693715292485e-03 1.215363490677233947e-02
3.055826311832584804e-04 1.957800009698163759e-04 5.538441223776086053e-03 6.531220350729055948e-03 1.742298492665252455e-02 1.253286670628280253e-01 2.169928834258993272e-02 8.748285706029812481e-02 1.681453023450629313e-03 3.106353453639204912e-02 9.442567120302289285e-02 2.705850588856072072e-03
4.760309818256129588e-02 3.190366339261744601e-03 3.194027641274012341e-02 8.942186124210821374e-02 7.158559482961576216e-03 1.160391751080287791e-03 4.234875910800174614e-02 2.068279655170459849e-02 4.525082069673345801e-03 2.249645625485123535e-04 3.444771188811397841e-04 8.712765085581711255e-02
1.173231350652680256e-02 1.079836461213339038e-02 2.990948708815623427e-02 1.053207769515211896e-02 1.667500166217077487e-02 6.959029314748939321e-02 2.676653477042365004e-02 4.164944785745868829e-03 9.599566379933413204e-03 3.009270268778812402e-02 2.663601956941708329e-02 6.153092571438232433e-03
