4.048826729689528614e-01 4.221833603891041453e-01 1.058595777566781887e-01 1.189134207188703718e-02 6.882555288353515988e-02 3.479622485043124547e-01 3.642033272134734823e-01 2.232948174019510623e-01 2.084072625070708673e-01 3.393256171795362430e-01 4.163711392692219793e-01 8.679308185427841993e-02
1.100569617650344473e-01 4.064168978533369003e-01 2.670350486833527048e-01 9.266069289914546925e-02 1.930879151817155026e-01 4.386045949495252505e-01 4.276362685644263806e-01 1.824212121426233291e-01 4.187167258512157209e-01 2.413007511492584745e-01 1.457139593655934484e-01 7.634897159477958828e-02
2.545259086209705202e-01 2.599703073706669532e-01 2.466716036884599728e-01 3.660452609246379052e-01 1.087949459372582889e-01 2.761268592514467546e-01 4.179592688689510727e-01 1.771688842285773502e-01 2.681396648523597381e-01 3.467186320154136414e-01 1.732297182998431273e-01 1.046489459414098738e-01
2.058923665689475491e-01 2.760947996761121681e-01 9.512999418004725039e-02 3.840009047328328262e-01 1.549832112126262318e-01 4.696703223598121535e-01 3.547228850368547293e-01 6.173497245046126458e-02 1.316417277692655263e-01 2.232379690213536771e-01 4.005059601159751126e-01 2.423848868757054187e-01
3.985926009154705518e-01 2.936002642596691747e-01 2.248531129575596921e-01 2.723184098278638166e-01 3.560954458943228484e-01 2.761955429115539040e-01 6.946391808491997333e-02 1.804146204484039229e-01 2.002762968977772895e-01 5.007344955592681890e-01 1.048875959799293045e-01 1.225676962632623879e-01
3.050412690090962275e-01 3.006499382831923084e-01 4.335188395678701845e-01 2.044004077760326332e-01 7.972646589736942513e-02 8.708204481879952552e-02 2.502670191034926939e-01 1.617763158276951940e-01 2.212110247076594094e-01 2.559934797799674477e-01 2.580954995676172370e-01 4.422376956612016352e-01
3.139441341002258135e-01 4.909633252616306676e-01 4.131508736423840089e-01 2.099283455179412061e-01 9.788994243815110630e-02 1.503791923877397796e-01 1.897796860942326802e-01 2.277193797055860891e-01 1.975756648583551489e-01 1.758381774483145921e-01 1.769673372258200317e-01 3.558639413196274526e-01
7.621277161081169149e-02 3.926247745713978832e-01 3.903576589945501052e-01 1.090978101130297695e-01 3.155005824201538855e-01 1.459956629068439038e-01 2.482965811687408986e-01 1.922119623288019996e-01 1.808491517061650011e-01 3.764077530248555181e-01 5.054122583168945138e-01 6.703303283775292887e-02
4.541432752919837279e-01 5.602417381136688412e-01 3.052209032390189591e-01 8.596241308906554801e-02 2.153037740133909028e-01 2.233425709248106905e-01 1.720323783093664904e-01 1.505375981144235209e-01 1.554742187871938075e-01 2.522173615203178176e-01 2.408312001221912246e-01 1.846925684745622798e-01
2.581728870698755673e-01 3.683941571638956747e-01 1.882292905583976550e-01 1.239357146159403289e-01 1.651972637305622882e-01 4.909787730836286945e-01 1.801411358527675866e-01 2.966349408145853017e-01 2.902311285891947534e-01 1.357843835130037868e-01 3.936880950930275458e-01 1.086122299151269649e-01
2.350337575628194120e-01 3.794214141220979553e-01 3.177152013896566984e-01 1.499406308396339371e-01 1.948137778540309506e-01 1.283807179893819150e-01 1.148869157944856362e-01 3.547069875889441448e-01 3.740532315739069080e-01 1.767317348458170012e-01 3.104996474920157512e-01 2.638159829472042084e-01
3.939425525855353438e-01 3.202784346209472943e-01 1.691674165395573026e-01 9.387250783150796751e-02 3.971617829475383443e-01 2.864477679684602207e-01 2.553649410012205356e-01 2.863968141063555906e-01 3.008138391055964478e-01 1.482500850944222792e-01 1.653245592653668772e-01 1.829792989334912967e-01
2.204037570347542885e-01 4.341483988876659872e-02 1.339084398694730393e-01 3.091526093681759013e-01 1.235428027026395231e-01 1.253053865236255504e-01 4.211171546953230149e-01 3.013395969354862869e-01 4.008409840344115960e-01 3.998359493263756170e-01 3.217311143440741428e-01 1.994073652768976745e-01
2.104609025763987951e-01 1.976903400337483574e-01 4.331548248312119265e-01 1.527435856501071221e-01 1.007890970583293633e-01 6.897169457955082406e-02 3.547730337146049462e-01 3.997173161173208089e-01 1.759514701288394933e-01 5.540301179054656772e-02 3.988682341006527521e-01 4.514764894186797939e-01
3.780963910131548977e-02 3.936504239595339794e-02 3.082217964234411356e-02 1.397768625656371222e-01 5.268941477901624149e-01 3.598061764404332230e-01 3.722346097816655597e-01 4.241158441562292714e-01 1.993438708126130665e-01 2.315345765055314420e-01 4.488669017350362944e-01 1.894301490730843640e-01
1.622279643774380831e-01 1.396581539806267258e-01 3.088434122467954568e-01 2.447292237613059307e-01 3.954895965873733710e-01 1.515782155610026494e-01 4.288666418645918355e-01 2.308807573501835686e-01 2.589832644970441189e-01 4.300517044794437416e-01 1.352694147843956363e-01 1.134216505098014638e-01
3.826044694820586178e-01 1.525897121066401019e-01 1.807957451559484563e-01 3.195708721717996359e-01 1.311362628457000135e-01 2.979528481778206950e-01 3.658507826904519589e-01 2.595237402470477184e-01 1.389756820653836322e-01 1.950469007626444151e-01 2.661178259845313199e-01 3.098351583099773210e-01
2.848671194007623697e-01 3.229641553291498490e-01 2.335286957837684751e-01 9.253500346961837653e-02 3.107203959322628051e-01 4.597937176863143849e-01 2.091445360028479916e-01 1.535647482440745115e-01 1.461304283101801382e-01 2.302804742788564507e-01 2.155542653448806190e-01 3.409164602172882752e-01
2.875957415452388144e-01 1.414003589041165909e-01 2.413594278928393178e-01 2.390440621121167342e-01 4.603407302878705365e-01 1.687886442434122780e-01 3.602500442446818774e-01 3.269082454610096056e-01 1.745003815322881402e-01 1.008792405835844952e-01 3.720730060417217766e-01 1.268601171511197778e-01
6.571936507106904135e-02 7.243089755207743341e-02 1.441763787994028156e-01 3.204984940123997150e-01 2.001524675225575811e-01 3.057716430690204934e-01 1.615439422710190920e-01 3.597316472090852368e-01 3.424117559438942249e-01 2.376613729245509454e-01 3.526014808644515330e-01 4.373005547604712495e-01
3.840460874478895947e-01 2.151496124501381946e-01 6.191267357642367408e-02 6.651097431869268384e-02 1.189161727287412484e-01 4.532314197178627380e-01 2.488444887539295047e-01 3.977022035326301941e-01 3.580454312705846354e-01 2.380917347152088082e-01 1.457256946603691095e-01 3.118235068275321265e-01
1.397367478521788775e-01 3.521201713276922440e-01 4.870145073580612327e-01 3.204872230078203987e-01 4.113676768608334755e-01 1.912678664885957835e-01 2.110344454094790767e-01 2.394630675895068339e-01 2.514466194698313228e-01 3.008868294956184575e-01 6.443981873203527555e-02 3.073502640834823579e-02
1.060601089708611139e-01 2.769437613835862289e-01 1.384404729042555404e-01 4.629532887439152811e-01 2.041889434231332068e-01 3.583101595086706226e-01 2.366355221421251598e-01 1.698357573584086677e-01 3.088301061880371901e-01 1.441611270774348363e-01 3.706177885180927944e-01 2.230229637814851174e-01
3.289198577204415774e-01 4.103166372917059768e-01 2.102347808010305852e-01 6.576117146258425583e-02 2.437622209485734021e-02 3.046736389818387875e-02 3.729993223938117275e-01 3.477050498554568048e-01 3.508039047246285791e-01 3.810381883237710654e-01 3.296595811698840306e-01 1.477179202636378363e-01
2.127748478733801629e-01 1.914249875995331085e-01 2.538182535707489973e-01 1.381765701256608136e-01 2.507559329461364062e-01 4.622832625456607669e-01 2.870119185205426415e-01 2.410560273248451013e-01 1.439765916882704277e-01 1.964048121328092755e-01 1.689571986262416448e-01 4.533595970461764546e-01
1.024747924815524736e-01 3.361005427189809325e-01 4.665983418836227026e-01 1.354982659527982358e-01 1.575483140588758157e-01 1.840273172551492031e-01 3.045823049662070847e-01 3.245396106262746216e-01 4.513905422841238968e-01 2.274646520749890599e-01 2.721881428217468590e-01 3.758717287567234222e-02
2.556367417369354023e-01 2.706426781336115917e-01 1.612546304257053142e-01 1.595886753944571190e-01 3.346502813630312656e-01 4.122905640198770705e-01 1.125350635130518695e-01 2.693227601200773869e-01 1.858095944462529459e-01 2.758417651764910605e-01 2.818812491262584485e-01 2.805459965442606007e-01
8.241981892252635278e-02 4.355021068443659660e-01 3.966193212676705215e-01 1.566876317079429204e-01 2.900264632821877298e-01 2.970883269853603070e-01 1.775672822061753475e-01 3.168281353590867711e-01 2.295885521736079904e-01 3.259844485189746788e-01 2.465074405300706206e-01 4.518047220203192521e-02
1.604617699087534100e-01 3.731954104072983114e-01 2.208076872809839886e-01 2.404320924534767701e-01 5.135859352563592467e-02 1.409194651381128760e-01 3.797181057943882498e-01 3.550028163780523105e-01 3.866144464451999330e-01 4.324147006601191112e-01 1.848521188811555194e-01 7.422279312682504571e-02
9.927053616711238593e-02 6.787951677763003067e-02 1.496866811345861359e-01 3.429739795785901602e-01 2.486882843627197248e-01 1.592939497451976161e-01 2.513219932379562871e-01 3.481798074198332871e-01 4.507282164039638772e-01 2.878497570401011840e-01 2.969250064232589748e-01 2.972022717090520572e-01
2.831086762398444812e-01 4.580886374385046422e-01 3.977930297019450223e-01 1.131469724883414768e-01 1.285749757808292704e-01 8.187492900049145317e-02 3.705416485308915542e-01 3.777994890216309631e-01 7.923776405600159445e-02 1.688532630748065810e-01 3.972822520843914962e-01 1.436983625823218813e-01
6.835858276112122267e-02 4.955468640151942938e-02 2.129987709779534721e-01 3.164459570922238951e-01 3.930993302278680268e-01 1.231314906577778423e-01 3.257106464865291429e-01 3.684788690009802581e-01 2.151939663483608545e-01 2.304768927219516539e-01 2.513552068177313248e-01 4.451956005059911625e-01
2.047540266988480961e-01 3.508847138679739852e-01 3.016062632174962288e-01 2.408827316794788231e-01 2.224515723465139982e-01 3.658274606784841509e-01 2.212542053949571874e-01 1.736683019970005626e-01 3.767449616471120200e-01 1.927003787397096324e-01 1.465756303191202981e-01 2.026497534133078759e-01
2.887921972177291963e-01 4.355900550988120457e-01 1.899226491256903460e-01 3.915062076484753656e-02 8.462112261875937014e-02 2.179616028740910538e-01 2.026311415485625989e-01 4.939366735873746972e-01 1.403227482542135640e-01 2.464101005398904587e-01 2.822242651274481373e-01 3.784368232425878165e-01
4.743528289808963266e-02 7.602936982661198662e-02 2.796839489216493280e-01 3.469636957481512241e-01 1.924342956022913886e-01 2.083112080707071878e-01 4.617405201586278762e-01 2.969857046606791395e-01 9.942327909845605216e-02 4.197969579771122506e-01 4.399426338793991920e-01 1.312531031582311325e-01
1.504304684358882538e-01 3.875013703240245966e-01 4.529923923993415258e-01 3.654747685590119533e-01 3.086474454688145075e-01 2.668814590628137973e-01 1.660858932627672646e-01 1.693523416180938157e-01 8.913343737264278754e-02 3.858538348611335600e-01 1.207994413661300226e-01 1.368471472693431334e-01
8.903430290924194135e-02 8.695822459541363569e-02 3.972876833968093102e-01 1.450773437557956458e-01 1.695999522641390977e-01 1.682128429974877049e-01 1.425506678284768070e-01 4.801489681824825384e-01 4.053871967692647682e-01 2.861732749594002589e-01 3.517572447551590153e-01 2.778122975863289712e-01
2.067607342243357182e-01 4.138678265730744710e-01 2.043756245689404283e-01 3.233521151026871321e-01 1.488376951263702952e-01 6.669727779093059805e-02 5.112580961349324354e-02 4.572686402042096532e-01 1.878905467399952234e-01 3.068282572155530685e-01 3.781192074067215581e-01 2.548762654336960143e-01
9.802364480427738780e-02 4.366818517038414393e-01 4.415585588918520543e-02 5.865201089503155329e-02 4.749789410948812574e-01 2.046835075511483637e-01 1.901881712117663992e-01 2.450977040749563463e-01 4.356601879313726222e-01 3.670742870881547049e-01 2.014404224037281144e-01 2.433634153516535115e-01
2.696883367238894422e-02 5.285081678998769517e-02 1.700435452966355676e-01 2.731783860026366639e-01 3.505383782466035547e-01 1.687416912892185650e-01 4.357432568159554931e-01 2.938676179871030358e-01 2.932016666105198288e-01 3.826297340449998918e-01 3.305784512027847288e-01 2.216576220411677900e-01
1.583380784773466832e-01 3.113497106895175559e-01 4.940729835814441917e-01 5.849631794240642280e-02 3.459611696197691932e-01 2.464783932575257130e-01 3.667353816104106379e-01 1.381303557423087802e-01 1.209016688081890056e-01 4.158028637182852316e-01 2.498271601185007573e-01 9.390591643428695956e-02
3.153684934173008048e-02 5.352011717586138695e-02 2.625195791652267796e-01 3.558092344469497847e-01 3.956775065219008125e-01 4.131428589619334790e-01 2.350866922308809670e-01 2.959940361842980372e-01 3.883299829068049269e-01 3.158021893460167817e-01 1.935473623410106092e-01 5.903359137738413420e-02
1.625192642040368118e-01 3.790336494502263842e-01 1.565732037964418233e-01 2.467769600854868850e-01 2.631090796570403345e-01 6.872238716986570073e-02 5.147084363767284038e-02 3.569428387467350472e-01 2.001949758773844401e-01 4.093609473283181810e-01 3.392891100955615080e-01 3.660067399512294539e-01
1.504340150820148159e-01 3.186912955697341898e-01 2.845800087325401906e-01 3.699274324444592477e-01 8.959692243554320812e-02 2.031134320497058332e-01 1.937426158451520664e-01 2.867954145020993328e-01 1.960426752387927629e-01 1.402155723860290526e-01 4.017984429377492450e-01 3.650621727761697022e-01
2.166247137924137700e-01 1.784241664164020191e-01 2.519372741744315691e-01 3.595540723568831365e-01 3.540569897923599996e-01 3.807913384259500322e-01 2.740525034473499377e-01 9.711848379260087927e-02 2.941192149502920850e-01 1.907338259096509891e-01 3.089603177072081097e-01 9.362709923445398930e-02
1.980317871086246795e-01 1.162400720815837118e-01 2.233783026955590556e-01 5.541711422176305302e-01 1.002512883715285935e-01 2.896642689562251016e-02 2.706227967248532318e-01 3.090935756273614499e-01 3.269965726878538703e-01 2.368332732205733482e-01 4.327961058520241044e-01 2.026186565167833187e-01
2.021439552626855818e-01 3.654880533247077956e-01 6.200524538433312832e-02 3.329743626344424667e-01 3.649810927734550292e-01 2.441075070887108178e-01 5.619465373849093920e-02 2.493007083652046540e-01 4.522800128573266631e-01 2.792356213997745362e-01 1.896725410976239368e-01 2.016162460732434658e-01
1.813103891852854144e-01 3.833855278002992750e-01 3.514293586076064346e-01 2.005938618494913506e-01 4.323076468749551537e-01 1.601242070718469079e-01 2.209450164982069142e-01 1.414645402225559456e-01 7.780361440852598398e-02 2.654866003456161083e-01 2.521141178638310332e-01 3.330351192717758702e-01
1.815964323562977434e-01 3.682179298366504150e-01 7.421715562936058441e-02 1.834919502469207486e-01 4.021644854744990116e-01 3.054194183169222088e-01 1.907078538531990497e-01 2.658786256009479931e-01 4.962314021249292911e-02 7.529939943659783030e-02 4.372180092570068233e-01 4.661655997791074868e-01
2.339513606554464165e-01 1.536614261092968670e-01 3.617218033801130606e-01 2.168333550774651508e-01 1.457261504437593613e-01 1.952185521846324101e-01 1.772409984230999547e-01 4.240214489139083609e-01 2.982359598713559823e-01 3.357801963805601142e-01 1.705497021939305358e-01 2.870590463664336456e-01
3.714905540809556039e-01 1.874559338330780700e-01 3.011754523405749673e-01 1.209436898846608793e-01 1.395049879866820941e-01 4.095882212677909306e-01 2.682045829369461565e-01 1.217250210475918915e-01 1.426684050999409703e-01 3.618448589975842844e-01 3.429330096173689446e-01 2.324652829068261650e-01
9.402488157104932354e-02 1.383338644722567345e-01 3.710564580071842311e-01 2.146548471908423794e-01 2.257901797160568880e-01 2.497697745051775109e-01 3.806941468703211040e-01 2.193975456964094017e-01 1.291093725892958899e-01 3.630524589648017608e-01 2.352801645192275637e-01 3.788363058973911457e-01
3.303109661126891750e-01 4.779037282747388149e-01 1.571547551813202714e-01 1.047312175081777930e-01 2.498110650313378200e-01 5.721538019614211268e-02 1.987553394404368290e-01 2.718745660345513460e-01 4.041017633089241667e-01 1.968628247816970045e-01 3.914029887001552188e-01 1.598754054298330285e-01
9.917859136957726807e-02 2.855115462293617012e-01 2.392297763658691179e-01 3.588124854793596774e-01 1.729744997310952159e-01 3.729151796415774434e-01 3.304903539187690198e-01 1.366789580587909336e-01 1.331396919699020243e-01 4.086468810168616406e-01 2.282120307974806750e-01 2.342100054213521743e-01
2.031723544229203093e-01 1.887091119398684458e-01 2.447394654755867816e-01 3.108929911095479337e-01 1.729812125271490975e-01 3.189853169958610790e-01 2.059528096302307709e-01 3.716550879912857153e-01 3.372856242969755614e-01 2.680027704257672005e-01 1.314295260586612057e-01 2.461937291261442340e-01
5.584212688987096052e-02 2.434465834632706105e-01 2.304240757026235209e-01 1.999026183787456223e-01 2.849858794293962383e-01 3.159782335153135113e-01 1.308350818437646057e-01 3.878241012644708663e-01 3.191996634020518586e-01 3.087868444321062444e-01 4.135804749737442831e-01 1.091943167046480756e-01
2.372401766666088485e-01 4.429752784123487386e-01 1.414561660800918996e-01 9.489927076863688415e-02 6.800462476467053485e-02 4.473212822501209107e-01 2.652796024625432292e-01 2.287121723350586389e-01 1.887873671041410961e-01 4.233519038511558974e-01 2.691322784816023717e-01 1.928398768230124016e-01
1.627845389517177943e-01 2.600373428939730669e-01 1.229812033564833540e-01 3.957165506406564726e-01 1.178315203472561912e-01 4.264660172256449222e-01 1.541114003897923190e-01 4.345323825111498950e-01 3.496544972302491061e-01 1.466055307527482920e-01 1.642593614766729160e-01 2.650196542236554764e-01
1.675257885510926248e-01 1.125063095915403433e-01 4.065700758849419283e-01 3.037912907039195254e-01 9.816239509075028180e-02 2.387026654295764938e-01 3.176804633118243126e-01 3.764463261042511610e-01 1.098842169034744132e-01 3.411210198822021700e-01 3.177442740007289657e-01 2.098651745456965312e-01
2.572076475557826258e-01 2.305543703289186230e-01 1.431113436619805834e-01 1.962177568937142069e-01 7.557748764763361216e-02 1.808994196235678698e-01 3.952266542975025887e-01 2.431332592578274165e-01 2.552856012425655519e-01 3.347389485080797256e-01 2.480363300348235600e-01 4.400111809475970581e-01
2.293665413300911837e-01 1.292604811305574919e-01 4.461181403176929794e-01 3.678569789541495938e-01 3.645978112539718374e-01 1.180966538803720767e-01 2.160278744046167931e-01 3.313203168121304776e-01 1.769768787283308997e-01 1.403583822052135721e-01 1.642145077673548559e-01 3.158054332155177946e-01
2.538604812163808289e-01 1.248903307148384045e-01 2.403254779762249993e-01 2.829477427330548966e-01 4.050354177215365059e-01 3.580532957566792684e-01 1.630950378357070574e-01 2.172953584916184622e-01 2.657867043583336808e-01 3.281246461811987425e-01 2.093607070367816125e-01 1.512247999776492602e-01
1.541389830634684321e-01 3.056156529888373052e-01 4.755551967205576824e-01 2.871197611486799861e-01 9.634874721016653543e-02 2.472396232211262757e-01 1.192970714625608830e-01 1.375293549388383885e-01 9.773888404936587060e-02 4.003241982303913371e-01 2.906108487844895061e-01 3.884816781815285669e-01
1.180378911657951474e-01 4.507986973229284322e-01 3.804768916852598881e-01 1.271151083881653099e-01 9.365294745221924844e-02 3.073664556337983855e-01 1.586339619236481202e-01 8.480891012700983445e-02 4.081962581801502621e-01 2.498620401065139995e-01 2.656541147894934118e-01 3.553967232250085928e-01
3.001759588336104789e-01 1.978002755567371818e-01 1.657919805311292571e-01 4.169664982366114714e-01 1.626253771721005159e-01 1.329452003369208657e-01 3.704259684272397102e-02 1.347213834074953986e-01 1.321869441722153260e-01 5.367231008819834948e-01 3.342293261704465390e-01 4.487913578580247642e-01
3.585543534228993745e-01 3.311363114111821049e-01 2.203303833660429367e-01 1.296191454995020975e-01 8.383312615703064630e-02 1.471951979678688127e-01 1.440071311850779079e-01 3.871891156174627202e-01 8.227407842353459677e-02 4.081652105466305747e-01 2.958561006412358529e-01 4.118398457615332076e-01
2.301324059648075793e-01 2.211531803629702142e-01 2.284875392318647669e-01 1.304345498142486792e-01 3.040167331508175641e-01 2.253340495764253326e-01 4.168932721357426763e-01 4.448531185742317096e-01 2.140382363018659972e-01 1.401463445508993599e-01 1.177201724884603118e-01 3.267903978476710547e-01
4.483537635995502590e-01 4.408121866624380436e-01 1.381864463341000437e-01 2.399728575682110732e-01 3.519161545803521918e-01 2.487950460824627230e-01 1.788871571713670505e-01 7.592676016139573991e-02 3.275347447433129000e-01 1.506864119915654610e-01 2.553850635997273466e-01 1.435434075055105341e-01
2.311595348395155125e-01 2.988902500975157417e-01 7.199195394893181943e-02 2.243102111613153038e-01 2.024202244232263803e-01 4.959020193898852624e-01 7.516038786020040607e-02 3.191084847071338770e-01 3.342586007187037245e-01 2.214075973658937713e-01 3.422352760453181153e-01 1.831554594423585036e-01
3.928203197335702335e-01 3.612144722428188293e-01 1.000697573002755913e-01 4.581601922067816135e-01 1.002639998246536712e-01 2.702333111204430205e-01 1.579469440273524872e-01 1.763347961363193606e-01 2.141097146339014656e-01 1.639757194348920311e-01 4.653774669488313087e-01 1.394933063901610815e-01
1.353159629751233828e-01 2.188374030834601414e-01 2.132806077221970353e-01 2.923587317729979818e-01 3.085476080051430259e-01 7.199729180655838057e-02 1.889390702523821020e-01 3.458609275060206545e-01 2.949046390037494136e-01 3.013600581301194570e-01 3.206922066618046463e-01 3.079054930804521750e-01
1.711388352564304771e-01 3.322917765565233106e-01 3.020909824941747646e-01 2.065689599188938741e-01 2.457655248707948936e-01 3.353661924040236553e-01 3.089250883181802187e-01 1.163832174004305331e-01 3.132999430501445248e-01 1.639218043898929833e-01 3.501040875409916486e-01 1.541435877995053771e-01
3.538358548608493970e-01 6.951077771599342703e-02 2.098764454142607594e-01 1.518172624350002109e-01 3.429677265071663927e-01 2.104776282016281863e-01 2.637432153718646810e-01 2.133369166900779268e-01 1.823930001318671834e-01 1.571463623051004288e-01 3.707023782408470081e-01 4.741924321253445651e-01
4.005677531008304260e-01 1.730161419730052441e-01 3.246401722218014707e-01 4.094331974204820646e-01 1.490621122798304055e-01 8.408495948649166718e-02 1.506241962550255442e-01 3.398277189434339984e-01 2.858875098006674054e-01 2.055381873088429623e-01 9.723009375047135527e-02 3.800879574591189969e-01
2.228929729357713718e-01 1.526365453921013082e-01 3.477638645618661428e-01 2.717311240934718319e-01 2.714890684793909159e-01 1.721702132476350400e-01 1.810553255506953674e-01 1.742113221787938149e-01 1.649244394177146189e-01 2.807937781627690699e-01 5.202107162762634740e-01 2.401206297035227144e-01
3.163559228943212953e-01 3.839413971185073882e-01 3.179410286542838082e-01 2.476563498471391622e-01 2.322911904143159234e-01 1.253920975501827684e-01 1.674458328388550576e-01 3.889529732837789799e-01 3.367144045624638760e-01 2.362615460659703293e-01 1.165741542162345989e-01 1.304731025539517808e-01
1.697272587487528850e-01 2.851178662063038605e-01 3.910529286103084923e-01 2.334249148246088645e-01 1.367566563917880229e-01 4.251249265674910127e-01 2.741286726479376101e-01 9.428932444206887531e-02 3.916843169480370701e-01 8.866801458653866819e-02 4.360025972927939475e-01 7.402252273336798472e-02
3.082906302761460604e-01 1.701204468088561295e-01 4.165939110001334322e-01 1.343258383844795900e-01 3.126067986082096128e-01 1.278895047047727829e-01 4.147965975616674239e-01 3.008151805461773409e-01 8.387470869087185199e-02 3.809054183519863246e-01 2.620387499279976939e-01 8.774221513869315259e-02
5.683118470534848088e-02 1.302106173649344445e-01 3.465470105001010048e-01 3.368150946648076349e-01 1.220741909898440114e-01 3.800427295250956017e-01 1.561384976521307255e-01 2.085694667625718202e-01 4.246780834049278530e-01 4.142723981935602096e-01 2.056157448421162548e-01 2.182049813945641792e-01
2.797520181623275315e-01 7.728048005804619147e-02 7.500782072718018001e-02 3.288467363532215915e-01 3.162182075047943464e-01 1.361270254427147941e-01 2.430130264263423157e-01 3.619739173879141791e-01 1.924841433195515483e-01 4.779764870646302510e-01 1.796998013280389495e-01 3.316203362252409526e-01
3.226898206319235296e-01 1.369013292359815281e-01 2.693040080420264215e-01 1.142025108420648694e-01 3.630262122626592980e-01 6.841406287118252660e-02 1.248890812714903431e-01 3.568608056214864765e-01 2.731516812088052304e-01 3.676669211002390192e-01 1.453970780057596557e-01 4.574964889063780626e-01
3.585089300436206661e-01 1.422076930639377679e-01 3.853481208264487590e-01 1.176636378076771350e-01 1.710889583562022476e-01 3.038838446280915928e-01 4.087904941176879747e-01 1.783501702481686269e-01 2.039757363107159993e-01 1.721972893273706062e-01 9.956464713573812131e-02 4.584204781343531598e-01
3.002970512624058008e-01 1.864474692101079911e-01 3.721650505713935408e-01 3.767256946421062569e-01 2.373653013459477157e-01 1.375692468718230088e-01 1.851717493650897328e-01 1.968703910631043608e-01 3.000021446497032063e-01 3.498693409570012847e-01 1.297738738191855923e-01 2.277426862421391141e-01
1.449236085432381027e-01 4.066832999317370190e-01 9.165809549415063207e-02 3.286533826283642989e-01 4.461381536316454399e-01 4.305846511172187752e-01 8.755671219621437296e-02 4.479638227877870416e-02 8.623423590498338620e-02 4.200129854333854440e-01 3.564876167897414461e-01 1.562708760505412964e-01
4.434984171087642535e-01 3.137349137248007236e-01 1.386102292481549425e-01 9.696569622427730906e-02 3.877525095268908872e-01 1.757034844961945230e-01 1.838662245874916890e-01 3.406487280454537636e-01 1.310762529756208383e-01 2.594219869199834716e-01 2.954735075344349093e-01 2.332480496079450683e-01
1.520440288931764194e-01 1.625000705026687919e-01 3.202704061922547751e-01 2.434788797707006791e-01 4.030736434620039166e-01 3.665882182469368256e-01 1.122800085079050936e-01 2.572016127568333976e-01 1.703671753386648557e-01 2.800918324939412063e-01 1.445243963262794751e-01 3.875797275086351190e-01
1.805884857910143582e-02 8.505130840744404286e-02 2.230115027439408815e-01 4.127789663166854250e-01 2.336472607304874438e-01 3.381794234477022432e-01 1.396749320905265601e-01 3.216393294973791117e-01 4.497108892443358874e-01 3.180478165571346549e-01 3.652438500164046364e-01 9.495587236885702498e-02
3.975953261042896036e-01 2.356623032783118077e-01 1.322958633910783222e-01 2.001076388059828126e-01 4.419087876865938069e-01 2.064338117087439750e-01 7.417372886550567535e-02 2.428993054787354500e-01 1.576107803943199159e-01 3.165891288464552922e-01 2.619091689449216664e-01 3.328141564950580777e-01
2.651909631216746721e-01 1.220731747336929879e-01 2.535309382718380355e-01 2.402651576193059468e-01 2.220370188894809638e-01 4.036093869847031668e-01 4.120438731852638092e-01 3.521851023260372804e-01 9.611012939227631113e-02 7.586740004787942415e-02 4.132448943299690258e-01 1.438419610978771135e-01
4.038615714313920080e-01 1.235003585661581527e-01 1.667862217250073997e-01 2.495521972019727197e-01 3.704384653566729080e-01 1.924691649993435782e-01 1.881426601069496329e-01 5.273972097274675502e-02 2.047091314210245372e-01 3.423239524134335521e-01 3.711822509774258538e-01 3.342943048278733675e-01
1.002272010942489161e-01 3.897849629874207134e-01 1.335069147673459966e-01 4.397057734517084149e-01 3.850904622675674904e-01 8.736240334161493593e-02 4.410507296392051635e-01 7.628233216712074216e-02 1.094321621918252635e-01 3.960109947703444599e-01 2.230331900672997414e-01 2.185128732543009655e-01
4.527801745376106579e-01 3.049642998277907885e-02 3.368543087979962158e-01 1.342830010759251125e-01 3.766238509917428368e-01 8.669496787706654217e-02 1.307916251635895810e-01 3.104712480660725693e-01 3.857797916784643788e-01 2.465919736639758386e-01 3.144176741112273965e-01 1.942149540535468843e-01
9.620748473193245498e-02 2.305525328944902919e-01 1.616531764603106325e-01 6.663973303124298697e-02 1.827380996855227924e-01 3.312283538548735917e-01 4.551518744132814209e-01 3.251540141142023055e-01 3.067134974526999347e-01 3.370497261088754026e-01 1.845577944420927208e-01 3.223537128104787541e-01
3.230328255641199409e-01 1.007162401928926587e-01 9.137729615168191377e-02 2.534372165420852863e-01 1.996373451889396355e-01 3.354974073289625491e-01 3.551347405039348981e-01 1.680030400512425859e-01 4.803008524149036673e-01 1.975493125646999859e-01 2.190543090079883348e-01 2.762594144885542891e-01
2.506798472908945974e-01 1.624449953472188735e-01 2.234836663151903990e-01 4.071421832336390989e-01 1.703601603625626570e-01 2.325433017466946861e-01 3.163504889744786497e-01 1.545249821508138943e-01 2.673536240274325682e-01 6.175249289243446571e-02 2.913869082589933823e-01 4.619773493996355285e-01
1.411640208426765408e-01 1.644450634999272687e-01 2.798276173720660731e-01 2.628668163397710478e-01 3.283813523867032957e-01 1.405514476148815028e-01 3.076096143489586154e-01 3.757878170305145593e-01 4.710701097419779382e-01 2.582097602959224081e-01 1.858785982422884453e-01 8.420778228430701728e-02
4.279304223689552877e-01 5.572715533262204701e-01 3.338762247762924740e-01 1.272298590312654354e-01 2.022333547755660321e-01 3.116013286442188557e-01 2.639815406250675123e-01 1.235243354458619713e-01 1.520983039632304301e-01 1.201709733098715732e-01 1.951265534972328464e-01 1.849555502362333903e-01
4.686498086280246889e-02 3.773456057597496943e-02 3.185648822667186963e-01 1.471834983649807360e-01 2.453375165125952773e-01 4.857214852990306420e-01 2.511592769635823119e-01 4.941898384087741181e-01 6.480503768973508438e-02 3.514948551942003174e-01 4.601137556205477930e-01 9.683031224106072865e-02
4.119269124319638875e-01 1.011189619544040769e-01 3.513209770509414520e-01 4.367424818322768187e-01 1.740716826691664221e-01 5.934573820888253137e-02 4.210054904368323303e-01 2.274331925266545873e-01 2.498691474504225463e-01 5.095911315461862379e-02 3.188431664967347062e-02 4.843219856341681728e-01
2.836047223823037200e-01 1.650425441872880872e-01 3.480625953238289938e-01 1.819427196050291129e-01 2.397426859483253181e-01 4.016032880218719514e-01 3.030781787092881041e-01 1.251853996150943116e-01 2.145231845314123920e-01 2.854630944192436126e-01 3.143489355749052305e-01 1.374026516814128851e-01
