-3.942113043669312589e+00
-4.008136142810101887e+00
-4.094070509807170133e+00
-3.970631431768093300e+00
-3.922677733974926806e+00
-3.921331786363983607e+00
-3.967644432990635739e+00
-3.980311612311811853e+00
-3.941572708996250896e+00
-3.893562735040210221e+00
-3.998899881431878356e+00
-3.991594006814989104e+00
-3.886775698107982624e+00
-3.894936102883325812e+00
-3.872482928826478599e+00
-3.891728851449342663e+00
-3.954720451087662347e+00
-3.961332861152680351e+00
-3.877000563484641393e+00
-3.937102508883715046e+00
-3.890772271340024346e+00
-3.965264816878797838e+00
-3.970646866726874613e+00
-3.933821085418490959e+00
-3.868043409842762514e+00
-3.983173342520811566e+00
-3.897494292508979719e+00
-3.860628338621229894e+00
-3.883286613772128248e+00
-3.853248939146217467e+00
-3.907174636892850383e+00
-3.890755017249711845e+00
-3.924119445998123012e+00
-3.915419481131414692e+00
-3.935070394942877137e+00
-3.969739993849709769e+00
-3.878059742939989007e+00
-3.943036008895578259e+00
-3.922305154309807751e+00
-3.930976252413242111e+00
-3.885639361354342292e+00
-3.991916971730676167e+00
-3.961237611773364531e+00
-3.941122350926846263e+00
-3.855113004152883605e+00
-3.966128552379160510e+00
-3.885928801721788339e+00
-3.962610458083228870e+00
-3.810613447519699992e+00
-3.837787362214477138e+00
-3.931487437697321230e+00
-3.891058866860935606e+00
-3.836681594813242668e+00
-3.955366210943941585e+00
-3.887184117578528664e+00
-3.888516889408805799e+00
-3.907955840083042087e+00
-3.912830149769237487e+00
-3.779167813904748208e+00
-3.885496492604484153e+00
-3.915524216634966859e+00
-3.909992336744717356e+00
-3.900148997457608235e+00
-3.920264918463896908e+00
-3.892022962540532482e+00
-3.885744301406343304e+00
-3.833798888090133694e+00
-4.006698224512549089e+00
-3.963100087508579339e+00
-3.903740173905646316e+00
-3.832145306356092629e+00
-3.949264061374165635e+00
-4.032883612293141518e+00
-3.910827088956414066e+00
-3.952138607721220609e+00
-3.860605181320730495e+00
-3.905103377304822487e+00
-3.890985322484885600e+00
-3.865355217416031053e+00
-3.921741084782918385e+00
-3.906290377786308721e+00
-3.849628369250554183e+00
-3.946873930968059163e+00
-3.792272700415747266e+00
-3.865450183964851849e+00
-3.896714785557061411e+00
-3.860692565666371756e+00
-3.885762609430174486e+00
-3.834634686851086549e+00
-3.897832146873500658e+00
-4.086647105705330851e+00
-3.841323845970108675e+00
-3.883405295499445131e+00
-3.934041605151233245e+00
-3.890456602282110765e+00
-3.905759693263551657e+00
-3.948053259379262769e+00
-3.899729475136004986e+00
-3.920062197906182266e+00
-3.920645574893517615e+00
