7.606660584594793217e-02 1.957881797574308469e-01 6.955330536819388440e-03 3.562361193925667885e-02 2.366563886543545103e-01 3.229993350167534305e-02 8.468506586917221024e-02 8.177465832503892640e-02 1.463415175890276643e-01 6.071939062898872724e-02 2.727715399722459022e-01 3.830372082889341168e-02
2.638545030321238702e-02 4.585896578049418193e-01 1.294111862337115129e-02 3.228638727456073498e-01 7.756689108251541009e-02 1.226882400610298553e-02 3.793526546575948233e-01 2.907079918764612914e-02 4.022098312422315441e-03 8.936096642324923428e-03 1.969616409805964030e-01 1.198109265678404534e-01
3.536009671407346344e-01 7.996400444581132361e-02 1.629808911067729890e-02 3.573719058233726376e-01 4.575493690678311687e-02 6.717744002294282271e-03 1.643150986517056267e-01 7.627027457246807196e-02 6.426432251014500135e-03 1.942939617238789024e-02 1.978229494137033195e-01 1.268405574028663163e-01
4.342534788645795174e-02 4.518404202978150430e-02 1.704656860921225509e-02 1.384598738274611107e-01 2.085504148966649263e-01 1.487139106442087605e-02 3.359971929354406417e-02 5.438700281550758880e-02 1.382934326586389706e-01 2.728272332590905846e-01 1.322261575232504538e-01 1.448192489103387048e-01
5.057059328952829419e-03 1.833952021904245236e-02 1.003996867128253839e-01 4.314303131221590426e-02 1.527429537729707854e-01 5.766495053630017742e-02 9.688286458399231194e-02 3.729475853786751727e-01 1.501181377136767414e-01 1.175085880469684402e-01 2.638119881179285531e-01 4.330401879539563792e-03
8.253066780592419049e-02 1.503321050874512621e-01 3.397034362737636481e-01 4.416615448335495936e-02 7.650535302661412573e-02 3.197482612720979334e-01 9.182073162400026384e-03 9.430007816050359898e-03 2.181474341884759999e-02 9.426646295680581045e-02 2.842653378570134809e-02 2.231802307408558839e-01
2.314369539453725588e-01 1.868694193002296833e-01 2.233316191405793419e-02 9.998501046482613508e-02 1.337706262190406226e-01 1.298510638630273953e-02 2.150476727038606178e-02 1.483414280316043554e-01 5.021699114905234240e-02 1.068089188805061152e-01 1.147163303201170492e-01 8.335700608969538739e-02
1.065167559034738143e-01 1.079754390840468453e-02 1.847401843704995497e-04 1.671326908126721496e-03 1.142541841557554033e-01 2.193640652037654737e-01 8.244568383672091355e-03 1.959447178284866864e-01 3.156004699759276111e-01 9.100311176679855285e-02 3.776617827600510235e-01 9.563502679175911458e-02
4.458617067360269859e-01 7.906220705142495697e-02 8.132047316528633052e-02 2.887747316162846134e-02 6.126196385282763578e-03 4.596497625585719421e-02 1.514827737590011547e-01 5.047170694837885274e-02 1.049675566067163612e-01 2.333140091279736483e-01 5.735011998223440294e-02 5.220206402902913961e-02
8.190884391277136398e-03 1.490050320006717187e-02 2.507138620641912730e-01 1.494359169904602158e-01 4.833390759826000638e-02 1.992262540286431419e-02 5.329740413809549437e-01 8.281251303430064992e-02 4.159867537526853315e-02 4.712748051230054580e-01 2.768675287947863078e-02 8.419656313240606385e-03
3.132754320526835723e-02 1.900114922528231554e-01 1.662872877387567283e-01 2.675309854220430522e-02 7.698436897598100181e-02 2.561729988315546991e-01 3.659061027341906774e-02 1.576895598112106056e-02 8.981720366300591230e-02 6.554713456812152894e-02 1.569249335861886141e-01 1.109445818465850803e-01
7.934261698071815028e-02 4.841071341286105195e-02 8.690174818722576355e-02 6.967866402341374443e-02 4.874279511132155462e-02 8.463541343832080635e-03 2.752862797752240742e-01 1.433357214165119908e-01 8.314572895760015403e-02 2.443559905206122915e-02 2.872679587310913649e-02 4.778258920556788802e-01
1.001639141215327489e-01 4.124875109456113687e-02 3.156580891760202984e-02 1.757492109391025903e-01 9.028327292876434096e-02 3.098495852065692377e-02 1.563678145945634687e-02 1.011037878958553210e-01 4.153097733228555688e-01 6.215320451322813022e-02 1.585882215790912486e-02 2.741052555588518458e-01
6.129979271522307757e-05 9.229391731280841421e-03 3.240121692088778205e-01 3.450397793485432962e-01 4.591785695113019539e-02 2.014191703261677957e-01 8.304353110908962998e-03 1.120252880800919476e-01 1.486431051300037554e-01 4.787827384593872360e-01 4.405766122372353072e-02 6.265469942305323904e-04
1.723488851783040385e-02 4.708138306928639216e-01 2.183602602973846313e-02 4.365685082703946174e-02 1.169230583404027302e-01 5.041765835250334310e-02 1.838967180539801544e-02 6.696071468543572935e-01 6.505666387328551403e-03 2.805744963724118302e-01 7.056884074013163033e-02 6.396897041444102837e-03
2.638459622739808622e-02 2.539498921841493173e-01 4.181675938482102423e-02 1.571356992945300568e-01 3.118046779762576604e-01 4.373354000039039041e-02 1.202433357337792941e-01 3.517647323679322369e-02 6.479874405320323882e-02 2.657738459881667584e-02 1.177862101818489687e-01 5.913895073186755530e-02
1.685902646507212443e-01 1.793300888262401582e-01 1.812076352811510527e-02 4.146229284817007366e-02 1.466526509670709189e-01 2.416546770372351299e-02 6.372761535090427920e-02 3.779744583080409948e-01 7.482474454788199530e-03 1.052440779638140478e-02 1.455519716318179890e-01 2.018306411093416797e-01
4.261832217891537433e-01 1.333389219877544919e-02 6.167273941401917314e-01 4.232980451088534657e-02 3.719884881027791801e-01 1.971054890661556175e-02 4.960856665612955324e-02 8.153558774605754178e-02 4.373887546501332990e-02 1.504064867230451956e-02 8.411848676740987449e-03 4.394479149511166388e-02
1.858996562223844407e-01 1.659773296186538294e-02 2.905418494955553863e-03 4.514635130357712300e-02 2.694377599064833317e-01 2.334353018323033491e-02 1.031548730572847961e-01 3.168735727257553925e-01 8.468463434649854682e-02 1.175996614113773570e-01 1.235079456367225298e-01 5.108137084513826587e-02
5.703003445288774148e-02 6.852296425197268448e-02 2.792529609458992840e-02 2.516075763169652313e-01 2.533691432130444898e-01 4.930213262291968657e-02 1.629505416223392678e-01 9.003744777497621476e-02 2.124365277661120766e-02 1.406288410677524088e-02 5.007624956697965396e-02 2.464513326346638444e-01
2.212334788100039223e-02 2.363142879289913123e-02 7.419104840112247801e-02 1.687649302624390502e-01 5.220238123085103876e-02 2.670285662475732277e-02 4.907534006130268023e-01 2.474707831151867071e-02 1.954401552100710690e-02 3.543952010093722599e-02 4.346483386340812549e-01 1.511460968060838184e-01
5.572180600813620571e-02 2.516123782649432594e-01 8.207550486961484593e-02 6.944253400724491321e-02 2.239399282153956838e-01 7.267324298874676403e-02 3.046485127915330576e-02 2.312992483018660173e-01 4.101999952734512733e-02 1.488446333776519484e-03 2.886237115655995028e-02 2.504945274620802853e-01
1.581148195249429123e-01 1.227226704168772435e-02 5.745248760777491581e-01 4.583675873121899336e-02 3.708651120870712359e-01 5.670914164054403211e-02 4.157123953380334296e-03 1.515970235714803049e-01 8.131471874210612072e-02 8.972339096964385488e-03 1.232000723819577214e-03 1.754902398448217882e-01
5.298698853778737936e-03 3.883751219013317768e-02 6.563390827382208081e-02 3.967546676431752545e-02 3.172965841758924599e-01 3.234477823927355278e-01 1.386672046587101581e-01 4.220395276140331831e-02 1.164334011861036522e-01 9.293418685515270755e-03 1.537520421174561058e-01 9.161005910857998591e-02
7.125750092388125068e-02 6.698283516264756654e-02 4.997122138681050485e-01 4.867788256068540376e-01 3.141737327453399120e-02 2.742381451677787952e-03 1.606220589874774243e-02 1.266424159311916042e-01 2.702891453054279136e-02 5.715194846668525397e-02 1.945321968288136194e-01 1.515116287635079502e-02
3.517449209186948589e-02 7.816930760768525666e-02 3.213468889238587506e-02 1.136939139196655596e-02 1.217620698336446677e-01 2.556895832115502754e-01 1.572382997773259516e-01 2.265307716139804417e-01 2.100571160238009216e-01 8.518254877372735678e-02 5.133440370725587260e-02 1.242908924853316707e-02
8.143895652105377636e-02 1.566867144483724272e-01 1.210328448436788357e-01 1.892852927362455862e-01 1.675737183861845114e-01 2.731829162971653041e-02 8.344602278251746219e-02 1.498667960791547592e-02 2.777877495301611308e-02 1.775858742428577386e-01 6.688586130040895250e-02 6.634533281529998716e-02
2.685436457233014718e-01 1.546697467832274242e-01 1.583624702094932335e-01 2.350132364964047094e-02 6.166502851241990012e-03 3.549834749532752853e-02 3.051679754865492811e-01 8.543717265827582841e-02 3.005030619390900437e-01 1.637283417000071073e-02 3.343141360343163723e-03 9.179421927998623887e-02
2.135063447371706932e-02 3.336095122477912289e-01 1.986107305410271182e-02 2.124430015516520220e-01 1.098379245565885877e-02 9.216301489796661917e-02 4.024814311040726678e-02 7.899652426694785123e-02 1.256509766216447055e-01 5.992000841427998388e-03 4.433535890164915227e-01 7.006455248304176153e-02
6.190207281266114220e-02 5.200579742632480684e-01 1.214228867726457467e-01 1.246464142480598614e-01 1.064934359955641424e-01 5.548861975752967558e-03 2.089254325979852944e-01 1.252309277308872315e-01 5.212435906374331129e-03 4.062538108803598162e-03 9.439928424664000353e-03 2.469547391919421353e-01
9.791031079561618097e-03 5.639025110043106581e-01 2.552354863089978734e-02 2.860163783606573321e-02 2.943355552476863424e-01 2.751732908102502359e-02 8.209124490482440405e-04 1.240092372654479080e-02 2.981536942042424254e-01 3.624371604860260332e-02 1.279123766564222442e-01 3.041668026047000262e-01
7.341295306216687709e-03 1.067345013384276078e-02 1.801547913448355576e-01 1.605599148475258808e-01 6.745219128444294998e-02 2.920914112041404082e-02 6.007934446685402746e-02 7.174531271406670019e-01 3.681554482941504780e-01 6.820333346703792710e-02 3.075877873983181698e-03 1.279264707055926403e-02
1.007284446388037741e-01 4.893031871025998319e-02 3.652150114436792383e-01 1.455550980495218250e-02 5.885291750613219630e-01 1.295572265458612427e-02 3.435137454948118674e-02 2.429812294822281393e-01 1.326885848794881195e-01 7.933703779294672478e-03 4.670185981963642652e-03 8.696994750598677215e-02
3.417970094868035685e-02 2.924794772202842230e-01 5.677499420498954147e-02 4.496440417630197944e-02 3.490390094292535328e-01 8.816373118098248807e-03 6.188075082751794825e-02 9.847055727960950244e-02 5.598809584961852298e-02 5.765756376720870130e-03 6.833422661951794874e-02 3.555360194885959779e-01
8.825036619683844508e-02 4.589369191479902160e-02 1.580760063854301165e-02 9.247455467926254946e-02 2.129022161226223342e-01 3.954736913875462473e-02 2.215463199825112584e-01 9.861135008782072331e-02 1.306561813334549960e-01 2.924530878839463541e-02 2.314066964572915330e-02 2.507013379808802345e-01
1.827079373147008912e-01 9.363651533025930951e-02 3.548012107408872462e-02 5.343279465382902438e-02 2.617325835640076093e-02 5.414537616185336605e-02 3.886662981495119656e-02 2.419964755966298176e-01 4.980647398364889539e-02 4.540727851161822926e-02 4.247241588919026811e-01 6.196180356946030809e-02
6.296662241139625027e-02 1.904957567499990234e-01 9.596576419871778729e-02 3.676577398551908460e-02 1.954077946274741101e-02 2.425186360146601092e-03 2.718172647124885832e-03 5.126852945614605028e-01 3.442079075898502039e-01 7.928196564830183868e-02 2.624568235544444961e-01 1.036826729202753976e-02
7.095198765871515122e-03 6.063194065672000655e-04 1.310004225712662305e-02 5.340424471814694818e-02 1.650149174185260303e-01 2.919677251695508222e-02 4.045615992226483382e-01 8.653274766988799938e-02 1.898127882202771399e-01 1.232762953070637296e-01 1.989714967929224337e-02 5.554539155012251372e-01
9.391128665639184719e-03 8.325549635533784076e-02 7.265625153378781065e-02 1.128133381155981413e-01 1.729219694139357277e-01 2.087066702501089860e-02 2.902264388818922569e-01 6.761605311153746911e-02 2.590210121089755319e-02 1.473352919975470521e-01 5.566444548208914628e-02 1.844087833722219960e-01
7.706600565132254443e-02 1.157773641796916164e-01 2.290784766079780391e-02 1.016970957786587776e-01 1.780447779623163529e-01 4.380488301585336308e-02 2.849086868766860167e-02 1.219801988363340001e-01 8.507011038358820720e-02 4.749744012100415302e-02 7.815557087962249350e-03 5.621880636462878167e-01
1.813634177251489121e-01 8.724494345090322289e-02 7.562978688736658565e-03 1.661790030798558637e-01 1.124088339193882596e-01 3.293405230212884810e-02 2.680079403524148959e-02 8.395266946113705275e-02 1.127927081501404055e-01 4.997197584924276126e-02 2.984192601943476686e-01 7.454591655353463853e-02
2.867576162079352176e-01 1.639197771766080086e-02 9.555168235737893784e-03 5.630657153619667010e-01 2.538242987676709791e-02 3.125636767128386895e-01 1.116526671126417264e-01 4.423554191253235152e-02 1.043083412600420423e-01 9.065707362904355804e-02 1.186258870352225638e-02 1.837060049274863438e-02
2.023012100209638231e-01 2.764291343245471877e-01 1.162810680326348961e-02 2.964759386908727978e-01 6.768956738525273853e-02 1.036029136039235722e-02 2.994000768441342983e-02 6.640071518337663237e-02 1.942043232823199850e-02 9.253467775510937354e-02 1.371490857047200917e-01 1.171164705603903733e-01
1.948750009716704035e-01 1.526252853240038510e-01 9.410500012069522580e-02 3.601237063217707646e-02 5.183422888940775880e-02 1.844899243556748503e-01 6.599421213918819917e-02 2.865073549800249350e-02 2.755078870212434791e-02 2.252887357016223613e-01 4.564664730205019588e-02 9.074297518524164496e-02
7.941768404642116086e-02 1.442369108562701341e-01 1.076950240949651749e-01 1.258376619700936894e-01 2.839007305639161260e-01 5.039064439590250702e-03 8.522410967537630971e-03 1.666125825349152809e-02 8.019118401439176425e-02 1.153179050512683906e-01 1.803091319705593387e-01 1.288870141548396075e-01
3.267608793444730375e-02 3.587038649946902580e-01 9.596771993893830899e-02 2.294681304905068359e-02 2.951621196382211640e-02 4.051239796283246930e-01 1.776611065700272815e-02 6.778310058467393318e-02 1.728683213400596941e-01 6.009655900760522626e-03 2.636782238292157410e-01 2.551935859445004021e-02
1.749195440069426788e-01 1.258205737493204301e-01 3.609623894018584855e-02 9.972955951847974065e-03 1.794664229173629361e-02 2.008421626155408243e-02 4.583750742337057704e-01 3.643507165960500199e-02 9.381004301200907003e-02 2.898600160911657397e-01 1.813891821721635711e-01 8.983277348968692066e-03
4.687722354705151084e-02 8.393360005582595207e-02 1.719940618751302636e-02 4.799196766779140755e-01 3.164415516513335858e-02 3.093135326567760246e-01 6.911603989831588413e-02 1.074607846129423463e-02 4.654297328117069921e-03 3.277835261910312381e-01 8.560990051864905692e-02 5.972898382043900084e-02
2.130671235804742214e-01 9.983036728754314526e-02 4.999840479101114177e-02 3.656882376186539052e-02 3.178138820102601181e-01 1.835383014634557261e-02 1.756770145306733588e-01 1.436825875671785269e-01 1.086493919815434590e-02 1.481623988490482881e-03 7.813172152025420203e-02 2.278857910416891008e-01
1.369345619945481519e-02 2.137088293284407914e-01 3.976522049781778395e-02 9.446078677051526762e-02 8.273137666469905505e-02 3.188635829425090495e-01 9.184517376856476956e-02 2.874100516787942428e-01 3.995013148168417849e-02 1.576516004556078807e-02 4.718823527207315072e-02 6.737746380370715493e-02
4.323759962826903558e-02 4.814209081993496911e-03 1.220819384334747779e-02 3.291192983043975118e-02 1.749182044364005761e-01 9.321065658402447052e-02 1.151285473495536060e-01 6.212265647439376565e-02 2.812470420592631526e-01 1.038519798959798290e-01 4.461786242962725163e-02 4.217289932917738793e-01
4.905786632930952962e-01 4.953566532787848781e-02 6.984730468241580337e-02 6.515798077437782998e-02 5.256088524417606989e-02 1.394544810588504123e-02 1.638577152571642562e-02 5.964251489759207769e-02 1.942671668470873358e-01 1.749773138010501938e-02 4.245097730808451986e-01 4.829346362005162291e-02
8.647340640847400728e-02 2.198112399228561997e-01 1.568169406295680246e-01 1.286178625808485632e-01 1.341403904436724165e-02 1.737629137771902477e-02 1.160153314567318600e-01 1.078941346158126119e-01 3.386962307233581243e-02 1.303509322367397416e-01 1.899617637557642902e-01 2.198495681986549488e-02
1.885834755262390805e-01 3.442934237626295579e-01 5.480509503871788118e-02 2.002266857157759469e-02 4.321710157275452935e-01 9.451829289848882876e-02 1.393653381734773489e-01 1.042646700672024418e-01 1.538731902072505188e-02 1.109851227245128684e-02 1.922979446698303355e-02 2.948484042751879294e-02
4.623537072035880519e-02 2.086004630138049015e-02 4.775917201329934331e-02 1.807646055796334195e-01 2.988232868971751194e-02 1.302414759130799682e-01 7.646997607040864620e-02 2.374586310606224479e-02 2.470209081091613579e-02 5.438334735385312868e-01 2.455645784918566304e-02 3.504281402022944580e-01
4.891335752865872549e-02 5.913438524594114010e-02 7.358889272513730040e-02 8.551717083309572087e-02 1.728207888460838171e-01 1.320395315388908086e-01 4.153794065750953529e-02 8.516869877105205655e-02 7.373292449479525168e-02 4.727229907028698136e-02 4.513341736707258134e-01 1.228009412950453391e-02
1.211214775380575759e-01 1.518023239783632475e-02 2.661786011205985111e-02 1.800379567303582451e-02 5.335465546382400087e-02 2.629535174760981864e-01 1.358904353331363314e-02 5.077760523846930329e-01 2.169423493520128976e-01 6.646375940606011334e-02 4.027926791521358602e-02 1.086897838461045041e-01
2.997371255776656307e-01 1.513278951498366574e-02 1.871045613754156525e-02 1.840257939264152154e-01 1.507386948203176535e-01 7.617990116132800082e-02 3.467322901906557536e-02 6.982592559935150989e-02 2.523109956442844415e-01 1.250077446788055435e-01 2.694989620176117123e-02 4.573259724475611798e-02
6.760850084605882736e-03 3.252159114713405567e-03 9.591348498455806726e-02 2.279687113585512626e-01 1.317130786674382791e-02 4.708055983662684518e-01 5.096316473174071493e-02 4.829878846160048228e-02 1.641155958941281079e-01 9.263456993045206603e-03 3.963313069180323528e-02 6.086111475952573624e-01
2.993925527041012280e-02 2.447654581384605121e-01 7.519753113423116586e-02 9.848087548814407621e-02 2.733379788984875366e-02 4.086963850541232013e-01 7.470617743470873984e-02 4.143716409037558578e-03 6.326842902651733103e-02 2.301327458255186115e-02 4.623562412248690551e-02 2.915577742120838423e-01
5.327376973360139351e-02 1.360969141530446458e-01 3.199549071671993206e-01 6.455587232171663969e-02 1.001164949611307031e-01 2.928430536969423709e-02 1.070007323320446013e-01 7.308555292468986442e-02 4.904401160243272023e-02 1.940111980512222375e-02 6.461772387520181918e-03 4.115447160998674803e-01
2.777164776059435833e-03 1.909471283206538861e-02 1.760480074697666764e-01 2.010297327076152607e-01 3.567509415493001074e-02 3.109983752681835245e-01 3.013729978945108023e-02 1.540083624600598056e-01 7.821927039939544080e-02 5.214565536906224340e-03 6.624352803877574525e-01 1.278417739165766363e-02
2.208042950868149834e-02 1.181568222627549930e-02 7.086649352160474813e-03 4.813676624894001888e-02 3.232141622853499374e-01 9.207038722987051504e-02 1.036529514179247990e-01 1.659028788370374707e-01 3.039640289934946241e-02 2.418251428354259436e-01 1.248564397969230688e-01 1.615703820747357022e-01
6.807399029363066234e-03 1.493866611353538432e-01 1.182420494720314852e-01 1.112053662850477284e-02 2.462172536244370061e-02 2.260600041962327611e-01 3.419721513910672916e-01 2.232704030305088932e-02 1.336817005913110146e-01 1.865379192520397467e-01 6.301727059748436777e-02 5.817208335449279566e-02
4.301480718066627573e-02 5.445796401966371963e-02 3.266573056816745452e-02 3.324897899749790220e-01 2.160243290728448839e-02 6.698279786517685741e-01 5.236183496897669001e-03 5.205648737196880149e-02 3.333361672914104123e-01 1.013531844490188523e-02 2.283478491614812991e-02 1.241041522147703219e-01
2.183391870025531978e-01 5.618749873794711552e-02 9.464083615135342187e-02 3.120469838627789594e-01 4.494940418745195509e-02 6.799449781196438558e-02 2.203118884403366118e-01 7.628566748415802241e-03 7.212873425445529008e-02 1.657922873796861818e-01 2.113985069842650583e-02 2.641422211635272368e-02
7.622269515891508251e-02 2.658074133070818454e-02 1.007649927688025054e-01 2.512723267521788650e-01 3.243240261025168159e-02 3.652615914192861024e-02 2.423111382919966028e-01 2.904716051431321250e-02 2.500974959167607814e-01 7.997352516727636307e-02 1.126652060838416597e-01 2.581695269126291908e-02
1.526563168555494510e-01 8.567131719153931249e-03 5.556994280332294700e-02 5.030134867937476745e-02 2.701828043341980568e-02 1.186256866715864194e-01 3.495269977836375497e-01 2.591491640423647727e-02 1.620158263144512167e-01 3.362194396095684323e-02 2.835858126632532783e-01 6.397787914000246934e-02
2.134423835290455429e-01 7.077528090545687212e-02 2.258559093984455028e-03 4.432431310294188478e-03 2.084178716170266843e-01 6.424131367180982433e-02 8.334604944560440598e-02 3.816853858805336341e-01 3.401516963265052707e-02 1.995556905494243749e-01 9.854824175606076431e-02 3.972603361574456732e-02
4.516684531582356582e-02 1.042465301079042173e-01 1.843668474985169503e-01 5.547944101313610071e-02 5.945141684511785068e-03 1.718239221281723725e-02 5.532957401978769174e-02 2.552497076151165056e-01 3.435742475934564499e-01 4.430551193154544376e-02 5.659107050851104603e-02 1.653148259309133727e-01
6.485378176691794505e-02 4.238992005071546415e-02 2.222591658342939758e-01 5.483150297291982528e-02 8.547408494246422697e-03 9.446672948246105650e-02 1.345506196087298267e-01 9.694838464241449516e-02 1.679599878055303419e-01 7.333589183524784338e-02 6.578151324437576941e-02 1.448742550856803590e-01
6.597741070516865633e-03 2.683599752164421703e-01 2.593960771115023239e-02 1.607115451784775217e-01 3.787377474285230639e-01 5.321056378988262003e-02 5.344019600642408996e-01 3.518288364290160161e-03 8.454249722861701972e-04 1.567490475536278613e-02 7.559538095592721607e-02 1.797751095408596234e-01
8.814111101294676287e-02 2.445017221740630464e-01 5.852709140464132376e-02 3.103748482682343671e-02 5.649603506438787004e-02 1.363549129929444714e-01 2.995416284318660680e-02 1.194918716846853218e-01 1.081226879208472755e-02 4.189489743793785581e-01 2.232594014330310100e-02 1.127122407488369560e-01
3.858673473078988447e-02 2.043402749751033476e-01 2.708527386084721988e-02 2.065405945014042732e-02 4.780773344917099016e-02 3.895414758067707872e-01 4.172258736213087238e-02 2.065126681242042683e-01 6.670088873461652024e-02 1.993180572723599227e-03 5.803631309861830706e-02 3.583663502472734241e-01
4.929357593846309116e-02 2.941418523365077475e-01 5.232845179887627568e-02 8.494656291325135625e-03 9.452409602361806773e-02 1.356419876263489643e-01 9.972101420321327625e-02 1.501388386716423495e-01 4.926124370373589217e-02 2.554689190554131767e-02 3.176483503523067770e-02 3.128108949861004850e-01
2.533235723763136577e-02 1.901194048141909565e-01 1.304591395436255075e-01 1.123529172186926023e-01 1.229436833420168018e-01 1.093469941352476354e-01 1.020414554902625802e-02 2.049441861441287649e-01 2.890032495986333966e-02 1.673350652945101644e-02 6.506235496310837016e-03 4.650932287698960055e-01
6.203800097096885680e-02 5.194671126970843572e-02 5.672706671988904104e-01 3.005889648430735972e-02 7.730869959800967806e-02 7.357029138587825590e-02 3.302451747437369634e-02 5.985621537446785823e-01 1.378094524505303967e-02 7.369265575829852394e-03 2.215994239223785869e-02 1.427995855948130943e-01
5.186036335181493789e-02 2.846850719344159453e-01 4.561485736881087244e-02 6.920838445683877294e-02 2.958884063065906900e-01 5.382595238336630034e-02 4.437568944141118826e-02 1.163650769652949807e-01 3.395552176420929547e-02 3.716780963533262705e-01 3.902024428310738730e-02 1.444508875055939981e-03
3.250035976012726618e-02 1.277938666103754228e-01 1.136403346280701887e-01 2.850412211963596759e-02 1.396195392621598919e-01 1.099908536974652518e-01 2.251591686528142400e-01 1.019994402069511752e-01 1.429368651933738965e-01 6.368632149012554144e-02 2.992463082909369368e-02 4.330929340703029012e-02
7.206852085818296616e-02 1.293230548064734989e-02 3.292451760946411843e-02 3.331613535784376245e-01 2.497505532854782662e-01 2.731961184586046421e-01 7.718640348231603845e-03 5.730997525014765864e-03 2.375820659865214846e-01 4.109122983013389907e-02 4.694151034291763752e-02 1.525963053160866723e-01
3.680571148081664967e-01 4.810587656887144181e-02 2.930148866987242195e-02 1.355191127574088550e-01 8.278933505910075763e-02 4.973387801166437860e-01 2.246632057035601732e-02 1.369271450077034179e-02 4.276167156411813525e-02 3.515355713829574347e-01 1.129483379494935699e-02 1.268240360535632417e-02
2.340886595650871760e-01 6.645200814417720481e-02 3.195935620316781023e-03 7.733283865987920780e-02 3.774902565851590563e-01 2.353760718430726873e-01 8.614864341220337951e-02 5.450896514210630539e-02 1.820105729351219892e-01 3.479883338189629360e-02 8.915574456040855147e-03 3.151600962063154376e-02
7.070272726039660005e-02 5.590828593453981560e-02 1.043063516197153956e-01 2.220031119077147952e-01 7.442062227914865088e-03 6.482354575989740519e-02 2.271197416448518802e-01 4.578584228162216330e-02 2.266414139075754834e-03 3.446345385241363080e-02 4.701255285740823520e-01 1.213581525561140406e-01
4.555280823882382202e-02 5.096042091985352775e-03 4.642167078143710074e-02 2.320830949376558039e-01 7.312301096455012250e-02 1.173809936059176384e-01 1.504946778860852784e-02 3.377239486683270009e-01 5.857174158956609394e-02 9.830813108751258744e-02 2.052619416739778074e-02 3.363441162111558413e-01
1.405121378918504083e-01 2.118409596425824271e-01 2.683764533397264840e-02 7.071808728998846272e-02 1.029075044036998760e-01 3.349572147685023205e-01 4.213482960757640450e-02 6.554840685894301744e-02 1.133451108844679839e-01 7.448712542433817696e-02 2.912554349602566525e-02 2.732318015946764989e-02
1.365123188689228856e-02 5.618139464351411261e-02 2.295586325352549362e-01 1.382893727294217667e-01 1.627984308264808222e-01 6.510908047717491043e-02 2.584310182104659556e-02 2.727592218678349667e-01 4.143568294884018843e-02 4.826640801447241308e-02 2.229164891473841281e-01 2.196294315630086674e-02
1.723337403837708337e-01 1.087889188263561069e-01 5.760206703128254585e-02 3.577786749298365876e-02 2.506696616781344256e-01 1.947415572388776772e-01 1.927283704379544396e-02 1.445846613109913080e-03 8.802444899774584247e-03 4.467343437010196094e-01 5.986632651399247107e-02 1.050871758013695173e-01
1.465381798375445764e-02 4.169608202185927370e-02 3.007694003622832235e-01 1.140654529944504919e-02 4.630805442933484395e-01 4.479934744497089671e-02 9.113149922222856317e-03 3.635119308152910400e-01 2.326040633119909676e-02 1.314138622030142090e-02 1.619965603207061955e-01 1.567161793963817162e-01
1.637988106853787221e-02 4.263860501075081300e-01 4.142291626798699083e-02 1.192220774941280328e-02 4.399596189612559605e-01 3.060966234266698435e-02 1.428649551496457247e-02 1.468770614777441808e-01 1.264548670647516748e-01 5.350916434607114192e-02 2.353825027550320859e-01 1.772875154118723831e-02
5.314704435796586968e-02 9.881104144603125583e-02 3.964387741876879701e-01 1.618482661924486865e-01 2.028913324796941323e-02 3.229612176336793539e-02 2.326838115875691504e-02 2.893812255564978675e-01 3.532492343921607436e-02 4.687611440584558697e-01 1.032616460243837922e-02 3.890787163227570067e-03
2.008454471845174671e-01 8.956935101569782343e-02 1.543873746753751663e-02 9.431560235784081786e-03 5.478660810866483599e-01 1.235063369945124320e-02 3.431740146268160308e-03 1.402713283168902370e-01 2.225600315472563984e-01 3.351401419582682867e-02 1.513082595082832216e-01 1.040147095757959772e-01
4.947710938966115579e-02 1.982387769155317669e-01 2.299017466512610908e-01 8.905733377382152316e-02 1.310620462664958789e-02 9.442433828025847964e-02 2.121929678251170681e-01 3.767581299184542820e-02 1.701141945979548625e-02 3.410167263230813595e-02 1.049874631837268979e-01 1.648805316732528947e-01
2.137338197750608682e-01 1.047535325214854207e-01 7.856643883278577323e-02 2.643418841785800666e-01 1.727125505651963544e-02 5.019378879223681394e-03 3.686628341202825010e-01 4.807057472040991014e-02 6.570039329369402152e-03 7.722756322795271133e-02 2.161692737241139584e-01 2.950449047455560789e-02
3.561474401087875302e-02 4.594296664885996057e-02 4.426537788712368582e-01 8.662159713754643067e-03 3.773371050631505463e-01 5.366187880857064413e-02 1.975600692392551760e-01 3.951129079269533918e-03 7.178286903063928193e-02 2.382161923787903535e-01 2.846376093469628679e-02 1.697271174561737483e-02
1.326837503670751373e-01 2.266606515865649263e-01 2.979355148304039247e-01 6.769836301207073602e-03 1.520779146428162878e-02 5.301358760478017129e-02 3.528121626983957843e-02 1.336183398833148683e-01 2.051936897217327208e-02 2.611790138034080777e-01 4.309862652001985456e-02 1.178040309498402521e-01
1.223605821534123894e-01 4.820473302098409601e-02 3.302650402678620339e-02 3.137266187283350716e-01 7.608307842539279581e-03 1.255826826370054217e-01 1.891379308639501988e-01 5.295698672124687922e-02 7.293096591357306480e-02 1.803024573368478545e-01 1.054177632056920583e-02 1.240680806074708625e-01
4.828104442248301077e-03 3.102942926117432387e-01 6.290883159803890845e-02 3.325520307917772655e-03 1.231801265630902420e-01 2.244593012944347543e-01 3.169720243417883943e-02 5.639843720172427188e-01 4.345025728797247827e-02 2.475411413325084298e-01 4.925841842190709086e-02 4.718369798335525110e-04
8.853471166634886702e-02 1.846096092092659041e-02 1.672701560266401932e-01 2.848838002257332302e-01 1.058885540792069424e-01 2.765221898121740865e-02 2.779861418686532283e-03 6.891985709690563906e-03 2.362194765135442742e-01 6.363361389123950440e-02 2.226252117249888363e-01 1.461262484123644345e-01
1.839038076036829672e-01 1.295215150899667600e-01 8.971319056911238043e-02 8.937869240534901394e-02 1.366798221756236609e-01 6.912885726450903462e-03 1.111525714721313812e-01 1.424372326823850343e-01 1.478765387269597234e-02 9.048856876687574186e-03 3.030633707199797966e-01 6.437235832870305541e-02
7.977888224970268449e-02 8.645459362601904535e-03 6.562222045630437817e-02 1.877879021435699125e-01 2.637112765811000861e-02 9.838836958153200640e-02 2.509275088142748911e-01 3.566813232953947727e-02 6.514897171586895297e-01 7.201298031819562684e-03 1.962863556622016295e-02 1.245426713484459602e-01
