-6.634052496612805605e+00
-6.400715268738176533e+00
-6.737008385800852928e+00
-6.656413867694412900e+00
-6.663035603735575130e+00
-6.380008597534948755e+00
-6.550698180057065834e+00
-6.738107169744437464e+00
-6.692453858982466919e+00
-6.656610479991508456e+00
-6.510660984694681019e+00
-6.531847660902204922e+00
-6.388950986749377670e+00
-6.619455542445186857e+00
-6.423276875549814413e+00
-6.581369894966613288e+00
-6.495625147427730006e+00
-6.542413102602041342e+00
-6.833179993264772989e+00
-6.715039090313492665e+00
-6.602819202789127040e+00
-6.515710252198910091e+00
-6.919537042341487698e+00
-6.615110926591664331e+00
-6.558016468445068803e+00
-6.623873182739151488e+00
-6.633494442544551895e+00
-6.601776665441416725e+00
-6.539978386033645563e+00
-6.294968056830968273e+00
-6.756718299774594705e+00
-6.536397828888573791e+00
-6.557761499494153767e+00
-6.616287976044602281e+00
-6.439910321459916709e+00
-6.912927857835069467e+00
-6.661352263738079316e+00
-6.609848829762853484e+00
-6.302838712349137396e+00
-6.474536234848958571e+00
-6.618128448768299421e+00
-6.552569727184129000e+00
-6.507125778294597929e+00
-6.462492416622885649e+00
-6.554826538957475357e+00
-6.400941640024774948e+00
-6.616482784225929947e+00
-6.639426845606800853e+00
-6.752847657504609913e+00
-6.362821330633469330e+00
-6.526254462497338871e+00
-6.377805685491786392e+00
-6.550745095659566530e+00
-6.578082171381534060e+00
-6.585664981036428500e+00
-6.574685235363557645e+00
-6.518538022144051425e+00
-6.590116119991741961e+00
-6.589502248307915977e+00
-6.521471721058833992e+00
-6.421331259776763112e+00
-6.611677747104719671e+00
-6.684686295390658728e+00
-6.444459136129039756e+00
-6.919116541568232748e+00
-6.584803656420989526e+00
-6.536039874499166125e+00
-6.332060626290583194e+00
-6.565435129461848263e+00
-6.547558942309164465e+00
-6.195418123803727362e+00
-6.373905143116448180e+00
-6.336478294756322960e+00
-6.404846980739502982e+00
-6.631092872840409491e+00
-6.515278302940108901e+00
-6.598892790234771155e+00
-6.374297566831952366e+00
-6.623089619430440500e+00
-6.538071623652271569e+00
-6.566104035807561523e+00
-6.510135496236565622e+00
-6.495464206744864022e+00
-6.680851851393001972e+00
-6.656027908560687045e+00
-6.618566674802519145e+00
-6.481673241975177469e+00
-6.602056282618153915e+00
-6.646645923357688446e+00
-6.659296909052295987e+00
-6.578972132460429556e+00
-6.569146777439237361e+00
-6.682549971453926041e+00
-6.634181704135815316e+00
-6.467244231586399827e+00
-6.611647022629060011e+00
-6.554457590697155389e+00
-6.691936260995846375e+00
-6.739595689324351824e+00
-6.494409236014523579e+00
