1.907696508073802866e-02 1.153661376191411625e-02 3.958536600451082431e-03 1.105699919058487912e-01 3.504306688525074542e-02 2.300895330090840102e-02 3.848284790574735444e-03 3.554890864795485009e-03 6.722674572072019628e-02 7.308979322717687466e-02
7.500381878006901371e-05 3.942071164239555232e-03 4.615229408206931727e-01 3.806680722254815463e-02 1.859271963638032231e-03 1.442592308621851692e-02 3.046083392216512031e-01 3.234430119795148138e-03 4.858113249244887916e-04 5.029499303447736982e-04
1.071993974807395125e-02 4.284702744737622221e-02 3.838853062777973224e-01 2.621516577182909057e-03 4.532549510501754017e-03 4.698373970293918261e-02 1.351199653989186740e-02 8.483251654561449126e-03 4.762617634642661579e-03 7.051226843891277019e-03
1.604410172777123167e-01 3.060246831266899212e-02 9.045369629452851973e-03 7.355542574279718901e-03 1.673821461146775824e-01 2.209953322058199471e-02 4.084900618768361018e-03 4.116176907082101308e-03 1.351734668539618031e-03 3.657254309056681696e-02
1.804385512404023048e-02 8.766197727322719291e-02 1.630834958228408876e-02 1.634453928377094245e-02 1.608491534369758669e-01 7.221128222544878628e-02 3.099990574313077948e-03 1.132744718677662068e-03 1.518227410256128796e-03 2.502290537669392412e-02
1.238413256017423681e-03 3.170255700547748145e-03 6.562304679927692848e-03 3.074096030322772538e-02 1.988562817013857925e-02 7.070294098137762384e-02 2.272344119540989360e-01 4.672004239347019722e-02 2.949643688802997682e-02 7.848772590940039694e-04
1.174055247097690810e-02 1.699380262432556299e-01 2.678108299116784344e-02 1.643275901993749080e-02 7.312317259564722616e-02 6.938112041296655083e-03 1.175095207387514933e-02 3.989902710670789610e-03 2.898892081742942758e-02 1.094769806199244119e-02
1.169247611067052509e-02 7.061584163260214986e-02 2.108237266194093740e-01 4.452861316046452696e-03 1.439526344460096080e-03 4.162131275827746614e-04 4.268300775327041113e-04 3.850546627416652316e-03 1.106412130773990199e-01 1.213542124493824370e-01
9.764935088873805211e-04 1.498957222705356480e-02 2.428594028187818221e-01 4.713590744497178631e-02 1.870848906963371743e-04 4.393992305624839123e-04 2.010835245663119761e-02 3.724905949970245822e-01 9.258905705700405664e-03 8.289070231267931617e-04
2.565796697047235952e-02 6.980265485004070146e-03 3.767836636738853802e-04 2.396525854773763099e-03 7.563451923289386813e-02 7.620212524614612508e-03 1.272434812887011067e-02 7.638891767258290666e-02 5.166792730669168832e-02 9.054453183208976963e-02
7.362722077459639761e-03 1.126873290626650634e-02 1.406158972125016657e-02 1.812613893815981925e-01 2.944696679686173782e-03 6.370574011597547950e-03 1.367903428318116010e-01 5.492584876783260933e-02 1.088581435832311657e-02 2.210390166643014503e-03
4.733484917484878651e-02 7.681945626749327703e-03 4.908940766359518038e-03 8.176250285473563029e-02 1.134776126493531045e-01 1.204230931532113136e-02 9.946897868615682970e-04 3.517845647264530515e-03 6.640919053226610955e-03 1.687451810078062497e-01
1.101158349424383827e-03 2.790399743526821973e-03 9.257574813348906639e-03 4.746217549001270630e-02 2.620489888734333639e-01 1.116975787058895227e-02 2.590121306478842048e-02 1.065698452041421024e-01 2.100822236958628519e-02 1.833406715334884090e-03
7.300613684451971730e-03 3.451814208855124022e-01 2.480743740584579263e-02 1.512496651540225050e-02 1.181848980168618973e-01 5.689557263327867792e-02 1.616177108481935132e-02 1.246961301016954191e-03 2.660620089091329408e-04 3.283804472039600309e-04
7.459130423858356673e-02 1.311098851656701259e-01 1.264690491374547907e-02 1.029444581435519948e-04 5.991016522273643301e-05 4.911210565381484740e-04 1.253235881704476036e-03 1.096557909119479368e-01 2.028819377534658297e-01 1.511000362381167972e-02
1.375660019836300908e-02 1.927991366529301365e-01 6.564592585716139822e-03 1.162239814986353384e-03 5.651870387530111300e-05 1.926686818262885554e-03 3.245734605779328902e-02 1.136970736686607475e-01 1.261403021820605153e-01 1.251216632344581692e-02
3.653247051843488968e-02 2.976635662044722908e-02 2.779683368583452108e-01 5.060225223605921419e-02 1.114447104086145699e-03 1.497103547383271476e-04 2.126719026814849500e-04 8.739495186348358521e-03 2.573637653710471318e-02 7.577333045849646287e-02
5.521187033273136646e-02 2.134207076356397503e-01 1.010506128016498140e-01 4.792713081003877745e-03 1.140523494836949980e-01 3.356741693326480841e-02 7.175539888812011062e-04 5.786748106263034375e-05 3.548069161061370128e-05 2.743538506226566535e-03
1.381371810193628927e-03 7.316709190153229680e-02 8.571298244253939755e-03 4.725943528006648631e-02 4.543198146193973622e-03 2.120265571025138351e-01 8.431971722469035202e-02 4.510582651368954393e-03 1.204373490523097086e-03 7.277306874260379681e-04
4.151844082228996202e-03 2.358014497349107501e-03 1.586211043167169432e-01 7.622739934525686600e-02 9.325978581175654869e-03 4.666573744716102402e-03 6.654520257650814452e-03 2.952435520077122122e-02 1.461254499232320959e-02 7.580404952261980689e-02
3.103169834037022845e-02 6.396595739911990763e-04 1.235354231542229269e-04 1.797260392555407330e-05 1.734825808224969325e-03 4.792033019941915883e-01 1.998256102683734076e-02 4.138592435291556237e-02 7.675887219269536543e-02 9.568213237857652737e-03
7.554147457008029282e-03 9.907680353078852920e-03 4.370199123695170385e-02 2.155830635840726706e-01 1.233208858737316199e-02 1.734205243407488124e-03 4.980771447301962336e-04 6.960886656758672950e-03 1.874027548898586359e-01 2.605858510528839822e-02
7.032493023359769752e-03 4.132157996411253871e-03 8.512265294370744556e-03 6.109322947235889915e-03 8.082678525248434415e-03 8.118099129988332052e-02 4.158909797960314708e-02 2.231923204114828405e-02 5.985203371137358397e-02 1.218983037321393764e-01
2.507095180427157139e-03 2.431739410871316606e-02 3.171898783113336756e-02 4.674697063862746915e-02 2.583081824668428950e-02 1.149705368057157839e-02 5.735047999500592596e-03 3.708444680707630170e-02 9.628243724661313119e-02 3.770497254773137047e-02
5.637048946884910946e-04 3.408388472668790435e-03 2.776786191645905580e-03 1.472737786377022184e-02 6.975047839036177533e-02 2.319253138369193334e-01 4.841014912396870984e-03 1.980735526115596362e-03 1.039623597926697673e-01 6.036801754430625236e-04
5.412052418555426524e-04 2.837826543368656383e-03 1.037618324424267706e-02 1.303774974100971144e-02 5.311868659288352390e-01 1.726333279795745634e-02 7.251082830627486597e-02 1.641964606038202185e-02 6.770731582567031392e-03 2.497761150355300944e-04
2.163445528592719460e-03 3.927842867330610943e-03 1.572982302937052934e-01 3.974419858626791757e-02 2.509201080917010662e-01 4.378209006801503378e-02 9.772581675648379929e-03 2.995545207306294158e-03 2.271194243295223195e-03 2.031827466819696986e-03
3.628399487744801005e-02 4.001772840488445997e-03 1.699808946675571836e-02 1.703930509794873618e-03 2.479802356095619706e-03 1.212903865707981935e-02 1.175685613213206387e-01 4.569383637159664391e-02 2.308399595639702012e-02 1.072190592782312768e-01
2.699065549319452722e-04 9.460234212707942009e-05 1.986166833412653272e-03 2.306908604614564817e-01 7.052398436197038212e-02 1.219836928220335501e-02 1.174350864142691478e-02 3.387475388951121658e-01 1.244466428239828816e-02 9.421619588497726462e-04
2.510774220195594302e-03 8.055437019166968721e-03 1.590444340439178469e-02 1.043790555309212637e-01 5.427495607123489912e-02 6.255717717229354081e-03 1.996433663627999733e-01 4.638064528743078563e-02 4.637576454988525179e-03 1.793460523487341775e-03
4.574820799152677642e-02 4.171005402499722292e-02 5.291947958208824757e-03 3.327823672408924266e-03 7.593445604272500149e-02 6.908369874816502887e-02 4.086277153583919158e-02 2.184759453467697947e-03 8.842486099526638763e-03 3.945839545249081592e-02
2.372790757831240091e-03 4.797710805010435217e-03 1.105742385043852367e-02 1.456687354718150598e-02 2.046420825773387353e-01 4.829153881699113984e-03 2.914008662735559710e-02 1.328057128029689338e-01 3.533782505667937279e-02 3.583626890339899375e-03
2.066816419002472441e-03 2.651525955346566432e-01 9.065172260621794098e-02 1.592186235535841821e-02 2.812883974999383710e-03 8.480448317514542242e-04 4.714364048225691745e-04 2.231532478713748810e-02 1.305893743161114229e-01 1.341988704849261761e-03
1.067245927309923162e-03 2.230496689066592954e-04 5.627886880020451389e-04 4.957972825487730849e-03 4.692850228615689373e-02 1.737793057904931937e-01 2.215201410692517817e-02 1.423703157198160651e-01 7.115207454158195555e-02 1.825853334931311356e-02
1.448218073932791127e-03 7.035174779158123726e-02 4.194303645354553745e-02 6.532833641998717251e-03 3.220948841882444180e-02 4.964360512263780133e-03 3.023946253556239385e-03 4.192315312925784521e-02 2.160640484379626747e-01 2.821481767843304379e-03
1.341518936658132877e-01 7.026259385510882916e-02 4.163582093571279938e-03 9.491989182597182105e-04 3.543852906207765191e-03 7.524034569888465168e-04 3.348861866667467158e-02 2.362993423015718464e-01 7.823715950825597260e-03 1.250307325004621460e-02
1.373766383966120298e-04 1.028922114605672404e-04 7.118711371727768147e-04 3.043125349957031059e-02 2.703099383283905643e-01 5.845581811089317625e-02 7.279428055982831332e-03 3.316341208715983813e-02 1.279263982146332801e-01 1.471087299658904377e-02
2.052001860812654732e-01 8.406356152082652966e-02 7.490833323017268008e-03 4.148386268075853617e-03 5.140821336534812797e-02 2.735456640162778341e-02 3.607892900689981929e-03 1.272441162661450739e-03 4.672675209044302100e-03 4.409956533584971639e-02
1.638876787570508475e-01 7.778446876971528874e-03 3.317562883666289909e-03 5.266671499544190848e-04 3.215451677516427756e-04 1.697495391887987376e-03 1.380888706015209466e-01 9.285204717335249214e-02 2.499985480204404073e-02 5.653227502681981709e-02
1.941576454046568551e-03 1.992247218828394582e-03 5.471551838673242019e-01 7.844323047071362701e-03 9.028128167782023799e-04 1.987754042719290233e-04 6.654082685412811542e-04 2.162061215659577540e-02 2.520257083083732308e-01 2.729833069249410285e-02
5.169488950690548368e-01 1.090805364134027344e-02 8.361881597185653187e-03 5.652818089795120116e-04 3.613609867454437106e-03 1.236315423934431813e-02 1.098282455822810894e-01 3.013873138159369608e-03 6.313482281538544249e-04 1.424796154821946458e-02
9.637640396923410208e-03 2.063065406122959692e-03 6.760047552266324616e-03 2.873794635235262310e-02 3.907217420031443983e-02 5.776769946279748311e-03 8.283025028133488010e-02 8.394975665527498743e-02 9.029606169639760316e-02 4.506932498351792077e-03
2.227698599915194956e-03 1.006774805701990926e-02 1.276620033854206915e-01 6.844651012113662711e-03 1.530271652209413448e-02 7.703350803754949183e-04 1.042247266658491347e-03 4.414412400029525500e-03 4.570303300681994862e-01 2.036500740118839942e-02
8.214574487437478062e-03 9.906643040169686720e-03 3.226950548900506775e-03 8.046980282510116100e-02 3.289906249955105999e-02 1.912621836368270933e-02 1.501072302550170851e-02 3.367743934898937558e-02 3.002038097577252457e-02 8.804850080601439588e-02
5.294787902529917573e-02 2.883167133383317260e-02 4.035686388513536060e-02 3.269246899051002440e-03 2.037323838185284535e-04 1.506796291326476423e-04 2.583426808701575969e-03 2.059098194460737968e-02 2.011169759949448244e-01 1.343533428194971513e-01
9.552088902221735067e-03 7.490091216579061739e-02 4.307678322631151857e-02 2.270529699202437912e-02 4.702652102556402480e-02 3.889217953163287556e-02 2.556065354122467534e-02 2.510182996470991523e-02 6.867248044825234946e-03 9.635124214393411129e-03
7.642792539220396447e-03 7.911164506278418104e-04 4.430200441863080263e-02 8.232567021140014749e-03 1.575332073302068703e-02 5.705000033362772616e-02 2.905718348965746073e-02 6.027455198384161668e-03 1.980987216369600387e-02 1.768143542841137672e-01
4.913545924256165209e-01 6.925175958384713164e-03 5.540654266006497103e-03 2.538957374630294341e-03 5.563003365786174312e-03 5.497242371237480267e-03 8.808906018425094811e-03 5.177017187946660742e-02 1.540000791028374796e-02 2.085039156456872794e-02
1.126290549046517729e-03 1.179658287205186985e-02 2.115645069031847347e-01 5.988530455092314075e-02 8.220545402694175424e-04 4.845074312580551282e-03 1.814630337630376844e-02 2.012404493529633756e-02 1.341485093556718522e-01 1.709565176150324058e-03
3.398240963679022286e-02 1.127003204122968005e-01 4.707023415935550348e-02 2.662480327288075602e-03 5.338393954432417085e-03 4.603040525336794114e-03 9.716506634954520574e-04 3.209699668211564438e-02 9.656095911061486625e-02 3.728301273157668544e-02
5.147025472428110038e-02 8.479097831300300148e-02 9.320797393178547469e-03 4.299519653446161674e-03 2.604751796601054159e-02 1.040225503658288447e-01 6.215193329069341327e-02 9.850868037224009069e-03 5.146122870757956561e-03 7.480106815110668453e-03
1.854925509380937060e-03 1.441688764353971954e-02 1.445420632792496218e-01 1.012404599845498354e-01 4.234540048376619729e-03 8.355435599758556653e-03 5.528125711492229422e-02 1.941907563001452758e-02 2.338477285557394314e-02 7.187960409954352765e-03
1.032076316948561667e-02 1.812178764076891879e-01 1.089168414108282190e-01 8.700051294927277357e-03 1.944720149460280783e-03 5.114286704544166937e-03 3.321796212381288721e-02 1.221404027058796832e-01 4.467841015835707051e-03 9.296459233407165963e-04
1.065441295421717949e-02 2.390290694814463379e-02 7.108535003441602065e-03 2.957811399231479767e-03 1.662174541004010353e-01 5.748495447949808490e-02 4.166894120886731161e-03 6.967760137009931798e-02 2.983638187903106531e-02 3.053652575292665084e-03
6.733888600825677778e-03 1.239863687283492173e-03 7.655880743389549027e-04 1.711018945767295296e-02 3.413047331208910462e-01 2.678548101415065275e-02 8.020526034144628835e-02 4.274386481151448702e-02 3.883632455047570081e-03 7.082267882869714565e-04
2.049342876931936272e-02 8.273488043725513510e-03 3.093866913768099358e-02 9.879327288272492930e-03 6.134341957069182338e-02 1.818599818309291349e-01 6.223529404161898260e-02 4.296048377818694960e-03 9.996998097698342467e-04 9.866277493433078805e-03
1.190314728300037508e-03 3.260601199304447029e-02 4.877782792846681315e-02 2.666319419159972337e-02 8.122674415904697354e-02 6.573094607448403889e-03 3.097495132437918727e-03 7.810151426384420725e-02 8.397837116723265438e-02 3.112500747494322765e-03
3.724819970193148349e-03 1.664297932091369711e-02 3.307666300063604736e-01 3.520176950076628775e-03 1.294863038910617613e-03 1.171523196168326730e-02 9.087123219321892320e-02 2.399938343969083149e-02 1.062605516335906643e-02 2.170949599758073556e-02
2.024908029130092178e-03 1.787477525135478668e-02 1.079720552400444400e-01 4.265776907065696455e-02 1.412106007816180120e-02 6.353768311279276533e-04 4.321515196072652637e-03 3.206736373972130516e-01 2.734865499299102623e-02 2.757123712736549246e-03
8.829317682954930524e-02 4.497359033569732489e-02 2.601775515511228765e-02 9.867854236074554558e-03 1.099082594510239139e-02 3.735514801624523901e-02 5.512476539871640976e-03 2.904806265754906157e-03 2.806862001443614571e-03 1.455998376370917224e-01
5.142867673479861734e-02 9.078494363028804387e-03 8.491788172744665908e-02 6.570199238824301138e-03 3.016145595930298448e-02 9.887228852696088727e-03 5.951837918674041973e-03 5.229216263902344841e-02 2.083629172007088470e-02 1.717326923145654632e-02
1.765514290784252552e-02 8.325599417709701744e-02 4.772358868802123108e-03 3.198593324259176593e-04 4.984071243694163230e-04 1.638592844900427963e-03 1.155825500736124278e-01 2.413555245457862236e-02 1.433303453028144658e-01 3.923235575688308746e-02
2.344050943123016616e-03 8.839469529616632640e-03 9.612505168804184527e-03 2.013087300119387538e-02 1.039548367228580322e-01 2.086623568659696781e-01 5.901711089291866719e-02 5.611844311634271720e-03 1.444701801866033440e-02 8.337735274764359033e-04
1.588966039525452345e-01 1.062383433819262257e-01 3.916724558403491749e-03 1.192256179655590119e-04 5.311946009226031513e-04 8.266183070147282985e-02 1.520133923587585478e-01 1.425351547967937393e-02 1.082321563977744951e-03 3.875519330852847735e-03
2.111242748343835907e-01 2.334409391505581563e-02 1.545110152532449491e-03 1.692716837254621028e-03 1.026716492257970792e-01 1.328046695891009765e-01 2.025639894052258527e-02 6.266874964878818522e-04 4.294045904024047918e-04 2.384821099754021179e-02
2.177299987133468877e-03 9.111497421419881499e-04 3.567746724547971645e-03 1.182052102801219029e-01 1.466255641271106136e-01 2.880194266251382470e-03 6.086348294209488474e-03 1.553682980502186228e-01 3.609601178058342852e-02 9.897596620130691414e-03
1.002696492437940221e-02 4.129686204120016496e-02 4.481129653449013317e-02 1.226748336609012197e-01 1.945725554512551386e-02 1.678352990612023282e-02 7.955749107300080737e-04 1.692739137086959585e-03 3.785599439653279663e-02 4.814822889026865171e-02
2.294855603964949531e-01 9.524602283264399505e-02 1.218040947690416037e-03 2.188536525192334297e-05 1.216776341004824428e-05 1.022181108147503909e-04 1.561769561772789706e-03 1.006174889472417483e-01 1.986092877057591966e-01 1.152539596332797373e-02
6.685283509997222602e-03 8.208267513491625950e-03 3.455892311434115988e-02 2.220659606397243704e-02 3.578139365796600968e-02 9.802892811661713390e-02 1.156848085449955210e-01 1.972713442603057227e-02 1.406836848896673639e-02 1.181742736812943506e-03
3.567710000788296924e-03 1.519512776825581168e-01 1.188386368711093488e-01 2.877713778950781454e-02 1.406173026258844203e-03 8.645859150411282917e-03 1.029645110393162012e-02 1.136601521399041061e-02 5.831075985786843274e-02 2.585496742414481949e-03
5.658899340290159119e-03 5.625070984614067432e-02 1.041571759123104991e-02 1.098001114181196627e-02 5.519777776045784075e-03 3.455256666443258518e-02 4.642341910893656859e-03 1.301728516942771141e-01 7.628834838987848255e-02 8.631111820937878779e-03
1.432599970295758654e-05 1.553224469740275291e-03 7.489989536907151746e-02 1.171836346172026172e-01 1.774921716702712940e-02 7.819833717154509381e-03 7.542207170147341086e-03 3.402420882439927130e-01 3.022937417949371139e-02 1.720924610396495913e-04
3.139422011867386564e-01 2.670013473592174752e-02 2.403400753097798079e-03 4.419979405372539451e-03 1.108560600367350935e-01 2.112349844827831821e-02 2.512017758426044953e-02 3.601260170355731483e-03 2.229513515486044716e-03 6.160019206731046429e-03
8.365249163619365835e-04 2.362325614327776685e-02 3.272353596812178078e-01 1.421990530039003546e-02 3.432700315626070319e-04 3.767598700694558839e-04 5.573596345196023781e-03 3.127202731773975342e-01 3.762722104999049327e-02 1.780616477117320535e-03
9.678961284083159805e-04 5.590541086579744329e-03 7.318461807545809106e-02 1.275018995102164820e-01 2.463149234561541265e-02 3.094826628431693663e-02 5.203099315334121233e-02 2.738311839661903072e-02 1.848782740646663300e-02 4.179737257429767816e-03
5.206319229016029282e-03 8.386109107092356782e-03 7.393591800459986541e-02 5.683923870115375337e-02 4.830817364033422601e-03 1.330553027268618037e-02 2.535310755055529205e-02 2.153708800500751530e-01 1.465514785055900202e-02 4.914425615997447538e-03
4.900630547221293022e-03 2.539463570165560041e-02 9.146271836395146460e-02 5.017839401509061048e-02 8.938445516719691064e-02 7.836519553151846673e-02 7.628356301381143678e-02 2.644576671931327463e-03 2.666833898118884240e-04 2.051842654262229311e-04
6.302768010732716364e-02 4.843117114298910175e-02 1.615700222285190724e-02 1.258327665639198852e-02 5.345153987584382385e-03 4.012089655955159914e-03 4.092620818478863165e-01 1.132465789760835582e-02 7.028631718576995894e-04 7.078455418292535148e-03
2.700681790959477083e-03 7.668423399162455079e-02 1.258826572846922509e-01 2.839854473263738605e-02 3.711848502206102889e-03 2.481108572251030861e-02 7.878068764411765013e-03 1.547732691140112603e-02 4.957567758492159582e-02 1.556720827426946990e-03
1.593254666898467550e-02 2.316156356770255036e-03 1.421917266073250904e-02 4.258408286651029634e-02 2.762070753848851895e-02 4.057918326207084203e-02 9.008910791948752852e-04 7.816584869687109773e-04 8.904807174267309611e-03 4.328263543435302285e-01
1.557253466243746498e-02 3.130299305411470695e-02 1.272469757603414279e-03 8.133162120401442763e-05 8.376556509769321653e-05 6.696007161782654678e-04 1.138833051566641580e-01 2.335712068409098729e-02 2.870297709209753134e-01 3.461017549586991454e-02
1.263040739070417492e-03 1.118654849592101708e-02 1.672596837925840324e-02 9.035605011582480139e-02 1.279195207635733592e-02 3.484583535723986825e-02 1.932962011165325483e-02 6.185762784624353194e-02 7.384106147011756938e-02 1.162652376776344282e-02
7.813576655149041816e-03 1.990991621213444862e-01 2.236239302786584282e-02 3.036219532899501680e-02 2.873908212421131571e-03 2.384486966739007147e-02 3.643754597491606628e-02 6.887488677710332935e-03 1.470993491984515927e-02 1.643281204886008415e-02
9.741730112068198999e-03 4.214932171552741025e-01 1.040865858425161009e-02 1.207148719163288197e-02 2.145147854893498032e-02 1.656638551000983936e-02 1.023251041809236173e-03 1.895447729675519416e-03 2.094833126704974055e-02 1.950118843147072983e-02
4.269721349706761572e-03 6.159654203229564945e-02 1.731011635345865718e-01 1.667478698063511178e-02 1.800470015109312261e-02 5.488889227024819073e-01 2.670240782295108840e-03 3.295481094828849126e-05 6.203992588446986089e-06 5.534686549742196297e-05
8.789245383115936545e-04 1.922944378971122928e-03 5.584255415419032281e-03 3.783893296415340446e-01 3.147912829686881631e-02 1.957486716952694297e-04 2.424054369030262163e-04 4.713092355532650518e-03 2.504042856748928680e-01 5.532891979330647331e-02
4.481227687719480275e-03 1.397578766793949314e-03 2.120419598466028593e-02 1.067370784030981373e-01 4.435407288430266715e-02 8.681279339437653411e-03 2.536254297564585203e-01 6.749503861054691536e-03 7.098095635604274520e-03 7.861733378959517501e-03
5.178850167729172338e-02 1.892214057259411497e-02 7.190236611283393068e-04 2.507679147446029741e-04 2.740020707620299291e-03 3.354596042468664663e-02 3.431259457931189472e-01 7.044107881118458550e-03 3.187407730724643729e-03 1.117358552967147034e-01
1.519578203716340399e-02 3.757537532328120416e-03 2.788804360093695769e-02 5.322319505349687278e-03 1.080791608855997087e-03 6.697657260707744545e-03 7.851992228367077331e-02 4.678802346151012675e-02 4.127069778971559355e-02 1.238864707077562688e-01
8.973550897729631881e-02 1.799274564435071611e-02 3.818010452704640421e-03 5.407025908820289190e-02 4.349758450911238306e-02 5.418074368452231032e-02 5.209518659902882126e-03 4.255923600955799010e-03 2.892614976463247708e-02 1.313671368336093159e-02
5.650180157439250311e-02 5.880801862682655951e-03 8.245567405314610521e-03 1.798446798831409860e-03 5.097037078218343703e-03 5.994192419625251830e-03 3.973550203413766038e-03 9.295082879963659228e-02 8.950185704712959600e-02 1.465745803880054987e-01
2.458197709544288762e-02 4.151256316579457484e-01 5.517257580650112431e-03 1.491186485248278655e-04 6.826212102911504893e-06 1.591185712080100674e-04 1.957167676279425363e-03 1.793092955174981351e-01 1.023174257966956019e-01 9.096094174755802592e-03
9.838959667127196787e-04 2.736321144044224791e-03 9.593947612342048833e-03 4.442803461335917761e-03 5.410542784116785520e-02 5.781682284975796227e-02 4.473048231903005781e-03 2.148959207430520615e-02 3.961334338013995371e-01 8.509824132954762685e-03
9.263429051038604006e-03 6.269438734284428841e-03 1.035720995225121455e-02 6.629891622201913859e-02 4.539169702362597786e-03 2.794976569052576125e-03 1.795783123573990447e-01 7.877943791223050718e-02 2.015595271043176678e-02 8.096430935953597557e-03
6.130829497306787730e-03 5.239271980295590568e-03 1.466280822034956959e-03 3.560833417879776582e-03 5.654700842805753490e-03 1.006509674780565744e-01 4.188813659868709238e-02 2.407120510490320248e-02 1.993247771472217433e-01 4.797888101797321420e-02
4.056723827534084370e-04 5.359564712560315559e-05 3.880265898748071771e-04 4.456340928371958776e-03 4.528192705175608790e-01 1.272832803582831657e-02 5.158970249075793546e-03 5.515779261718400592e-03 3.821737683258678575e-01 2.316196851894767456e-02
1.590674214947122300e-01 1.536676539070053887e-02 3.847028975985022220e-02 1.177596332205421183e-02 7.610910152699310038e-03 5.835431619597136049e-03 6.914580041462049104e-03 2.650763930486192688e-02 2.178779028239088977e-02 6.335527248495981256e-02
5.096973291623955321e-02 1.375184895183441912e-02 8.968438402571901613e-03 1.040638566738971531e-02 4.304702683830142346e-03 7.130684032466354239e-03 1.396139363538615938e-02 2.561638444932844427e-01 4.330895067545804944e-02 1.397225265018716897e-02
6.356699457760081606e-02 2.809509718256775201e-02 2.325965815751494456e-02 7.841307677503925322e-02 3.834163178240075284e-03 1.162393416706172236e-04 1.206536345740729906e-03 2.277914099793016539e-03 3.734064254358011870e-02 2.198431043095935289e-01
7.331884183915325648e-02 3.184558808855000867e-02 4.680327353606105953e-03 1.603281070940473622e-04 8.495290652160955623e-04 3.415483710039712850e-02 4.896311815853791882e-02 6.498376902081547113e-02 3.375471601703831231e-02 6.376852493156597024e-02
