1.714665311445238427e-01 1.514840607082854340e-01 7.424795501214354054e-02 3.981516995652432112e-01 2.133874442971208651e-01 2.112887301673884166e-01 8.617992230161111711e-02 7.368895355832463800e-02 3.122598333708078711e-01 3.078448698745512302e-01
1.478495425358336730e-02 7.461825470054431197e-02 6.958713202375303997e-01 2.397329882594429473e-01 5.687798189852164704e-02 1.433384950298168259e-01 5.910719600632996507e-01 6.543669431415781446e-02 3.923968667118579723e-02 7.902766457191691407e-02
1.397356635260059710e-01 2.479094813965793120e-01 6.445462025244366178e-01 5.877319690103489924e-02 9.084017342896857916e-02 3.081692709787174911e-01 1.412471349266195830e-01 1.201801582110029187e-01 1.059722453720253754e-01 1.426264727346089056e-01
4.380454999478091693e-01 2.092778575265731300e-01 1.274586993457254014e-01 1.003747978707368038e-01 4.639043496028225078e-01 1.741424354285344700e-01 9.202195590143892601e-02 1.151839802376095900e-01 4.750390388822485488e-02 2.320865202505263680e-01
1.530842802770569222e-01 3.608809040804787927e-01 1.573248481053392267e-01 1.535616692757040547e-01 4.415050451901718076e-01 3.161199671180299209e-01 7.211595284813591966e-02 4.821532489981761316e-02 5.799809352620057673e-02 2.391939146790653670e-01
5.087118993563864017e-02 8.395402183941025331e-02 1.111831121366366193e-01 2.361290789096492926e-01 1.657157922046507692e-01 3.092643777278379358e-01 5.109237804643338432e-01 2.491226876640566523e-01 2.455758748486041865e-01 3.726008426918235583e-02
1.264428388024882999e-01 4.619319947903291479e-01 1.922141584269173586e-01 1.533740075118870116e-01 3.460947135487778548e-01 9.936912351373078378e-02 1.534627863172134399e-01 8.062386609560226458e-02 2.502301429889964290e-01 1.362563680040571878e-01
1.286919755437301305e-01 3.123675277673036987e-01 4.998115461142011440e-01 7.942265635043338490e-02 6.023533499174427153e-02 3.459697743732254027e-02 3.053697501677971743e-02 7.910690531259359504e-02 3.803869754658515956e-01 3.948431260000397347e-01
4.399004088938762713e-02 1.508543949391539241e-01 5.245081610597305266e-01 2.670106863707869538e-01 1.764985638441766286e-02 3.041337937354543497e-02 1.744806896458622192e-01 6.323069403812480171e-01 1.161961305490647189e-01 4.258972040680244348e-02
2.001935602277656323e-01 1.314592642451972715e-01 2.460852010275730098e-02 6.321411810108697182e-02 3.974207438059493280e-01 1.013973828573079827e-01 1.432881481507711774e-01 3.350678649888160221e-01 2.591209273953600234e-01 3.442294701249881128e-01
1.437388375976349220e-01 1.645739249370060386e-01 1.350114145431208224e-01 4.991269015369957374e-01 6.326261315395265150e-02 9.792340653680431384e-02 4.200257391781268002e-01 2.711035149784808418e-01 1.414689102053245384e-01 6.376473733255394460e-02
2.556935355746582372e-01 1.173261061018040924e-01 8.766107373615175669e-02 3.340120405004395332e-01 3.782872279441865659e-01 1.397844527153520033e-01 4.298691864749978886e-02 9.148087304277439935e-02 9.718858202916551281e-02 4.555791897079688457e-01
5.374241143228995765e-02 8.544830978847893499e-02 1.310236115242788268e-01 2.564718695913645874e-01 5.469598520202104686e-01 1.240435650161934578e-01 1.938860504144593599e-01 3.743990422602144763e-01 1.764299011092243796e-01 5.759538684328648767e-02
1.022009016370058476e-01 6.134626239766747258e-01 1.889002847263400175e-01 1.486989386459429963e-01 3.936824362221366114e-01 2.732430108099232480e-01 1.741815853712060380e-01 5.348880054444848930e-02 2.595670501806181252e-02 2.618471304826117813e-02
3.192958852697254102e-01 4.033354221087973590e-01 1.448716737419093459e-01 1.371880902950156633e-02 1.270353899001872705e-02 3.788477323266714603e-02 4.452535022837415812e-02 3.859999291795572773e-01 4.931901834074984281e-01 1.444744348119509914e-01
1.362009736306208918e-01 4.959150839345092265e-01 9.562887426881991337e-02 5.211237324867104559e-02 1.147725113727813412e-02 6.587243733880444874e-02 2.274353320146519641e-01 3.748269265736395850e-01 4.007232683258081796e-01 1.398074795271976589e-01
2.322334436154629422e-01 2.023966484883370498e-01 5.572035025268271546e-01 2.722142205213679556e-01 4.498289419658083044e-02 1.775079337726081716e-02 2.192048325978965956e-02 1.411471108724409451e-01 1.939586587068908852e-01 3.161922444350421801e-01
2.865828995420066638e-01 4.959565348789596317e-01 3.747118674613588718e-01 7.809887383939922989e-02 3.990571986497621904e-01 2.286378665268078147e-01 3.552891791928558529e-02 1.105457642493065488e-02 9.636924559709656932e-03 8.073434019778175097e-02
5.046345780562966343e-02 3.961669638679545802e-01 1.008566011931098100e-01 3.483508524340828139e-01 7.868684324368131755e-02 5.055139741029373024e-01 3.391682582305732829e-01 8.937489447910559881e-02 5.248571397713022030e-02 3.893244066579538976e-02
8.382474199730981235e-02 5.745443886696197100e-02 4.498683734066127871e-01 3.181379430560717370e-01 1.265397534134609092e-01 9.401653320199523933e-02 1.192087275806275048e-01 2.462880170212759512e-01 1.357970875827501367e-01 3.688643838729346314e-01
3.018693637875032865e-01 4.294767746432038430e-02 1.933302797280776406e-02 5.578922016547804841e-03 4.833578450296940887e-02 7.101393033198698523e-01 1.686372844042376140e-01 2.489385317414062326e-01 3.440251594768279908e-01 1.101949453135095125e-01
1.230473374393612762e-01 1.321356522973531344e-01 2.469156761307645387e-01 5.010631732487533796e-01 1.339311951110157550e-01 6.129641205782666857e-02 3.045176566820900071e-02 1.003230975659678836e-01 4.817323247702304800e-01 1.891033657105183063e-01
9.969172351239764807e-02 9.070815667135519178e-02 1.504531155549737043e-01 1.101932724779965678e-01 1.066248786249491126e-01 3.403759537703549554e-01 2.391076863879439685e-01 1.819401550961076974e-01 2.816289631093688572e-01 3.992760947945525052e-01
6.077189384858164289e-02 2.119983454245428778e-01 2.119889240650428275e-01 2.556876796697845622e-01 2.001855665951015606e-01 1.421554991424241743e-01 9.604973316756604262e-02 2.333255972158222169e-01 3.484904361684926233e-01 2.393463247026425267e-01
4.562052251959596016e-02 2.080587884907140472e-01 1.017133729042015988e-01 1.573382853210009702e-01 3.078627705202022780e-01 5.217231689786825388e-01 8.319410794994668013e-02 5.360693537198763653e-02 4.936579316975586718e-01 2.722411624611012840e-02
4.239151693802517551e-02 1.097731317886725955e-01 1.749237902939193290e-01 1.351109342538947544e-01 7.400847320866337231e-01 1.514855435457398980e-01 3.444477673934530637e-01 1.599494488582841600e-01 1.202580802654844294e-01 2.157505457589450545e-02
6.989785057272840385e-02 7.261727182455650353e-02 4.635897050354384485e-01 2.263793271968640441e-01 5.347482805547496554e-01 2.456414207651978210e-01 1.295865676629160412e-01 8.322660952844684878e-02 8.909975451834191429e-02 8.521321234076068007e-02
2.281417886561610264e-01 7.791098220584223577e-02 2.331204201971985301e-01 6.121083821038453970e-02 6.649459496817458626e-02 1.344023510411474776e-01 3.921458465800690685e-01 2.494930240662967813e-01 1.787897757205752503e-01 3.782903783541501919e-01
3.361542478201125228e-02 1.378805181191557205e-02 5.307610452105262361e-02 5.236072789184471610e-01 3.119003807788823246e-01 1.432572693375391837e-01 1.283207485862593589e-01 6.094482621680523682e-01 1.339801831379692498e-01 4.900629595787192594e-02
7.660707811838526893e-02 1.308296035290517634e-01 1.511910022205176507e-01 3.662533003359881856e-01 2.806024709305584564e-01 9.119032624853765090e-02 4.922708450322387796e-01 2.535200680298890230e-01 9.378847314096737386e-02 6.374683241386633337e-02
2.444169341636384662e-01 2.604987744886433365e-01 9.620005778520897277e-02 7.101339589289938636e-02 3.360356358114465758e-01 2.946856645200838232e-01 2.619211318485694662e-01 5.819512266315464422e-02 1.283869076494886241e-01 2.486463751768695218e-01
7.169741882034547098e-02 1.138287547464225113e-01 1.628238417159180718e-01 1.383439914190303655e-01 5.150160414197608727e-01 7.981331347871029047e-02 2.091228505350292977e-01 4.041455718531822283e-01 2.258371351156594764e-01 7.937108089594206717e-02
5.335625767352575322e-02 5.543394373959671384e-01 3.469899443946202755e-01 1.685452951559294754e-01 1.113909927289473828e-01 6.580064294663452718e-02 2.710913363418820249e-02 1.820030401839035916e-01 4.475329180845094568e-01 4.293233780177337089e-02
4.659120638132184522e-02 2.206689837605265228e-02 3.709375196903021144e-02 9.872781126936458485e-02 2.550527732180754015e-01 4.591869205527087106e-01 1.712558400403934866e-01 4.259506144361578928e-01 3.035795303251925814e-01 1.804946534317037055e-01
4.681279060043625623e-02 3.429267975463035634e-01 2.456373350240782794e-01 9.643227805415170717e-02 2.810900373631493032e-01 9.759043403144145035e-02 7.333463555082821161e-02 2.431145152803152742e-01 5.106246090223635070e-01 6.243656752693364786e-02
4.094851963381512805e-01 3.101311907258775813e-01 8.387851985791144882e-02 4.701680844120224856e-02 1.247747170686704377e-01 3.723369718845168097e-02 2.198353452085292092e-01 5.260351994123405595e-01 1.039860201976551407e-01 1.376233055612111345e-01
1.529211595278687566e-02 1.600143198370743147e-02 3.790494796624861717e-02 2.137787299813727893e-01 5.486595745040709904e-01 2.865990043770284545e-01 1.092751796753807375e-01 2.151538100399371101e-01 4.042949684445614200e-01 1.530402370749057162e-01
4.875690054162209464e-01 3.389760724361096655e-01 1.116532473652995655e-01 7.694642028378802234e-02 2.923646971246693371e-01 2.100645619302621836e-01 7.713957387114422914e-02 5.044725861528510241e-02 1.006639418646566309e-01 2.541752210925656286e-01
4.486494298354926080e-01 1.050035761767371678e-01 9.293880891430417179e-02 3.952091401182300512e-02 2.611610351447262585e-02 4.991352310011153148e-02 4.242098108090101571e-01 3.463057402728899614e-01 1.906602431924114549e-01 2.766818501727477120e-01
6.055944491478498781e-02 5.164520567319826061e-02 7.520041638844356946e-01 1.080014856394818923e-01 5.421092608689347114e-02 2.331402470207930011e-02 3.635957430368844112e-02 1.800545897477284218e-01 5.326132450532180540e-01 2.012373399944919761e-01
7.306748941592420277e-01 1.244838780237852577e-01 2.091712090728037599e-01 4.544594749369568198e-02 8.477361660665767851e-02 1.305277083508515623e-01 4.272829024761394257e-01 6.803767005162755788e-02 3.224102383158978374e-02 1.473611499336089647e-01
1.695439300574786701e-01 6.269890898645409660e-02 1.046681304941412399e-01 2.152102736575334796e-01 2.570638253028357245e-01 8.801730461127887928e-02 3.439450287911136606e-01 3.234976562205550410e-01 3.538928019702265448e-01 8.146213990838295504e-02
6.157900517797568196e-02 1.259117391303765654e-01 4.369819359541038950e-01 9.253593996442338598e-02 2.347803517814441576e-01 5.172678981173506330e-02 4.966109887079082907e-02 7.857074053423826476e-02 6.925606049295234268e-01 1.756917938453886607e-01
1.087635178184230694e-01 1.452178077798878808e-01 6.729296237637516498e-02 3.488627018794140389e-01 2.104547417888213701e-01 1.766891730701958263e-01 1.543884284430448450e-01 2.332375353663812823e-01 1.991199788904192136e-01 3.559731525870378777e-01
2.737844905165831566e-01 1.959574088517062607e-01 2.676410682739044367e-01 8.046356437805411710e-02 1.962743148596031439e-02 1.800514109990248440e-02 7.783415551336596294e-02 1.760671847529470257e-01 4.847326041804643215e-01 4.058869509471123016e-01
1.174973099926177600e-01 3.244714316652243524e-01 2.426634591444059852e-01 1.809029562992863771e-01 2.614444379855889178e-01 2.338367491975846257e-01 1.916425317871805201e-01 2.057433635303045627e-01 1.068416215697783889e-01 1.349561388280288710e-01
1.046872642314915086e-01 3.534463814441608093e-02 3.466736049815756782e-01 1.107230124675299271e-01 1.544345001464689782e-01 2.947931142848591035e-01 2.098554904841941071e-01 1.003660387431094259e-01 1.652530382213340809e-01 4.778692982950196178e-01
7.148157908057752863e-01 9.814973606525981276e-02 1.234704076167562753e-01 8.781993757605416340e-02 1.269944403402876731e-01 1.002838114042754747e-01 1.131430958520385499e-01 3.056557652692712956e-01 1.571188746185972485e-01 1.725481404516865935e-01
4.551803222256733950e-02 1.338938502635717565e-01 4.956454673143653178e-01 2.956995196082131683e-01 3.572095004928088624e-02 1.212400605688988969e-01 2.104339795084064213e-01 1.602313505996797449e-01 4.510689930218719224e-01 5.054779684314510135e-02
2.174501826784526748e-01 3.771974638556897519e-01 2.600613685432016098e-01 6.395885129718373308e-02 1.219943858539557502e-01 1.177781010517036098e-01 3.834972792835692618e-02 2.215808484167758885e-01 3.541281160602581801e-01 2.275009543144213275e-01
2.658126667283123856e-01 3.386975829640235247e-01 1.194702653344046628e-01 8.476829916816061572e-02 1.995184703384221825e-01 3.616632979984096830e-01 2.920030803539861441e-01 1.264113913761576169e-01 1.004920615523497568e-01 1.111628841857729283e-01
5.722409486019031100e-02 1.495057347451968222e-01 4.213199446531363801e-01 3.691230951236820212e-01 7.904591445808009653e-02 1.206314376256471810e-01 3.045869967146664914e-01 1.600379513604389126e-01 2.091930534624748261e-01 1.293317769964867636e-01
1.257024265411239572e-01 4.669113850917255837e-01 3.770627627531430992e-01 1.196903745445430101e-01 6.863574192836781329e-02 9.845785235849736916e-02 2.134333886086751952e-01 4.087533841089077691e-01 8.093963969247344736e-02 4.041304437254245041e-02
1.462770133757645419e-01 2.357012424075066725e-01 1.168252995756671325e-01 6.289511099099320823e-02 4.580463190295115949e-01 2.828687586839222501e-01 7.572369735024234161e-02 3.377369036589509266e-01 2.180738892865600465e-01 6.585176564088288109e-02
2.193155463032454566e-01 7.104753854358364373e-02 3.651841473782318354e-02 1.583922512214633593e-01 6.101435171194726781e-01 1.894250071170738015e-01 3.395988721608818595e-01 2.586299658040521754e-01 7.740886379620547098e-02 3.952002319619869058e-02
1.993555976999233925e-01 1.069846365464608012e-01 2.427450742913396797e-01 1.235490039664081385e-01 2.911099851415207551e-01 4.615825989238430127e-01 2.957425053719300867e-01 8.493734032186157912e-02 4.209938366898331036e-02 1.518938740677300836e-01
4.411290263913855703e-02 2.395531027532492030e-01 2.667440548219833785e-01 1.874118361989220993e-01 3.544900324400611091e-01 1.016821743550881257e-01 6.777651219671805560e-02 3.284863611709132325e-01 3.406631805180184158e-01 6.907984290590690746e-02
8.215523287612394587e-02 1.537748264801528097e-01 6.087886444928722884e-01 6.890586925045447120e-02 4.824772966943018104e-02 1.364310696306960391e-01 3.617047526929297874e-01 1.812789970770427583e-01 1.335665383945549012e-01 2.251463394357423875e-01
6.083113249932037975e-02 1.678272546028146683e-01 3.735266565509592906e-01 2.411869128985825728e-01 1.704545405724426921e-01 3.348643767508407976e-02 7.757437251592474992e-02 5.970712293631637024e-01 2.000521471006852792e-01 7.798931622102285577e-02
3.358765531167762219e-01 2.507201244064549694e-01 2.145037622868073424e-01 1.258508862194921973e-01 1.274940018011334053e-01 2.739974880670233981e-01 9.978146358120777715e-02 7.401656879646725806e-02 6.326126251094327246e-02 4.344978892136925341e-01
3.019971079096941402e-01 1.076749240532604290e-01 3.838680784161069282e-01 9.129040766530574502e-02 2.548121762184040184e-01 1.343256354378014605e-01 9.173234871280827596e-02 3.016140729376559637e-01 1.739439483066407832e-01 1.587413003423219227e-01
1.526500507966458142e-01 3.764274336576074464e-01 9.253623250422259028e-02 2.419138934191434123e-02 3.235610753637034598e-02 5.121609822869176154e-02 4.330116378281827494e-01 1.749614028663182830e-01 4.258464194536832892e-01 2.368032277863640622e-01
6.870468243703554967e-02 1.446625639248884654e-01 1.331995408944471881e-01 1.723698626109208820e-01 3.660427024869772339e-01 4.907770544622896969e-01 2.875771803658289660e-01 9.339133063118193467e-02 2.047146001435628526e-01 3.856048204286683517e-02
4.469313055355558228e-01 3.762955188869612222e-01 8.419442693350391582e-02 1.459639060442762329e-02 2.970567769314534645e-02 3.445012460195285842e-01 4.287691343384506526e-01 1.529156381951084498e-01 4.449903205605549444e-02 7.759162973726103918e-02
4.943772368763403868e-01 1.853455913946370770e-01 5.564260344154773469e-02 5.089737871095504490e-02 3.761919453774136279e-01 4.035407807896733701e-01 1.829922396179809452e-01 3.383252966089068947e-02 2.802726751990939486e-02 1.891524266106520691e-01
7.795745208556245642e-02 4.363195677950235107e-02 7.656730325512992041e-02 3.934249298968894859e-01 4.335529222562810592e-01 6.523598964750818019e-02 9.490628976602569211e-02 4.488426772735676362e-01 2.201346100993533950e-01 1.457458689401799068e-01
1.175112332928226200e-01 2.609802381881826117e-01 2.423145346711255699e-01 3.984958468334567905e-01 1.635687471195677589e-01 2.032268198719295316e-01 3.859007027846030058e-02 5.158570316358534330e-02 2.549139545901371040e-01 2.688128519907324598e-01
5.213774074087351718e-01 3.652811906347098181e-01 4.689379176937187588e-02 6.725355907760932096e-03 5.491542515755737028e-03 1.607123079369173271e-02 5.241074855390305542e-02 3.716926836015763680e-01 4.906248037518637362e-01 1.234312450626321722e-01
1.178327808230199419e-01 1.151221819624813764e-01 2.390031604964405199e-01 1.788626223030609641e-01 2.257922547020427551e-01 3.525858460837585362e-01 3.827518928820100585e-01 1.674749938305783448e-01 1.752914352302737400e-01 4.528283168633487343e-02
7.134765461355048466e-02 4.399043114219107764e-01 3.853331590845827659e-01 2.128147160577481545e-01 5.221080453115777009e-02 1.640348704919241674e-01 1.391233641238003860e-01 1.246336009516974819e-01 3.450408112384132919e-01 6.555670748521574831e-02
9.254351147291217661e-02 3.288386714505515673e-01 1.240359850595252750e-01 1.393488600922871135e-01 9.904215864013576898e-02 2.900443548097520474e-01 7.827043163847249851e-02 4.115887483185444173e-01 3.183118253148303212e-01 1.179754532029888975e-01
4.940416684688865925e-03 5.254451508599807669e-02 3.272539409216344009e-01 3.811143864145448701e-01 1.666875820799174623e-01 1.225304725240301262e-01 1.029498983103483145e-01 6.088503271141625373e-01 2.148004775048726334e-01 1.832798335980319326e-02
5.900177976934219970e-01 1.978555747474327331e-01 6.688223197081204219e-02 8.249714838580309018e-02 4.111685759818674013e-01 1.641508337927710115e-01 2.360267506533969550e-01 9.106079497679861467e-02 6.769805758479376101e-02 9.264223421290301852e-02
3.969311800593348927e-02 1.886235931414874112e-01 5.968363895624004822e-01 1.458826171672081007e-01 2.605635080674892703e-02 2.764694444830086140e-02 8.949247283535070874e-02 5.884714138205309197e-01 2.367483490543339231e-01 6.054875115770746302e-02
4.153331304248699535e-02 9.661910373597401569e-02 3.156670120426289250e-01 3.979066697373659367e-01 1.860228941519030954e-01 2.162966071950728764e-01 2.719255605344041982e-01 1.951040755216118527e-01 1.844677949855756671e-01 9.445696905297631951e-02
1.060406972292554373e-01 1.123289898140761300e-01 3.170687447757448707e-01 2.844314904451442638e-01 8.530263523617065413e-02 1.609055108952803237e-01 1.868945213780556502e-01 5.042192614054534783e-01 1.431932102186428413e-01 9.961493860217668361e-02
1.027191860313573513e-01 1.950304469483065961e-01 3.438214990503592472e-01 2.584984697437650025e-01 3.434633575696251495e-01 3.135811617048793742e-01 3.334436870246971218e-01 6.608155590803162227e-02 2.261274419381749737e-02 2.074789182516259545e-02
3.047791659243740958e-01 2.552028896961874294e-01 1.592062989517536997e-01 1.619204858614524956e-01 1.074994645359397261e-01 7.347612289379704120e-02 6.634778960864045061e-01 1.284393142463813864e-01 3.529298135598271657e-02 1.107053804477266951e-01
6.509708262043137350e-02 3.292820675012694265e-01 3.922455258269995637e-01 2.090042620024679665e-01 7.856243588617349560e-02 2.733442096483230666e-01 1.117554326749674587e-01 1.507395257973861424e-01 3.381272902850442352e-01 5.184216775693834683e-02
1.539560418899946770e-01 6.358031305619385454e-02 1.717651507083003126e-01 2.604475980382635614e-01 1.904238113219936801e-01 2.895367858828454266e-01 4.198379458481934362e-02 3.909189160226363147e-02 1.140649214104869635e-01 6.751496915048385006e-01
1.520554428094463284e-01 3.063406454245281574e-01 6.365877924419001410e-02 1.367885522606534371e-02 1.177007352042717600e-02 3.448228872461890637e-02 4.591545643309527525e-01 1.721876839841503526e-01 5.657294918465224365e-01 2.209421748890980641e-01
4.646556556903624902e-02 1.536853092056764680e-01 1.527370290150460441e-01 3.616472621207188487e-01 1.308392471950686753e-01 2.458252457242255384e-01 1.669656834669498713e-01 2.882097354993208294e-01 3.162971938781385384e-01 1.373277283258187154e-01
1.014607448670042655e-01 5.000392332491067071e-01 1.715941420128799799e-01 2.510975528062818762e-01 6.386409855788680034e-02 2.061850671405996704e-01 2.504099547272301551e-01 9.787186257580712812e-02 1.695704964307714335e-01 1.879068476324330939e-01
1.149105620487421847e-01 6.699840980801483603e-01 1.204309402436523346e-01 1.451067651680415793e-01 2.112350851132073770e-01 2.006518200009821951e-01 3.938956443049500267e-02 5.991167675688000016e-02 2.395924093661073728e-01 1.987870787917425941e-01
9.364958354180703826e-02 2.931881176505558573e-01 4.564416942455249981e-01 1.570351408908814417e-01 1.634230086133695026e-01 7.514565916420291591e-01 6.106034406733503589e-02 8.289056395840306221e-03 3.805907328487412051e-03 1.165055562417050342e-02
4.025582363761154303e-02 6.738184610567138355e-02 8.892731643735915514e-02 6.376924985749563568e-01 2.205292193454045646e-01 1.899869095351000570e-02 2.219596696254447915e-02 8.303385515845967957e-02 5.367886877773696552e-01 2.841960950471135727e-01
1.081217535400949559e-01 4.722648468060319793e-02 1.805684989192729017e-01 3.700241617598318822e-01 2.531448729689043109e-01 1.069467782038389381e-01 5.586442323924245557e-01 9.359223142073497259e-02 1.295828930698930403e-01 1.521480930444013835e-01
2.589812906357140121e-01 1.970010537842646903e-01 4.189329384189040273e-02 2.321124012499390515e-02 7.740583003247547556e-02 2.230765018429206603e-01 6.123612258183721568e-01 9.968061478840990752e-02 6.975043882394746375e-02 3.966385103070118601e-01
1.494760330151235772e-01 7.564120633130741456e-02 2.826512659934899974e-01 1.108395471773628016e-01 4.041823404684978527e-02 1.053311368971486112e-01 3.447561868594459789e-01 2.499885924608270249e-01 2.355000275234505058e-01 4.053977696949941367e-01
3.655335770259974804e-01 1.674896854872204577e-01 7.515680902577034916e-02 2.990402960887106887e-01 2.356998955712613641e-01 2.952479645987725609e-01 9.114295428438159985e-02 8.774497131878285228e-02 2.526639337622336168e-01 1.302799128368684056e-01
2.823005573030054061e-01 9.418753218707023867e-02 1.377035877633819017e-01 6.108765930043299347e-02 1.158481143839903138e-01 1.153880446090189138e-01 7.430057763209949040e-02 3.631804512271232799e-01 3.349314678976194060e-01 4.210720076962584657e-01
1.912683801691041907e-01 6.636426462465048193e-01 8.900694856193983040e-02 1.840299169633606569e-02 3.844441619710834823e-03 1.917087340303304938e-02 5.415176198196546692e-02 4.719045678501019303e-01 3.698996711938726811e-01 1.187077172774314571e-01
4.423306396820600450e-02 9.653407435750339938e-02 1.758011517324343798e-01 7.969713409672316007e-02 2.799725617120071286e-01 3.028478929359854632e-01 8.229784520548075188e-02 1.781748936698009933e-01 6.498291093048603750e-01 1.106122730169986357e-01
1.624996887788490163e-01 1.061972588262835165e-01 1.203467330783193345e-01 3.596685519391263353e-01 8.683148289865680325e-02 6.192076920915148136e-02 4.730480387467280168e-01 3.220537275346218031e-01 1.772153480343876542e-01 1.302184009538762954e-01
1.021530395815088976e-01 1.200482857879299342e-01 6.096916925736399484e-02 8.895148902816149561e-02 8.929014116644626298e-02 3.744004691811688712e-01 2.399820570827773669e-01 1.820516495584117433e-01 4.846786722016170890e-01 2.574750271546149549e-01
2.996260905129610741e-02 1.153171076446121712e-02 3.172329193465128760e-02 7.913142777253701077e-02 6.906686608468932675e-01 1.366444347714903251e-01 1.043527620130606515e-01 8.760041231819749863e-02 6.408358936328616418e-01 1.875487968945516726e-01
4.431287957930915011e-01 1.429246019755246178e-01 2.598900534759026604e-01 1.385576974857535559e-01 1.167555436345628084e-01 1.039652902855947025e-01 1.099038605285953818e-01 2.176745416077647544e-01 1.770101326600309888e-01 2.901894825531808331e-01
2.962566702350037384e-01 1.412976233950669347e-01 1.228987096715438154e-01 1.560188766918369219e-01 9.668686668006093443e-02 1.192068300836653799e-01 1.394780641410256206e-01 5.393387115315286806e-01 2.457101142197946619e-01 1.431075333504738534e-01
2.915568413414730276e-01 2.131110878869794112e-01 1.748768496864104294e-01 3.569098325429673757e-01 8.066015992363322062e-02 1.372843759886720021e-02 6.474983369575285086e-02 6.856971948852831622e-02 2.337027967285017216e-01 5.021344411068857649e-01
3.068755810739377532e-01 2.229477472969725316e-01 9.807711367168761574e-02 1.641755336715958885e-02 3.959633168559993643e-02 2.491916173527176093e-01 2.527592126332189326e-01 3.018695804183471054e-01 2.162440954891919898e-01 2.960211670111672633e-01
