-3.051464123635200948e-02 -3.665806643191679356e-03 6.417667238544337571e-02 -3.906677168531270256e-02 9.924755178866201399e-02 -1.034555125120266567e-01 -2.591024435595981057e-01 9.154834184908176853e-02 -1.374107571477042045e-01 -8.260464805000039545e-02 9.182641868732033252e-02 9.464273719662658069e-02
6.857526269220825393e-03 2.423263831929993728e-01 -3.676432529871816873e-02 -5.315928060435520797e-02 -1.174917766149045084e-01 4.692973386972333974e-03 2.262840187491418215e-02 -3.294048484397952420e-02 1.744241816796723299e-01 -7.025832556307397281e-02 1.326412854924286788e-01 -1.837521541287734372e-02
3.156919779555602407e-02 -2.201324924037300831e-02 -7.561756232869702894e-03 -1.829571103485426453e-01 1.131137273332882415e-01 1.586013379601092788e-01 -3.589605916326253643e-02 -8.054383269887211566e-03 1.989488511082100619e-02 2.783035165968304747e-02 1.873466423203379305e-02 -1.384718587836764880e-01
-7.383042302657859268e-02 7.433329432987144381e-02 4.485980933926458220e-02 -2.144286833154178742e-02 -1.397981778337971659e-01 3.489464565177330391e-02 8.403704645607086576e-02 2.705332547169145840e-01 1.518388077777862999e-02 2.699096155025966851e-02 1.692967512424339849e-01 -1.012340650717764162e-01
1.409797326237661741e-01 -3.740976027349919575e-02 1.177109891475376230e-01 -1.397471206107747145e-02 1.356690154715651520e-01 3.160878712466297924e-01 4.452867420584577518e-02 -4.626229211948761078e-02 2.610863292786542306e-02 -1.544754513789375894e-01 -2.170626997375117370e-02 7.205851955862284386e-02
-6.786694529403286547e-02 1.017230556447913659e-01 1.387572631910244936e-01 1.290254025397757631e-01 1.029978728121509479e-01 -8.119201301324097120e-03 -3.622006114444058927e-02 2.040627790675280610e-03 -7.951092216393351470e-04 5.910415160714176802e-02 -4.506133987888025910e-02 -1.113452919221273457e-01
2.582000493884088060e-02 -1.927197847081396354e-01 1.067382307218384813e-01 -2.878247597258333512e-02 -1.901356066936526479e-01 8.936664382770696802e-02 -1.216049501209100908e-02 1.075211283426455999e-01 4.489681477275883625e-02 9.044473654590919065e-02 2.900422905900174736e-02 -2.114784905610353760e-01
9.012788085294443086e-02 -7.102818122966240988e-02 1.123137391979752570e-01 1.509108545861189143e-01 3.497261610360465761e-02 9.389063170904320133e-02 -1.740492747178167265e-01 -9.761143426550120128e-02 1.777420887379775327e-01 -2.302892519963072385e-02 5.898856358238451641e-02 -1.031886175222571922e-01
-1.953051456246768236e-01 -1.901674704032709634e-02 -1.762386838515193344e-01 2.314863349309844234e-02 2.881104290137168067e-02 -7.224076600189938135e-02 9.694002391283447484e-02 -1.321949891800844046e-01 -5.398703091395190556e-02 -6.337210109963594025e-03 1.316751182466333603e-01 5.944620799596922467e-02
-4.534328581731342234e-02 -1.850683307502602459e-01 -7.747563172838470291e-02 7.026148487817031330e-02 6.299575852900146655e-02 -1.922506953038013722e-01 6.836163533487026045e-02 -5.846420110545344495e-02 8.378616564628521557e-02 8.394764716526004200e-02 5.330628664023219498e-02 1.948572856542316392e-02
1.852569137709515201e-01 8.763495074615373914e-02 1.026917941778214827e-01 -9.064613562219152321e-02 1.496320783235454699e-01 1.559050513148909634e-01 -7.685924680618166438e-04 1.159164379265765210e-01 -2.899852830254198155e-01 2.374780256777379861e-02 -1.098494725058483112e-01 -4.780133367259195576e-02
1.180287144070034377e-02 -1.473776669267813089e-01 -1.657422104080183076e-02 -3.249058639270108878e-02 2.981514836763995979e-02 -5.625993281173152089e-02 2.898802650334070946e-02 5.564479375933252536e-02 -2.100827595913626333e-02 7.086121665378587731e-02 -3.383682460081157556e-02 -1.320219379990316688e-01
5.141983922933626716e-02 5.222710548361533811e-02 -8.487677281993948053e-02 -7.139333463783636979e-02 1.638261489145265426e-01 -3.101155646142985667e-01 4.247748775247692926e-02 -5.530810121776981447e-02 -3.940142963392124359e-02 -5.776305597222619603e-02 2.246529947444952657e-01 4.116359849125295761e-02
-7.775990510107201603e-02 -7.526592052554186008e-02 1.045410822023244424e-01 -4.751664301744976115e-02 3.123374711786057467e-02 -6.827945042601213377e-02 -4.629026774107262987e-02 -2.260639394462731766e-01 1.986749953603999044e-03 2.106828256714960712e-01 2.555261581481271804e-02 7.935526743039940378e-02
1.252038919235520104e-02 1.749102310179958264e-01 1.211883635296837590e-02 1.196015331088855771e-01 -1.058004356452416500e-01 2.370510165375204828e-02 6.991533246835450466e-02 7.465831576195536843e-04 -1.159119558227945518e-01 1.276386971917578828e-01 -4.411189117203933446e-02 -5.950437045865613478e-02
3.010948237379616754e-02 1.470319660554384178e-01 -3.997268742765733296e-02 1.893377441259696398e-02 -1.020747105728442641e-02 4.036444709156266492e-02 -7.536511180607723126e-02 -3.057979244707708169e-02 8.414211249288772176e-02 4.749437269249397187e-02 -1.417516465837330708e-01 -5.431222821523714814e-03
1.087931823493241829e-01 -1.514910105359432158e-02 1.261636370150905351e-01 1.265841802301429508e-01 -4.885641431029374288e-02 3.709443899588634602e-02 -1.709288451118707031e-01 -1.820720310572402842e-02 1.086678927005002397e-02 9.582439233629744257e-02 6.408491970987979791e-02 3.193460180885374089e-02
-9.980415665875456976e-02 -1.604748995127288358e-01 -5.398164135531141605e-02 -7.734697343398679037e-02 -9.634899902234065824e-03 -6.597185960622281575e-02 1.676879562502399668e-01 2.180037064120447787e-01 -4.635663184975660767e-02 -9.679662713593642498e-02 -6.227358742128773043e-03 -3.714198504586140731e-02
1.053763770327172389e-01 1.082595236225995239e-01 5.329273410524339172e-02 -6.388722720392046861e-02 -5.887236088046109844e-02 -1.260526974084335838e-01 9.758533542999475729e-02 -5.750284786039196183e-02 -2.013744702430085229e-02 1.393661097854775599e-01 -1.430799356073894635e-01 -8.172556794152743831e-02
-1.819434338275933427e-01 -3.653154186246261592e-02 -8.691098053204970864e-02 -6.566368982826359391e-02 1.093876787544719176e-01 -1.093420476537287078e-01 2.311614654279023004e-02 -1.289140627303550501e-01 9.594508298903767912e-03 5.484065014215318279e-02 -2.431189087980024921e-02 -2.461592120009542528e-02
-6.993534612381123450e-02 -9.200900462583035122e-02 9.426553120349738480e-04 7.539625895117032031e-03 4.441289934638967263e-02 2.319893122690429021e-01 -2.187512564624307654e-01 1.092671338293930844e-01 -1.072180400260748789e-01 -2.142228663993761550e-02 2.271679437045164007e-02 2.750998325364137354e-01
-4.478736503182500356e-02 -3.031169459383680972e-02 4.970839959571312500e-03 -4.150274828160222668e-02 -3.787698892053314309e-02 5.218957549995679839e-03 4.619481136304404156e-02 1.382111530883630979e-01 1.984320130064581855e-02 1.045802665069159830e-02 -9.126784607467161581e-02 -1.269174123268796694e-01
-1.619217494007109681e-01 8.346059277217754424e-02 5.557764641854710114e-02 -1.753945571731573005e-01 -7.474536485178105705e-02 9.618753399853405273e-02 -3.585665105068164271e-02 -5.611825004254263061e-02 -2.403924336279593399e-02 -1.973332457693483533e-01 -1.924796881048079777e-01 -2.458640901901112952e-02
1.010815167909306922e-01 -1.352737518284088669e-01 1.373978238088351400e-01 -1.183231703364816534e-01 9.412072471346587255e-02 3.764593702356031774e-02 1.408734073241200424e-01 6.919584147698980281e-02 6.790664101630927707e-02 1.643728739710984821e-01 -2.193841205703666031e-01 -8.342920673033391021e-02
2.958727034488712465e-02 9.668801439385446561e-02 -2.289472906191587775e-02 -3.880345656940835386e-02 1.716406707715853464e-02 1.292999634877645410e-01 -2.283626840038750772e-02 1.503730274893871344e-01 3.355170870389833498e-02 -9.081813518886129588e-02 5.511972146161832342e-02 -4.517212573152145499e-02
1.651172351559641038e-01 -1.116883796120328176e-01 2.646853258744280568e-02 2.831594407121976187e-02 -1.160080940412425571e-01 1.078382493304127082e-01 -2.983164167286719588e-03 7.858309733635387984e-02 -2.569074623241435901e-02 2.325492806646473065e-02 7.073982383417730391e-02 -4.183627552707335634e-02
4.515392584861420422e-02 -1.462739278541870247e-01 6.158398415310670226e-02 -9.547550603853742490e-02 4.580535646888064111e-02 -5.337163130106320486e-02 -1.916077080919753872e-01 2.643777211312564601e-01 2.194314712732033795e-02 -9.957055112832538524e-02 1.536757643245450777e-01 -5.582912579786833418e-02
1.105631027926366056e-02 -4.378065200564096315e-02 -3.762456015454152675e-03 -3.718985563977189601e-02 2.352010441972286064e-02 9.342712744583486772e-02 -1.932510528850078790e-02 5.978044547325268854e-02 -5.860336881864680603e-02 -1.431166271478109264e-01 -1.726829414504895410e-01 -2.334332791978411814e-01
3.897289234057456364e-02 -1.929617469844552013e-01 9.108875185359929447e-03 5.944825132549116931e-02 -1.843380194410129125e-01 2.696343160200052186e-02 -1.753225586590684282e-01 -2.461747975693090729e-01 -1.220989145611389992e-01 9.762021575612770188e-03 -8.990631826689954309e-02 -5.245390968288789202e-02
-1.631584849773782056e-02 3.143080846196402017e-02 -8.113142928131941711e-02 9.692156611528073007e-02 -8.611551675048563503e-02 1.085250196834173508e-01 -3.082420586562158518e-02 2.631318691514981656e-01 -7.377732478231498366e-03 8.666383686566460354e-02 4.314298949911073155e-02 5.493936891574565523e-03
6.866620288719448018e-02 7.480307206603402370e-02 -2.973303045305651371e-01 3.735183309109964961e-02 -1.814931161668114357e-01 -8.826536582666877351e-02 1.682837085702221930e-02 5.699256776769311833e-02 7.734114496807631411e-02 -2.016413085969066543e-01 -1.040385972542217374e-01 -3.278766799356060829e-02
-2.056012401333218165e-02 6.029317959393148268e-02 -5.251793406874693051e-03 -1.232397731818181824e-01 -3.983378747854601776e-02 1.367986173696228158e-01 -9.866535878793496195e-02 -7.983240802436782774e-03 -2.619743336714568105e-02 -1.710005352012078650e-01 4.393496176293484184e-02 1.372128233894358111e-02
1.513769382445210032e-01 -1.245040805693007901e-01 -3.203751419541057965e-02 8.994061372818731859e-02 -6.750140251961110789e-03 -6.765706094979670460e-02 8.853095179711142904e-02 1.529169072615314644e-02 -9.024145721998166891e-02 1.623704918771045821e-02 -7.824260727596477061e-02 6.881232890299106286e-02
-2.550180228384200942e-02 8.247270142152242356e-02 -3.871950100359163992e-03 8.585935360551483209e-02 4.293047018187840479e-03 -1.183143696166665954e-01 7.904685337859723715e-02 -2.033045569506173114e-02 -5.802250714011747412e-02 2.891094714783695729e-02 6.202930879774481293e-02 -3.676920654998779361e-03
-1.527637869222562284e-01 3.587562242424088138e-02 -5.666188492094508672e-02 2.311795094082340352e-01 -7.187812514800326347e-02 1.692983581058282172e-01 -9.949412063481787027e-02 -3.243849472443438575e-01 -9.887589514150446623e-02 9.714108324473519351e-02 6.110733300634223902e-02 3.829730121408358307e-02
-1.711350229981621618e-01 1.738198648590131568e-01 -1.847687810122754515e-01 -4.854012653154342327e-02 8.473484416943916075e-02 1.371640777143626477e-01 -2.014634304257075792e-01 1.737421074920630307e-03 4.002194205594092336e-02 -1.662071634530213060e-01 -8.522303409233610016e-02 8.207203489153402920e-02
8.063692888517935697e-02 -8.064643304087226738e-02 1.070736456660219132e-01 -5.095287422411035744e-02 1.715442609082524772e-01 6.639901102711624759e-02 -1.771040303349399880e-01 -4.782849389967375880e-02 6.130871481212146062e-02 2.496582899476096351e-02 1.426602090512928134e-02 2.177134159734898100e-01
-2.670714579134759181e-01 -9.304053085421619407e-02 5.710949034715201433e-02 9.288290941750150520e-02 -1.999524202363303083e-01 5.491132100720155784e-02 -8.211608622415794700e-02 3.164169658402620627e-02 -2.196853285967177993e-01 -1.718589369302673253e-01 -1.134358795360767419e-02 -1.791692430025121352e-01
-5.868588192106474755e-02 -5.483994045826116187e-02 1.068247464927746943e-01 -7.772627448959831820e-03 -2.205875082303019111e-02 4.816156922245745306e-03 -5.923630562505667607e-02 -1.382572400283832437e-01 -5.007599737352576297e-02 2.145448740195909920e-02 -9.240124215563342083e-03 1.370983343400928867e-01
6.380759438741163969e-02 -4.664400865686763736e-02 -1.150205926604593205e-02 -2.820506485768471683e-02 -3.038682584966448993e-03 -6.462839451629059928e-02 -2.009465204150200357e-01 -1.036930912221122048e-02 -7.432224451385942288e-02 -2.559097006227810112e-01 4.463409000674977214e-03 4.163887386192015663e-03
-1.282680866435235208e-03 -7.166592362293451590e-02 -9.975553595297281806e-02 1.906221326456595255e-01 -5.517868759817510377e-02 7.210879811745310453e-02 8.223707201348795515e-02 2.965338398643620546e-02 -1.412200989922419159e-01 -3.270444678968803878e-03 -5.142887255871969598e-02 1.335276868662908789e-01
1.356666735275830794e-02 -2.663062560382116473e-02 7.086713925527667046e-02 1.986480215554469603e-02 -3.902115084617086005e-02 -4.907093587483984248e-02 -2.839241327863469347e-02 1.243883431203346435e-01 2.666291234467322441e-02 -8.576660744555586469e-02 1.938566059399219124e-02 1.390551788521442178e-01
5.109715051317157558e-02 -5.262090138250757887e-02 1.692916498873067443e-01 -6.436984940923960036e-03 -4.477342638501526778e-02 -1.587823439824332106e-01 -2.624864740565775040e-02 2.887494321678429551e-02 2.698301017882006811e-02 -2.873992990741895959e-01 1.143960100527995349e-01 7.080081692327058751e-02
5.982093349263194887e-02 -1.376536674050841125e-01 -1.492487058364961594e-01 -1.818680430801915826e-01 -6.866762041845234088e-02 9.129561699695029620e-02 1.016533729148495491e-01 1.206548286077830517e-01 -1.764392096931735598e-02 1.044907584468763029e-01 3.218439675709636183e-02 -9.331171917017834147e-03
7.663299531621231564e-02 -4.125907798000338911e-02 1.957439205922564124e-02 -1.018649876199390764e-01 -6.442116043784847611e-03 1.016208821978055871e-01 6.167893517741929871e-03 -3.604421454866326563e-02 1.343026197500655772e-01 1.580401972204499850e-01 -6.810876564556403445e-02 1.067514981944088677e-02
-2.762204099879502286e-02 4.757169389182000496e-02 8.274009363214236690e-02 -6.285415900804151856e-02 1.299220824827205037e-02 5.057145204643614250e-02 2.653919843992851024e-02 4.957940138920519796e-02 -7.883589056543200552e-03 -1.073706715551992902e-01 3.680181391437583466e-02 2.428404583112611041e-03
1.482238309046855496e-01 -1.532193009006660792e-02 5.752283490571515057e-02 4.818790644384559479e-02 1.300910383545911264e-01 -2.347528205960737469e-02 -5.583313731536364982e-02 -9.859959609627398647e-02 -8.461223903478627337e-03 -1.090997297458946441e-01 -2.074391958965436933e-01 5.184558802767777475e-02
2.290431733093310773e-02 -1.284104850748188191e-02 1.196546440102439074e-01 1.726474679724567252e-01 -1.911348251287737776e-01 -7.224909109172256150e-02 -7.359034354152708957e-02 1.290050597570187862e-01 1.624363425940109074e-02 -1.228738410419511901e-01 -1.522650517173310680e-01 8.046970371019865342e-02
8.280433148877122673e-02 2.258184184136381722e-01 6.113421736540236573e-02 -2.323814518846277141e-02 -9.039521281741633163e-02 1.247384868754962267e-01 -6.198276204004007917e-02 -2.257867035023702895e-02 6.843398270656567139e-02 -8.177453280005998748e-02 1.089648493136502749e-01 5.091818783000612303e-02
8.033812922629451903e-02 -5.289010497001435385e-02 2.947031431597008089e-02 7.689169560660881475e-02 -9.310796515801829376e-02 6.181569524516011827e-02 3.895774490013258901e-02 -1.290417508005475555e-01 -3.220637395710569673e-02 -1.036261749157049022e-01 -7.272052797737453556e-02 -7.583775011100685193e-02
9.174769761609553875e-02 1.929543790415607502e-02 -1.718905383349171034e-01 -1.265820947554697762e-01 6.143411247920657625e-02 2.548105625440826374e-02 3.215656201197599623e-02 -5.302987463760658327e-02 6.440622397725454147e-03 1.938535899636796567e-02 -4.455852628497149019e-03 1.788982568784734384e-01
-1.021922145838233820e-01 3.251554065300399921e-01 4.798786756047513508e-02 6.611039250098020570e-02 -6.767377549193948072e-02 -3.445411856539015022e-02 1.001144679663685255e-01 -4.336923772452206532e-02 -4.087227054932913300e-02 -1.674833641439857912e-01 2.148569569702218213e-02 2.829863640771879824e-02
-1.580697003644889742e-01 3.123378238824137121e-03 7.204138056162169568e-02 8.697378217982008886e-02 -1.045771956372130163e-01 1.807573372647107435e-01 -1.528741088910201031e-02 -6.908468781139619208e-02 2.281954858672495534e-02 -1.377097342773849799e-02 8.953954841715722202e-02 4.323390063435698233e-02
-3.427465108049557174e-02 1.779619552255041759e-01 -1.399598363595586648e-01 -4.222037519952580309e-02 -4.284262643266737586e-02 1.253261442565297146e-01 -3.135763934469076170e-02 1.100215887534476550e-01 2.813999511049051355e-02 9.515654654943565827e-02 1.434304383684882056e-01 4.272059114063355562e-02
1.932222812750240548e-01 -8.616111785732348538e-02 -1.459172588500947942e-01 5.974912181111782794e-02 -6.969573013369366465e-02 7.556019223717103106e-02 -8.717443350758215942e-03 9.427846639135113727e-02 5.270678928427163096e-02 1.127567492095913199e-01 2.711068301606111078e-02 2.292428107684589544e-01
-1.299198310483462016e-01 -3.934786759270775258e-02 -5.858302053145632293e-02 3.025102304765905567e-02 4.130637493696864837e-02 -2.294332883905147724e-01 -1.047778489401915147e-01 -4.057166850019307269e-02 1.609391614482536537e-01 -9.022131298740132532e-02 1.499333668636787520e-01 1.334694263469909416e-02
3.300714514333201455e-02 5.572321352981068204e-02 1.017471906667648529e-01 -9.183388427225258610e-02 -5.224362422262827758e-03 9.167210746345233474e-02 9.219539258466920295e-02 2.220046310289050528e-01 3.118355926575258619e-02 1.000919035092895232e-01 9.409401156912798603e-02 5.037972069063853531e-02
6.948069537820703023e-02 -6.549006900282546006e-02 -6.665539343019642737e-02 1.955106688318087454e-02 -9.644287374307095040e-02 1.965190587519790311e-01 -6.980675527073496034e-02 1.165534222797479091e-02 -5.417608724843395868e-02 1.825995832854153053e-02 -5.359534133483392915e-02 -2.293580581696222018e-02
1.501757459737239689e-02 8.642360806852578126e-02 5.331952132001482880e-02 8.155734755162402649e-02 -4.589005710400222843e-02 2.093385073883672828e-02 2.038576143239577698e-01 -8.743906770568675435e-02 1.045166551610308622e-02 8.037537545430825658e-02 1.559740785741901281e-01 -1.334678778558467949e-01
-1.231672716752065799e-01 -1.124358149784409344e-01 5.437930736780332425e-02 -1.158554449505550948e-01 9.690941262086444352e-02 7.887706494336753360e-02 -3.697694970234845918e-02 3.663218648666163174e-02 -4.120687572415879067e-03 -1.711982556436617842e-01 9.493317394951217292e-02 6.353221680041401531e-02
-1.305264589957685628e-01 -1.011259525712492752e-02 1.739462243043740294e-02 1.437216989603606332e-01 1.740071579835723511e-02 -1.653962453266932114e-02 5.114610791216994690e-02 -6.728759620249989692e-02 -3.230846571394051930e-02 -2.472251500607102262e-02 2.680467630536244317e-02 6.114733783301429249e-02
-2.995700029385926777e-02 6.342074013320241066e-02 -1.326818086987038847e-02 1.510720353721880516e-01 -2.801553186395424125e-02 6.690231736516309702e-02 -5.520425844268348620e-02 -5.339945318499078608e-02 1.187109708722480089e-02 7.038582515663009687e-02 4.243232550849408702e-02 8.043821609183887666e-02
-1.274919757737418280e-01 1.483012296851141387e-01 -5.852683308016625591e-02 -4.967567376301307985e-02 -7.494328604958716555e-03 1.052379126596826309e-01 7.626141532023898717e-02 5.226307152926511906e-02 2.581444374370319914e-02 7.584272837688085800e-02 1.713968072417390576e-01 -2.049468501749274196e-01
1.005637438468495043e-01 5.729468440074544922e-02 -9.899736963214941787e-02 5.758472575311880670e-02 -8.002690864926417791e-02 -4.122586962422639806e-02 -3.740352093200385863e-02 -1.408725263013194118e-02 -1.436604706171957513e-01 4.922364907034501580e-03 1.017636300826570139e-01 4.983320674089983943e-02
-1.317603586378535419e-01 1.126159150529564140e-01 -3.065182819415461848e-02 -1.197279837109134493e-01 -9.855701661400505242e-02 2.077654077704979563e-02 -8.844058267620415192e-02 1.273106545974488080e-01 -8.878676290182350994e-02 1.865775759990712102e-01 -1.702137525967549747e-01 1.327101588923291775e-01
-1.310195438515489585e-01 -6.664687961195072188e-03 2.083606602150174861e-02 3.436506802042575692e-02 1.142597409256494445e-01 -6.741519226392053699e-02 8.984766596532471616e-02 8.571041134741247403e-02 -5.762544433531784777e-02 3.425072123088709203e-02 1.081368261430816213e-01 -3.756441028130802495e-02
9.626899301759421490e-02 -8.873825652606663270e-03 -8.642532366498571761e-02 1.400633769274287344e-01 5.434873587291741415e-02 -9.839845120387594180e-02 -1.122047616201347388e-02 8.688317191471900706e-04 1.040630610465318739e-01 7.802149457121027032e-02 1.027059364895644145e-01 -7.518250262378690929e-02
1.379198314185564322e-01 -4.616083072183108788e-02 -8.580531222427778548e-02 3.458283759180148798e-02 3.086873099639711113e-02 -1.887539893090259269e-01 -2.479403270082285449e-01 2.724617005240233605e-02 -1.024158424656478744e-02 6.828473889336718339e-02 -1.707140912737238267e-02 1.021037707527339133e-01
-1.464587759174376391e-01 6.923045797365111331e-02 5.246363551570619455e-03 -3.113960948670382867e-02 -2.373175538848133759e-02 -5.300437417711012338e-03 -6.424136218747247828e-02 -8.010112737911730119e-02 1.143166275876690285e-01 1.395156007221981000e-02 -1.103329032923398706e-01 -5.752497414782168500e-02
3.198139443705350082e-01 -9.593520896808262199e-02 -9.487224301361803225e-02 1.688945729513776084e-01 1.104116186290198115e-01 -4.313579269179965148e-02 -2.233960180279558616e-01 1.011369961299569270e-01 1.428412295384249957e-02 1.979671544721417487e-02 7.552052180522222935e-02 -3.383597847622323712e-02
-1.285019706153900654e-01 -1.972399263281039705e-02 -5.466088438489437318e-02 4.287484014472327243e-02 5.844052707565433602e-02 -9.663698077663190888e-02 6.435929370182380538e-02 -8.244375875543563659e-02 -2.115515928300808549e-02 -5.453183991308638984e-02 -3.615217056461188586e-03 -5.778212622961850786e-02
9.401551502577419617e-02 -1.734147765926979112e-01 -3.006595060227248636e-02 -2.428673661405205131e-01 7.729387022321371203e-02 1.785334352110890810e-01 7.347327068559279806e-02 -4.786373575978071504e-02 -4.016758127959481339e-02 -8.170033959003587809e-02 3.157856182074444268e-02 4.936014105093443349e-03
2.141384533272293333e-02 -1.373390467715568733e-02 1.107142093931870602e-01 -1.273971216176897625e-01 9.779848559411541409e-02 -2.309648626455652887e-01 3.748950531069487890e-02 -1.098842542400359501e-01 -5.403486194853159008e-02 -5.730649626732684659e-02 5.803002677125042308e-02 7.961379357858008876e-02
1.150934895069647967e-01 -1.218842279010162316e-01 -5.259185327977147772e-02 -9.160849123984818321e-02 -5.992144036758567660e-02 7.819662568482965703e-02 1.289520753214354887e-01 -7.831388055343474486e-02 -1.162457487277560181e-01 5.861340281951500815e-03 -1.373783971599432802e-02 5.633571665895013153e-02
-1.273557692962039578e-01 -1.732050382583057990e-01 -8.744384305626688031e-03 -5.134440189524289849e-02 8.799090460415731618e-02 -5.686158830603926795e-02 -3.392259711460070271e-02 1.329585842144292429e-01 -6.961699444298860562e-02 8.675924095252568469e-02 -8.776366151954739792e-02 5.783928510192687389e-02
5.781560544304520377e-02 -8.417711247642550854e-02 6.384281365885789705e-02 3.169501292342515736e-02 1.115822968350981270e-01 -5.351355504380755912e-02 2.590025309902973041e-02 2.405876786946467213e-02 2.819937737589791119e-02 -7.597344932797950312e-02 -8.637409418081161416e-02 -9.229920960478028846e-02
4.025157143725035386e-02 1.703988545244607966e-01 1.706938204444500076e-02 3.490594152704495218e-02 -5.010472067283677083e-02 4.948557570101801834e-03 -2.875090840112243945e-02 9.857727302821941984e-02 -1.222857258564727795e-01 1.993267765383995027e-02 4.691759659883564665e-02 4.279834876374258301e-02
4.892601557371506482e-02 2.140238239556934915e-02 -7.834345468612130547e-02 -2.043668605316079079e-01 5.163672827196128662e-02 -4.817375490525793030e-02 -1.475930049208327988e-01 8.003382536395041436e-02 3.684126115467936669e-02 5.166494722516637439e-02 -3.545475561441224083e-02 -2.475141730165205528e-02
-1.700375841151116896e-01 1.048828611145296019e-01 1.702259891822704638e-02 -6.581631915948614464e-02 -7.249883844475195349e-02 -2.445887030650981640e-03 5.609356578058637827e-02 -5.521399517331433693e-02 -2.101415601146859949e-02 1.554054876705795443e-03 5.993659624086910415e-02 8.573431479507402642e-02
-1.666034289862160928e-02 1.235153542266172882e-01 5.666527623977052341e-02 8.491047126538238399e-02 -1.507881430073961069e-04 1.761893923905740733e-01 -9.341959505831924637e-02 -6.180917400014571128e-02 -1.156610526711067399e-02 1.660959214911170156e-01 2.345052531362925297e-01 -5.603847083822376812e-02
-5.662389254543400557e-03 -1.446070642717328398e-04 -1.191004361919971721e-01 1.269055590951216062e-01 -7.165233377802916748e-02 -1.410729803605113852e-01 1.246173362536171468e-02 -3.974401363599396747e-02 1.925494891187851665e-01 -9.432403640720499194e-02 -9.622680728112049595e-03 -5.694033124003938101e-02
1.195517491784681835e-02 -1.559586733068091952e-02 2.159643980222802073e-01 -7.983209190288884094e-02 -4.856638961598991333e-02 8.958096953571481613e-02 -1.109854765320587300e-01 -5.912606443068321727e-02 1.386036624848093757e-01 7.125558274398983982e-02 2.105945247690507380e-02 -1.816234063657813300e-02
6.457485675693742933e-02 -2.660874510942342064e-01 -4.496143835432532543e-02 1.405982115829932100e-01 5.517843682521476195e-02 -2.289120336497013977e-02 1.176291318536953068e-01 4.455966054169338553e-02 4.402253126741381695e-02 -1.164743481405505765e-01 -7.073334774976286488e-02 3.841675614454537202e-02
1.765242064272065092e-01 -8.465265607671827730e-02 4.349148880455271787e-02 -2.035226272679550030e-01 6.961863374735500001e-03 -7.659474816643689621e-02 4.205839093476854834e-02 -1.445696518068865233e-01 9.965547160557997053e-02 -2.172455777550023337e-01 -2.539414685879705716e-02 -4.674347888377565485e-02
-3.079035746989576897e-03 -2.677988109576094795e-03 6.413951222193603474e-02 1.462414375668632908e-02 6.396399849306814989e-02 3.526189718332511935e-02 1.209513229611608454e-02 -3.144181420344679262e-02 8.611471512404766937e-02 1.528652965858674773e-01 -3.536130870711068352e-02 7.592049260096184193e-02
3.254305572549103659e-02 -1.195921244933482097e-03 1.855424326431137638e-01 3.164610385993467390e-02 -4.519210823979042529e-02 8.046466047781379582e-02 1.013085982660248408e-01 6.165300196180012633e-03 1.250721190391421711e-01 -1.222439197185843929e-01 1.403372020192984182e-01 -3.289951651278682360e-02
-6.437018172573426289e-02 -1.553344263991727515e-02 -2.012939899497364626e-01 6.902314160453758285e-02 -1.145020803991613767e-01 1.668704973748761852e-02 -8.896446940238478263e-02 3.425860747239596882e-01 1.988470303706018488e-02 -5.908139731632053998e-02 8.904003950340860438e-03 -6.434645631466194560e-02
6.451377817445246021e-02 -1.346671234429686892e-01 -3.098429768149882878e-03 -7.008942757156581826e-02 -8.018010367582165121e-02 -2.232140094643825234e-01 -1.357060114292490439e-02 1.174122054678916199e-01 2.531038157242596759e-02 -2.861449618081324808e-01 1.245285065756539522e-01 1.566786170728339325e-02
2.040146503311619508e-01 2.156707557187433066e-02 -9.154990529748695260e-02 -6.401635840461188109e-02 6.645331550359036277e-02 -6.632672405735132171e-02 1.221382583882249656e-01 1.617378891576908562e-01 -9.999611571205380134e-02 6.040871979117695689e-02 2.282593658308927909e-01 -4.506011974513221552e-02
-1.831494643286112334e-01 -4.676027018678113878e-02 -1.022021568523183571e-01 -9.008623097680738823e-02 -6.622917892389161565e-02 -1.180047727092541215e-01 -7.206144691602275887e-02 -1.807158647145635233e-01 1.015992168020759534e-01 -5.762950553078123594e-02 3.078014154816519749e-04 1.286041291739101200e-01
-2.290685343610065761e-01 -8.888364546132865307e-02 1.384152205903455002e-01 1.350030466832914111e-01 2.449706811045634144e-03 -5.395828118576363741e-02 -3.660940002277677380e-02 1.244961305273893371e-01 7.928697775085895294e-02 2.244535969610616799e-01 1.860807498115948921e-01 1.468609952343182846e-02
-2.880283072801820970e-02 1.248409719335298179e-01 -1.378006122821689994e-01 8.251703582282834959e-02 4.454212650541065216e-02 -7.409554177347475734e-02 7.755875653356190946e-02 -3.191595880058571699e-02 1.323441714586389220e-02 2.037437576086797986e-01 5.273832699347569264e-02 -8.887699286842189184e-02
-1.464837667950392164e-01 6.180262259898684774e-02 1.833613763669665886e-01 -3.605248599952522864e-02 3.627653933385210222e-02 5.673288515202610377e-02 3.054291014507914612e-02 1.372186517748474333e-01 -6.948798961067009783e-02 5.438918651348637057e-02 1.705877593275724122e-02 7.684684834251581664e-02
-1.436483466481233984e-01 -6.062940124203878428e-02 -8.756623537355355535e-02 -2.674297507903223778e-03 8.766307342300931615e-02 -1.423642396495744360e-02 8.356736546008718125e-02 -1.090806054626285680e-02 -1.532099669921615226e-01 8.556014006680735806e-02 1.129676273150312382e-01 1.192852550251211063e-01
1.882599796706956041e-01 -1.067374648479571947e-01 1.197490576101921111e-01 6.554787874637094114e-02 -2.273593551226434084e-02 9.365559982625107360e-02 4.400505518795335552e-02 -4.463319894091890422e-02 4.261669085187267531e-02 1.208889203226494180e-01 -7.146911521726849459e-02 1.229973613709440805e-01
8.057011222017329555e-02 2.361328100157198129e-01 1.101436427464534962e-01 7.388021698494894041e-02 8.651677389531060858e-02 -6.057741311521491756e-02 2.462236105229339556e-01 6.320449071098535598e-02 -9.216339426098121845e-02 -1.209430802471253980e-01 1.670824598584928211e-01 6.657543379937017058e-02
8.243547652346283616e-02 2.919637928436830121e-01 -1.316861649486667646e-02 -1.667042644622435468e-02 1.247675118920676118e-01 -4.978033276903059273e-02 1.641934559481844358e-01 7.381287732630119336e-02 -8.074309436173281174e-02 9.141965599590327202e-03 3.396800067408518864e-02 -8.098712000271504619e-02
-1.004909091538747079e-02 -1.742000326891771089e-02 -6.587558695812735510e-02 -5.698591691567636563e-02 1.916516664036502782e-01 7.743352484478799314e-02 2.941549267429495809e-02 9.642987575853083360e-02 -7.551466301948142612e-02 -3.862926992587537023e-02 1.719877969658209493e-02 -1.108463982697976552e-01
5.312002253539427343e-02 7.302288280697691314e-02 2.876122245819361101e-02 -1.011402951963268904e-01 -5.051788123538485803e-02 8.890948169325602057e-02 -1.309135865511721480e-02 5.303844483407876278e-04 5.918222828169183297e-02 6.827887193022252887e-02 -1.015647807154807652e-01 2.754147840797808722e-01
2.281062949996594952e-02 -7.886429356920832134e-02 -5.085166494008544480e-02 1.788478938066183702e-02 -1.184948701681795280e-01 -6.580050307263826670e-02 3.900577477041186625e-02 3.193845174894325428e-03 1.397005324998976117e-01 -9.790315181272686573e-02 6.061840172343429395e-02 -1.429036178434389681e-01
