-7.787056656579336433e+00
-8.130671360960620930e+00
-8.161593239729198146e+00
-7.697085248791678325e+00
-7.787209153691593500e+00
-7.627591099306111566e+00
-8.097893913895012119e+00
-7.972192406067065917e+00
-7.660006664392998488e+00
-7.430958006294336116e+00
-8.144449652197890188e+00
-7.827297603448503338e+00
-7.586737075044855949e+00
-8.383814102112562949e+00
-7.875317487095152558e+00
-8.360072733453531413e+00
-7.710682183817120006e+00
-7.616902741880518413e+00
-7.932155084369491682e+00
-7.894186106101260592e+00
-7.912809952598354180e+00
-7.667182155278495337e+00
-7.714297062832789820e+00
-7.979669776877773124e+00
-7.864427864575117333e+00
-7.864663841404551547e+00
-7.839489436499949448e+00
-8.338932903922351869e+00
-7.953913877735856452e+00
-8.258336295110833447e+00
-8.382219890969034637e+00
-8.224537955822402324e+00
-8.054636836528805688e+00
-8.074985131197371047e+00
-7.777863064500121659e+00
-7.976492649888408337e+00
-7.729570753926102711e+00
-8.203130621758171870e+00
-7.466756662093468222e+00
-7.768062407168461192e+00
-8.095257887940752184e+00
-7.852628049512238917e+00
-7.850689993198399996e+00
-7.873078743842395255e+00
-7.923501825705583812e+00
-8.649397286700464704e+00
-8.204733305420091938e+00
-8.289111188431173005e+00
-7.937100467672170367e+00
-7.800887075642179980e+00
-7.952942833109450937e+00
-7.614139966980333796e+00
-7.845311208732238306e+00
-8.309319802007919975e+00
-8.042613266406831940e+00
-7.840316930216197910e+00
-8.391798947918928775e+00
-8.164449679293323214e+00
-8.037411203805607585e+00
-7.669815809572622989e+00
-8.046540762967625326e+00
-8.330177132501054516e+00
-8.113108298930443496e+00
-8.502908643159114987e+00
-8.570821790350949598e+00
-7.904751624037775315e+00
-7.989147351268965025e+00
-7.932219528924739471e+00
-8.115560217414889976e+00
-7.771481931881204730e+00
-7.996503627363535038e+00
-8.249415785167389714e+00
-7.968104159347337401e+00
-7.795021640256355688e+00
-8.325319998314725467e+00
-8.163053022902923672e+00
-7.978616140060348805e+00
-8.145396961631389487e+00
-8.551408510437987331e+00
-8.077767106032712974e+00
-7.823949783174494854e+00
-8.362993930690988620e+00
-8.061644872436366072e+00
-7.599110202446974327e+00
-8.242874479214952643e+00
-8.301545335916737045e+00
-7.941296026164659239e+00
-8.112212680627628458e+00
-7.935608693965646054e+00
-8.128391640142629271e+00
-7.686368423115265358e+00
-8.117498163579119463e+00
-8.220515846050526321e+00
-8.189011748057925644e+00
-7.653871242110596107e+00
-7.761290393545502653e+00
-8.470749543456960851e+00
-7.538667091664573050e+00
-8.110166351671182383e+00
-8.459692254694219926e+00
