-2.514278615483794485e-02 5.546127725050206680e-02 8.490742983662161181e-03 3.593376483941677219e-02 4.543507591824396535e-02 1.336572837050791288e-02 1.258836073693764268e-01 -3.799725140173179638e-02 1.173108211338624446e-01 -7.339919696620865464e-02
-1.788211483188328899e-01 -3.286613632948133523e-02 -3.664542766866109996e-02 -1.024487521902836262e-01 -4.689862402404318398e-02 -1.132863709112475609e-02 -6.647593932753378260e-03 1.599004433346618015e-01 6.378055764450066278e-02 3.273973176783306904e-02
-3.838958732459699097e-02 -8.751189698461243199e-03 -6.236441842004189495e-02 -5.051483809531580934e-04 6.054850767248113642e-03 -1.807211581854202276e-01 6.643121170900635752e-02 5.690778945345220663e-02 1.067436057343404410e-02 -5.131617736719791545e-02
-4.235777654913240597e-02 1.189138413707901409e-01 3.369598883398124828e-02 2.142927474366520535e-01 3.748858613646782745e-02 -5.876615502575781996e-02 1.487918809297605199e-02 -2.321108872381483917e-02 1.272044126964503030e-01 -3.912257177955485304e-02
1.942906287487521089e-02 -3.186200892330410400e-02 1.046042415862903363e-01 1.761662408061220875e-03 -2.186974839445956272e-03 -9.688573059622788974e-02 1.939926773432161244e-01 1.829971199090524303e-02 1.653123343321865613e-01 -1.000582495855803222e-01
-2.363276128251030894e-02 -4.301112841055920039e-02 1.037813294498192845e-01 -7.245860306885067159e-02 1.523798588251823183e-01 2.944801734858017508e-02 6.069882974866718656e-02 7.274088460147598578e-02 -1.651178862915549800e-02 2.069827522784589147e-01
-4.363463964073568957e-02 1.476133385957075286e-02 2.064277193128396387e-02 6.013113732083689295e-02 3.060510883676157562e-02 -7.182884095297863147e-02 4.623010744182083458e-03 -2.978814529422637788e-02 3.689842686101488245e-02 -1.462347751551306974e-01
-1.011575244955198322e-01 -2.890769184336627884e-02 9.170847043141563959e-02 -1.152385169035513440e-01 2.529380745075281434e-01 1.368977879166179412e-01 -1.421986007403249763e-01 9.505277092986261223e-02 -9.840077034775926088e-03 -1.276496863553249483e-01
1.098989328468753107e-01 3.347267668542788094e-02 6.172810269763247260e-02 -1.614131411782405989e-01 3.762994035078340294e-02 1.533186294353986179e-01 1.963560856998419410e-02 6.451996275635311917e-02 -1.904890778886343672e-02 1.292232726553858568e-01
2.333701103189279591e-01 5.564634989426103795e-02 4.994712901286486872e-02 -1.355675098071103812e-01 2.173405614220251525e-01 2.689352980654634573e-01 7.046581720834559082e-02 3.527357266309188305e-02 3.912450393603938287e-02 -1.060815036140654311e-01
-5.870523750665870844e-02 2.437665492389622102e-02 -1.406319894069633751e-02 1.014825391400017707e-01 -1.060526719540671320e-02 5.206160205739166630e-02 -5.096606043432502786e-02 4.094636568375351580e-03 -1.733940753311512262e-01 -5.438494175490724003e-02
-5.079214501583552421e-02 -2.904370015196142824e-02 -6.479593098823864528e-02 5.465170654218046847e-02 3.965788599124871888e-02 1.941321414639877174e-01 -6.048134923158310361e-02 9.408441325626976104e-02 2.154353997218680719e-02 1.888081663606620830e-02
6.633823851688688822e-02 5.453205122866221916e-02 1.575791746698497753e-01 2.177955813051582479e-01 1.657167920136218275e-01 4.712295911528657788e-02 2.605630409399855001e-03 -1.871695694639504415e-01 -2.599581473894089362e-02 2.757230843533792219e-02
2.154965195154469326e-01 -1.377044525713580492e-01 3.504315311167704311e-02 -6.519277625413283372e-02 -1.530022218832712277e-01 -1.641036251364102472e-01 -7.614156297785054650e-02 -7.824825135620747107e-02 -2.068250352854323834e-02 -2.559774928063632271e-02
6.495028018741509646e-02 6.084625531937662424e-02 7.274218690709376156e-02 9.006347293554060884e-03 4.787385072284469634e-02 -1.146287792082036489e-01 3.360588334553600825e-03 1.935680636059709803e-01 -6.401074351413159336e-02 -1.127650365917607922e-01
-1.521147351495523714e-01 6.537852353069963270e-03 -2.887566808851688843e-02 -5.626198013489807498e-02 -4.042659725804044479e-02 1.474006612633993185e-01 9.944757804096060819e-03 -1.496096986916329308e-01 3.591240412664208070e-02 -2.147172803364206239e-01
-7.554908799472168091e-02 1.576704647063702225e-01 1.542150753837896460e-01 2.412707241100534028e-02 -3.873336740083460628e-02 1.567663823078787044e-01 -5.069272418253489842e-02 6.190426193444070052e-02 -1.223650643146183443e-02 -1.168846418639250644e-02
-1.188031518229645811e-02 -2.373690091431311655e-02 6.380756778153086686e-03 1.486679842366726290e-01 8.233139368042882711e-02 -4.491590219451953303e-02 2.154432781266443220e-01 1.206987633335443316e-01 2.845559633789346982e-02 -3.878354905532122726e-02
-4.152032764326125946e-02 -7.514736675932769117e-02 -1.540343840796769559e-01 8.978439236176943838e-02 1.479587990519290186e-01 1.632941415013584585e-01 -3.379465145825238243e-02 -1.603160069571070434e-01 1.156392416313362648e-01 4.490734475581146384e-02
6.262271376170320397e-03 -1.271319787794212286e-01 1.258922507164925431e-01 7.557727879461409448e-02 5.758470261714111749e-02 -3.712296687491187588e-03 -7.509311759600144354e-02 -4.361402067494877383e-02 1.252449822445376448e-01 -6.113221251141712741e-03
5.492604560890948506e-02 9.658191478171904848e-03 -7.414794745307910773e-02 8.729832698876766051e-02 -2.977045998019148265e-02 9.502886685195610639e-02 8.301608088971167143e-02 1.278679870170831012e-01 -1.222795620076721212e-01 -1.182579608505993085e-01
-6.514361336989009377e-02 6.921409604787069278e-04 1.270953118964633644e-01 7.147587305401935376e-02 1.051716980494593195e-01 -4.605092720690941686e-03 -3.175414664344670956e-02 1.483829184768417908e-01 1.125514835863945379e-01 -4.606648991201230114e-02
-5.765190781984053103e-02 6.876354467855511077e-02 7.674382469022045239e-02 5.483307279060583433e-02 1.891554973349524604e-01 6.335972111849449973e-02 1.953287187235002234e-02 5.520894950692731284e-02 -9.418024865478295815e-02 -1.698844031676961450e-02
-2.090344398466840448e-01 1.079965911145737145e-01 -1.778001460574405931e-02 5.786469788806800074e-02 1.148864315837151290e-01 -8.106264709201552177e-02 -2.272908502954692489e-01 1.197061988558520557e-01 -8.195159639220855885e-02 2.684255267086580465e-01
3.335685784469204912e-02 1.419842935880529650e-02 1.341256997883013280e-01 -7.827924287207314868e-02 -2.435480938692464320e-02 1.793708689836735065e-02 -4.284111186378572467e-03 1.071853503334543600e-01 1.395310042868610767e-01 -1.645975293743130452e-01
-5.211463081155739974e-02 -6.051829106107765865e-02 7.242085114997236228e-02 2.164437892309196976e-02 1.659344052682448778e-01 1.430229586411062570e-01 -2.477550199088186106e-02 -7.251631892733156892e-02 2.020280010767078194e-02 -4.150472577601761748e-02
-4.429476838678417239e-02 -9.427419294632255475e-02 -2.773043220569162536e-03 8.267342474693079035e-02 1.438533753528001835e-01 -1.024598125697859657e-01 3.396041847028483107e-02 2.382470487272181081e-01 -5.321700261589689535e-03 -4.039734691708640746e-02
2.227216303543169684e-02 -4.325310495276007972e-02 -1.559400665036794476e-01 1.526826414239275398e-02 -6.758905902147046250e-03 6.596516071686170379e-02 -3.372661368665725006e-03 -1.570882522743117238e-01 -1.910826772013190789e-01 3.460916153475906976e-02
1.618572015654908824e-01 9.056309445160935778e-02 7.355583129937483255e-03 4.004387301816546285e-02 -8.347565125874027714e-02 -3.186373816158013378e-02 -3.410005832107727147e-02 1.082946198498138390e-01 -5.813698690168384031e-02 -1.379776158715853573e-01
-1.323536805282938579e-02 -1.407970748873585976e-01 -2.498866808832758690e-01 -2.035643017265272720e-02 -1.018561607824082782e-01 -5.907189159457996303e-02 1.412239676024030222e-01 2.346094427890141332e-02 7.685354394486756946e-02 3.007271219800410067e-02
-5.087219618239813106e-04 4.132912915480190658e-02 2.603430438540710323e-02 7.607245905059083213e-02 -1.551426834931955157e-01 -1.912637867192728547e-01 8.683876073095328496e-02 -1.611808939107664818e-01 5.154392478573813219e-02 -2.373036378518884604e-01
1.583148576378759220e-01 -6.697971803513820543e-02 -7.040592261365442861e-02 5.448935387152741699e-02 -2.065684314058908455e-01 -1.347257606765963345e-01 -1.425709617855505928e-01 1.070619077574571157e-02 8.139390322083212004e-02 4.621384475078160747e-02
-7.387941604721770528e-02 -9.808080435493049878e-03 -7.002311912141689909e-02 -3.102990118192359981e-02 1.819476084763094886e-02 -5.351849168018664839e-04 8.101281674175959957e-02 9.635950817358360232e-02 6.642911354022312809e-02 -1.441888128876912811e-01
4.230727486236629531e-02 1.984373079293717812e-02 -8.476523217285121883e-03 4.793330328051634281e-02 1.385899955649847193e-01 3.130581229413630096e-02 -2.320294613374085033e-02 -1.090125359330180316e-01 -1.824535402970445253e-01 -4.708364439106851873e-02
-2.205345787433656835e-01 1.211912554971477651e-01 -2.015505803376087257e-01 -2.958059151563479164e-02 5.549972608955140892e-03 2.217009851564332168e-01 7.463066747833159431e-02 1.163340381180056338e-01 1.656924443723804818e-01 4.451975607410971203e-02
2.100037910922479267e-01 7.350754295105310643e-02 1.120851744834783087e-01 -1.467389985911781991e-01 9.294955378612357322e-02 -1.741593012219294079e-01 -1.244853073567673135e-01 1.993504009544006667e-02 -2.888871885493288910e-02 8.228963291753229811e-03
5.801925333639385007e-02 -7.410088977516464392e-02 8.396301865633698513e-02 -1.416620742439835545e-01 4.128892778015077342e-02 -6.870659589691838209e-02 1.994768424170541565e-01 6.085393020221272625e-02 3.832694018322847090e-02 1.482385477914416327e-01
5.607642980084651813e-02 9.056174452118176399e-02 7.857458195600094952e-02 -6.095372762759726504e-02 -7.152753641016745823e-02 9.287691965520535053e-02 -1.256005153819146972e-02 -2.178976351733775685e-01 -3.472164669014352750e-02 -1.658188456776745756e-01
-6.842114828547890548e-02 -4.573502126560512887e-02 3.972963375593023538e-02 1.477250552402295525e-01 1.507363518457779938e-01 1.464654399976787480e-01 -9.673783153620507669e-02 1.540522031556488813e-01 4.339441305353455153e-02 2.040420303097836841e-01
-8.417885865619356700e-02 1.119969947507986063e-01 1.199279173924226588e-01 1.041376175203248544e-01 7.538935324903284219e-02 -2.050883639582823381e-02 5.934889217536635370e-02 -2.718190702873914469e-02 -2.412971716470223987e-02 -2.445279738876630568e-02
9.830801644645560666e-02 -1.112510623705546958e-01 1.143679371409917888e-03 -1.968330258876101538e-02 1.638575596272909551e-01 4.563775986533677442e-02 2.901978721779866627e-02 -1.305615824306240735e-01 -1.662435744282756422e-01 -2.219604381987374739e-02
-1.424471517588588865e-01 2.051442519279526033e-01 6.889250387286091626e-02 -7.631780506913993234e-02 -1.375800103842261535e-01 5.138741067181257227e-02 -1.242755498843051620e-04 3.203937810177902579e-01 1.617977886608062965e-02 -9.862048407655660265e-02
7.084864543034199991e-02 1.818444721057231872e-01 -1.312674360381980813e-02 9.749582815051262286e-03 9.500670489843497657e-02 4.087757748900037319e-02 1.852144299387741347e-02 -1.676999646053747295e-01 1.285790374046731355e-01 -1.672349292631143125e-01
4.429568911451483432e-02 8.624643159452308194e-02 3.493672791827329843e-02 1.054529521884672166e-02 -1.585957645242890013e-01 -1.112977957964475994e-03 5.039857027451538629e-02 1.294387135961554136e-01 -6.618045241573726478e-02 3.042847127832445583e-02
-1.579782300505675474e-01 3.234998928889253750e-02 1.508925824556990591e-01 -1.516345545909577597e-01 1.961530728519740308e-01 -7.066503476741903267e-02 -3.613410597833246335e-02 -1.501193754084794579e-02 1.614530667241549297e-02 1.460959058510661046e-01
-1.938873052958008658e-01 -8.359482723012851002e-02 -1.187332354969962006e-01 -1.083690233226613647e-01 -1.042352076155709517e-01 1.499101460308201739e-01 -1.179339449586954275e-01 -1.515697291547465908e-01 -5.222014967544857944e-02 -2.627985297669740983e-02
5.646469126999579397e-02 -4.804269410671088009e-02 -1.045364121930413143e-01 -4.259589166284750983e-02 1.150970959231438634e-01 -7.313249578681978169e-02 1.404655587126908516e-02 -1.658452360057179401e-02 -8.886294971806479870e-02 -6.799443019072376471e-02
-6.443717885027933079e-02 1.392054812835754208e-03 -2.414992479749263760e-02 4.495128774956463902e-02 2.482596777077563169e-02 1.538782216749619985e-02 -1.640491459656025219e-01 -2.065439934601264182e-01 3.605306037984291456e-03 1.013346360022281817e-02
1.487539831564585469e-01 -6.585246839246505779e-02 1.448085777910358418e-01 2.734290804626656260e-02 -5.908722374612550982e-02 6.860603607054014536e-03 3.650595275428721899e-03 -9.705469833495405929e-02 -6.732024210829000432e-02 3.962016765081084746e-02
-3.206244789747326185e-01 2.980825469820791440e-02 2.351036753062244467e-01 1.684146839242299520e-02 2.129137549974395860e-01 2.101565755274431013e-01 -1.593037433636841083e-01 1.140662786533732237e-01 -4.488692004759704812e-02 -1.220742933501059099e-02
-7.044457796103011094e-02 4.751664645578864560e-02 -1.735778615229729982e-02 5.567277354448582627e-02 8.841729499304212120e-03 -6.688844170404673051e-02 9.081546773585501275e-02 8.238026426195296792e-02 -7.906997912875374235e-02 6.337159892456524675e-03
-2.194191122650051076e-02 9.842599117667920339e-02 2.876058067662392095e-02 2.058328069600809038e-02 1.433971303919784335e-01 1.113209905825394003e-01 1.273580563301567325e-01 -3.650074617669242516e-02 6.352160815585848781e-03 3.766396036903611223e-03
1.973149086424884346e-02 2.271553714677865266e-01 8.772210937027974387e-02 -6.831221881726766421e-02 1.798913699131989008e-02 8.590245556566099283e-02 -8.318592841433106178e-02 -6.960645939374091040e-02 1.969193567958258187e-02 -3.872542025498658391e-02
-5.047424704475519941e-02 -7.508244463894990506e-02 6.302228785894058161e-02 -2.450012664488881997e-01 -5.260332374534927580e-02 2.357295804597840938e-01 -9.483453156981852539e-02 1.276852975992800836e-02 -1.439467860151411871e-01 -2.068483599025051911e-02
-4.076019815988191075e-02 5.986156523283652636e-02 1.553646052391886682e-02 -1.162232697718894453e-01 9.473514520422800234e-02 5.682018111290474544e-02 -3.486969034495732145e-02 7.615769780512647580e-02 -7.876656349825672532e-02 -8.471462521953374014e-02
-4.839073022699106469e-02 -1.147421955421380341e-01 1.347734852166407038e-01 -5.533609916512155502e-02 1.262960500838146774e-02 6.032698048107604238e-02 2.188550298611072198e-01 1.039971524369871503e-01 -3.900885141129139394e-02 -6.567491203907646624e-02
4.003213067206490977e-02 -3.478534931496025245e-02 -4.498340180137400807e-02 3.130649423891278954e-02 -5.012782957495991870e-02 5.702787763485522160e-02 -1.149030778294534427e-01 -1.125132341721938184e-01 -8.486300573289433380e-02 -1.746849657997810445e-01
1.044156658037480867e-01 7.591856589391746124e-02 1.703579243302228222e-02 -1.006102871037783120e-01 -6.214059348124614801e-02 -7.084257658283294248e-03 -3.323940903406507469e-02 4.801626723428584903e-02 -7.960231842034114214e-02 -1.654715884214838229e-01
-5.196373331568260312e-02 7.152857668549982006e-02 -2.265242873360218557e-03 1.389482831267205565e-01 -2.692509940089228906e-02 -1.585373458495571708e-01 -1.853679426717690440e-02 -1.118136395689618978e-01 -3.688955195384663321e-02 1.565717486075981213e-01
1.786979501502587719e-01 5.856610319510752649e-04 -6.103888144852002290e-02 4.112886822763089922e-02 1.385946545705483424e-01 -5.433007076490355136e-02 6.152313785202227076e-02 1.044672041582192928e-01 -8.689566616497250429e-02 9.397968079164585598e-02
4.321397182804670445e-02 6.665358479529760738e-02 5.277319138150382560e-02 -3.611725327482064735e-02 -1.437648439856687721e-01 1.010832759519874335e-01 -2.186710733631534453e-01 1.555706621805441336e-01 -3.405744794103373468e-02 -3.418245837708364099e-02
-6.442678631172978065e-02 -1.041109426038810820e-01 -2.690003526968105102e-02 -1.567309998370606736e-02 -9.580574987078482874e-02 9.591111491863575644e-02 -1.415598363280924366e-01 -1.100576458858305851e-01 -9.560209660844760926e-03 6.077382339407422229e-02
9.684129945325044286e-02 -7.202912674294553730e-02 -3.114585299532918877e-02 -3.715327181130412271e-02 1.266452617880168552e-01 -1.216595758456930770e-01 6.800135152486168344e-02 -6.330668245332145283e-02 -1.252649187649058915e-01 2.150840844369765817e-02
-1.133846923182565691e-01 8.058619240819303239e-03 -1.220969637204474961e-01 -1.279461535778316505e-01 4.228175844797596450e-02 -1.381104307437749645e-01 -1.857931532603272484e-01 -4.159032500641200031e-02 4.693019998792800213e-02 5.767671102172251818e-03
4.839412850177243763e-02 -9.820268778442559077e-02 -1.451107318245726252e-01 -3.177988739416476999e-02 3.288502844324868446e-02 -4.131370359928642627e-02 -2.238333324648718592e-01 -2.460650739018108157e-02 -1.987631953525579587e-01 -2.642479162442548657e-02
1.080938618461446954e-01 4.854662900341336074e-02 5.198461275116577490e-02 -9.579930530831909374e-02 -4.554692637880437822e-02 5.458651693779101310e-02 -2.876472294467603136e-02 1.803092460488722737e-02 5.830145126736916567e-02 -5.139118673708552992e-02
-8.140594114517142599e-02 -3.382193437583881634e-02 -3.247168473071457978e-02 1.024885701086538509e-01 9.193138838903687493e-02 -1.063928863381875395e-01 3.974906520892673711e-02 5.581715277202534131e-02 1.820687094491459448e-02 -4.031577588594799366e-02
-8.861605737955714768e-02 1.614915743826574879e-01 5.789016332144165944e-02 -2.070617452979051643e-01 -6.830846778750301884e-02 1.237370972738845859e-01 4.772369361376151836e-02 3.237516647266295428e-02 9.281596940836372989e-02 -5.794935768823798045e-02
-1.852313768799419558e-01 1.387825119369235499e-03 -6.303197321846751300e-02 1.727108649894437686e-01 -6.756103613324332402e-02 -1.166186619169574772e-02 -1.173595279196195003e-02 -1.861322540844294327e-02 -2.205497039103733459e-02 6.600380872235477037e-02
2.369384003728453036e-02 1.157602565697535141e-01 -2.869718024705109321e-03 -9.635628056101351591e-02 2.525325589139136850e-01 9.425416754963868160e-02 7.758713777879090723e-02 -5.152539384479398743e-02 -1.387261479173042544e-01 2.174958652456630837e-02
5.297565069716583808e-02 1.320214313208500911e-01 8.315066400325367424e-02 -1.920568456991467166e-02 -1.006702007053711934e-01 -1.610214843512386973e-01 1.698090270738975560e-01 -1.309525477986081266e-01 7.291244152036178983e-02 -8.326027923252543594e-02
7.731204704863343935e-02 -2.080003612353043332e-02 -1.549825799495005707e-01 2.252897058958917842e-02 -5.436906255947429600e-02 -1.150789588755355974e-01 1.464727489808579676e-02 -1.062217202530777449e-01 2.441479454656153222e-02 1.659424568220501306e-03
-5.628538006653108217e-02 -4.388780786295137792e-02 5.360282335817800892e-02 1.888023447613429093e-02 3.374816445769329015e-02 9.181318183862620386e-02 1.259088202804113932e-01 -2.049147079189619913e-02 3.118122895889267193e-02 -1.910890453431025593e-01
-6.064466596653833586e-02 7.616205679067908352e-02 -2.395286197473614487e-02 2.926640771859992385e-02 1.704298227545751887e-01 2.353898718964048814e-02 -3.211639046885238213e-02 -4.811052573399803023e-03 9.650012624210219103e-02 -1.812731842531220897e-02
-1.874697261703386908e-01 1.240280058184134969e-02 -4.879363540255520632e-02 -1.396952841078455410e-01 1.622364421548944946e-01 -5.572011765923388232e-02 2.561785343309667257e-02 -7.644022954641771506e-02 -1.461621510651306133e-01 5.681524035771626235e-02
-9.642646631366924570e-02 8.827776105033004195e-02 5.912951930655481469e-02 -1.269431157407595323e-01 2.318834506175643240e-02 -1.456810237554316372e-02 3.445969690569138794e-02 -3.861520636791006267e-02 -1.727945378031001122e-02 -1.143446243411797431e-01
-2.351279088770907855e-02 2.777955442383409773e-02 2.998297711365248419e-02 -1.170059503042839011e-01 1.546918825005047238e-01 -3.910736490517915942e-02 2.942643363830589609e-02 -3.115997753990531593e-03 -1.213138752302081597e-01 9.278244694016185568e-02
8.060430704341318975e-02 -1.586722792776038560e-01 -7.872753634856161087e-02 -6.238038015000757497e-02 -8.236631896481660942e-02 2.674694778379977517e-02 2.034256680913944515e-01 -6.625434369367919074e-02 1.002720030685675182e-02 -4.713983109627896406e-02
-1.903321673854084517e-01 -1.417281626445538179e-01 -8.222779512288178397e-03 -4.134618085972664378e-03 2.813448598456366398e-02 -1.606023125158126952e-01 -4.978659968632126454e-02 -1.165608348707120739e-02 -1.841959970300634519e-01 3.793882048173939647e-02
-4.339857872688985402e-02 -5.249165381959750021e-02 1.114540623153613581e-02 -1.462129901172334878e-02 3.117131417568365717e-02 -7.041589980139260907e-02 -2.148800814341338405e-01 1.338413479539303230e-01 -6.680700468163002642e-03 1.362666298073853255e-01
1.792599289434205698e-02 6.957951776556305090e-02 2.688826569121284885e-02 1.665089986543306644e-01 -3.910088656738145568e-02 1.116142572941042355e-03 2.737335257652680556e-02 7.432448372172742457e-02 -1.956515781705911450e-01 7.576962712962183322e-02
-1.499571199982873554e-02 1.038387761622306532e-02 -1.345014137335061311e-01 1.345270363055198204e-01 -1.997363837601381920e-01 1.299848099752823616e-01 -3.327234842985263286e-02 -2.136274759470699058e-01 -7.974949043483373079e-02 -4.002496799354803014e-02
-9.624634383267682836e-02 -9.228739500834216847e-02 -5.671762554092111414e-02 9.917368999350935355e-02 -7.577913018469700779e-02 7.731208878915279969e-02 3.645776795507889995e-02 1.684243275714666643e-01 -6.253059218080729564e-02 -6.992791186783831048e-02
-5.415044804732188632e-02 8.326053490521348466e-02 1.303450431464788783e-01 2.888774673645219671e-01 7.371057146187053044e-02 1.460995521633578764e-01 1.431230118494854486e-01 5.506811799482472236e-02 -7.208054110194710151e-02 -2.706924205864680300e-01
1.446743948124701862e-01 -7.578628082875504823e-02 -1.175897500052502792e-01 6.429665893463552828e-02 -1.314721315728858975e-01 -1.245142334719478300e-02 -2.874610065016636185e-02 -1.635193349331354740e-01 5.346059290348079834e-02 -3.003718211231425420e-02
9.699193326970369233e-02 -5.118657598353566762e-02 -1.928442906704688764e-01 -2.039665599699142240e-01 -1.518163992136643825e-01 3.961805482154107105e-02 1.842569910605701064e-02 3.194034860102709650e-02 7.471380194643958972e-02 -3.000416451524789627e-02
-1.220302441727426912e-01 7.485045353398510348e-02 6.781004490210694458e-02 9.810530521674806770e-02 -1.040584360126686758e-01 1.465904670426989853e-01 -1.276389491455910963e-01 -1.174457133965871591e-01 1.238869944327422590e-01 4.292357185042946360e-02
-3.656626564218759534e-02 -2.087259826536057988e-02 1.809911463700151213e-01 -3.436564705972228184e-02 -1.264184070760737133e-01 1.014673696481029758e-01 -1.506559765830361164e-01 -1.415489919871997793e-01 5.856454014793602975e-02 3.793224231442909877e-02
-2.040153662866062700e-01 -5.908749515667575253e-02 1.707989981731512230e-01 8.465559658099165719e-02 3.327962139456732554e-02 3.788105189052411170e-02 -7.214927735379353391e-02 1.322972400245002178e-01 -1.437002664834605703e-01 1.145372235686714923e-01
6.673635203909254743e-02 -2.161992800858110186e-01 -2.305421658471958068e-02 1.087722490419943755e-03 -4.348922477238506556e-02 -1.097913472091985032e-01 -2.977335077459451057e-02 8.726426631976218207e-02 4.309690184947992386e-02 6.813191774424946778e-02
-1.251810548556727132e-01 1.644165834213768829e-01 7.145367100496476109e-02 6.173957588052889772e-02 2.914008821297692231e-02 6.547149295384517564e-02 1.501190025613264034e-01 -3.555400878372513840e-02 -1.314324760802909435e-02 2.690221534758753877e-02
-2.802376032888499735e-02 -1.622352230825079011e-02 4.703525706254026856e-02 -3.046227231218554682e-02 -1.308031384133058299e-02 2.358278630088360764e-02 -4.457623637860999577e-02 6.756898925672931433e-02 -2.492841957340662454e-02 -1.301774966354863339e-01
-3.429532624347690628e-02 -6.873464438403216470e-02 1.869183140692833034e-01 -4.820403143740983887e-02 -2.760150302797930166e-01 -1.487054380770157225e-01 1.198280346604070207e-01 8.945128523499251694e-02 -8.238740640525384074e-02 3.142770539011586692e-03
-3.578955415136237522e-02 3.708608071545529267e-02 -7.306618462677536008e-02 -3.329040511898401396e-03 -4.164811584735642752e-02 6.679518614595557346e-02 -1.322740701914688621e-01 5.149946387011751503e-03 5.611643993572294070e-02 -1.154467335254088650e-01
1.015512840428219321e-01 -1.534520233369415787e-01 1.784277534588204761e-01 1.487717087114369674e-01 1.958052489787667494e-01 -9.958903895654545868e-02 -3.064370710372946865e-02 5.257202970334740044e-02 1.576092728687674971e-01 -1.028868965932933782e-01
-6.421355227031136370e-02 6.386375817257188003e-02 5.612783040447492239e-02 -2.694870444301637746e-02 -5.865894813926798845e-02 1.472212004213852010e-01 4.691707430134606227e-02 4.631107970210003588e-02 7.625480357356813343e-02 1.054514254568732906e-02
-2.620828737624708027e-01 -1.018505341948189834e-02 -4.792029894860450057e-02 -7.841686294772945431e-02 7.975676539176765334e-02 -9.373149004758205005e-03 -9.116953281695104605e-02 1.321909556301489180e-02 -1.360477666541820285e-01 -4.124501289290196521e-02
3.175643392191129094e-02 2.265428131732832862e-02 5.806692338421688693e-02 1.044540558436746897e-01 9.936040490268062408e-02 1.101486949758868905e-01 1.658723657238001664e-02 -2.054264752032373270e-02 1.791394072866333009e-01 -2.569622914009271619e-02
-1.621967066278069691e-01 1.106689254610430800e-01 -2.297296838419711842e-02 1.623308139399048389e-01 -5.936834972501775498e-02 -6.147152763131798203e-02 1.196154633584621263e-01 -3.062573363081254330e-02 -4.379834732572731454e-02 -1.402827848171375180e-01
-1.365037745858254659e-01 -3.714327860251414454e-02 -1.237932187949983970e-02 -9.209233870699161384e-02 -1.742434611298467328e-01 -4.358523199960640665e-02 1.056117168739528073e-02 -7.107315849997668245e-02 4.389685302637921609e-03 -2.422225482263692248e-02
