2.721455094210827319e-01 3.025874208842898039e-01 3.085445517998873788e-01 2.830101102044134675e-01 3.062910512097937188e-01 3.161879789494540516e-01 2.933448190010347068e-01 2.983951950886886140e-01 3.122573783767840783e-01 3.072359850645703938e-01
3.220725877084037458e-01 3.018258400846127731e-01 3.173865930798877022e-01 3.022558653357952374e-01 2.738651810216284899e-01 2.800765526634669267e-01 3.126073811208066600e-01 3.015897373946724302e-01 2.901060438721402845e-01 2.982142177185885257e-01
3.043300060265799467e-01 3.011495593315184349e-01 2.888580743862893541e-01 2.920789344227721629e-01 3.142114749543989949e-01 3.001253017138865165e-01 3.017895475020586638e-01 2.842851384601886577e-01 3.004324142992544910e-01 3.127395489030526110e-01
3.031877486422921431e-01 2.968542390539462006e-01 3.061416552931458535e-01 2.959899176720547365e-01 2.922024551279905902e-01 3.002467976365205682e-01 2.899716495487397738e-01 3.021649404583630627e-01 3.120790855966190103e-01 3.011615109703315030e-01
3.083586563237507017e-01 3.123245479152772508e-01 2.911820709240371396e-01 2.976130958920052971e-01 3.080662636673403565e-01 2.846259276331510879e-01 2.958318632246471624e-01 3.147161848149143681e-01 2.898190163955760568e-01 2.974623732093053530e-01
2.963723950943804586e-01 2.955502859547632921e-01 3.016067281926688715e-01 3.131346213182160665e-01 2.985460298264278611e-01 2.862269491372921859e-01 3.004064857196930838e-01 3.034894353470451445e-01 2.976261412891967884e-01 3.070409281203161922e-01
3.068221650941405643e-01 2.967640468237526252e-01 2.921346855417614741e-01 2.952997646830638478e-01 3.188706215404528144e-01 2.886414495121391588e-01 3.050054989304371578e-01 2.869664113768156111e-01 2.977581289627926342e-01 3.117372275346410593e-01
2.996838400343920794e-01 2.834073365915990017e-01 3.053972112963249108e-01 2.998011580454504332e-01 2.757718075444107741e-01 3.037616636912144896e-01 3.079778105705412994e-01 3.167925424062457695e-01 2.967389742721167067e-01 3.106676555477073665e-01
2.866588181477148778e-01 3.147760457097253939e-01 2.942455382733418778e-01 3.176098967387741001e-01 2.895176294995421284e-01 2.901595038472423171e-01 3.049692509524133954e-01 3.064514432660678800e-01 3.006568436701748115e-01 2.949550298949986660e-01
3.038462812926028267e-01 3.082742055527605829e-01 3.002062947354262046e-01 2.868063662964487337e-01 3.156504548718508385e-01 2.956298538528520092e-01 2.758313733826752712e-01 2.990835529194063591e-01 3.068020482601012677e-01 3.078695688358798477e-01
3.043820938322559511e-01 3.007480832566253315e-01 2.911531330807905493e-01 2.934634847561232718e-01 3.000100936147688802e-01 2.795330068593544492e-01 3.136480501089115025e-01 2.972247585410853210e-01 3.103141989570874504e-01 3.095230969929915199e-01
3.037260559788276248e-01 3.050435967957564332e-01 3.129601411860201132e-01 2.826968380406802428e-01 2.885291396089388338e-01 3.043161936726355155e-01 3.078972524403713051e-01 2.834520235801717414e-01 3.197007916559703178e-01 2.916779670406294267e-01
2.917976356648933622e-01 3.173183515879731686e-01 3.047964348921812783e-01 3.119341134628193513e-01 2.742188187642169983e-01 3.155749132633118847e-01 2.954269462470425767e-01 3.040883442205406517e-01 2.958882403619997881e-01 2.889562015350210511e-01
3.075669662508524471e-01 3.057942990795958771e-01 3.047581415865203702e-01 3.183090246796068112e-01 3.005616293279878004e-01 3.054597828831267514e-01 2.880353105586224149e-01 2.909870286202944634e-01 2.999205372304702411e-01 2.786072797829196590e-01
2.876486680071093094e-01 3.219385388084630151e-01 2.915540949843072327e-01 2.936015245827953146e-01 3.042858404341286516e-01 3.089566405234344115e-01 2.777363305333442334e-01 3.014314607785643085e-01 3.028810429161281625e-01 3.099658584317269705e-01
2.982565332516349255e-01 3.084733110898428832e-01 2.900729776288993866e-01 2.982231580869232901e-01 2.862590265947419499e-01 2.920084919616139363e-01 3.071394782527451239e-01 3.097861396974506132e-01 3.044204370030571538e-01 3.053604464330930690e-01
2.891636496502992815e-01 2.991857663011675550e-01 2.906392216095037284e-01 3.000385751053050720e-01 2.925244232617473239e-01 3.106627012797074094e-01 3.162523581652670890e-01 3.029060288739655049e-01 3.113214971703811007e-01 2.873057785826552135e-01
2.906887141161841326e-01 3.082167209140674879e-01 3.075629620450655577e-01 3.086567936817504187e-01 3.112393965497559645e-01 3.031421768147467555e-01 2.964879219323898751e-01 2.845264164523488848e-01 2.980554044209591247e-01 2.914234930727336303e-01
2.944805828001176295e-01 3.065035391003499976e-01 3.151745045278920854e-01 2.917171797176312809e-01 3.198134246585248031e-01 2.842144059424431823e-01 2.983245373321560256e-01 2.950005229594116485e-01 2.980118012436310249e-01 2.967595017178480954e-01
2.927636735093215314e-01 3.174127036943799052e-01 3.077850360252458173e-01 2.784845906025812390e-01 3.001635867095462928e-01 3.016165410560873172e-01 3.049077099891199794e-01 3.003055762011253016e-01 2.948370095165480098e-01 3.017235726960492137e-01
3.050848338533387327e-01 2.984127018264832176e-01 3.060008995359402850e-01 3.191169189852113841e-01 2.942010852939940246e-01 3.059762225103038746e-01 2.983688560675691881e-01 2.855951797252634927e-01 2.888443675952733769e-01 2.983989346066208137e-01
2.862895410998683166e-01 3.090788642015884213e-01 3.096526601061587725e-01 2.798826814266385243e-01 3.179511919708016832e-01 3.110428709759809895e-01 3.027393296056081207e-01 3.107988376433113986e-01 2.907192508221670413e-01 2.818447721478734014e-01
2.872145900580272415e-01 2.972906296108393520e-01 2.923422670987755323e-01 3.206033091613306185e-01 3.019195675104516807e-01 2.994719576985274134e-01 2.964383433521784461e-01 2.959226895809443647e-01 3.243984312672145154e-01 2.843982146617153317e-01
3.073994786491116016e-01 2.994823269651134545e-01 3.041432375277354772e-01 3.261753260815182243e-01 2.947678975440666815e-01 2.871307945642792570e-01 3.076893913435155836e-01 3.007805400505926263e-01 2.988284480255921083e-01 2.736025592484752078e-01
2.995899528186526384e-01 2.944239279026829026e-01 3.080507783797979959e-01 2.982346539754007764e-01 3.050163349390315193e-01 2.951009362388973267e-01 3.110335208025117870e-01 2.956169394922080196e-01 2.898513246543403810e-01 3.030816307964767087e-01
2.995961689055532395e-01 2.697439416453309424e-01 3.066230544519420453e-01 3.130367241712743720e-01 3.164247244152706973e-01 2.902407005810727081e-01 3.014194711815052496e-01 2.884942410091770881e-01 3.182598725788102767e-01 2.961611010600622151e-01
3.068903214189079298e-01 2.784878894880985500e-01 2.855640855672137990e-01 3.041163818122938345e-01 3.131725434544327946e-01 3.147562473822170803e-01 2.950678754336319987e-01 2.953653560302861858e-01 3.172075616266657461e-01 2.893717377862544682e-01
3.023298975981708603e-01 2.918668456424520219e-01 3.037527813370031193e-01 3.115576288012050776e-01 3.091597065644094422e-01 3.003685054376579178e-01 2.936334272287640101e-01 2.882094249238500439e-01 3.096974453552108208e-01 2.894243371112792396e-01
2.969158340022046150e-01 3.086286551918228094e-01 3.025713933025752089e-01 2.927959070702497169e-01 2.920546495108117813e-01 3.106943759634619440e-01 2.843487862642168906e-01 3.081196061397556418e-01 2.903553899617695166e-01 3.135154025931312649e-01
3.025946676188033813e-01 3.036788895473117034e-01 2.857406735183239954e-01 3.161299258449569716e-01 2.809837745394341280e-01 3.000576321897356347e-01 3.083790329791640250e-01 3.073303295027456361e-01 2.873104956850015546e-01 3.077945785745221929e-01
3.137522729850257264e-01 2.948721037702782266e-01 2.905761063260100530e-01 3.203477506947564613e-01 2.877599120101626551e-01 2.920985726803049243e-01 3.224473913614926412e-01 3.042312365553371256e-01 2.933201626568384679e-01 2.805944909597941628e-01
2.849839748059400657e-01 2.953394727593379732e-01 2.856397536814018201e-01 3.026570470450846706e-01 3.121869796954928056e-01 2.932328454967054188e-01 2.973949230553109002e-01 3.199064655503867649e-01 2.933006368817956400e-01 3.153579010285450512e-01
2.828496824237863860e-01 3.011307273123208783e-01 3.113919018938712258e-01 3.034469746401703416e-01 2.979653377931706926e-01 3.106669983364054310e-01 2.962196678195847532e-01 2.999613257270544731e-01 2.964611150995865030e-01 2.999062689540555326e-01
2.939731562167114398e-01 2.922547854757575614e-01 2.927197952364871680e-01 2.920006914520047459e-01 3.053833681950158252e-01 3.117423395426970889e-01 2.942978307201028487e-01 3.165771872264097064e-01 2.870719846404618525e-01 3.139788612943557045e-01
2.984677823456144963e-01 3.115950997164597669e-01 2.986775335717546387e-01 2.907743331075144932e-01 3.001668977140243832e-01 2.964007567807978027e-01 2.951019557035606811e-01 3.049340137957528007e-01 2.993923056279361727e-01 3.044893216365825994e-01
2.897517601555685829e-01 2.954877582960669380e-01 3.127663775683677816e-01 3.215064406785117512e-01 2.939993389705030102e-01 2.934063797116031047e-01 2.984776825867285210e-01 2.782091784700083115e-01 3.152928600024524353e-01 3.011022235601901187e-01
2.867558021428557868e-01 3.007133524486889087e-01 2.962729377559562005e-01 3.024562706304284587e-01 2.917393551648491679e-01 2.939994346438683515e-01 3.157629256125975004e-01 3.027914257209959881e-01 3.007925724683637170e-01 3.087159234113940887e-01
3.189567267341385515e-01 2.986194782290637062e-01 3.063733249877212961e-01 3.042771630806971883e-01 2.656369557307735052e-01 3.137731915880956346e-01 2.995777732406189608e-01 3.041175546975098953e-01 2.990796092125183048e-01 2.895882224988645115e-01
3.043759906732214082e-01 3.002571929670849737e-01 3.201865845311112069e-01 2.839870691177440176e-01 2.973849678642931371e-01 3.014929807187968214e-01 3.107615621807148787e-01 2.851485672617687372e-01 3.030375306117766288e-01 2.933675540734885234e-01
3.008041448816624053e-01 2.898665541874076990e-01 3.257515643266502559e-01 2.948356819402042084e-01 3.069280534929138549e-01 2.913426596745203323e-01 2.875243691010953562e-01 2.823728886540890493e-01 3.077710046636258356e-01 3.128030790778321135e-01
3.021920733355934474e-01 3.143157817831925827e-01 2.788499033508755054e-01 3.037991575647634446e-01 2.960963098869559551e-01 3.088348954719665196e-01 2.874521865470386350e-01 3.073351364203095737e-01 3.059693603225893677e-01 2.951551953167124154e-01
2.881323743795841663e-01 3.004264217064456233e-01 3.079375415369179914e-01 3.058061758644237682e-01 3.224136602390481610e-01 2.800762127794994560e-01 2.945796345928634041e-01 3.018507215817181621e-01 2.942314335628882782e-01 3.045458237566102677e-01
2.869514881083741198e-01 3.192048979804920639e-01 2.837035370615350605e-01 2.988358256908407729e-01 3.035020927373799360e-01 3.055490688388938225e-01 2.982976389706470943e-01 2.896620742409958260e-01 3.076261526392237711e-01 3.066672237316193650e-01
2.935510652889482541e-01 3.057493111930497665e-01 2.804455577935948130e-01 3.020560155121932433e-01 3.034196830961900515e-01 2.899925930693649789e-01 3.142053259952957145e-01 3.213078597763290856e-01 2.878920684923739204e-01 3.013805197826653348e-01
2.965564913764006105e-01 3.233680387336770323e-01 2.790647142290385019e-01 3.036365892536155853e-01 3.081744805232038420e-01 2.884263215333698893e-01 3.119398940500667239e-01 3.041401777241299897e-01 2.872736203705730795e-01 2.974196722059215814e-01
3.047814917594827699e-01 3.004123351981125567e-01 3.046553112505858696e-01 2.984141868226622973e-01 2.841596464545338430e-01 2.940770210242915628e-01 3.063904010804193723e-01 3.079207410980121518e-01 3.015041954745592001e-01 2.976846698373410982e-01
2.871203680433193073e-01 2.973087874080230231e-01 3.044520971433480883e-01 2.842179055999350945e-01 3.023974787064932501e-01 2.882981813625415946e-01 3.317662105507788173e-01 2.916711561393733332e-01 3.130430220894613869e-01 2.997247929567274927e-01
2.940130515056723071e-01 2.833434577433359691e-01 3.132862720947802715e-01 2.983323258669077216e-01 3.047540504646991666e-01 2.925601804111455650e-01 2.839637010973250497e-01 3.069466776813338793e-01 2.905509216617582213e-01 3.322493614730388511e-01
3.180314641336793868e-01 2.868378806196416608e-01 2.992305464299543916e-01 2.965676253024966957e-01 3.013181118098053890e-01 2.859852175157039378e-01 3.128945842810191835e-01 3.041323343220708741e-01 2.877578994487237085e-01 3.072443361369086579e-01
3.045548104136996392e-01 3.068535637327362009e-01 3.038073308980749343e-01 3.054667518622795619e-01 3.068256191551600454e-01 2.881097147093116262e-01 3.018673340121112991e-01 3.152285010315688529e-01 2.869487237493979492e-01 2.803376504356622778e-01
2.897508422364438729e-01 2.950383532948769316e-01 2.999001691969773176e-01 3.069665969987998011e-01 3.075043433473275689e-01 2.959568624415760407e-01 3.043246578987106599e-01 2.989683906557288884e-01 2.945702955988693250e-01 3.070194883306902600e-01
3.081947039234851360e-01 2.931521356664690825e-01 3.055312031803826822e-01 2.809164586581147649e-01 2.771780449502244115e-01 2.985696001349127382e-01 2.949148732421781882e-01 2.958790146013725586e-01 3.164121039893235121e-01 3.292518616535305420e-01
3.084151494959110340e-01 3.190430888123595432e-01 2.677486908772145902e-01 3.091562713776525029e-01 3.117782413953322229e-01 2.924515395494078351e-01 3.057017466968761088e-01 3.068859068770259935e-01 2.914505263141529134e-01 2.873688386040662013e-01
2.837171348185073549e-01 3.139136151996222424e-01 2.823968145739648716e-01 3.011205744540960683e-01 2.896519023731025655e-01 2.970758863022116003e-01 3.064447710364857080e-01 2.821760115708200622e-01 3.278097450093371279e-01 3.156935446618518437e-01
3.108435890580424354e-01 3.033568608667853717e-01 3.069344598910497823e-01 2.880626281768777219e-01 2.975191973553615865e-01 3.160315742521929705e-01 2.913157656832510711e-01 3.087700587575977207e-01 2.870782852759071746e-01 2.900875806829348869e-01
3.243097104124468277e-01 2.927758572610636989e-01 2.916824167109469679e-01 2.923587433014956383e-01 3.000175076627841220e-01 2.934004807687954353e-01 3.013284265116661365e-01 3.014951763239545612e-01 3.047684171622153104e-01 2.978632638846316905e-01
3.153106449800856526e-01 3.070528703389749925e-01 3.092643260334246302e-01 3.004807088296045925e-01 3.014265690512361040e-01 2.957843478416003480e-01 2.827438094162800786e-01 3.009312377046371445e-01 3.002242520071898291e-01 2.867812337969671832e-01
3.149805554052655387e-01 2.982723866235837407e-01 2.897465234918246146e-01 2.876603881616882630e-01 3.040788722772633790e-01 2.840775833844125797e-01 2.956194942989007757e-01 3.050404631036905956e-01 3.268878015020789674e-01 2.936359317512942657e-01
2.952411154810127281e-01 2.929056116218797245e-01 3.079662472615825597e-01 3.105574382265026689e-01 2.809396893650875082e-01 3.245328873753521859e-01 2.988068676911844745e-01 3.028520022481600571e-01 3.044344239781409667e-01 2.817637167510990137e-01
2.927621279280104294e-01 3.108146230681376743e-01 3.149712956769032957e-01 2.917337363225594449e-01 2.955870282535217886e-01 3.082806588496538325e-01 3.227770488884069144e-01 2.719421346147786189e-01 2.956022496289666401e-01 2.955290967690623605e-01
2.795474797702710568e-01 3.226929519565510107e-01 3.150356486638393738e-01 3.057943243692106128e-01 2.990887995000411359e-01 3.018967915969008597e-01 2.957409302318161348e-01 2.837060429360988012e-01 2.958254624343673589e-01 3.006715685409022676e-01
3.042573715021148484e-01 3.048407238864214719e-01 2.902608022112761477e-01 3.203818439354878533e-01 2.884844837608214752e-01 2.995925676143205152e-01 3.031384129903983982e-01 2.962239795995623703e-01 3.102533810073004883e-01 2.825664334922979304e-01
2.999417163021483312e-01 3.011876976858933186e-01 2.795674133987737786e-01 3.043791753312009574e-01 2.971901928325876296e-01 3.372755206240958259e-01 2.733991835691104155e-01 3.029191101375224848e-01 3.171255375838090140e-01 2.870144525348584663e-01
3.066174277462375697e-01 2.883744090096522772e-01 2.954785407351433468e-01 3.186935945604952303e-01 3.003583372505924665e-01 3.011301086024787965e-01 3.050316857633074141e-01 2.856085478390787413e-01 3.032869647717797434e-01 2.954203837212378003e-01
2.851189997007097521e-01 2.941028582870638397e-01 3.113881988251339106e-01 3.089031951748251181e-01 2.930226729815553766e-01 3.024573095499063502e-01 3.153689528140422027e-01 2.852451361019954224e-01 2.925449456382207547e-01 3.118477309265456077e-01
3.055786730096115011e-01 2.909185239707732240e-01 2.969853849609654928e-01 3.176604751597845722e-01 2.948931116794661911e-01 2.956564526913681434e-01 3.121102046319664813e-01 2.958516674247742007e-01 2.958014178578082243e-01 2.945440886134842451e-01
3.060531788517239504e-01 2.985274848691497063e-01 3.015890571657471875e-01 3.031201630269567682e-01 2.955634406747018605e-01 3.101061247719198999e-01 2.767585452071911756e-01 3.055757043314513144e-01 3.022845114937129374e-01 3.004217896074424798e-01
2.897008432023249758e-01 3.118788831200840495e-01 2.986841640074056614e-01 3.177192906265750016e-01 2.811217284038509678e-01 3.102376061218863890e-01 2.999269541326665678e-01 3.012926453237284585e-01 3.037337182708830241e-01 2.857041667905958482e-01
2.997854366131155190e-01 2.899598209892650935e-01 2.957884393307574356e-01 3.102950272125563624e-01 2.826814063468463534e-01 3.017167516687612183e-01 3.126332521972525758e-01 2.973246829049770446e-01 2.990839319779901584e-01 3.107312507584764627e-01
3.003625470504486805e-01 3.103021211662079226e-01 3.048374002496813673e-01 2.899674394949276479e-01 2.758829354598253403e-01 3.127747268652347756e-01 3.164484750543042346e-01 2.955030154724676561e-01 2.794236872899331647e-01 3.144976518969729296e-01
2.935908096550522428e-01 3.176877244144130641e-01 3.125771290053812601e-01 2.877804719551110280e-01 3.030664645286783587e-01 3.058361176314465801e-01 2.874978518589606513e-01 3.076118501941560446e-01 2.957398304346741114e-01 2.886117503221232727e-01
2.909572537932047509e-01 2.914535274290724343e-01 3.055637079776605258e-01 2.987047532060217447e-01 2.927405403948352691e-01 3.000523346792906554e-01 2.957084865219102299e-01 3.014725401915820946e-01 3.191600149304020251e-01 3.041868408760209919e-01
2.910173473713834058e-01 3.067936402833831289e-01 3.170490408753021683e-01 2.981623416589661013e-01 2.807942432967861501e-01 2.988946465467129943e-01 3.089463815466201857e-01 2.955049777033674219e-01 3.086371976740670542e-01 2.942001830434112786e-01
3.003524071197801182e-01 3.106960026890978055e-01 3.179511594353215953e-01 2.897419746651116457e-01 3.168896953509516834e-01 2.891309034186745341e-01 3.003083901150229718e-01 3.157547605497613152e-01 2.693078999341035340e-01 2.898668067221717992e-01
3.134276506438031240e-01 3.232744807154988020e-01 2.849254649370741577e-01 2.982639948100977989e-01 3.058253449359589760e-01 2.857359546648385873e-01 2.769400644054499927e-01 2.976219693354306139e-01 2.993006880934135916e-01 3.146843874584358547e-01
2.884474937426405594e-01 3.125851148217214104e-01 3.055060543759745006e-01 2.975368239089696831e-01 3.070077760965536084e-01 3.027108533996016870e-01 2.887307893692232508e-01 3.072461291475452883e-01 2.851710161036875579e-01 3.050579490340851185e-01
2.807778147858219775e-01 3.049938663632844604e-01 2.963986813892756644e-01 3.044357543521559739e-01 3.012980958118784969e-01 2.969802820434100932e-01 2.962379185071084553e-01 3.147335584618532467e-01 2.978610212766329979e-01 3.062830070085761358e-01
2.966668061836295056e-01 2.969827777878822350e-01 3.058332773167159457e-01 3.044472909070325972e-01 2.988287111870892021e-01 2.889445188789830365e-01 3.006855166467165552e-01 3.087458633029034338e-01 3.086060934576724257e-01 2.902591443313793373e-01
2.992457997364115774e-01 3.093789842471447171e-01 2.852186125717661724e-01 3.093970272409506950e-01 2.995153062082038797e-01 2.977724524683492691e-01 3.003349871723210440e-01 3.010268421305515307e-01 3.084368110940101104e-01 2.896731771302905045e-01
2.845140567588602676e-01 2.985809335919525354e-01 3.077324020383178649e-01 2.756125575349562262e-01 3.182349942929263986e-01 2.883277167125186669e-01 3.193943240367113079e-01 2.944536509458112739e-01 2.977909125838938964e-01 3.153584515040531167e-01
2.932281741160224220e-01 2.913507516303462941e-01 3.085149729168960575e-01 3.095011694734818297e-01 3.062964340972778032e-01 2.789585583538760072e-01 3.201765154516833523e-01 2.766700233089969263e-01 3.038448187013269575e-01 3.114585819500926833e-01
2.884126948720843742e-01 3.184505175841358948e-01 2.839591523554280128e-01 3.134352246845675261e-01 2.992681810190019887e-01 3.135941824561568891e-01 2.924603200143731652e-01 2.806297399246865942e-01 3.048382213253231776e-01 3.049517657642492052e-01
3.159571643933868357e-01 3.034639551085195897e-01 2.916540089753267284e-01 3.054478066276765102e-01 2.879850712656922829e-01 2.975102709177878113e-01 2.967733151138365333e-01 3.035628566401015194e-01 2.979688864348163935e-01 2.996766645228527981e-01
2.921638478181142196e-01 3.073400744006052898e-01 2.869654362315850471e-01 2.919532684827656488e-01 3.154329189690985857e-01 3.061176580355147170e-01 2.964392810985639892e-01 3.034550124082721068e-01 3.035160621049011187e-01 2.966164404505824415e-01
2.991915578693556954e-01 2.886366962388245971e-01 2.955461213020496580e-01 2.987265540449906553e-01 2.875038406513497624e-01 3.332752804454183204e-01 3.070361203809918171e-01 3.067476373848267990e-01 2.894638022924455045e-01 2.938723893897465245e-01
3.025050227199245212e-01 2.784730357153486491e-01 2.937466493119972877e-01 3.010749880373985166e-01 3.179933414503403055e-01 2.889426659184411994e-01 2.918185827746480054e-01 2.966188658311690318e-01 3.157670214551154264e-01 3.130598267856152805e-01
2.929598062754228405e-01 3.013009246319902079e-01 3.024376827818563429e-01 3.103020247536243392e-01 2.955196722522205888e-01 2.902070648143484921e-01 3.125246899718571170e-01 2.874311974847400530e-01 3.167209336569100642e-01 2.905960033770270678e-01
2.953080689387391766e-01 3.026860499363004386e-01 3.257203431775998470e-01 2.940848871755921690e-01 2.948485755591285784e-01 3.036031731356624852e-01 2.847300344155138108e-01 3.103669495094936170e-01 2.934892482861306551e-01 2.951626698658417203e-01
2.977095123953751310e-01 3.057807046358406167e-01 3.123403253124487078e-01 2.948766109194985718e-01 2.801681799853829591e-01 2.856119109101378783e-01 3.024137113634850493e-01 2.885370653740783053e-01 3.138208466993763213e-01 3.187411324043780136e-01
2.958667464691955296e-01 2.922371128698382226e-01 3.173037867702641623e-01 2.861571852573165375e-01 3.046061548449364720e-01 3.125025226810220769e-01 2.830791981242431476e-01 2.982491723088563917e-01 3.137176851715840487e-01 2.962804355027434111e-01
2.932528236623399565e-01 3.004690842626379643e-01 3.006429627482384292e-01 2.831452143683924616e-01 3.207388436656978259e-01 2.968448078394830825e-01 2.925630595328411743e-01 3.224934876852202370e-01 2.882739693364319011e-01 3.015757468987170231e-01
2.932315726786244303e-01 2.972935622355865615e-01 2.895481385711730637e-01 3.122283060651496189e-01 2.882557596646725950e-01 3.069111691645563522e-01 3.021622639578850356e-01 2.865402224382405660e-01 3.101399647008658556e-01 3.136890405232476420e-01
2.838963201888073939e-01 3.094328421993968736e-01 3.083332624193855231e-01 3.015185580214451155e-01 3.042884094196263156e-01 2.974962089267034759e-01 3.034707533191074447e-01 2.894498237339985236e-01 2.852818102472666206e-01 3.168320115242586055e-01
2.832939142840861790e-01 3.017509736922909247e-01 2.992985196834184736e-01 3.054568270191316826e-01 2.919509496997959030e-01 2.967528771903047979e-01 3.003526511077428962e-01 2.885694892613135387e-01 3.160087610656543422e-01 3.165650369962612620e-01
2.977294437960601448e-01 3.064171126878553197e-01 3.056733625630059792e-01 2.987779210846688849e-01 3.056764950976583739e-01 2.854815756310781216e-01 3.135731546333871411e-01 2.804174174054813173e-01 3.335843256239484633e-01 2.726691914768561986e-01
2.874945013541952421e-01 2.941339817278779689e-01 3.140171029602162323e-01 2.857359685582984143e-01 3.013886564527437084e-01 2.915739270514541848e-01 3.006304851727981675e-01 3.121497660362990700e-01 3.144177928096478225e-01 2.984578178764685785e-01
3.009631705485634745e-01 2.956163452791323865e-01 3.039350773026844310e-01 3.153545663350844075e-01 3.011440038654980555e-01 2.974960231943681865e-01 2.860186580222399688e-01 3.051827538451867827e-01 2.910463411081438689e-01 3.032430604991021017e-01
2.900541485267815744e-01 2.819745930839586689e-01 3.082067516456612477e-01 3.113945837903394631e-01 3.129584392518722225e-01 3.056577408500057436e-01 3.022734576258075956e-01 3.079942666457899936e-01 2.877283341362482094e-01 2.917576844435353367e-01
2.904328115376448860e-01 2.989986158130329974e-01 2.618743531067796448e-01 3.220406086170302662e-01 2.955599196344995683e-01 2.897739222555281158e-01 3.194637536754644791e-01 2.843224323130332798e-01 3.133411511798077087e-01 3.241924318671807748e-01
2.989037992522269871e-01 2.989228164792174236e-01 2.934031423027786412e-01 2.725442065169422223e-01 3.128962104144016876e-01 3.157045349832457992e-01 3.015077740950626861e-01 3.046541349921306763e-01 3.069349760710315955e-01 2.945284048929594500e-01
