2.533212297090463631e-04 1.320931884272787279e-04 1.305902802903016106e-04 1.635850373105039702e-04 2.835914813685899293e-04 4.999208304749244497e-04 6.486989234126644367e-04 8.136448753493822576e-04 6.869099037767047123e-04 3.973795211825508432e-04
2.889392760167396761e-04 2.592505220332386715e-04 2.301165751492704309e-04 9.648714211081256499e-05 9.343970928175461077e-05 1.152982018779483652e-04 1.634082284902701391e-04 4.136687214246772778e-04 4.922084669931769312e-04 3.984331289188199673e-04
2.514063591111235672e-04 2.842251593604607916e-04 1.818912921395542982e-04 2.428179529789548259e-04 3.353020928597247340e-04 3.580325852911886604e-04 3.823113247932843689e-04 3.916712260295193314e-04 4.938426884937522233e-04 3.754143196855075251e-04
3.956552886825501604e-04 4.881516817819029968e-04 3.233007309128402328e-04 2.472386293928551556e-04 1.499595785945486749e-04 1.751294441997472667e-04 2.038675955476748061e-04 1.586676661326613506e-04 1.650863408883384968e-04 2.083730876432778403e-04
5.497797764491984705e-04 1.369114441259768847e-04 6.294401709277066582e-05 5.546253979412082481e-05 8.981279489372381430e-05 1.581147464821081939e-04 5.137973560427360658e-04 9.561971423250246972e-04 1.389023467598545034e-03 1.095975661766824183e-03
9.539383141194833406e-05 2.569202236328362279e-05 1.975521239668997085e-05 3.431830860203713245e-05 1.861885408947047584e-04 7.758171768637768138e-04 1.184147842051471279e-03 1.800639845036744501e-03 1.045917606492717533e-03 3.592011717308139958e-04
1.217327418327609466e-05 1.892700340238215296e-05 5.169410352253751709e-05 2.432479850895917235e-04 1.316273448716839692e-03 3.074644970388039529e-03 2.368625122621447789e-03 9.850601342698049687e-04 1.372015731134316747e-04 3.503114550964968923e-05
5.865992332412529571e-04 2.782816129101056040e-04 1.121158187655997324e-04 6.480973916713976383e-05 7.326911325436082458e-05 1.774123683324973979e-04 3.601615565296701770e-04 5.989646460513611782e-04 9.914159700009357416e-04 1.134675392031073106e-03
4.624404322968204083e-05 6.182967747586927518e-05 1.327719176711064555e-04 3.331770905331808718e-04 7.447419843589646099e-04 1.495026684555952499e-03 1.475219427283921405e-03 5.656332515424612956e-04 2.353354086069478469e-04 1.098874272017554433e-04
2.166489712415592135e-04 1.745377029297753943e-04 1.676381701309603552e-04 2.179769055923216057e-04 3.519658759808791241e-04 5.365864030971292725e-04 5.607133613369044180e-04 5.616869803934073421e-04 5.313214405721796135e-04 3.405174108362088361e-04
1.695531478200752392e-04 1.407079550220481309e-04 1.608683208093777256e-04 2.956105789284709960e-04 3.026186769422401055e-04 4.177741716546155316e-04 5.821578265519049668e-04 5.896041147278040543e-04 4.720777558782836844e-04 2.543837803037233354e-04
2.247844916078369393e-04 2.951944592980687955e-04 6.504209655030513933e-04 8.190799680589693670e-04 8.833863474492600117e-04 5.596150197054286556e-04 2.381352323069084605e-04 1.481642421583684169e-04 1.336200790964141359e-04 1.160857689872029188e-04
2.618713105961933507e-04 6.617875193052837231e-04 1.150365377720029281e-03 1.048127806380350340e-03 6.547079482438152064e-04 2.585310618827787359e-04 1.471402911019773527e-04 1.027858517293581163e-04 1.077950906170385790e-04 1.321727428381594275e-04
4.584192044322364418e-04 9.599072147107396086e-04 1.091726754073592742e-03 6.892544645786542312e-04 2.719450057031472094e-04 1.551205274249475125e-04 1.244245311487655002e-04 9.957250477970753643e-05 1.018616817695082184e-04 1.797168874473764751e-04
3.217266050258562812e-04 3.890368023946975539e-04 3.637107745179570385e-04 4.139243527660651416e-04 4.566469023834428221e-04 4.173432526680806096e-04 2.946278209262604515e-04 2.953446571693808809e-04 2.348786454451246713e-04 2.070764437088078082e-04
1.169163275215110819e-04 1.607800459801325319e-04 4.290891793754830655e-04 9.628719145049462885e-04 9.895767167781570513e-04 9.548426186590625812e-04 4.163144305095589225e-04 1.720530436416259584e-04 1.272816518331272725e-04 9.627431032399819469e-05
7.507981379343995829e-04 8.238083374860297745e-04 6.602294323142116885e-04 2.548266567645608564e-04 1.219020242400186424e-04 7.196863181948672992e-05 1.047472449940904768e-04 1.841169803656259030e-04 3.131308030636846757e-04 4.546177880615575673e-04
1.737173369243319302e-04 3.153204651030411601e-04 4.992211637063070787e-04 1.003296410618959716e-03 1.032621722483577581e-03 6.601582847280418071e-04 3.332661194967620174e-04 1.484156408697621195e-04 9.212294466719034834e-05 1.030853283385000177e-04
5.458576816779383417e-04 3.874114432232552926e-04 3.763224873257187391e-04 2.449149354732535412e-04 2.282228367643465174e-04 1.703363773336378226e-04 2.149412726380381367e-04 3.729407690710192071e-04 4.513623508485725992e-04 5.626040522394120920e-04
1.011013324343518682e-03 8.679182715370176637e-04 3.557607990827864265e-04 1.425830346586694621e-04 8.754478547801792913e-05 7.731268520079563307e-05 1.212604250703195881e-04 2.422581195625095752e-04 6.177964407693564437e-04 1.072532474771859586e-03
2.532773191062809444e-04 3.826577905669023127e-04 4.637666351919536188e-04 5.844444944742246311e-04 6.396993616962821667e-04 4.753826184469585716e-04 2.427550715730131573e-04 1.763669818164142057e-04 1.171113757039353128e-04 1.888092317347757516e-04
3.475344548483446272e-04 2.911619414913671402e-04 2.882722883310321260e-04 2.965348046167392204e-04 2.426308936329374237e-04 2.513102783826353889e-04 4.051364786103168027e-04 4.248506106773588327e-04 3.351994998886146607e-04 3.320724744749191945e-04
2.679675311409950413e-04 2.732352531086283307e-04 2.229421712552347732e-04 2.501629971710849702e-04 3.750939313241372303e-04 4.915011469973565436e-04 4.754616230162452494e-04 3.960756977433184368e-04 3.693971030782110471e-04 2.519065053202496031e-04
8.453357770879288456e-05 3.014212208892987272e-04 9.909059612791348923e-04 1.366666206866101827e-03 1.349136352312963654e-03 6.341522936471343007e-04 2.339509741300157685e-04 1.218144710008179607e-04 5.523458659635445764e-05 5.200652904267485162e-05
8.236636621646737646e-04 5.180913661569037714e-04 2.879546615706569143e-04 1.739862099533061757e-04 1.332688217191324608e-04 1.646638714747156661e-04 2.043653145397496327e-04 3.394213356537554563e-04 6.297224895071501863e-04 6.713458276519985351e-04
1.168841944777062247e-04 7.576846390559359684e-05 1.032134635149176670e-04 2.160417149590471121e-04 5.487394586696315918e-04 9.046577379418607300e-04 1.015326077568114464e-03 7.383163146828485013e-04 4.136682853857268885e-04 2.276180399611237807e-04
4.859680679075181840e-04 3.108035953062754245e-04 2.515251372676149196e-04 1.910988484110795688e-04 1.799677712053629778e-04 1.633987106085342110e-04 2.163900641954360831e-04 4.087723419542581586e-04 5.260162718941542451e-04 7.480040690957393597e-04
5.868917181344782775e-05 4.254697987859445903e-05 6.620544981546434317e-05 1.722723325426028362e-04 6.123290625546096025e-04 1.433913031063598510e-03 1.374863815102302317e-03 8.902806865522626531e-04 3.058572383584098149e-04 1.713980384348669033e-04
4.391014544694718850e-04 2.825471044452673936e-04 8.971313279771282170e-05 7.532075732805498087e-05 9.235130790037127980e-05 2.021470275530856957e-04 4.352864105597397488e-04 6.273955193671367468e-04 6.878246330750950252e-04 6.517571650313804758e-04
4.102478958487904719e-04 6.065372021351071383e-04 6.593724781440315043e-04 5.538330347732758332e-04 4.613592787784179380e-04 2.764730974312973040e-04 1.875642820024344337e-04 1.764780883590836267e-04 2.027192548589978058e-04 2.857514347157213692e-04
4.077186801858217308e-04 7.827795247398278101e-04 9.656793598831264411e-04 1.075970209175058446e-03 4.605135453447097254e-04 2.126204773510778352e-04 1.268729319997740561e-04 9.568147136288865655e-05 1.080072196700745544e-04 1.563297063564063902e-04
7.579413075688268926e-04 6.839600985376579094e-04 6.611288812396255189e-04 4.519140140776508664e-04 2.511154823710701678e-04 1.674638507696192969e-04 1.301198347342706835e-04 1.730872548879661935e-04 2.471850456842546910e-04 3.658505104791340366e-04
9.402786361616058549e-05 1.355054354891428866e-04 2.516384225380545047e-04 4.993399801445530962e-04 1.014051691534634649e-03 9.012184440150979806e-04 4.328156912411790106e-04 2.374844362666058133e-04 1.398756081096445337e-04 1.196334507969027072e-04
1.281045753603894319e-03 7.716823675723531858e-04 4.252583825838395274e-04 1.472653874328063437e-04 8.195263405660992747e-05 7.111665792787538992e-05 9.933570031487450145e-05 2.121221019206687359e-04 5.891840569513412959e-04 1.217131509669415598e-03
1.327020482525068665e-04 1.798154164271467789e-04 2.894228823875420026e-04 5.354446142025300276e-04 7.676808163513193029e-04 9.857408271738651341e-04 5.545914068811536642e-04 3.263633279966370992e-04 1.592914516357946434e-04 1.228066103512388590e-04
4.862991357923754864e-04 6.595732785303416897e-04 5.486954335738725283e-04 4.961671832679669320e-04 4.130049901332184348e-04 2.293415455741182568e-04 1.337946709207471409e-04 1.372172442830019460e-04 1.785740876793717399e-04 2.239429751523675785e-04
6.995418132746404518e-05 1.080363010432627808e-04 2.507687718221417433e-04 4.442421531747432002e-04 7.890317372705310181e-04 1.206085547213358797e-03 7.471970075376256973e-04 4.129206756088986299e-04 1.559303780946349799e-04 1.344404055163759247e-04
9.944905790344153870e-05 7.856260297190837641e-05 1.031771467871618440e-04 2.062150785721109114e-04 2.979391418016168842e-04 3.303717833993312304e-04 4.350273075074896807e-04 5.950673836334901146e-04 4.299168320684722505e-04 1.871098305998672060e-04
1.298959547183753361e-04 1.197572284417964161e-04 1.399173678718404750e-04 1.956879290112568102e-04 3.439533459608363998e-04 5.904487330653209387e-04 1.019861595356670158e-03 8.072196833405404816e-04 4.576282400311534448e-04 2.669389581083019903e-04
3.090114989420093849e-04 2.506607214021296993e-04 2.240607993052318311e-04 1.630265382005540906e-04 1.887814585041079521e-04 3.354028269222836299e-04 4.063325940160666667e-04 5.809344959930410907e-04 6.242947707955263199e-04 3.635952885558775202e-04
8.793557980796091122e-05 9.812948808516926797e-05 1.920266603969171450e-04 4.622475406681129766e-04 6.785620287590363436e-04 9.167588886164297277e-04 9.254767845905341982e-04 5.154945186219709111e-04 1.802070255420513208e-04 1.104535417616847294e-04
2.290652405812773965e-04 4.197624301098816946e-04 6.203222568859675500e-04 8.985606530537913446e-04 6.435517067815753420e-04 3.245146488025065423e-04 2.021565040609610146e-04 1.668698820845008102e-04 1.335358676156796871e-04 1.632101602015732301e-04
3.165723400773986867e-04 2.243251809899386847e-04 1.241894157695235185e-04 9.942959938725868434e-05 1.834664560179446189e-04 2.532103102100549869e-04 5.289778720010241504e-04 8.871139790788703074e-04 8.804357030761809835e-04 5.731079414656131514e-04
2.722016469754580688e-05 5.945958808568758383e-05 2.157068304093768662e-04 7.419829113682543812e-04 1.401345475968654919e-03 1.170572271328720925e-03 7.980917701267290030e-04 3.599821156997983309e-04 8.146952455623341304e-05 3.693801859249398360e-05
3.099642461551019735e-04 1.717144586290229456e-04 1.348386137776429942e-04 1.344517922546217467e-04 1.166826112991592332e-04 1.522414377287710984e-04 3.155590099944022026e-04 6.764376381252481737e-04 6.828992986276495678e-04 3.520989352556803172e-04
1.008903846708299841e-03 5.100287200071978956e-04 2.614919014196973837e-04 1.118859386050332315e-04 1.028826445239019636e-04 1.172248795348349655e-04 1.611593948330852463e-04 3.425111271657472123e-04 8.583615527917166747e-04 9.805628933295591244e-04
2.836583548634525340e-04 2.860445620170195126e-04 4.629428766559784284e-04 5.109628466841678769e-04 3.841557801742430367e-04 2.904220062339865041e-04 2.158336156242902253e-04 2.007487930919322117e-04 2.657304973727669332e-04 2.397398417259095297e-04
6.924500992118211306e-05 1.078145695136788597e-04 1.878343908277694575e-04 4.501973579955746447e-04 1.123164281313599865e-03 1.521867676162896171e-03 9.359327576197706269e-04 4.637778681165056170e-04 1.366852401732635437e-04 7.500720123743079423e-05
3.275247134896368283e-04 5.182937184270911121e-04 7.240366545632591225e-04 5.755113116870573618e-04 5.012166005548206833e-04 3.603346870017780802e-04 2.332540785881021580e-04 1.494871165322630741e-04 1.570633680239351491e-04 1.902679916074670767e-04
7.237332359395918157e-04 2.245368583861795527e-04 9.419715030221057102e-05 6.365821553990828820e-05 9.009066679806251149e-05 1.428946708473213150e-04 2.698569684607593543e-04 8.558861768014708543e-04 1.361195078873331417e-03 1.129238854499336380e-03
1.222874668986861392e-04 1.745797711225710808e-04 4.453811670793328555e-04 8.503784445424686410e-04 9.501639728044619475e-04 5.170549816228343139e-04 2.897850136200433844e-04 2.101892199508041280e-04 1.276742531710445511e-04 8.271525841117353234e-05
6.906835061915981731e-04 8.220529636151373189e-04 5.079949166333169947e-04 2.999579335852971783e-04 1.333926903511451184e-04 1.078969278134090401e-04 1.205175415309101596e-04 1.748109467363793577e-04 4.197457001030256967e-04 5.721352194488629273e-04
1.597572137219333617e-04 1.957027332505132495e-04 2.709642251571318201e-04 3.886214621826053028e-04 6.730304313886758920e-04 7.713071485471025088e-04 5.222822878479857879e-04 4.074028844980421508e-04 2.248445264962141703e-04 1.854520729051239265e-04
1.125574318538545646e-03 1.417999413822616231e-03 8.325952473735171713e-04 4.292975292679082882e-04 1.605352997097562334e-04 1.016138964952228969e-04 6.746744813168789568e-05 9.580801300422709125e-05 1.899571696941627853e-04 4.777665363230714228e-04
2.053305492311131050e-04 2.409266511073093482e-04 2.149743296191400799e-04 4.405091542703525758e-04 5.021540989768792001e-04 3.758567805484775651e-04 2.141943271481954586e-04 1.490248855136393994e-04 1.860284298063312610e-04 1.906341423958335596e-04
1.395739120547862010e-04 8.862149290139074108e-05 1.248180739951051108e-04 1.729741948323857130e-04 3.835593775989393716e-04 7.467618753918331062e-04 1.020168646814636039e-03 1.019068418045322028e-03 4.684240284588300730e-04 2.725593067879505298e-04
1.878300085669165674e-04 3.809634531242205501e-04 4.827434271403126991e-04 5.073359279067291353e-04 5.958205976368282069e-04 5.318867405446755722e-04 2.626516626606481184e-04 1.681303152080801009e-04 1.740988161281350425e-04 1.700212014327161193e-04
4.950136760785191084e-04 2.877808848199836251e-04 1.874993365700233046e-04 1.430293522481474280e-04 1.393244065778314299e-04 1.365643337949076373e-04 2.544801800747439240e-04 5.127564616610857245e-04 8.467280930025123092e-04 8.508661706849961204e-04
2.882537214820312700e-04 2.222168223176557427e-04 3.038289345600128383e-04 2.658385584986117361e-04 3.286468238119441554e-04 3.550949430240053187e-04 3.220739306811459509e-04 3.471162092573854148e-04 4.404840851319135014e-04 3.687976817832060356e-04
2.619415817039357983e-04 3.499074737603274595e-04 3.198345378131950347e-04 4.279034945116706387e-04 5.208212538989822216e-04 3.598290815115698870e-04 3.339027993120478269e-04 2.719976007773424300e-04 2.878645459931165299e-04 2.550008102913370843e-04
1.134141489401339301e-03 7.144051116418348706e-04 2.263645135253175144e-04 1.629486527073712235e-04 9.311335000270589606e-05 5.889845178291618311e-05 1.297700015040195915e-04 2.649278330346166899e-04 3.982517665257056670e-04 8.009656551542932833e-04
1.000541407983117316e-04 1.826860951132816633e-04 3.495670625666244167e-04 8.995463793113044624e-04 1.290244360495295143e-03 8.478983478995129417e-04 4.242268671417205031e-04 1.730608379241711564e-04 1.132595667460299562e-04 9.218584765386501293e-05
2.966601465355885904e-04 3.893386514918751825e-04 9.095747951815843320e-04 9.946731654532287633e-04 6.282988960304089487e-04 3.541061368528665237e-04 1.621517387804619905e-04 7.821232423610213541e-05 9.837586650028038772e-05 1.719558021159737419e-04
2.117112534351368966e-05 2.189511887585686423e-05 3.822369902825641796e-05 1.821624734663929450e-04 1.162721316622015088e-03 1.424533224709843143e-03 1.044573301556448027e-03 4.822365129021208220e-04 1.886539053685527226e-04 5.113200829080255142e-05
3.386804664414886810e-04 4.149643411517372105e-04 3.694397164980415594e-04 3.058444129495685232e-04 3.526198114501021322e-04 3.604489069139594874e-04 3.240240413457101806e-04 3.164341750787433185e-04 3.208667720916404055e-04 3.404560462867376749e-04
2.265747297301443693e-04 3.459496136059266665e-04 5.865074589425087800e-04 5.708484054276750409e-04 4.330216502585909643e-04 3.492016975571202403e-04 2.536890050863828427e-04 2.276815164815933104e-04 1.993558095512000744e-04 2.118474560183767393e-04
3.636423505162471163e-04 3.284932265157173843e-04 3.141672181007127990e-04 2.815124081413525130e-04 3.581946065115397689e-04 3.339220118025753616e-04 2.547112142125251811e-04 3.536916167651485009e-04 3.565095302700819926e-04 3.977117774606602776e-04
3.196040685804870719e-04 2.679794943893207726e-04 2.823990925932193512e-04 3.455250200714473350e-04 4.125340638215714453e-04 4.528885857746385167e-04 3.305455327746139368e-04 3.333272164347563632e-04 2.907747788522641952e-04 2.938278940884747289e-04
4.075513793492580353e-04 3.659056643246869230e-04 3.917067633430308411e-04 3.897505033198462644e-04 4.010788180390659273e-04 3.119459003706490183e-04 3.330154667056939841e-04 2.949139823883851043e-04 3.110207366157277924e-04 2.621001467193206946e-04
2.193487220099922270e-04 2.241895628899359335e-04 1.934972434710215496e-04 2.994351023565573885e-04 3.263326668669639719e-04 4.269756924787841777e-04 4.945368818236895456e-04 5.994768499510297419e-04 4.225584305591250441e-04 3.018809497077990867e-04
2.483409242043125784e-04 2.318277454423635321e-04 1.631899689619869262e-04 1.451090906124682760e-04 1.921088104898123060e-04 3.014815268093057961e-04 5.125523912657927632e-04 7.530201249363661269e-04 5.652573356764497431e-04 4.178080272751419247e-04
7.867516990658767492e-05 1.007202919609324654e-04 1.685212629476269780e-04 3.503034878707268329e-04 7.244281803357963687e-04 5.631198596818551630e-04 5.505519178653870294e-04 4.755955896767207988e-04 1.923459472470464692e-04 1.166802310112381480e-04
1.849374602529782344e-04 3.639334245597750182e-04 6.727373346555323100e-04 9.194906579583416936e-04 8.286016430845380854e-04 3.342033941334956819e-04 2.192568400010706299e-04 1.535976918161368753e-04 1.205159405865146883e-04 1.403824212720192611e-04
1.620288702579300512e-04 3.713361068493581342e-04 6.052418798414403332e-04 1.211469648938325126e-03 1.081202916572154187e-03 6.676788192328101702e-04 2.702260419319579983e-04 1.434418698122172993e-04 5.782233774499407112e-05 7.409515368948849155e-05
1.309397837919457628e-04 1.505125176630227161e-04 2.389612045398983289e-04 3.901198712298520116e-04 5.305708372908824171e-04 7.900933216062703277e-04 7.838793104843509241e-04 4.383944449602247980e-04 2.155414799500600300e-04 1.527145763895153827e-04
4.467237279855995353e-04 2.169261603808059831e-04 1.642314193669320568e-04 1.181307796182790281e-04 1.125194956869254501e-04 1.593523036793058519e-04 2.199725761248616583e-04 6.979400513963834353e-04 9.220477691374633035e-04 8.724793263682950259e-04
1.812224917418106898e-04 3.126836985358689741e-04 4.459255921120973735e-04 2.394826302127013693e-04 2.226464376772397291e-04 1.942296247932428588e-04 1.801271829853196645e-04 1.666003313363861817e-04 9.310495677514487830e-05 1.095418387226378235e-04
5.031487900489903416e-04 6.134909243295228170e-04 4.641249405845627139e-04 4.373618325401590888e-04 3.446826231553155070e-04 1.264109395961975633e-04 7.954400032882340385e-05 6.468892298326449873e-05 9.698756906175561509e-05 1.880689890811233214e-04
1.463950717091129961e-04 3.509288936536527313e-04 1.012842055118996299e-03 1.998360421568185982e-03 1.300557809620902150e-03 4.402570673027851947e-04 1.305963438522277998e-04 7.674781770041646752e-05 4.610798814102973908e-05 4.979076196769996433e-05
1.136757556502360266e-04 8.802947588356808679e-05 8.746968562413666025e-05 1.389235407684258046e-04 3.436125971986141040e-04 6.582402697506632532e-04 7.627814470547726773e-04 6.829314351380630713e-04 5.984171078735462095e-04 2.971617295243786198e-04
6.948831312576195544e-05 1.318917354378196672e-04 2.737555505906624559e-04 7.990589900149958243e-04 9.178907404015367207e-04 1.252270147958245905e-03 6.750940587921841181e-04 2.665632176392220627e-04 9.105740157129374750e-05 4.252353877882579297e-05
2.140160950615834206e-04 1.502608587551238298e-04 1.778548572633683873e-04 2.533005023026016164e-04 4.992173615467578518e-04 6.062790103139205486e-04 6.042541262710756592e-04 5.163830761501411303e-04 3.708528812110004568e-04 2.552586374770587311e-04
2.480575392373733277e-04 2.448303995131183059e-04 3.430259261509080297e-04 4.871355017840968350e-04 3.927873022253682857e-04 4.716819743792288310e-04 2.593879773308921345e-04 1.055915522099062188e-04 9.853278254542483373e-05 1.627425008123050462e-04
3.211109260002988400e-04 4.105046594991319667e-04 4.694989255474567064e-04 3.342244279541573991e-04 2.967127244270509811e-04 2.687267309530677151e-04 2.992870669956589351e-04 2.057984328094314799e-04 1.578812207550948563e-04 2.426972092434709902e-04
2.761204363009830054e-04 4.905494049100233254e-04 7.476877189423310416e-04 5.839704620107321427e-04 3.939028691411662207e-04 2.340415393983696023e-04 1.995529102348162073e-04 1.721239340389590705e-04 1.655880783090983425e-04 1.904141894693829964e-04
6.072649787930562001e-04 3.986615891364404481e-04 3.967138040310900062e-04 3.243121624158367962e-04 2.297072451763897713e-04 1.735527563581800749e-04 2.143034346438793438e-04 2.032785428473438865e-04 3.206503157325520971e-04 5.010212847637550426e-04
7.782972502364342814e-04 5.204559469811079675e-04 3.310563581733933251e-04 1.671399551656174037e-04 1.269787073605663371e-04 1.311503537463318042e-04 1.900521164909541874e-04 1.597671552747164281e-04 2.937136723493151912e-04 6.016710625182251004e-04
3.194768885610742900e-04 2.453438825716997766e-04 1.210376757675073005e-04 9.377382483315186508e-05 1.160861389747686094e-04 2.148421332364910410e-04 3.989866189796911159e-04 6.485620278202775370e-04 9.347543017624367501e-04 4.262313872140070662e-04
1.851937284378510004e-04 2.230571703870771441e-04 4.400467835936129916e-04 5.601575508498077543e-04 4.163189836236652055e-04 3.477618715961009908e-04 3.674922315060083987e-04 2.054365358292981167e-04 1.046126547084001045e-04 9.989756878650281032e-05
4.580361292816418056e-04 2.313116427242269439e-04 9.746366101873807635e-05 8.008424157990500717e-05 1.015019078975075022e-04 1.977787885792454037e-04 3.083856261356098276e-04 4.641176194555600367e-04 9.338560478332162814e-04 9.609762045869454710e-04
9.755719223209916632e-04 1.579226177732418607e-03 1.190693997386108862e-03 3.793359863949013729e-04 1.595583781626360180e-04 7.536761913923015828e-05 5.934494957380198783e-05 7.658619147714021598e-05 1.838081385616642169e-04 4.803846818795099284e-04
1.983491246258573036e-04 2.518116836324817381e-04 2.975921156452117290e-04 4.265056665224615552e-04 6.965104037905206708e-04 5.209101078867881245e-04 2.607871755522303135e-04 2.284160250931321109e-04 1.580911725084834245e-04 1.385972126278319145e-04
2.210123706968932975e-04 2.695857016173547924e-04 4.041714055614780538e-04 4.664894763466200791e-04 3.862402399644866377e-04 3.815764238526962206e-04 4.253177229856622038e-04 2.792527313224974221e-04 2.570307100055372706e-04 2.169957524478569435e-04
5.407125296297693451e-04 4.835654988518680534e-04 4.343419747112966275e-04 2.586371930290033553e-04 2.199179337871518523e-04 2.438009657331439430e-04 2.445076181619654991e-04 3.094545803037298962e-04 3.839138798028280254e-04 5.039516394402686252e-04
4.894797877149451590e-04 4.013319694007865283e-04 3.362337627190966119e-04 2.600131077950029236e-04 2.888300827516034866e-04 2.495689077628444733e-04 2.005528407888443093e-04 3.095712195674489879e-04 4.522061959936931447e-04 4.184454359063581922e-04
4.764262371395426576e-05 4.543179647140254280e-05 1.140704715972257048e-04 4.232515007869572352e-04 6.627901193147297696e-04 6.916678481216277001e-04 6.630714625176423443e-04 4.735057934007603337e-04 1.980863701305332245e-04 7.322759371021665947e-05
2.514409727995183669e-04 2.054872368169596169e-04 3.678070843366428098e-04 3.762715981997946202e-04 4.533401112978568829e-04 4.289432466553943406e-04 3.273344824478698826e-04 3.358637435164378094e-04 3.362321391969487830e-04 2.265343545820973771e-04
4.958552104397056072e-04 4.734577960464700515e-04 6.400294573433096745e-04 6.505195955342745742e-04 3.580076768179004743e-04 2.425833846891438394e-04 1.281203529459610721e-04 1.323974052147883457e-04 1.524271449150093639e-04 2.548026317625345298e-04
1.687814032736238408e-04 3.804653294886655422e-04 4.429195169961801931e-04 7.333641987209577875e-04 5.137234678493595146e-04 3.737621874408854892e-04 3.278657737831980443e-04 2.108891122519913864e-04 1.566153220843124853e-04 1.751505124824920463e-04
5.587591627833755729e-04 6.334856928728278347e-04 6.017601307045178588e-04 3.163879401077071812e-04 2.407315875626434465e-04 1.909002867422570325e-04 1.376275589554496631e-04 2.363598325768747439e-04 3.105837999763323741e-04 4.251455289304464620e-04
