1.287565018156823893e+00 8.314847982188980913e-01 2.491367560151843963e-01 1.464365562112412533e+00 -8.716297562501709173e-01 6.854861031780623559e-01 6.561566764883882685e-01 -5.186113595401098397e-01 -4.634565900093060020e-01 -5.146257255179207402e-01 4.659798437687614481e-01 -1.202766533470077670e+00
9.544511816330317755e-01 -2.049987990473732591e+00 -1.730823705253336231e-01 8.215773479181821548e-01 -4.336986782979799226e-01 9.758329795655724670e-01 4.799413369289216164e-02 4.463927822832631370e-03 -8.797437665989024103e-01 5.169319280788811088e-01 2.139291539603297654e+00 -2.189116934018284222e-02
-1.650097088848071714e+00 -9.904322707025102757e-01 1.981287446037739985e-01 -3.514608300588475398e-01 5.683163189043745067e-01 -5.203292171067837035e-01 -4.397242202713555481e-01 -1.206345302670299990e-01 -2.304080988702695079e-02 6.013940754500322061e-01 -3.143868081122569991e-01 -2.608293323330451718e-01
-6.142407567362891951e-01 -2.385308209129114232e+00 -2.088362747932955010e-01 1.648650835974986295e-01 -1.327010373897186790e+00 -1.262721828394761436e+00 1.893427661637994364e+00 -2.316921710837706261e+00 -1.860352340061349197e-01 -3.308157160971919326e-03 1.402117870410994005e+00 3.326617459765659479e-01
-4.636543111344105794e-01 -3.826878093682706816e-01 1.621470600733975420e+00 1.218221275905497336e+00 1.393512194894699574e+00 4.916033477783134376e-01 1.267774095904142584e+00 -2.047884736598866162e-01 3.078689994117780326e-01 2.783730702785635058e-01 4.447036546048444006e-02 3.693419548724429791e-01
1.364999123827587146e+00 -1.396474633666729526e+00 -1.272298771449430210e-01 6.211754480624177566e-01 -1.059567205589605488e+00 1.527528742990154342e-01 -1.112455120921599150e+00 -3.285641306493054525e-01 6.532778477004326234e-01 6.490602682140416135e-01 -1.698313729936872463e+00 9.033023316350344278e-02
6.385794757926556153e-01 -3.242618212207448725e-01 1.901784939396921059e+00 -4.118058656480680368e-01 2.796263516113829173e+00 -1.162542253822544280e+00 -4.782019755243210879e-01 4.503307579905056479e-01 1.290123165229401625e+00 2.716556066084888088e-01 7.442192624310101090e-01 4.807514856666880165e-01
1.289197748751967243e+00 -1.621023700070720053e-01 -1.197756575247675981e-01 7.999238716495669088e-01 -8.167347188613971465e-01 1.333359639204439451e-01 -4.545097635327688401e-01 6.320791014617808123e-01 4.403770661500025496e-01 8.348324607660018160e-01 -1.733557907963343414e+00 -2.855292647274320639e-01
9.538305238771278560e-01 -7.021153814247580449e-01 6.431031907470633469e-01 1.743437833239613433e+00 9.400746658957563895e-01 -1.927307467251008655e+00 6.010297226066124016e-02 -3.896413214198741204e-01 9.208218905378051655e-02 1.532117711110168867e-01 1.714067288860840810e+00 -1.603451281437900056e+00
-5.069871769379000748e-01 -4.545434674062637792e-01 -6.498224914380713590e-01 -2.017909582761749643e-01 -5.628918018228235010e-01 1.289712583362550569e-01 1.177374067279071262e-01 1.129449866481333276e+00 1.743292588537430188e+00 4.894920199431325170e-01 2.783900059350779554e-01 1.792323505729568889e-01
-8.434327731514439375e-01 -3.984318723092828418e-01 -1.074929121683519062e+00 -1.761481932021955021e+00 9.497310596943152328e-02 2.159326285779188670e-01 8.664508631838976557e-03 1.150201649153621997e+00 9.525643960496833484e-01 1.809296747826093232e-01 7.060616330903750626e-01 7.452469355781340399e-01
-1.326375257938203323e+00 3.451829652379589386e-01 8.827398545161176113e-02 -2.308491432777892427e-01 3.807996277158164911e-01 8.347811654211859667e-01 6.989276035466875092e-02 -9.954147308527941385e-02 -5.647230562846281554e-01 6.294307030838600658e-01 4.284779143320466832e-01 7.612770055299650229e-01
-3.639285910310926520e-01 -3.264699526116891626e+00 1.389113385013963420e+00 1.054776297067742341e+00 7.053513685018808488e-01 3.910883790296391938e-02 -7.754011106262530782e-03 -8.598957974180351793e-02 -3.196750796421635871e-02 7.985561355354693636e-02 -7.003186309600176740e-01 3.115768548100804058e-01
3.584183075698870735e-01 -1.238708528576401902e+00 -1.119678351946653549e+00 4.531518259304556651e-01 -3.868320899746800490e-01 -6.895944017141779347e-02 -3.310030050918161271e-01 -1.232506996929380927e+00 -8.761806915946722674e-01 4.302683943150907298e-01 9.285043774278142203e-01 9.889245663477759241e-01
-9.538824513193271404e-01 -1.167318317096925684e+00 1.131981693645691234e+00 -2.893096679051477826e-01 7.371139318411670249e-01 -4.316038193029841930e-01 -2.095355931771364921e-01 -1.522672789743807931e+00 -1.893578750127421273e+00 -1.126528963175203735e-01 -1.965968298901018763e+00 1.085248454576215993e+00
7.740406983249602524e-01 -4.334666499291157660e-01 -3.267764626821783036e-01 1.007042431395769544e+00 7.455855338297863177e-01 -3.265466182702542741e-01 -8.702918800733604465e-01 -1.017054674323508490e+00 1.317306300384330608e+00 1.114926188632247239e+00 -1.221633787030677043e+00 1.051960211087671571e+00
-1.293082693168794151e-01 4.606750405581893082e-01 5.862316652844709042e-01 -7.538451398227006273e-01 3.780892972988482148e-01 -1.205033484485485085e+00 -6.808017032256629131e-01 6.449611583533206849e-01 -1.152244004069118005e-01 -1.373121133458954923e-01 9.004892319359486530e-02 4.495708527101709984e-01
-4.669822077176653541e-01 -1.685098617978741053e+00 -2.616711616875242244e-02 7.160044394347844232e-01 2.522489179306038887e-01 1.261641962869235467e-01 2.495325195493860004e+00 7.021657161098585620e-01 4.479540087370498247e-02 8.071454878538165678e-01 -8.381533184000985459e-01 -1.618195056638717100e+00
-1.355313261983225770e+00 -3.799304559615163113e-01 -7.487221534579031612e-01 4.626596112321079146e-01 -9.491125322706962519e-01 -1.501748064140162042e-01 -1.106140162149955808e+00 -3.996443433641877485e-01 3.488968412129495600e-01 4.342921294935474519e-01 -2.171835781693337797e+00 -3.873229057945507536e-01
-3.766883886084060884e-01 -2.854615103460902414e-01 2.320646773134393270e-01 4.795022739511738963e-01 1.091803100399071580e+00 3.862509284208194837e-01 -1.019558793337913549e+00 -3.069445458734652576e-01 -1.780934075194267940e+00 7.087605082564234493e-01 -2.514147755413725371e-01 2.262741793621428632e-01
-1.224187516608653548e+00 -1.063385668550091312e+00 -1.448396240303646831e-01 8.255227095064588960e-01 3.492403993910291327e-01 -1.597654749076589775e+00 6.234961830201238842e-01 2.256638269361933569e-01 1.690985254678888106e-01 8.315779773003945108e-01 6.131622989647696198e-02 -1.265506515651449726e-01
-7.876557503108884140e-01 1.261178412170884222e+00 -1.216188231196327685e+00 -2.119191166326883646e-02 -3.012798885803620319e-01 5.289259964684466242e-01 -1.254020671941113330e+00 -9.862915167357091395e-01 6.301757735173995068e-01 2.691099119531241701e-01 -3.294021895087338447e-01 -1.397988923699651886e+00
9.354708500571473628e-01 -7.788267080712066859e-01 1.967482905125325532e+00 -9.837133564313880196e-01 -1.897270709880872985e+00 -1.823680083254031756e-03 6.260003175756959637e-01 1.116566998235458241e+00 -9.051697335747779238e-01 -3.055957371522518562e-01 -1.885174603468104504e+00 -1.305842582391506967e+00
1.039438103771356814e-01 1.523492530096548059e+00 -1.349876895617759809e-01 -2.443878495251000649e-01 9.962807230117056712e-01 -2.609171344961256911e-01 -9.182291747962147976e-01 -7.687967971760311103e-01 1.742981146275911275e+00 -2.861712643910042098e-01 -2.598804622553617383e-02 -3.667170027644262587e-01
-6.649334222031057229e-02 -2.066782061047514885e-01 -1.113493455108842678e+00 -3.844819264469110931e-01 -9.093244835737972487e-01 4.391933222234286616e-01 4.600335937264169450e-01 -4.777112672277577521e-01 -6.657419375567324993e-01 -2.792570811568328537e+00 -1.141935262446769628e-01 1.919755018280125958e+00
-1.000760815457940822e+00 -1.115055983405793372e+00 7.612540788851570595e-01 1.814582390493622022e+00 -5.187144656208628885e-02 1.070945300531711331e+00 4.094299508823723288e-01 1.857969846853066098e+00 1.015861376655684545e+00 -3.493572604182396124e-01 1.281282792678507532e+00 -3.131404820550982016e-01
1.435012623749335470e-01 1.769021632565285662e+00 -1.612034279556362026e+00 -1.509710703235789042e+00 4.945152734134451999e-01 -2.919640423769212859e-02 -1.499734361051883846e+00 7.467481551336681012e-01 1.415192758911841542e-01 -1.287644624613500266e+00 -2.643197983565916953e-01 4.638654809112167099e-01
5.487374985972991448e-01 -3.592143013996945133e-01 5.622756306225576983e-01 1.723523985257108815e-01 -2.307606267823636870e+00 1.918029219203988944e+00 1.038439539785494192e+00 -1.426967961539008289e+00 -5.946795105947370041e-01 2.627028723045266911e+00 -5.068553203850059141e-01 -1.689218228982297954e-01
-8.683015217094228744e-01 2.204490365941493391e+00 1.023600535989046767e+00 1.330619997808337729e-01 2.007323356427038519e+00 -2.181027567321352223e-01 -5.246810828974033392e-01 -7.168808270863622489e-01 -1.860158934593791613e-01 1.487613864099758487e+00 -7.978534659503093707e-01 -1.758503425212211368e+00
1.095096863029017653e+00 -6.923790988890772269e-01 -1.197291799720106298e-01 -8.008219275675722004e-01 4.205338896429912099e-01 -3.375727611286480356e-01 -1.053110331380461950e+00 -1.017970871248528253e+00 -1.302844830607253535e+00 -1.562892018227961755e+00 1.541799353117375482e+00 -7.199429557190212270e-01
-1.936108156609991804e+00 -6.576639187304871292e-01 1.908050127937180207e+00 -6.407003237570549348e-02 1.257652270340405831e-01 7.186362044405268934e-01 -4.050518396516451514e-01 2.613398748598407262e-01 -2.433182604697231355e+00 8.733382759313806920e-01 1.360364779300596405e+00 1.979713529975525299e-01
-3.287383425847532070e-01 3.213841086636276545e-01 3.046594273023527588e+00 -1.280724663295731203e+00 -8.535493804415079655e-01 -1.108597230513514997e+00 2.286933939340100586e-01 -2.233966726508266110e+00 9.606435473664188818e-01 3.046855188418530203e-01 -4.001659093830337716e-02 -1.376409842035966502e+00
2.312862244070087669e+00 -3.468717679251201447e-01 -8.580287295576630724e-01 -1.295708664796011877e+00 1.170228285575136473e+00 4.559436287459996962e-01 4.617793198198972826e-01 2.966434491805732820e-01 -2.400119285625881727e+00 -9.474791257951258316e-01 7.538878991076529701e-01 -4.782053575200274631e-01
2.154547484118751743e-01 -1.109293202120625703e-02 -9.619706358774007260e-01 8.868074049886603971e-01 -5.036158577212713761e-01 1.552125182953060456e+00 1.237182756529102923e+00 -1.888704526497873848e-01 1.783156273096963895e+00 2.361172660339219409e-01 2.039330776486886210e-01 -6.641051601348786360e-01
-1.070620089874140479e+00 -2.749393348659571190e-01 -2.997134808842814024e-01 6.790298036238379131e-02 -6.256689121326026726e-01 1.042938618261849637e+00 1.352000937364776556e+00 3.824112543554812338e-01 2.316951268607843339e-01 8.170131903512245497e-01 -9.202868663677842287e-01 9.917582331259173767e-01
1.516807278523779612e+00 2.002052890606509816e+00 -9.994805547749022745e-01 1.364949004303503521e+00 -2.969781050197798922e-01 -1.733638990503920674e-01 -4.696689623270083880e-01 1.297429513799888134e+00 5.498819456503147851e-01 -9.367068292775739824e-01 -1.962465083428689694e-01 1.081727900092627648e+00
-3.001380210948316196e-01 1.748807952328489401e+00 -1.396968921404309061e+00 -4.567530728237479548e-02 -3.121119219663942568e-02 -3.571809566488013399e-01 -1.436202683657487045e+00 1.967860545048308041e-01 -6.540828900791300082e-01 -1.006626668198372099e-01 8.004902151599827542e-01 1.512047357523282010e+00
5.625012468252342801e-01 1.195861828758331358e+00 1.664662997762459407e+00 1.901529593946505781e+00 -1.482549053942676220e+00 1.520149830071903796e-01 7.883256249865574494e-01 -6.043202996014935824e-01 8.169311725774215383e-01 -3.550338696760367285e-01 -9.163473711903450392e-01 -9.591143828556055254e-03
-6.272631694919116041e-02 8.160211605953229252e-01 -1.026164347375272401e+00 -3.590948237389027797e-01 6.223258273262814999e-01 3.062676001387238500e+00 -1.805767341267053849e-01 7.290689325997837256e-02 1.673578896089886081e+00 9.451600159095641107e-02 3.959576100716289404e-01 1.758308705833580898e+00
1.272824991020250041e+00 -1.584069861826365333e+00 9.478976582184239774e-01 1.057258980291582606e+00 4.436673691003855668e-01 -7.313305965612836024e-02 -1.345355704742867031e+00 5.694878038484511018e-01 1.718441974390937377e-01 1.551091042632338102e+00 -7.350917017737647330e-02 -3.267172756130954925e-01
1.627027716046482109e+00 1.399563236365987784e+00 -8.662217612821332402e-01 8.431854658771190669e-01 -8.372227719084351927e-01 3.268174269075403010e-02 -1.282813744421425817e+00 5.880771496653157682e-01 -1.755328138464978593e+00 -4.055886274816137282e-01 1.979410142060593902e-01 -8.458174844303411044e-01
8.494245744837521095e-02 1.328237169700382525e-01 -9.295591160290143096e-01 1.738284681288244427e+00 -8.185500598308760312e-01 1.043817147342202267e-01 1.541315319654499971e+00 -1.739427224259958438e-01 7.238283981486513807e-02 -2.537290084873624618e-01 -7.665472494928783354e-01 8.627519649439822080e-01
2.508073852357928235e-01 1.185584511894625548e+00 6.296756652789851083e-01 1.063107067648298543e+00 -2.635387906086383403e+00 -8.800950067354490480e-01 1.151858073745106736e+00 -1.536767398885774183e+00 -1.300187240402298217e-01 8.854813296699969305e-01 1.937008413896789405e-01 6.184115893149587651e-01
-2.021265191998879510e-02 5.925320253478395111e-02 2.871707880561689130e+00 -7.259639813864950941e-01 -1.421696923502625776e+00 -1.737902537156300886e-01 -1.820620228248585049e-01 -2.167223258296377408e-01 1.333098769969580877e+00 -2.213104662075357609e+00 -1.965967491270939282e+00 -1.135627042615626303e+00
7.792917516618509399e-01 1.500688545101373839e+00 -1.517716199817958467e+00 -7.877039296350241138e-01 2.017255083286153827e-01 1.993244761689220435e-01 2.451106290923337205e-01 5.794891720755620396e-02 -1.437557354303090840e+00 -9.100494880427476008e-02 8.965814591225672592e-01 -8.641241034952347189e-01
1.044651010422164850e-01 1.345515758517901617e+00 -2.446189207196994841e-01 1.147298141681260653e+00 8.500888553014758209e-01 -7.719652811135416237e-03 -1.163958073901687706e+00 5.568788044564159101e-01 7.221942631172854066e-01 5.601535089356221020e-01 1.291666000853071594e+00 -2.180811865676290484e+00
-1.100585882670054971e+00 -3.902256530123073275e-01 1.166904336810621112e+00 1.834981196709534468e-01 -1.053409243140621676e+00 8.766649882571572183e-01 9.377382959592284184e-01 -7.623042628117749908e-01 3.774482889630895732e-01 1.694759982398224230e+00 -1.499038909561739352e+00 8.081026721303796734e-01
-9.546559535027190346e-01 1.076731764025891547e+00 5.684702105406089778e-01 -5.432108194766362974e-01 7.215654106571114390e-01 1.362762668855009851e+00 -7.917070737817503145e-01 9.790467961092848004e-01 1.190676403064256261e+00 3.405140116571706566e-01 2.552787119846418595e-01 -7.288142369360626205e-01
-7.476993125159457909e-01 9.479916173853138173e-03 -5.350723716861125467e-01 -2.058059538821548351e-01 -1.103927749531302016e+00 2.536906630540943119e+00 -3.669139195975278933e-01 1.131172514371461935e+00 5.273191378323859313e-01 1.069186643813698323e+00 -1.012583345446275818e+00 3.582966835209850931e-01
-5.003286268595640296e-01 -1.028570943115033831e+00 3.943183840160539022e-01 4.758420858696640332e-01 -5.041326111965560575e-01 -8.163029585818569744e-01 1.547118238418504488e-01 -6.873962414975437474e-01 1.215964679276420740e-01 1.928036466251166203e+00 -1.478893729597462459e+00 -2.501573654007409608e-01
1.373011622745897276e+00 -2.307649685460242683e-01 8.549686937461700720e-02 -2.415546223589806404e-02 -7.118647929049689571e-01 -1.564120129309004292e-01 -6.195513762484801124e-01 -2.764041360678401449e-01 -9.772223450418735524e-01 6.359824713599038226e-01 -7.705907851688734711e-01 -9.814139955867899889e-01
-9.085948938561491661e-02 1.224869472565243145e+00 -9.635387592903396081e-01 6.591420164373525958e-01 1.148980444095396125e+00 1.227751288611453218e+00 6.997515213708850323e-01 1.064232111854352958e+00 -7.097386104600759138e-01 -3.972780720842682967e-01 3.781509455021634936e-01 -3.511345846104983043e-02
2.672512257335975163e-03 -9.133942974721254160e-01 1.606822292685462950e+00 -1.489534275143999498e+00 8.180464600210733961e-01 -6.543768733966591755e-01 5.034328561373341976e-02 7.079824074435455694e-01 8.224185456524157889e-01 6.178230035145311216e-01 -8.930298294575661489e-01 -9.540893927159939114e-01
6.634240427050781472e-03 -6.923753819454832037e-01 2.012519000187057649e+00 1.395133778810524250e+00 -2.502917925694993162e+00 4.375435388511974416e-02 4.118113720410664924e-01 5.221286660569489646e-01 -1.197746022299684132e-01 -1.346247650086006553e+00 -3.184351852479008760e-01 -2.512175172564520276e-01
-6.225613454445331207e-01 2.376856514618672367e-01 -2.444922854432962644e-01 -5.551800579640207012e-01 8.303780822307206266e-01 -5.048151690030575622e-01 1.915590796790748174e-01 4.694738462823886405e-01 3.958092713158063436e-01 8.705748317061211550e-01 -5.960088243004336706e-01 8.514474781369260059e-01
1.262724569883852066e+00 -1.090371602990396926e+00 1.935959536276363524e+00 1.214847255430765216e+00 1.473888490434368759e+00 2.014199562589294334e+00 1.325716063764209807e+00 -1.360816739416095267e+00 -2.920435925143214928e-01 9.359059366621855225e-02 1.643109165558701790e+00 1.524978990481249408e-01
-2.953678959205109367e-01 -5.851515090356794735e-01 2.076807330264071258e-02 4.863189791753310676e-01 -2.740316815937083872e-01 9.938568024428330316e-01 -9.399690988114594026e-01 -3.417640266175743236e-01 1.320956667067827439e+00 -1.530995815956828765e-01 -1.510077917067924380e+00 -1.093182755285578012e-01
6.070843678578792257e-01 7.263459706915629255e-01 9.290185472444497661e-01 -5.536240741902381107e-02 1.902518686061965003e-01 -7.718617377070610130e-01 1.727932585310503644e+00 2.232294033979036751e-01 -2.393167547995589395e-01 -5.248661450597447153e-01 -2.974738861598764661e-01 2.147158131556764216e-01
6.643513840806340998e-01 -6.974362099258447634e-01 -7.687060732252689599e-01 -3.230777724957284436e-01 -7.784994543820897284e-02 -2.776593166333692908e-01 -2.430999578426453755e-01 -1.034197150600441706e+00 -7.755715628312385146e-01 -3.728851630867054956e-01 9.397360906894276500e-01 8.740768046264313362e-01
9.444691925372533658e-03 1.279758387551061860e+00 5.325356279054539455e-01 -1.359483851460872250e+00 2.184919631960341724e-01 6.204707175026995536e-01 1.205842427738323813e-01 4.557685583527572026e-01 -1.919741421042486448e-02 5.060316781799908264e-02 1.243571487525205077e+00 -1.272898022461051104e+00
-8.493526300327777223e-01 -5.892668903160258598e-01 -1.266653878187263160e+00 1.512302347990829077e+00 9.053366269586632376e-01 -1.138833504362031859e-02 9.528987721106141340e-01 2.903967678307365352e-01 6.429597066067477273e-01 -4.023112474283889184e-01 1.967017054519512032e-01 1.140949592796727252e+00
-1.624083160699737238e+00 -1.664809309905825319e-01 1.759347821793202593e+00 1.294895160597668182e+00 -1.406811416688601157e-01 -1.433926968011893344e+00 4.911645280337428310e-01 1.743896822960493864e+00 -4.319242733908692511e-01 1.632728711722206683e+00 5.899571927964372131e-01 1.171904124280927828e+00
-5.140360886275389118e-01 9.714771067468667143e-01 -1.137825059707674891e+00 -1.320602628988601257e+00 -3.747953122734502818e-02 -4.765846595059439750e-01 1.169121505805014394e+00 -9.756688907699250235e-01 1.870727615109235020e-01 1.363445356585448520e+00 9.152651785110942073e-02 4.024531062116512015e-01
-1.478150955830950464e+00 -7.752504617173906487e-01 1.425742282933116778e+00 -1.229271758426743855e+00 -3.857720346491234631e-01 5.240791861217706238e-01 1.499774018302958201e+00 1.029484070147926422e+00 -1.012669787462294968e+00 3.112996996770978075e-01 -5.640074622995648879e-01 -3.966904474557036431e-01
-4.267688271239506934e-03 -4.498318413198203469e-01 -1.090957277955149740e+00 -6.106918490221804330e-01 5.983038963031261925e-02 1.003237185622699146e+00 -6.381070946334687077e-01 8.657116289422176481e-01 6.960037756135276643e-01 -1.055337346245077246e+00 2.435582835949786085e-01 -8.991884472493594238e-01
6.468114110583336185e-01 6.730464244861443790e-01 -1.329739301099339910e+00 -2.046432691744832222e-01 -1.364095758834247052e+00 -5.177273545424966317e-01 -5.914978357629806505e-01 -3.630410905230191942e-01 -1.098798856727695838e+00 1.603213677427959949e+00 1.488225927388323599e+00 2.824692601724730912e-01
-3.156498570737585330e-01 -1.093631607169446518e+00 1.679005462098454471e+00 1.975443356081441892e-01 3.456849189943222433e-01 -1.913643633862999460e-01 5.913009505742484739e-01 -1.242372614457057267e+00 -3.999483246142464532e-01 -1.273690241951423552e+00 -1.162300208828845050e-01 -1.159164885022937082e-02
8.984514377367638915e-02 -4.401014698456625490e-02 -5.053571765580230357e-01 1.094575393491012072e+00 -1.530340143490577676e+00 -1.131016482175382309e+00 1.730625025352143131e+00 7.204773297053967962e-02 7.664277937746491465e-02 -4.041623735260015393e-01 6.065452491202624197e-01 4.464632280718539015e-01
-1.352842541764380339e-02 -2.806556484168736265e+00 1.390077853932752738e+00 1.406152057520521970e+00 -1.780703507477154002e+00 6.859035671700203229e-02 7.074061383832586092e-02 -2.243368989837999372e+00 -5.538936972812939091e-02 4.064843833036627108e-01 -3.114685313252154031e-01 1.275061959725363847e+00
-2.870428917442912065e-01 5.876897694261969951e-01 1.054174993549998884e+00 -2.234010992700478759e+00 -2.674613686716275085e-01 -6.233401856105570404e-01 3.142725966991870568e-01 -2.072307824585096991e+00 -1.585668103636277831e-02 -5.238922968076754616e-01 -1.326960035592090470e-01 -1.386608419689266736e+00
-1.070831926501009779e+00 2.641537653577310962e+00 -1.225688136439034182e+00 -6.015146138523080888e-01 -3.922530353669136799e-02 -1.289774412098324552e-01 1.888179413410316254e+00 -1.420760358741486040e-01 -3.229412521891259935e+00 -2.025975902530828598e+00 1.867282052519573687e+00 8.872310521342237077e-01
9.520879172638615495e-01 1.401791415847258193e+00 -8.269151053676845331e-01 3.278672928420701682e-01 1.210252381431526469e+00 1.207146772806749757e+00 5.807061766603320851e-01 6.383018302936992461e-01 -3.559892813043097348e+00 2.898100636627364945e+00 1.493784047201470955e+00 -1.573959330137681079e+00
-7.925236727453823793e-01 -1.065183448101785668e+00 1.727053618706324789e+00 -7.960173914573845932e-01 -5.869461026779229096e-01 -7.465755299838729153e-02 -7.361740234758141765e-01 1.423679591351881601e+00 1.499809661153905793e-01 1.359724342955157983e+00 3.252302267431564364e-01 8.667310967026937707e-01
-1.077948261031832944e+00 -1.005007346944792213e+00 -1.672821217014750950e+00 -7.590051822877984522e-01 8.972533623570760897e-01 1.067279681088146637e+00 1.049805673893148272e+00 -5.064184866526421080e-01 -3.608006806633317076e-01 -8.710805540816803916e-01 9.743822921465294939e-01 -8.209546213224102607e-01
1.399570660499359187e+00 -3.158586650683213315e-01 -5.233750533587967491e-01 3.570317423518321598e-01 2.534087209666883167e-01 7.484227526679798626e-01 1.123075674560987114e+00 -5.724079202790629539e-01 -1.944465422843172142e+00 1.100229572148311741e+00 8.812673450137393782e-01 -8.005473815397164961e-01
6.477121809378612038e-01 -1.166902203073866939e+00 3.611633459517193945e-01 1.720944066715197396e+00 -1.750113908218840497e-01 5.337000387206348728e-01 -4.817442943781329312e-01 -9.856702423968438653e-01 -1.147437369838776089e+00 -7.411867409935017914e-01 -5.049449084756397754e-01 -4.064465768163659787e-01
2.775866686924635118e-01 2.878695365469282064e-01 -9.908833253944715480e-01 -9.196350491125599227e-03 -3.583019967089489111e-01 4.372315700399581062e-01 8.842810850764455388e-01 9.980239240553830937e-01 -1.381495898488110052e+00 -1.248421556464736626e-01 -1.588894676129934291e+00 4.805543710629863186e-01
3.026595833002697078e-01 -1.518230283083119803e+00 -2.920941816305697714e-01 -2.188482016097092336e-02 4.566687384971805375e-01 -1.564905470818223510e+00 -4.241056956190645821e-01 1.120443009555174285e+00 1.892086804504888586e-01 2.045390866096047588e+00 1.227798461405757990e+00 3.477635085694128492e-01
1.674354649582539656e+00 2.187418433271045348e+00 3.684762182558736776e-01 -9.826324879001828716e-01 1.076204134360940756e+00 -4.220084795364012487e-02 8.634071082037029221e-01 -3.538180305961321492e-01 3.867429801199558925e-01 6.622920305379906281e-02 -9.265858606426220501e-01 4.954814231404214286e-01
1.239721822314020283e+00 3.329343394980919246e-01 -2.346491540716812985e+00 -1.689807707173058005e-01 -1.130075134981947532e-01 1.108833869210534395e+00 1.785979926449590804e+00 -4.621791215612399695e-01 -2.101634615189911792e-01 -4.780337157736794795e-01 -1.421988737178970563e+00 8.256299983135898524e-01
-1.072084847592246648e+00 2.432523599678062087e+00 -1.211354047831000001e-03 1.311479137779939297e+00 6.412001670717213386e-01 9.488153115653585878e-01 3.244615192145041127e-01 -1.203917082603167543e+00 9.576543253895271057e-01 -1.977590732794885309e-04 -1.984432979757355664e+00 3.528644579036983586e-01
-3.586662766279498094e-01 -2.130494675651729564e-01 -1.221135974265459695e-01 3.034213326824572454e-01 1.103568439410640867e+00 8.589519949053295855e-01 -3.237309107423781002e-02 -1.134283197076241700e+00 -3.269824395209519619e-02 1.840676337540988194e-01 1.429177228763117979e-01 1.047198049562076516e+00
1.820672564730684728e+00 -6.927362520132629431e-01 -5.928355591163937399e-01 -2.205250305518746401e-01 -5.154417320165681771e-01 -1.534811810285493239e-01 1.610832481969029617e+00 1.029776513345538991e+00 1.821335291166005899e+00 1.051137586704660870e-01 1.480715040047070774e+00 -4.259035199839213415e-01
-1.171658592912313696e-01 1.429821972668550822e+00 4.260559130395898952e-01 -4.722086536571657445e-01 1.015042258049360768e+00 -3.586026771756257725e-01 1.726130388247707037e+00 1.432701700822532009e+00 -7.483266348314155936e-01 -3.362978295071026302e-01 -1.843909792732821851e-01 -1.125028723220726556e+00
-5.041820997906318880e-01 1.121856990065689619e+00 1.314779107275154901e+00 5.413322853357694919e-01 1.550495714618513321e-01 -3.436231482281700833e-01 1.576990630966062790e-01 2.633326226958056515e-01 1.553990467187529756e+00 -9.693693584680457276e-01 -1.745624806343610003e-01 -3.550966801705388032e-01
5.179072931506123467e-01 -5.738540381365648813e-01 1.089773993664212570e+00 -6.743327185077923058e-01 1.589333054699830994e+00 1.547006876543411513e+00 5.653331657341612582e-01 -8.356335335152971500e-02 -2.019560013799979736e-01 2.322147160509133446e-01 -8.698211793486395615e-01 -2.125529419314196478e+00
-6.152051029295476647e-01 -1.958197168133458010e+00 -1.170822221069637958e+00 1.066677627528734851e+00 -2.439140097002613916e-01 7.049888384982364586e-01 4.027372182166914505e-01 5.666483565330225902e-01 2.598342085782297528e-01 -8.182036082825646650e-01 6.763090802117046607e-01 1.360369021063528860e+00
-1.106502201274962793e+00 -1.707822760027792944e-02 -9.524803173070331419e-02 9.635219102144328973e-01 -4.165966514327637538e-01 -2.443766171456841219e-01 -3.512057574779211544e-01 -1.770135688678446950e+00 -1.882015926593990918e-01 1.999009019034235224e-01 8.176133222329083905e-01 -9.420968602651638713e-02
7.076261452253428397e-01 1.273164336143920217e+00 1.861053650125969572e+00 -1.163495647108498537e-01 -1.389096873450265390e-01 1.351680497568112704e+00 6.375864191200932840e-01 3.705447547879466841e-01 -7.003646252149577089e-02 -5.908263535029896207e-01 4.148636602051888889e-01 1.526145379364591381e+00
-8.216109337686332559e-01 -1.504465777354667966e-01 1.761203270457675218e-01 1.481533108302355739e+00 9.636896997356851902e-01 1.414008239253006227e+00 1.724427811084440210e+00 -5.294641148045904355e-01 1.311601646548526290e+00 -6.597157480877628988e-01 1.745632388969914073e-01 8.315356555364405988e-01
1.326751346095423001e+00 1.604820981763278587e+00 6.348617780071570682e-02 -3.207866420815737585e-01 -5.695556921537801159e-02 -1.107510467498025841e+00 -1.157066688697450552e+00 -1.566381924166560191e+00 -1.088003931548015973e-01 -2.331621219777854304e+00 9.914529944033275699e-01 7.823780266697492047e-01
-6.437518269440305474e-01 8.841034935317545473e-01 2.371664635693563894e-01 7.017839605087358157e-01 -1.036383011401924792e+00 -1.211303144333524928e+00 -5.893523797872634029e-01 -7.935327765234837516e-01 1.262425009237949425e+00 -7.369928607212840044e-01 2.380786815616415364e+00 1.387654482324528260e+00
9.277647234459057701e-01 8.817544318536314485e-01 8.376694543562785977e-01 8.396817731642517435e-01 2.236268840873879338e+00 -9.084622594261130418e-03 3.797993915082029104e-01 -8.765113525741159428e-01 -9.489072463295902260e-01 2.081062989003433117e+00 5.110704383219392966e-02 -1.266850104974995839e-01
1.181435153137619043e+00 7.630862976704969602e-01 -7.665056967011220079e-01 1.232255505126471778e-01 8.602505454985993893e-02 2.882174269240102005e-01 -4.180412113545240449e-01 3.266249467062469214e-01 -1.835833593714531586e+00 1.565366542503806802e+00 2.894974728737564340e-01 -2.254798939740902675e-01
-7.733649997195139736e-02 1.691645814476822718e+00 -2.035519365608924047e-01 -9.491113625250948704e-01 -6.292249370275914133e-01 5.559737515653052631e-01 3.346962468124278445e+00 -1.712300488872665172e+00 1.159426288799162208e+00 -2.897840574261072999e-01 -4.743743350624888278e-01 -1.755109288488101216e+00
-5.360197655645861925e-01 -1.027348370391961030e+00 -2.525943481382455502e-01 -2.827794631345113885e+00 1.559250736065157961e+00 2.550106950747085266e-01 8.330462119714815428e-01 1.006489116983451115e-01 -2.573130555156193378e-01 -1.815438618749596333e-01 3.402754786411311128e-01 -9.973369992008201956e-01
-1.105639499981404761e+00 7.735746294757006591e-01 1.341396417361966797e+00 6.914701764192539013e-01 1.465399383689835744e-01 3.219336109537718649e+00 2.025685701893733093e+00 9.951668072999662884e-02 -1.377613681823388170e+00 9.216093061263315178e-01 -8.317141266072565209e-01 -2.642885017504913447e-01
2.526600553137480776e-01 1.411149509847736239e+00 -9.257132835413893826e-03 1.178736007086134574e+00 3.551422836781090164e-01 1.589237997667922730e+00 -1.481198816594702539e+00 2.737566018397647460e-01 1.490790545733090333e+00 -1.539129563543002011e+00 8.402735710519088075e-01 3.293956184448594282e-01
-2.106836677153349324e+00 -1.299346032399204265e-01 -1.633973483285212636e+00 3.608251838839778292e-01 -5.282905950103009562e-01 9.201998193272162840e-01 3.602249650395911718e-01 2.983490013762090665e-01 -9.495236529314475815e-01 6.751434663171800299e-01 -6.296900574822553720e-01 1.616373413775213708e+00
-2.057589932234734909e-01 1.735294015880475271e+00 -3.636051570640663200e-01 9.255640411444657767e-01 1.217464677506573167e+00 -3.704854785210447421e-01 -7.526197479408216484e-01 -4.509769920012370870e-01 1.720475403885043664e-01 -1.534909753596963577e+00 -8.425720784636492322e-02 9.820417143596471554e-01
