-9.955234818660056106e+00
-9.670227728104441312e+00
-9.855312161450772379e+00
-9.609244855083254322e+00
-1.001956366580212432e+01
-9.571050962140333240e+00
-9.931112386647532375e+00
-9.841958978558379201e+00
-1.002425882467453455e+01
-9.403796241331027872e+00
-9.427040047698824310e+00
-9.807967012537451623e+00
-9.827744736689584926e+00
-9.803249460199793930e+00
-9.859611648033553166e+00
-9.816862255870191234e+00
-9.676933716667983632e+00
-9.698423024437200723e+00
-9.017738844753067085e+00
-9.697784797395041068e+00
-9.831750635853142128e+00
-9.588493956901608328e+00
-9.798398924984955016e+00
-9.976297978341090555e+00
-9.451573139680073510e+00
-9.606104358356953199e+00
-9.987114646729603251e+00
-9.426554549316385589e+00
-9.993698130666775370e+00
-1.005009002368391968e+01
-9.863831083152186707e+00
-9.830550875884020101e+00
-9.873971860996576311e+00
-9.466776418489006417e+00
-9.375951752880956391e+00
-9.635752268965262601e+00
-9.624185598100972072e+00
-9.762676470963814523e+00
-1.008311539428096459e+01
-9.439799756800713482e+00
-9.853313290114986245e+00
-9.498357432758536945e+00
-9.028711047107625731e+00
-9.783587610111784016e+00
-9.705425374017163875e+00
-9.959298710698906376e+00
-9.901062752831780500e+00
-9.546302441734669131e+00
-9.684471663684529830e+00
-9.471301689864972673e+00
-9.453615603700402659e+00
-9.952060363387346342e+00
-9.581407098588833549e+00
-9.602070496479385042e+00
-9.758602937257887078e+00
-9.689826860818541832e+00
-9.688178511377421032e+00
-9.917018021373088743e+00
-9.503341418798679996e+00
-9.602383020229169119e+00
-9.668626916485095535e+00
-9.437113489925456733e+00
-9.584543473318166917e+00
-9.868841975301119618e+00
-9.677986421889601232e+00
-9.499806193034487478e+00
-9.916768023937024168e+00
-9.658358578373045233e+00
-9.518143695189859699e+00
-9.797736451559488913e+00
-9.713334094649347605e+00
-9.738693876685971418e+00
-9.554408005448845387e+00
-9.635677078997986200e+00
-9.902849525727715374e+00
-9.754689803353977950e+00
-9.691710995304653409e+00
-9.649977330830148858e+00
-9.537391620359700894e+00
-9.619627472932897660e+00
-9.777841728825675816e+00
-9.791185471440709165e+00
-9.734273351930216478e+00
-9.655261685832002172e+00
-9.620060903247450668e+00
-9.363207341608124068e+00
-9.465239478536018325e+00
-9.403083875405979342e+00
-9.588500454733861034e+00
-9.636324974056678982e+00
-9.352050234292310193e+00
-9.358948642567368026e+00
-9.619644103658419709e+00
-9.579230685435938142e+00
-9.786933317662711573e+00
-9.854917586413526109e+00
-9.495201502951905681e+00
-1.016643828333094746e+01
-9.563968687401388280e+00
-9.595638546330569341e+00
