5.991556070464266331e-02 6.611850078562794830e-02 8.328995971081240568e-02 5.890920098946642730e-02 7.385930075105175130e-02 8.690693025944801198e-02 7.260364293171535366e-02 5.335868557846625004e-02 6.011132016920710253e-02 7.818693976823307135e-02
5.384409957960229615e-02 6.394884656536747869e-02 8.974186157047600587e-02 7.524940835556211127e-02 6.019593449894088122e-02 9.592272217783490151e-02 7.734137225380828540e-02 5.700995837438802699e-02 5.546146058219338093e-02 6.709962863240710729e-02
7.009661815915443905e-02 6.487176374035602544e-02 5.652932649612133625e-02 6.682517924474640214e-02 8.840122515006551551e-02 7.907750220359355264e-02 7.358100992106715588e-02 6.821290573198802998e-02 6.674268528266366629e-02 5.747396475233263607e-02
7.381733679637718371e-02 7.604403069762637191e-02 6.766332969931049268e-02 7.609943030564214617e-02 6.008759666084273476e-02 5.766770777168449269e-02 6.643631338088033800e-02 9.710517326616069367e-02 7.019345530469769945e-02 4.934766342124809191e-02
6.100055367621576990e-02 6.239146639468700489e-02 6.816456069794821215e-02 8.484456329518524909e-02 5.842831024682552943e-02 7.015067341220446173e-02 8.215852409823512503e-02 7.936291439968098937e-02 5.617185475512705833e-02 6.953930562424918971e-02
5.576437946783040223e-02 8.617501238303663935e-02 6.943964697456725399e-02 5.691320884249953527e-02 5.966101598438064424e-02 9.131137876968362099e-02 6.500380202206740288e-02 6.877306225290653885e-02 7.682580882653496090e-02 6.374937331971566867e-02
6.953814004219326106e-02 6.933702819869561051e-02 6.726038102092198046e-02 6.632287747341657214e-02 7.940278410425900824e-02 7.884568633087284117e-02 6.243630478389480820e-02 6.075078542965266920e-02 7.366852448440361356e-02 6.268295557535347173e-02
6.886175972433079828e-02 6.266605371768241284e-02 7.306963912602559841e-02 5.847295814603020725e-02 7.037383650742701224e-02 6.291689135483877204e-02 6.613392415691876636e-02 7.077011639484465100e-02 6.743868903226815648e-02 9.047079012592788849e-02
7.012647270369792851e-02 6.445433979920715817e-02 7.545449398768182270e-02 7.613857468674002649e-02 6.224351068174723695e-02 7.604750039424119923e-02 7.688951590937957714e-02 6.314896213667953173e-02 5.909210873295438204e-02 6.676762608819512834e-02
6.974846812364716986e-02 6.718985444357256087e-02 5.782658700269654312e-02 6.481220776245724680e-02 8.604851973056806824e-02 7.275478831877990604e-02 8.466457999197501971e-02 5.986173746735695689e-02 6.904143552228350633e-02 5.996076387564241994e-02
6.590269791846956049e-02 7.033135318750682874e-02 9.074017477571158508e-02 6.896796188116055548e-02 5.851071711540421078e-02 8.469731182087905652e-02 7.147225062544221297e-02 4.202802137990437059e-02 5.566425194710645369e-02 8.926712509907566706e-02
7.313138993079797145e-02 6.238007591558884096e-02 7.010144241627300210e-02 6.560660536345543081e-02 7.203653078376454078e-02 7.120392204199856023e-02 6.262619146330578035e-02 8.625595103976432809e-02 5.830919842967693945e-02 6.909202837510231010e-02
6.711261796636100452e-02 6.348847898003434631e-02 7.178811258687239905e-02 7.483854163975582618e-02 6.831519564233075326e-02 5.669050057345068061e-02 7.492276682754525630e-02 8.576861661837859030e-02 5.851798691864772833e-02 6.982209654700817503e-02
7.131932334739780888e-02 6.031251552844021230e-02 6.548496005106285711e-02 6.496966581296115262e-02 7.048908329884316648e-02 7.589408740664466135e-02 7.793496504385105661e-02 6.023713148683166457e-02 7.618849480910425132e-02 6.732705505826322434e-02
6.895501997085362600e-02 8.268897435530728202e-02 6.945208334756697299e-02 7.058964222582510273e-02 7.050556801772769888e-02 6.429011019893274281e-02 6.630844735872727658e-02 7.780019932218466827e-02 6.470627980647887523e-02 5.543627521944946568e-02
6.926390918063808633e-02 7.287627778923380650e-02 6.446145001111328043e-02 6.644682675601126798e-02 7.030838661370880649e-02 5.641770898557867814e-02 7.094269233645301986e-02 7.080603813464098062e-02 7.270950714289872718e-02 7.559414303607225882e-02
6.938915772330839227e-02 7.723899203149001136e-02 6.101869247017988745e-02 6.895723711350401630e-02 7.829718024441262303e-02 6.622762378800789440e-02 7.079237040226975253e-02 6.823372690127840756e-02 6.916269642415726060e-02 6.060830027482962123e-02
7.609927293591586817e-02 6.924099881583858918e-02 6.058645450479326067e-02 7.471408039020610570e-02 8.177363349185065577e-02 5.934892577627891297e-02 5.885522890188804590e-02 8.125765201270680749e-02 6.610875330909482539e-02 6.351399089042189527e-02
9.094237966080445656e-02 7.607471605071128296e-02 4.963335261185231745e-02 8.105532263547206295e-02 6.212563916974454814e-02 6.404364452736822921e-02 6.099271769071622218e-02 8.050177490377791178e-02 6.800927108829392387e-02 6.062837354755178099e-02
6.313196834439945004e-02 7.428155526785727714e-02 7.720856876414478043e-02 7.761501061290222714e-02 6.621858752654587177e-02 5.633434037010857237e-02 6.719974860562927255e-02 6.997460746862754766e-02 6.202645186692479218e-02 7.665462676263132269e-02
6.698778187535249506e-02 6.967715235441392096e-02 5.866041144979142197e-02 7.544283550117773796e-02 6.231345841640478778e-02 6.843519995542757250e-02 6.625644953956369432e-02 7.949602020698873228e-02 7.326149928444258830e-02 6.947297657331982790e-02
6.847364744578229856e-02 7.228163636841364315e-02 6.715908384876853598e-02 6.914235849850081106e-02 6.550331585595242645e-02 7.940791222067014599e-02 7.544845126703655924e-02 5.597210812467155738e-02 6.163237524471380790e-02 7.550531149719927337e-02
6.406592342692306319e-02 7.005426644843813777e-02 7.614493919601734995e-02 5.828061015463115169e-02 6.857769035750972686e-02 6.916413920999156528e-02 6.237733174192840180e-02 7.533269242407356070e-02 8.170171396034722755e-02 6.480729416818994948e-02
7.447952665399652783e-02 6.784938147790584018e-02 7.424840847158360735e-02 6.045533711128360521e-02 6.867162527420328511e-02 7.163718658943522832e-02 7.323631474346661840e-02 7.462090245102553920e-02 5.433194535395080571e-02 7.088507113611439148e-02
5.053445801916893465e-02 7.162338655969766044e-02 7.684086194090736233e-02 7.151171592526849030e-02 7.425395994340158734e-02 7.661424656769627584e-02 7.289770585802712866e-02 5.098587425220708902e-02 7.202298621542677082e-02 7.525959984621327648e-02
5.864014227150143171e-02 6.894937676092255385e-02 7.339978099035605885e-02 6.565809732039490365e-02 6.175531809077623724e-02 7.647589766166534853e-02 7.798127242531008307e-02 7.122905694858933101e-02 6.019957353354614404e-02 7.626154559002111533e-02
7.917964662507086249e-02 6.741088809998037334e-02 6.545571406270424275e-02 7.947311072252224995e-02 7.495735272978884534e-02 7.036598080289557799e-02 7.494014875678120524e-02 6.127018096840000649e-02 4.978726030182622359e-02 6.895970130002049281e-02
6.827958247400464642e-02 7.119414413552653531e-02 6.190000940536698193e-02 6.301585173916096627e-02 6.125135348153580572e-02 6.374024811429704340e-02 6.120784878572169130e-02 7.702259580540968265e-02 7.665083308676232110e-02 8.698935041524243073e-02
5.319574834305263594e-02 7.591243490113233627e-02 6.459929462081476226e-02 6.375160687527595127e-02 8.149034726463154354e-02 6.083939327730944480e-02 6.800567444622587776e-02 7.939654615748140132e-02 7.765644755834204271e-02 6.687271608940537071e-02
5.879413600065607620e-02 7.106332036354280624e-02 7.838832547780721915e-02 6.024910129452737406e-02 6.251158777458820648e-02 8.957782257155294525e-02 7.351575875195817678e-02 6.323807095929483146e-02 7.677616755158678252e-02 5.828542265397683442e-02
7.305117831958773955e-02 5.956672013076295957e-02 6.069503508769875932e-02 6.554609267851421728e-02 7.016535806270388087e-02 6.199208556258469643e-02 7.009726485539487240e-02 7.012866116976147757e-02 7.471783335632598000e-02 8.475550445498540586e-02
8.357919727368361140e-02 5.597618129609258086e-02 5.227638819567056311e-02 8.315278582606255853e-02 7.845307733688017260e-02 7.852213672498092878e-02 6.537387926941717886e-02 6.858717566766883711e-02 6.046008158603483063e-02 6.686631453884334109e-02
7.463240235671131373e-02 5.576177034470969351e-02 6.573530108983327569e-02 7.205105782794983538e-02 6.795283156654000067e-02 5.983783017679586425e-02 7.561814982202280655e-02 6.783958834525591342e-02 8.545763259666301626e-02 6.624259213071484464e-02
6.078708879989686009e-02 6.956442098504064808e-02 6.114875475434512764e-02 7.069076497243603763e-02 6.874980071730894815e-02 7.329390665420605633e-02 7.524639934063223623e-02 7.052183933172234687e-02 8.342730140742375677e-02 5.738458635309682393e-02
5.565131994786167574e-02 6.185324136573017856e-02 7.662965017360921782e-02 7.348492883905360928e-02 6.366406837279670050e-02 6.517620756378279812e-02 7.402221199742431423e-02 6.468188627465454310e-02 7.790479711091183312e-02 7.789504618567136274e-02
6.513983926746666486e-02 9.304529115737546208e-02 6.578443058656074927e-02 6.517128844515190922e-02 7.368044915442049925e-02 6.005464345649504793e-02 6.305049335400741972e-02 7.285683411956908606e-02 7.757697657105935840e-02 5.611390660314088952e-02
5.560993338027776789e-02 7.337862826182410536e-02 7.164319750598735492e-02 5.877642603546287536e-02 6.277702234795409786e-02 9.243016512123194972e-02 6.498645816472314873e-02 5.978247193008778826e-02 8.260166630146537070e-02 7.121805032223077481e-02
5.843122494943811529e-02 6.365857258805222851e-02 6.859118063793978592e-02 6.534334053872196957e-02 7.249920046324437317e-02 6.150360179193640336e-02 8.834851789186826121e-02 7.210380359871199074e-02 6.488403346225214696e-02 7.582324267480763935e-02
7.182593390689714918e-02 5.868865020916677611e-02 9.439270796589797896e-02 7.347340185808873270e-02 5.062806797223844829e-02 6.947200479729295775e-02 6.693229371968925645e-02 6.206101725595623148e-02 7.402260767083108928e-02 7.175840420875362335e-02
7.954602820039981259e-02 6.724244579048221926e-02 6.925259457184601564e-02 7.720733762660762778e-02 6.280613989667946373e-02 6.715387958248114630e-02 6.815125645380050445e-02 6.369545663046452533e-02 6.728325909083765488e-02 6.738604601150753604e-02
7.778890677886443616e-02 6.990901504931827659e-02 6.312678658290600542e-02 8.822526518138991414e-02 6.148788505405439198e-02 6.728836361617333839e-02 6.225411131108307683e-02 6.973777487731808167e-02 6.179336893070773440e-02 6.943242731506601984e-02
6.921430148386147063e-02 6.859154984142308564e-02 5.897941625921077069e-02 8.298876886687234222e-02 6.170900539678221552e-02 5.784987432712018762e-02 7.020655729389373156e-02 7.730472773072535886e-02 7.673944030170920527e-02 6.751038910115336744e-02
7.789305664303416976e-02 6.398394767814168105e-02 6.741461947329296933e-02 7.936597867136288564e-02 5.572616700906837806e-02 6.324573486336031169e-02 7.655540047903022782e-02 6.330457355123952912e-02 6.413861082578908857e-02 7.968490286477231122e-02
6.986514751094211051e-02 5.946440571789168156e-02 7.221313856020981914e-02 7.214211969746392450e-02 6.286661548906591346e-02 7.973547683303917888e-02 7.570528814050458966e-02 5.527416596070817284e-02 5.916112870530673695e-02 8.576706352786124532e-02
7.392446040978167821e-02 8.854695846251671443e-02 7.871256049147319633e-02 6.442478966240713922e-02 6.618292998909044988e-02 5.463528492257741648e-02 6.704482275256565260e-02 5.809147763717660562e-02 7.684694525592852821e-02 6.381442196472429662e-02
6.949043826620120157e-02 7.958808343008343111e-02 7.732051812370194233e-02 5.682123747933577607e-02 6.081211682883199549e-02 6.072709335249919238e-02 5.493595394198418774e-02 7.870288514429646387e-02 7.117961003357348160e-02 8.286629525201127944e-02
5.462569830935019161e-02 8.712295273894479775e-02 7.381272742525482600e-02 6.710367834851005409e-02 6.418435590160219417e-02 8.463482312739209479e-02 6.698329292127397361e-02 7.291102746928521117e-02 6.342177814327626395e-02 5.772755117232221400e-02
5.566052727376982756e-02 7.930638963898072047e-02 6.115434778325245374e-02 7.713969705163044310e-02 8.604986380506211840e-02 8.841385804788398639e-02 5.258298386027905613e-02 6.637024396808932636e-02 7.518675406226066338e-02 5.327096851779904857e-02
5.421743495378547606e-02 5.604456537761901697e-02 5.901891593046995621e-02 8.942424232791236494e-02 6.648933872083501173e-02 8.333468690883089058e-02 7.705375546122142372e-02 7.260333767168497543e-02 6.050968876322607853e-02 7.490446774871789559e-02
6.764411150605438572e-02 6.588992416115152517e-02 6.496120275548138145e-02 6.286340930985191700e-02 6.562781455472993519e-02 6.181862092592252389e-02 7.229419128150588181e-02 6.488977917298317799e-02 7.738442573531950641e-02 8.740678216808765721e-02
7.817353001128420076e-02 7.065952824054323733e-02 6.658021246176343277e-02 7.425184469314070890e-02 8.002279338100962147e-02 5.819351281628278028e-02 6.801880637308341249e-02 5.462022917703149294e-02 6.232323416480768652e-02 7.866337383061991484e-02
5.774437293811596900e-02 7.560922876294168260e-02 6.514104253479231776e-02 6.613463931423294029e-02 6.134185418006927321e-02 5.904054903079695299e-02 9.605243590053064162e-02 7.657254162967883082e-02 7.132260151148425709e-02 6.394140926037017447e-02
8.765665554479361299e-02 6.781058756262378640e-02 7.888947806964828613e-02 6.970355768047875600e-02 5.611407663609530028e-02 6.314386960288505268e-02 7.125437379808335914e-02 5.749334231868161865e-02 7.391938718970900157e-02 6.581807590573568456e-02
6.284464743672131537e-02 5.758478335633920864e-02 6.426187661299112563e-02 7.981055153888656772e-02 6.853610000724084939e-02 7.776899688072766437e-02 6.222612953728574176e-02 5.861747122212643962e-02 8.101666285550439273e-02 7.913195974836029212e-02
5.761947965405174454e-02 7.259881704893127174e-02 8.049757122348286109e-02 6.819677212694684465e-02 6.227064487330142423e-02 7.667533885185255638e-02 5.749085395490580869e-02 7.583871038735279235e-02 7.493143821305775498e-02 6.502011281150618660e-02
6.571774402819573202e-02 6.844698618051596462e-02 6.084065911598966758e-02 6.462390178340918223e-02 6.821666652175570333e-02 8.033986508624237077e-02 6.893852117780942257e-02 7.261981374123953337e-02 7.136523468092786926e-02 6.857126182432625450e-02
7.871299985134480592e-02 7.184871375902601720e-02 7.296440185191607752e-02 7.497444012588995454e-02 6.027132481834974326e-02 5.988870656703844386e-02 8.764777205324519871e-02 6.970414326575867514e-02 5.808678226523091015e-02 5.810761862820804091e-02
8.422052443401253918e-02 6.437480896995052826e-02 8.132461164316029389e-02 6.582708474225817952e-02 7.014890855683739157e-02 6.406769643811885406e-02 7.416209578991406204e-02 6.043127857326204000e-02 5.767643688482445435e-02 6.900731788943739731e-02
6.349809508141218695e-02 5.120187235943354093e-02 6.828358766095393717e-02 8.175728227641779200e-02 6.786249561722108858e-02 6.373185444741355510e-02 7.774542132245403081e-02 6.714269487951610160e-02 7.732133716570356585e-02 7.306783787844009503e-02
7.237682594956126869e-02 6.014365015968563266e-02 7.589258985023775161e-02 6.820041705650606301e-02 7.822553702952950161e-02 6.906757635343035995e-02 7.120829278905260740e-02 5.195772589381687789e-02 6.253258049158068321e-02 8.208293373644659496e-02
6.340475062375945658e-02 7.353079883510797721e-02 6.983960484008147618e-02 7.488961571156835251e-02 5.307679528033967808e-02 7.871280264042976316e-02 7.596165500743615184e-02 6.434815516685721271e-02 7.191625596407449916e-02 6.517509650072481064e-02
6.973281992208872626e-02 6.428824839480291875e-02 6.138822340028468605e-02 9.092268929931693333e-02 7.625696903129715321e-02 6.343333022685718192e-02 7.098507092591316292e-02 6.044739764732778159e-02 6.866546011121445192e-02 6.524995614117196086e-02
5.746370135756363740e-02 6.516021742608726908e-02 9.123563775922274854e-02 7.818146001694162295e-02 6.783238991293144560e-02 7.553603196240882278e-02 6.586120575143143696e-02 6.640191738640320585e-02 6.431246729618973756e-02 5.999822611077733348e-02
6.003826679399369010e-02 7.854143536649330071e-02 7.120808647297187377e-02 6.892391885630264059e-02 7.794727209156977754e-02 6.991192443197730144e-02 5.049272631366694131e-02 6.618164595310233045e-02 7.976364063322545495e-02 6.874175374441476860e-02
6.772820930469450329e-02 6.341920964760297541e-02 6.270191731409772984e-02 7.338860275423861323e-02 6.960829890203926174e-02 7.642044769082727285e-02 6.083085390084250199e-02 6.692265012419534864e-02 7.005817727539923045e-02 7.888610602335757727e-02
7.773166206037479542e-02 6.217326153192851562e-02 7.091257339974815777e-02 7.147141681115978806e-02 5.131376433020805317e-02 5.754366805822651310e-02 6.930806085087364010e-02 8.996397298769406858e-02 7.414133893192066671e-02 6.822452588141462992e-02
5.300705453605611406e-02 6.952612890313852878e-02 9.625619727169579254e-02 6.296417555505838537e-02 7.198243553002572903e-02 7.078978591458472136e-02 6.161018026178612106e-02 5.991376233633645410e-02 7.309056701235061571e-02 7.410368285223620233e-02
5.472689724952166379e-02 5.812266225857761620e-02 7.070496100012929608e-02 7.293835467949230655e-02 6.155769666067011786e-02 7.101406402190355016e-02 7.973280677749380874e-02 6.873534130862846148e-02 8.605956407237540240e-02 6.828727971550502263e-02
6.987240108747121148e-02 6.210171491409906958e-02 7.192390299611051141e-02 7.258926730949682993e-02 6.647221997976165975e-02 7.022220378423663090e-02 6.158194924037951185e-02 7.930433001494091583e-02 5.704559055428758130e-02 7.948847891222192430e-02
6.775816850061594510e-02 7.065485687709463503e-02 6.257225224739521030e-02 8.071773481609120782e-02 6.321830415683114823e-02 6.450608445162059335e-02 7.226765369667211003e-02 6.168066725682636031e-02 6.210411337891162675e-02 8.555823395849770918e-02
6.210718890493142214e-02 6.152548960735630679e-02 7.134605096540491687e-02 8.258488897983380650e-02 6.136938041342953482e-02 6.543084549132187344e-02 7.219213142128576288e-02 7.147735654121389892e-02 7.064288302525546792e-02 7.157941795485833758e-02
7.344735815730984996e-02 6.819926237139393999e-02 6.416829953235136941e-02 6.451049809132324009e-02 6.099564743032932085e-02 5.834950765008359991e-02 7.144852741390074480e-02 8.759875419835116972e-02 6.851433303210399672e-02 7.380780271767156675e-02
6.114824167614973938e-02 9.761600806896660043e-02 7.435488570916271023e-02 5.370891577221456603e-02 6.728714937095214843e-02 8.136684518688640233e-02 7.170324550090763360e-02 5.546443335425496612e-02 7.963792223123461467e-02 5.338490553903306457e-02
6.146220093730932199e-02 8.693222769173665487e-02 9.325950054115941801e-02 5.797486056043291147e-02 7.702132480117146462e-02 6.822521651423277267e-02 5.141733239442287939e-02 6.588290506165608851e-02 6.947928017881761786e-02 6.268225688942123675e-02
5.845838693188228075e-02 8.205868584561007428e-02 6.801431037018090819e-02 7.726248788410039481e-02 6.653769409089924092e-02 7.337250588469744483e-02 6.678629709566460959e-02 7.546663698771977069e-02 6.277738087559081581e-02 6.005235850259241226e-02
6.608087598221698555e-02 6.293925155630913926e-02 7.878714623936951267e-02 7.571484032612560422e-02 8.835739907547687788e-02 6.429132259465099308e-02 6.284230075130423088e-02 7.130760040674756495e-02 6.114662220591488007e-02 6.009033864886631493e-02
5.829501212465333648e-02 6.131384443481924240e-02 8.715215779619014946e-02 7.838607093618493726e-02 6.419401540409383489e-02 7.617692505677417514e-02 7.845212282364379119e-02 5.829946376768740945e-02 6.022413167621737395e-02 6.987355087225456673e-02
7.496209801749477430e-02 7.620660543517709939e-02 6.484180424045347946e-02 7.099785849603615362e-02 8.094666467119407405e-02 5.921070307042858305e-02 7.166208432562687358e-02 5.696644869108516418e-02 6.664212626025735331e-02 6.823684545413424840e-02
5.893330661436079615e-02 6.786480299531232052e-02 8.507411882500157119e-02 7.030991064804024970e-02 5.712099947413591672e-02 7.211861696044075121e-02 8.854773116884909201e-02 5.239791070410020069e-02 5.943187245136506008e-02 8.256656178956615910e-02
7.287650762491401646e-02 5.852365283078730246e-02 6.275115378404347299e-02 6.075561385399094738e-02 6.574972432625707242e-02 8.462736641851709152e-02 8.152815651986100587e-02 6.126452845846039330e-02 6.249017798248511502e-02 8.159918193613788229e-02
7.452168817848664473e-02 7.210059705367680150e-02 5.810414903863721225e-02 6.827618524075006190e-02 6.612561816515032109e-02 7.080166089735071000e-02 7.397367016999169265e-02 7.535275258339430016e-02 6.516397392678806300e-02 6.538771437076024151e-02
6.412288223446888091e-02 6.474937426731396106e-02 6.299253162325885169e-02 7.231909406138770091e-02 6.554163456885535310e-02 9.149123382125888548e-02 5.851933042852314887e-02 7.658365245809695132e-02 6.858996498035183076e-02 6.655964895586351238e-02
7.431914061395891724e-02 6.031688513090207454e-02 8.670919814575453466e-02 7.365107087085601134e-02 6.044910995275148968e-02 6.649623943799595760e-02 7.163632123137683716e-02 7.288668243773645250e-02 6.423541416323244602e-02 6.041217611081013683e-02
6.063396358989105867e-02 7.633002891669780909e-02 6.348656334472094209e-02 6.211559921336277240e-02 6.712724223727081774e-02 7.833551606982168403e-02 6.382639133458913039e-02 7.203858015694483696e-02 8.584748675333549184e-02 6.153006485143776988e-02
7.130876208587286214e-02 6.988303185732931688e-02 4.991166786730603933e-02 6.210707285374753722e-02 7.732296526010483395e-02 6.841854011144650471e-02 6.907896290833835662e-02 7.177478595737574185e-02 7.936695025619532051e-02 7.216381104860163098e-02
7.166613135898491915e-02 7.035552601121768113e-02 6.347378485854396346e-02 5.235484951413573590e-02 7.060708631392864643e-02 7.096136371300162948e-02 6.582921288221467437e-02 8.913826395237961497e-02 7.624140907708462644e-02 6.137118553050424641e-02
6.817713382848632209e-02 7.199649768771512748e-02 6.748091263505986981e-02 6.682515023858207059e-02 7.273137166478205184e-02 6.890506790473839571e-02 6.756132567739511763e-02 5.755685651792399882e-02 6.389185331663300993e-02 8.535301760302377305e-02
7.359541930272381349e-02 6.419766122787422258e-02 7.269674859774705178e-02 5.613252729435057320e-02 7.013592210735603016e-02 8.436983131699847538e-02 5.194397803946103342e-02 7.118938620752232604e-02 7.458024280230576841e-02 7.311177161383600187e-02
8.839910133877620924e-02 5.287309880201933321e-02 6.271220684441339288e-02 7.038469267274868879e-02 6.668028622389983451e-02 6.489083641564424854e-02 8.869787359894006074e-02 6.779890352014396326e-02 6.024474077644470515e-02 7.041420499572936809e-02
6.550218891478273853e-02 6.563082332007276476e-02 6.652584302379849213e-02 6.519054433170615170e-02 8.975902706505817230e-02 8.136179364120471602e-02 7.162304333907851261e-02 6.983598937818003005e-02 6.419957806490912688e-02 5.257147001459395314e-02
7.191118685552495837e-02 5.692650240379428656e-02 5.755080122263316750e-02 7.493525170261604307e-02 5.405785497469260681e-02 8.903264625065376858e-02 8.233074272324918119e-02 6.256302525062956699e-02 7.390367676315851009e-02 7.001518944161488900e-02
6.053223584038306543e-02 7.204914902610064231e-02 6.906219184868853112e-02 6.904952460754841537e-02 7.660816766442012093e-02 7.702638567147060411e-02 6.107066507036525843e-02 5.687783942485322847e-02 7.572665914222320716e-02 7.265824928109265723e-02
8.052484746545586491e-02 8.301398917121632914e-02 5.662373092131803287e-02 6.182978020291622634e-02 6.358860155822190774e-02 8.498508508224653091e-02 5.395183272743485359e-02 7.373613491680980347e-02 7.633339198801981917e-02 5.882750487986778548e-02
6.725085166172788120e-02 7.375712675574595811e-02 6.406990298709136500e-02 6.479054518643047322e-02 7.915419218820489433e-02 6.393110501556512060e-02 7.156504577151545643e-02 5.948042497894343722e-02 7.648004728054080825e-02 6.959128528649850820e-02
7.521287914188026780e-02 5.965106722353592794e-02 8.834437014722359982e-02 9.205065553857848248e-02 5.510966922826032732e-02 5.244632291858565554e-02 6.301795125026167510e-02 7.233368566054554361e-02 6.391268126203726585e-02 7.260534789433523151e-02
7.041472353011023200e-02 6.604279193644188584e-02 7.201323431898298821e-02 6.081808481639089381e-02 7.022020442838289300e-02 7.081142557340275312e-02 6.448417354275444435e-02 7.734971849474862882e-02 6.398044460226033625e-02 7.348808025016441425e-02
8.205302555248532304e-02 5.191412834094362438e-02 6.457939463251602397e-02 6.529358793670125838e-02 6.147877515410944682e-02 6.767280227796970693e-02 7.589155012425793934e-02 7.652781186391499624e-02 6.124738508121371078e-02 8.596062746702276547e-02
8.409087156919159423e-02 7.413641822733671449e-02 7.365204652922227591e-02 7.526242715202927092e-02 5.043544467936017517e-02 5.967659426128555517e-02 9.148401080675443164e-02 5.892595130945487564e-02 6.091675840138575243e-02 6.567216580442565566e-02
5.432709878110522639e-02 6.807282495981267778e-02 6.666432500724414623e-02 7.741128815757010451e-02 6.755031298473659906e-02 6.967400744536961232e-02 9.936305709613924009e-02 6.104267048995269673e-02 6.289675682240808419e-02 6.634737697637260734e-02
7.410400395023998554e-02 6.777779483974545605e-02 5.906056846244706060e-02 6.873861361406302661e-02 8.212007287897746255e-02 7.177930447591965302e-02 6.247915375108679947e-02 5.810833010078869654e-02 7.513564744305026299e-02 7.145608356320551358e-02
