2.812002584739952127e-01 2.942763081516051593e-01 3.278414701903538120e-01 2.781789936115911521e-01 3.103289056944296131e-01 3.326931061072097573e-01 3.075271684617763013e-01 2.674897369327116081e-01 2.817793323765285796e-01 3.186847199998002478e-01
2.681358376394749610e-01 2.902553864410861717e-01 3.379325656238650888e-01 3.125533072923570854e-01 2.809563596183872747e-01 3.489839059228269091e-01 3.156240363317953657e-01 2.760726279641524394e-01 2.717485383720155689e-01 2.977374347940359156e-01
3.031802980620573740e-01 2.920895330733357387e-01 2.744724054579242845e-01 2.958008188878832323e-01 3.357983289376725300e-01 3.187479305232744919e-01 3.092616262835830576e-01 2.981767956698698763e-01 2.966660370156005144e-01 2.758062260887992334e-01
3.106231388341795796e-01 3.135013305919302495e-01 2.970817952137387863e-01 3.147426375385432573e-01 2.812949904554370439e-01 2.779480101755665844e-01 2.944898585296810145e-01 3.503753881707338813e-01 3.030787080698679747e-01 2.568641424203255141e-01
2.833184777736603710e-01 2.878300190860889618e-01 2.977962156181527265e-01 3.306518634216162322e-01 2.772477945401120580e-01 3.032462840983208285e-01 3.241383554433799885e-01 3.206737416366357563e-01 2.723616759304142154e-01 3.027355724516173074e-01
2.717228641430158298e-01 3.329475704610609377e-01 3.004215220554731225e-01 2.763024593799685014e-01 2.801066166020710901e-01 3.417296999352634757e-01 2.912656101804114162e-01 3.001724675646064711e-01 3.150388327579807246e-01 2.902923569201520948e-01
3.019801637509586523e-01 3.005940231299800702e-01 2.970311281558701832e-01 2.946652736479390411e-01 3.197992269941755117e-01 3.189069098824217630e-01 2.870367097275670076e-01 2.830762987670143449e-01 3.101864479390026297e-01 2.867238180050716290e-01
2.994533535513519418e-01 2.869987492860338607e-01 3.094992273976233665e-01 2.772096564048938117e-01 3.044593578275607282e-01 2.874262618111812495e-01 2.945536487814466864e-01 3.044561286504817721e-01 2.959179823065947179e-01 3.400256339828387486e-01
3.028862776698222348e-01 2.907462487441140331e-01 3.126029429780053381e-01 3.142157042830010516e-01 2.857904240700928078e-01 3.141384787233853504e-01 3.151052417097209846e-01 2.885593238989144771e-01 2.801447759060308185e-01 2.958105820169134592e-01
3.022482433405902502e-01 2.969643079449396650e-01 2.772380781102427583e-01 2.915045437116597915e-01 3.323947892543034910e-01 3.060477251682558464e-01 3.307572248787331581e-01 2.798168564553210613e-01 3.020654967781347122e-01 2.809627343578180447e-01
2.933905147295973181e-01 3.028418490045223788e-01 3.396023452577818791e-01 3.002753373431840123e-01 2.781555035900336037e-01 3.295851200365601530e-01 3.059084466592472129e-01 2.396174409324595966e-01 2.727505306454141021e-01 3.378729118011963295e-01
3.085393064729332613e-01 2.860424707200044381e-01 3.035159524713115786e-01 2.928104788358346089e-01 3.062049782242031726e-01 3.053407650364093895e-01 2.857855969450213696e-01 3.339050520335665184e-01 2.766068207462647477e-01 3.012485785144554673e-01
2.961832809640123632e-01 2.891219422597808286e-01 3.060125997582585633e-01 3.109890001241569779e-01 2.996236262848788190e-01 2.741763818334703728e-01 3.115531356294548582e-01 3.319619516006445115e-01 2.773742471339715188e-01 3.030038344113794024e-01
3.058248353141433395e-01 2.819270402971051359e-01 2.938641271231038354e-01 2.920189237008943284e-01 3.033155808975463996e-01 3.129225548537523660e-01 3.179810756679696260e-01 2.810118730423271649e-01 3.153017000458211982e-01 2.958322890573416020e-01
3.001800479933881549e-01 3.259909055934494537e-01 3.006325018007055538e-01 3.035100723257353472e-01 3.031241931634646725e-01 2.909288822454662582e-01 2.946928275284447230e-01 3.172367753063110585e-01 2.917735404311581071e-01 2.719302536118745062e-01
3.000438543818240156e-01 3.083267980766934979e-01 2.909233439587594061e-01 2.949651143051336133e-01 3.039095640783399666e-01 2.730194164974302229e-01 3.051004525418229973e-01 3.032834449225583762e-01 3.072609425390920856e-01 3.131670686983453189e-01
3.008808988085520664e-01 3.165362527461491049e-01 2.833640809745828770e-01 3.003227166819667504e-01 3.181543759376795344e-01 2.940244199135935155e-01 3.044564866566625283e-01 2.981093041176237080e-01 3.012403704188434395e-01 2.829110937443466423e-01
3.139774765658668865e-01 3.007474151950176311e-01 2.829616643526957631e-01 3.111737483208717459e-01 3.243866078992766466e-01 2.804773966552717157e-01 2.790097881773403454e-01 3.239600831744334775e-01 2.940701543241036608e-01 2.892356653351209061e-01
3.402915783810260830e-01 3.146334247890122948e-01 2.566241942927415254e-01 3.254604665923562790e-01 2.845859512941382730e-01 2.921581903820473780e-01 2.830665632911459895e-01 3.222668336614039619e-01 2.986443585659456779e-01 2.822684387501795955e-01
2.871763389757913121e-01 3.110684422817519001e-01 3.153999143957544327e-01 3.164948508603264710e-01 2.951879298458416345e-01 2.735333202447526313e-01 2.970985708675031312e-01 3.027119414078514037e-01 2.851388956404227182e-01 3.161897954800017008e-01
2.957850319589311328e-01 3.026509963704139272e-01 2.777538661434281742e-01 3.141631897681054220e-01 2.855469686249053618e-01 3.002208657517921875e-01 2.940195491414342444e-01 3.203940376849522820e-01 3.081003926526955095e-01 3.013651019033392053e-01
2.985817926234532460e-01 3.072532762030916187e-01 2.959460349175185301e-01 3.011401217332331237e-01 2.927529242373156926e-01 3.199268861936035990e-01 3.129572688889910581e-01 2.728006055694993104e-01 2.855044322666934198e-01 3.131366573666009012e-01
2.908358529815033844e-01 3.017208349127282196e-01 3.148632161932645723e-01 2.773093982081410447e-01 3.000425896508901458e-01 3.007124856466131257e-01 2.864916208018396526e-01 3.124919874267957365e-01 3.240719880895882588e-01 2.914600260886371919e-01
3.107528935253492941e-01 2.972717853712490421e-01 3.114596550689536780e-01 2.817935189344829561e-01 3.002921264110330890e-01 3.053112680589499250e-01 3.078030560765175894e-01 3.123200145152861817e-01 2.681344996741371611e-01 3.048611823640440255e-01
2.593249987127639322e-01 3.067684428779334227e-01 3.145821064857255989e-01 3.049964804702376409e-01 3.105772079497919891e-01 3.139320310967692595e-01 3.092036159577000731e-01 2.606075804789087513e-01 3.067495632708370223e-01 3.132579726993329761e-01
2.778030274660793220e-01 3.008998924772855466e-01 3.086099276123513979e-01 2.937271827463093787e-01 2.853324635339588577e-01 3.147401088720220841e-01 3.167942147522461172e-01 3.053462861314988341e-01 2.810342717047650263e-01 3.157126247034854893e-01
3.193534262773680688e-01 2.971233910203952555e-01 2.928650130442236321e-01 3.200662442732833401e-01 3.115291559353178252e-01 3.026377734600727010e-01 3.117942563110086551e-01 2.851394432346094909e-01 2.586402089539086013e-01 3.008510874898100984e-01
2.977638825105242693e-01 3.053418467302521089e-01 2.854406240046387655e-01 2.888783565395988129e-01 2.843993928512839053e-01 2.904795919122132863e-01 2.837388468975853284e-01 3.162302893413456717e-01 3.138136955620164925e-01 3.339134736505418033e-01
2.654655043414982929e-01 3.149493824167924338e-01 2.911010277769892629e-01 2.891582449177157454e-01 3.248242319687732471e-01 2.824386269664680427e-01 2.988972553568415291e-01 3.197063349515413266e-01 3.162043127191187519e-01 2.972550785842614229e-01
2.800534247705045998e-01 3.040557698609375747e-01 3.183420874080834517e-01 2.824398891735460659e-01 2.866015972096647713e-01 3.380891162351200574e-01 3.088143589475382811e-01 2.879713369354329200e-01 3.161441768506713657e-01 2.774882426084988030e-01
3.079657558399426232e-01 2.809208937201911338e-01 2.838303384347477532e-01 2.931497793398713525e-01 3.032554241876171952e-01 2.854863037837684359e-01 3.028706608800276201e-01 3.021863460886096142e-01 3.109085468945247954e-01 3.294259508307025297e-01
3.282198476849193525e-01 2.729781732701935804e-01 2.643434326099685650e-01 3.275786302682612838e-01 3.170988655269041390e-01 3.190628980620359156e-01 2.921078834074444242e-01 3.001286383835387039e-01 2.829224541989310282e-01 2.955591765878041732e-01
3.127009397939132240e-01 2.716265200611212016e-01 2.945243997159679994e-01 3.059984728464343329e-01 2.987165693971396419e-01 2.806768500635871688e-01 3.141507591648081688e-01 2.964485441378114094e-01 3.320233288733628330e-01 2.931336159458516333e-01
2.839765156216700337e-01 3.021430981520645820e-01 2.834626589748410197e-01 3.044923134477386384e-01 2.992136553111028330e-01 3.084224521677418895e-01 3.126178967865746450e-01 3.020751206011427215e-01 3.283022445087392938e-01 2.752940444283833998e-01
2.718662277821002338e-01 2.862762344924080771e-01 3.147382625015524571e-01 3.089101482955009526e-01 2.897012685563634671e-01 2.921901273116097597e-01 3.106300397881343045e-01 2.909011399024090672e-01 3.172424220763312430e-01 3.175441292935929360e-01
2.921527076838659198e-01 3.442078281349225666e-01 2.930336223072915192e-01 2.927708942326114894e-01 3.097827996771435055e-01 2.814834334882985178e-01 2.889946316776552671e-01 3.071953719061599752e-01 3.172561265545075226e-01 2.731225843375498785e-01
2.717726521486037439e-01 3.094430804668584223e-01 3.051491896719316088e-01 2.798274358965651687e-01 2.869726323958409209e-01 3.431780572869870261e-01 2.918194269358150850e-01 2.811231293102448570e-01 3.259391797656079337e-01 3.047752161215450117e-01
2.775342372419434822e-01 2.902635295924664294e-01 2.998226592686565883e-01 2.921132165710339512e-01 3.085483640333809285e-01 2.833754019022318160e-01 3.365964898276622708e-01 3.058341072596045818e-01 2.913946468576453785e-01 3.145173474453752949e-01
3.072797282430056454e-01 2.773605101771937642e-01 3.465170092871750485e-01 3.091569893345625375e-01 2.599663457748286888e-01 3.026353611176650360e-01 2.958063468769356330e-01 2.860691613456538551e-01 3.106675047203616979e-01 3.045410431226215353e-01
3.207573380345266068e-01 2.963081931751593845e-01 3.004747551507259695e-01 3.164698444803418220e-01 2.870386490490082765e-01 2.971304427242338342e-01 2.986837542864179129e-01 2.893029061529478474e-01 2.975714451535504956e-01 2.962626717930875730e-01
3.168205070042880989e-01 3.024645522517848684e-01 2.871530161071358389e-01 3.368911684342329460e-01 2.833983795278659512e-01 2.984742821840240534e-01 2.857164709321700080e-01 3.025746571389493211e-01 2.853430623247603659e-01 3.011639040947882151e-01
3.004502401499576925e-01 3.004736279495492379e-01 2.782916761830800390e-01 3.277704633404494028e-01 2.847138454278587139e-01 2.775655490485968713e-01 3.029016190769280858e-01 3.155802534625308242e-01 3.152779560974836581e-01 2.969747692635625325e-01
3.171033402345603269e-01 2.902191709751948956e-01 2.965479217724618088e-01 3.208690177446875680e-01 2.717961868174363915e-01 2.890889353886764712e-01 3.150214692500947211e-01 2.884684941141489323e-01 2.906048055966315435e-01 3.202806581061080626e-01
3.018063092887499077e-01 2.805529321438083312e-01 3.066600545952866685e-01 3.065858687258010695e-01 2.873130059492515764e-01 3.207735879131046186e-01 3.131337934979566140e-01 2.717412936852833250e-01 2.797943063049143086e-01 3.316388478958480213e-01
3.097507104242189224e-01 3.358064368567068025e-01 3.185468343048079021e-01 2.905106266324258835e-01 2.960264955657616603e-01 2.688916880834744116e-01 2.986435960070441542e-01 2.762067738215304713e-01 3.167206624434995010e-01 2.888961758605329000e-01
3.002491166854616145e-01 3.201439245844562298e-01 3.166045817927590211e-01 2.743693971915030505e-01 2.843477964482808984e-01 2.843403862797632686e-01 2.697527934551663398e-01 3.201739392432995102e-01 3.030270632387259688e-01 3.269910010805837652e-01
2.690542108415270306e-01 3.346270311547073772e-01 3.086137149617340647e-01 2.973092031011522751e-01 2.895108844802842807e-01 3.301802663888954159e-01 2.951599519185278964e-01 3.087294648211209580e-01 2.884973170342909343e-01 2.783179552977632643e-01
2.722241599455347272e-01 3.210619858398070514e-01 2.828415129838632858e-01 3.167410138263281882e-01 3.305596656084419660e-01 3.368757590571941352e-01 2.642395562829491507e-01 2.956480321319036597e-01 3.127041937621478085e-01 2.671041205618309711e-01
2.681636808669257688e-01 2.753278473722738373e-01 2.784172142342464795e-01 3.389403612784880893e-01 2.936226145990033509e-01 3.277613411196827475e-01 3.146296856056334246e-01 3.080896532678388255e-01 2.818056492628571719e-01 3.132419523930517480e-01
2.968781838415368579e-01 2.945090576481899092e-01 2.922932839816434480e-01 2.877305112893404071e-01 2.944396335908409101e-01 2.849242063000148595e-01 3.075935619061638260e-01 2.913453682035284653e-01 3.160628526890653101e-01 3.342233405496776166e-01
3.172357994143703563e-01 3.036068901752942972e-01 2.952608030120660310e-01 3.098780645725865979e-01 3.220321677079333589e-01 2.765520943497037365e-01 3.002258883315058746e-01 2.693648583577525901e-01 2.871772280690282342e-01 3.186662060097531501e-01
2.760358412694022823e-01 3.143214802283015308e-01 2.917414277209743334e-01 2.949891349741731172e-01 2.855740395613785565e-01 2.784198082547171826e-01 3.495828915790485936e-01 3.136450262954392776e-01 3.050258450762453055e-01 2.906645050403130481e-01
3.358128886771130084e-01 2.965424952906605682e-01 3.194037938368419205e-01 3.017861465258908082e-01 2.732884316557654403e-01 2.886407460317879647e-01 3.056820458041807353e-01 2.751058332503634185e-01 3.116391379593901334e-01 2.920984809680086669e-01
2.879464672643202716e-01 2.771153686032785668e-01 2.902337774953808736e-01 3.215135370225452593e-01 2.982612820105683960e-01 3.176296865703515659e-01 2.864128935221452732e-01 2.784989529336401870e-01 3.232694617964596007e-01 3.191185727813093398e-01
2.765620283378407152e-01 3.073116126417142491e-01 3.218059874723095959e-01 2.989508704545815743e-01 2.857002214515064753e-01 3.164605198999744795e-01 2.749276838241782039e-01 3.144476919591755459e-01 3.110941635628762247e-01 2.927392203958369965e-01
2.935055365366109337e-01 2.997246531123898827e-01 2.832881952698013128e-01 2.921708605062779962e-01 2.980829745459930846e-01 3.221104597044080475e-01 2.994232690541418496e-01 3.075121154465748075e-01 3.046103689262571468e-01 2.995715668975489909e-01
3.192787024689721642e-01 3.053587488944021211e-01 3.077889397293643303e-01 3.118946707132125851e-01 2.826091898920877199e-01 2.810149602964342463e-01 3.352050874106570211e-01 3.009889140764266946e-01 2.786801037034977169e-01 2.771806828149436797e-01
3.293835635415521823e-01 2.894233259120972956e-01 3.247233362172106119e-01 2.925940158104901601e-01 3.036650315447668169e-01 2.895175245189820501e-01 3.109646369221463758e-01 2.826211288132297605e-01 2.772913336498859516e-01 2.998161030696417928e-01
2.900870069475735558e-01 2.619319048667571037e-01 2.992349124200430199e-01 3.241738026045295484e-01 2.979929225234194679e-01 2.891346091336249868e-01 3.175794470900579758e-01 2.956066370661851739e-01 3.166989873895007523e-01 3.075597699583101918e-01
3.070115271022468839e-01 2.813564028665672678e-01 3.144610920751155780e-01 2.974971513419430447e-01 3.187405547414197127e-01 2.993018114107335870e-01 3.058412946303614710e-01 2.634781848004922877e-01 2.875528963657051351e-01 3.247590846654153651e-01
2.888580387173524944e-01 3.097471967065652532e-01 3.006933301033137829e-01 3.134465453563336501e-01 2.647833223309566386e-01 3.197996430096033960e-01 3.133457332328941636e-01 2.903732928924659951e-01 3.066485301130292829e-01 2.923043675374841222e-01
3.018951444449188837e-01 2.914348325817215368e-01 2.837345442476267854e-01 3.406327436393146169e-01 3.137698685526749687e-01 2.884871792198665519e-01 3.052511593979440052e-01 2.817653389723324131e-01 3.007800874104902267e-01 2.922491015331135644e-01
2.770013865786410401e-01 2.920393488661173764e-01 3.407880928575819368e-01 3.173386850965000949e-01 2.973841005094258749e-01 3.133021235461883047e-01 2.934465511656457748e-01 2.956286443611079173e-01 2.909627214926947536e-01 2.821083455260943174e-01
2.812579911731761806e-01 3.188711315107081168e-01 3.041617340310975859e-01 3.000368130722291804e-01 3.170656512327328924e-01 3.027404046044954722e-01 2.600414814803062580e-01 2.953688086231558430e-01 3.203239228312277365e-01 3.001320614408785614e-01
2.973973151623512390e-01 2.894622168353908065e-01 2.871168458718916239e-01 3.094078628211875959e-01 3.005905900754198834e-01 3.153456587311319614e-01 2.827203762711949508e-01 2.969042857932865376e-01 3.017599955437940684e-01 3.192948528943483355e-01
3.177060120146134592e-01 2.855982137235403839e-01 3.042973057845893559e-01 3.058375519667269060e-01 2.618996480686483497e-01 2.779427014207110913e-01 3.001463712070623902e-01 3.386782643251484703e-01 3.098967221701284247e-01 2.979972093188316684e-01
2.658564192101340873e-01 3.011573789399337175e-01 3.495441056741401820e-01 2.866543627441792141e-01 3.070441362829854359e-01 3.033384507973799771e-01 2.856115585668928536e-01 2.819004099430099664e-01 3.079026224185807403e-01 3.109905554227619939e-01
2.707234125154592830e-01 2.782494762285552259e-01 3.034741743898715094e-01 3.083859547762105580e-01 2.847476682438188633e-01 3.040511503269289761e-01 3.209322117688274134e-01 2.985944944984401661e-01 3.323755401142663990e-01 2.984659171376221609e-01
3.015805235796975015e-01 2.860062655770021500e-01 3.063450575576602275e-01 3.071081057167624473e-01 2.947757320264368097e-01 3.038429892230734009e-01 2.835614218382776497e-01 3.219271362346248777e-01 2.734905808915719660e-01 3.213621873548883623e-01
2.964673345795203474e-01 3.049434092876769919e-01 2.858600710731057926e-01 3.234044770594492468e-01 2.880181567289526456e-01 2.913176049201474105e-01 3.070252599403671123e-01 2.854682155245458208e-01 2.857012966568829859e-01 3.317941742293506469e-01
2.862092909711660416e-01 2.854350405651034372e-01 3.043671879059178798e-01 3.262619411629534838e-01 2.839965947777213784e-01 2.935694596813251955e-01 3.063358858680935715e-01 3.050172629728427065e-01 3.033415119556792661e-01 3.054658241391994267e-01
3.085253408774075723e-01 2.987720945955909535e-01 2.906998981419242623e-01 2.914161975219221046e-01 2.844133593640528757e-01 2.784244294521871499e-01 3.047235321452463896e-01 3.347839312379842225e-01 2.983536474916759218e-01 3.098875691720068826e-01
2.843457446512378528e-01 3.513371258605088032e-01 3.103805864384612256e-01 2.679626637125475108e-01 2.972235083243855991e-01 3.230048254873189029e-01 3.066604041956615401e-01 2.703165976318763764e-01 3.224348450776139963e-01 2.663336986203856394e-01
2.846332014820772693e-01 3.328345246266030122e-01 3.447451088461512825e-01 2.758045751240680854e-01 3.165764150971582258e-01 2.989353614284682714e-01 2.623127871173860370e-01 2.952768761337877246e-01 3.007835651856949899e-01 2.880975849586005499e-01
2.775096359770823917e-01 3.259548713817426724e-01 2.969586191840422607e-01 3.170224837070624302e-01 2.942777149920662305e-01 3.095267694898064526e-01 2.950438285648865344e-01 3.134025992454046450e-01 2.871327666054194205e-01 2.831707108524916250e-01
2.952413699165471472e-01 2.870897899020530275e-01 3.196945646917044859e-01 3.118944059224936227e-01 3.363162302511775170e-01 2.901861015495987850e-01 2.878096427251453093e-01 3.053970904203553438e-01 2.841067543846559351e-01 2.822640502362699921e-01
2.782644883067654229e-01 2.844118811941669378e-01 3.337665230066074185e-01 3.178775326627698572e-01 2.902065637903926687e-01 3.139097370964900602e-01 3.184305875588372414e-01 2.780639039710665061e-01 2.825146201193433626e-01 3.025541622935603581e-01
3.114464522628203613e-01 3.143349180550941702e-01 2.915415024122727239e-01 3.037573417255038932e-01 3.237231021309990853e-01 2.785534346710319964e-01 3.075238956060408202e-01 2.739964855099933372e-01 2.966677173682901736e-01 2.984551502579571025e-01
2.785819512942305787e-01 2.985320750174944582e-01 3.298039407752941798e-01 3.028716571193250662e-01 2.757636598974753106e-01 3.058212738603484637e-01 3.370515224084001948e-01 2.642503528443043148e-01 2.807653120424982163e-01 3.265582547406341019e-01
3.078923136084139034e-01 2.784418251250987408e-01 2.883728293394872688e-01 2.834586368641980325e-01 2.936768337889632541e-01 3.291796084872426476e-01 3.236506449102814487e-01 2.844452107604152902e-01 2.868567298426713541e-01 3.240253672732287815e-01
3.107482872610790592e-01 3.068242980702315936e-01 2.770588071931706642e-01 2.997859726885755416e-01 2.939980409301858888e-01 3.040463396354747827e-01 3.095385741561985649e-01 3.124988941751430938e-01 2.924860412809996424e-01 2.930147446089426122e-01
2.905767104528180211e-01 2.921295360221459747e-01 2.875975062704066443e-01 3.079922052250923525e-01 2.915624248611678460e-01 3.429231956759165589e-01 2.764781276064421922e-01 3.162977565662421497e-01 2.986847515445090195e-01 2.957577857752641259e-01
3.122020908781089066e-01 2.808241702816440810e-01 3.338317232603651430e-01 3.088042560799716951e-01 2.825920789010936129e-01 2.958187558746592227e-01 3.049929235389435833e-01 3.079890728191927440e-01 2.911299310630426351e-01 2.818149973029744348e-01
2.831469759789099205e-01 3.149319582622978064e-01 2.886014127830487386e-01 2.871154566776812356e-01 2.959553084996200401e-01 3.185544594028816845e-01 2.893836524748630290e-01 3.058791726392999788e-01 3.317800846751243204e-01 2.846515186062759106e-01
3.042945254477613659e-01 3.031606224044766096e-01 2.585520192070425161e-01 2.869914943269323282e-01 3.163251478495649471e-01 2.986118338570223907e-01 3.008265978512563166e-01 3.050403642600461596e-01 3.199968570864143436e-01 3.062005377094836889e-01
3.060793787853239856e-01 3.023303953473788219e-01 2.903914378538180463e-01 2.642124989241572131e-01 3.041368135985759724e-01 3.042467297778873037e-01 2.930933641211618257e-01 3.373836210999011653e-01 3.138127908166795099e-01 2.843129696751165447e-01
2.975652687270269325e-01 3.067072138033200557e-01 2.969763999658084352e-01 2.957430491822626850e-01 3.079335888410486555e-01 2.995517474587723328e-01 2.980515016266322981e-01 2.766622437837782389e-01 2.895289302914759721e-01 3.312800563198782799e-01
3.099204324608444416e-01 2.893385743907277430e-01 3.090137096880486989e-01 2.726982135055815437e-01 3.023006008724622440e-01 3.302424960483432148e-01 2.620452399213399897e-01 3.061873634489066243e-01 3.103231749891258717e-01 3.079301946746176299e-01
3.370675244141699833e-01 2.647539428191654221e-01 2.888294443161903979e-01 3.026269243295737210e-01 2.961628347817453211e-01 2.912915394396525248e-01 3.368132004078310260e-01 2.972823225809692604e-01 2.829570633876762331e-01 3.022152035230257772e-01
2.945020025148296638e-01 2.929938048367385361e-01 2.961445285761057367e-01 2.917643196101668002e-01 3.383079280239403852e-01 3.229481921018029222e-01 3.052315517937730371e-01 3.017331203605146395e-01 2.914392382649363955e-01 2.649353139171935489e-01
3.068419590220836657e-01 2.755130481903571016e-01 2.757132741945125809e-01 3.140653251559521464e-01 2.666144953261461170e-01 3.380308356512941592e-01 3.248714007954514038e-01 2.863349330402403803e-01 3.108181000583501996e-01 3.011966285656079156e-01
2.823947237884585904e-01 3.068451781222282793e-01 2.999411357313136461e-01 3.003894133121408627e-01 3.146140795762608633e-01 3.155196138148865792e-01 2.844493052862078208e-01 2.747738290135696704e-01 3.135190953270164949e-01 3.075536260279151390e-01
3.224614378202713683e-01 3.265690547691951218e-01 2.736426954356474539e-01 2.876390514899338502e-01 2.876937922861083630e-01 3.320506707530164747e-01 2.667704340490293369e-01 3.102508897526093934e-01 3.146504363292386697e-01 2.782715373149483584e-01
2.964601805717670957e-01 3.099261546778165899e-01 2.901741179439724649e-01 2.914105935373069167e-01 3.204471776686849127e-01 2.886827235705464734e-01 3.069678456843729641e-01 2.793491181228343057e-01 3.154707932716613872e-01 3.011112949510355574e-01
3.128980938533212353e-01 2.798944530962964583e-01 3.359835430386407529e-01 3.420939286692974424e-01 2.706595030733583984e-01 2.662926629260321532e-01 2.879658548170406784e-01 3.074394684558281465e-01 2.897091361689212996e-01 3.070633559012647673e-01
3.029840221200167938e-01 2.937818686920466993e-01 3.071389756144324856e-01 2.827389648002801015e-01 3.031145587955602627e-01 3.040929513547276919e-01 2.902680257249398710e-01 3.173338589710096858e-01 2.890068680836624937e-01 3.095399058433255801e-01
3.253098794601744226e-01 2.627389615754345265e-01 2.929125525928140128e-01 2.925723561476154533e-01 2.851713930462965729e-01 2.979828519054245062e-01 3.128091570973118296e-01 3.154456296379975488e-01 2.833346097338453884e-01 3.317226088030875708e-01
3.286940244085113094e-01 3.098730970266494467e-01 3.086337385420512280e-01 3.133023869616280432e-01 2.601186110790716377e-01 2.809222963752651681e-01 3.422004128100313292e-01 2.781328638238294015e-01 2.854408701904333490e-01 2.926816987825218153e-01
2.684018177618343604e-01 3.001477938165511006e-01 2.945799112635366646e-01 3.167655450250869142e-01 2.974425081779881186e-01 3.004230597913874479e-01 3.549857133778567819e-01 2.827107316923509472e-01 2.886119518890892799e-01 2.959309672043210493e-01
3.102280442059996979e-01 2.980381361100796767e-01 2.796134693478671274e-01 2.998216028616690343e-01 3.248564605187276300e-01 3.052933439044071551e-01 2.877878213412590203e-01 2.770688660050675267e-01 3.128541817745597031e-01 3.044380739303585437e-01
