-2.966334286551917665e-01 -3.118017884465670853e-02 -1.152537910126472803e-01 1.349818747218564097e-01 1.147200922829707120e-01 5.184689314981471009e-01 -2.346180722797162332e-01 3.214390002415523084e-01 2.441825095684149460e-01 -3.166915702227014462e-01
8.184914870162817158e-01 -6.123645651164052461e-01 4.103118241909323172e-01 -3.106332914413434954e-01 -1.710882187088618722e-01 -3.826230491689844859e-01 -1.453025814070365296e-01 -9.346565185868679904e-02 4.065355597613006799e-01 3.320708958570706831e-02
9.105507887708936821e-01 -6.265899570738707736e-01 -1.438159355469812162e-01 1.806128784098401108e-01 -3.821118116629722561e-01 3.494958058849145788e-01 -2.493357519035272751e-01 5.299420105899882438e-01 1.869376754646010774e-01 -5.985020113072865300e-01
2.121783848707369802e-01 6.757013567583296521e-01 -1.820053092972880385e-02 -7.954498844237001265e-01 -4.064547639375412635e-01 -6.812838167897142805e-01 -7.026682973385971198e-02 8.335360285769191080e-01 -1.284808696655027616e-01 -1.178859957581172235e+00
9.053237522999367792e-01 -9.547782435483369579e-01 -4.292776339485932652e-02 5.216159870596535214e-02 4.474431151054548139e-01 6.889935067863921514e-01 -1.486999687961531591e-01 1.951039030827855097e-02 -6.635899694612100441e-02 1.375405379626293001e-01
1.256696751247910089e-02 2.082190289632097555e-02 3.611730772901607794e-02 2.001590511414584050e-01 2.386122745798505418e-01 -3.606997500875015472e-01 -4.492167500394645963e-01 -7.334935401920870124e-01 2.682221930935581589e-01 5.182306565541739962e-01
-1.567019216006461935e-01 6.103981865228632481e-02 -5.324153743141138984e-01 5.025406304246546885e-01 7.344227779586470772e-01 7.165551195187603861e-01 3.400187975888625536e-01 2.979287280613788780e-01 -6.018168784541495508e-01 3.878653649092887457e-01
1.365530545553986508e-01 -4.629958800361434479e-01 -2.390411604206150453e-01 4.128959651463022795e-01 2.490968886654769399e-01 -9.060480866986547754e-01 4.317017879040437323e-01 4.114842987827154741e-01 1.273962453754584390e+00 -7.698798844183265544e-01
-1.764763540748701121e-01 6.737752923015530859e-01 -3.416222419436559243e-01 4.265342099306789203e-01 -2.525883772976316721e-01 -9.792852726193601587e-02 -5.384100370061776220e-01 8.067168976103911149e-01 -5.213118477128076966e-01 -3.148278408698639841e-01
-2.099310592350288607e-01 5.633897129175065022e-01 -2.941912360402285653e-01 -5.511164625473070622e-01 -8.086942971682293813e-01 7.013707220564502354e-01 -5.015307365070128531e-01 -6.489353892853960692e-01 1.893494991828668650e-01 5.355195907102638930e-01
9.467987490701565423e-02 4.209777798762114331e-01 1.891001970518608466e-01 -1.615803670154027094e-01 1.062557618335048526e-01 -5.160757920216342276e-01 6.529557949141621964e-02 4.284841198143650720e-01 -6.008527272836163002e-02 -4.819545264065112078e-01
-6.801487826533878511e-01 -1.541016774893267383e-01 8.509877494891930905e-01 -6.244972195116403613e-02 2.890701122326851391e-01 -3.088453171775644712e-01 -1.279918764688720845e-01 -3.730278650228621706e-02 6.148918032511407894e-01 -8.098031643020638937e-01
7.065094761875164719e-01 -1.343620347748009647e-01 6.858820893467133806e-02 4.008098618914222172e-02 -3.091387623965087816e-01 1.107239329122731597e+00 -1.332212092580829510e-01 -3.710516165272953470e-01 -3.182278406423326156e-01 -6.071384186497955637e-01
-5.193085282980817174e-01 -2.208382141180062486e-01 -4.667881696536191893e-01 1.342847190928516010e+00 -1.502886879387208829e-01 -1.587140824894167634e-02 -2.533567259287941575e-01 3.762251229439100841e-01 2.759364844523256033e-01 -5.349570730301932420e-01
1.851415374276729753e-01 -1.543099890208240732e-01 3.210495414133504033e-01 3.619536411352544114e-01 -6.081500894259894707e-01 5.049020266001374990e-01 -1.597744118902778288e-01 8.489505070475228399e-01 1.936153640781047847e-02 -5.702809769967362996e-01
1.512009574601958228e-01 3.258174786583422078e-01 1.659256839661101268e-01 -3.787329294884603792e-01 -7.649081212524862228e-02 -4.232069641931663906e-01 3.700024922422998630e-01 2.650218203539100870e-01 -4.260336768680274555e-01 -1.183803327691761720e-01
3.949855933872728486e-01 8.158095402864059542e-01 -9.206919466504907001e-01 3.380703167638458573e-01 3.260493214673060303e-01 7.282619754050383420e-01 -1.195855771222808887e-02 -1.798266078190641215e-01 1.660137805964074509e-01 2.075355175502981431e-01
4.534273088570694443e-01 5.589664612272785549e-01 -2.538570367522582916e-01 2.005903799871886217e-01 4.497955372678735242e-01 -2.681890453562910115e-01 4.056149389879873390e-01 9.297303341524827403e-01 -3.917615406603568995e-01 3.433297553233999322e-01
3.847444027046368342e-01 -9.451884766413249928e-01 -2.796294506654477541e-01 3.688865010265666988e-02 1.014957603072866033e-01 -3.359841681398738344e-02 1.987940666514916299e-01 9.329987175404718114e-01 2.330122157916587056e-01 -3.626764842956649582e-01
5.368229826123802617e-01 5.950731877976584983e-01 -6.043003658009088452e-01 3.714309586842269306e-01 -2.851688883938963137e-01 -5.889153748637060426e-01 3.182798151584936286e-01 3.348640778199385992e-01 3.325003434517529444e-01 -1.723495999286489833e-01
-2.938732191994247178e-01 -7.741492859698171358e-01 -5.655185289982280761e-01 -8.688258477234284127e-02 4.249921039842181059e-01 -4.282437459122319101e-01 -6.035481473296802069e-01 2.737815396756134168e-01 3.225021472195522404e-02 -8.462163472100017736e-02
-6.810350628547755525e-01 2.634500559135809494e-01 4.526818457718301825e-01 -1.096748163876335891e+00 -2.992511530597760649e-01 2.181481442626040101e-01 -1.363121927092658892e+00 -4.504216360753148241e-01 7.045386532776642084e-03 1.432371352818624655e-01
4.377910560982140598e-01 5.275975961838628298e-02 7.770790664885739440e-01 -2.401654376374988409e-02 -3.462472984823452248e-03 4.171053883810508789e-01 8.820447542998873791e-01 -3.444976267773648404e-01 2.499699082868887257e-01 7.120061668551495859e-02
2.005376930653198289e-02 -8.463611571158338176e-01 -1.882781996072776035e-02 4.625171612743523425e-03 -2.806290107230999809e-01 -9.972509472295887356e-02 9.059415077974601882e-01 4.915864393081079697e-01 -8.440236526126749794e-01 4.941823948075070583e-02
-5.227783301313780884e-01 5.090657493159858049e-01 -3.798661592563377654e-01 -6.588710170939306998e-01 1.360511883584336959e-02 -3.020351485219496812e-01 -2.481152821087680149e-01 7.439357331322872247e-01 2.516156630417143436e-01 -1.567845574362148608e-01
-5.772781086112026561e-01 -4.729982592136625641e-01 -8.835936949795853979e-01 3.720488137740873280e-01 -3.680606975895628352e-01 -1.207858389441077568e-01 -5.681324233243830735e-01 -6.358358279714357852e-01 3.412548820954616757e-02 -1.746208417444990169e-01
2.763058510367878418e-01 2.816295371724914509e-01 1.435381622799318801e-01 1.068315329711286461e-02 1.422846623193003979e-01 -1.702354493023413573e-01 1.424770874673210452e-01 -2.561487231731306990e-01 3.564063370587815527e-01 3.264115914342544111e-01
-5.275996139818650565e-01 7.725587541666537605e-01 3.060204322418778045e-01 1.618901176601907355e-01 -1.381419159904381910e+00 -2.903586097301423807e-01 -7.386164826168869491e-01 -8.241094253559714256e-01 4.787977535857929068e-01 -1.553604707317851885e-01
1.369732707127526705e-01 -3.011532354043989779e-01 -1.082810838024253070e-01 3.311761944773050081e-01 -1.263477945418772785e-01 1.776057599176706081e-01 1.985575748863296908e-01 -3.304914402508387639e-01 -6.794522076853801162e-02 7.470448831617917396e-01
-5.215793515672018099e-01 -1.219723409487195376e+00 -2.015236526342233381e-01 -1.854388980663903563e-01 -4.670867688474004131e-01 8.753490359795235154e-01 -4.283824193834130378e-01 -2.453225941877476279e-01 -4.686523023562101375e-01 3.381686583266016455e-01
1.936644634477866223e-01 2.541499547483449528e-01 -1.598983001395600512e-01 -7.887809119142255576e-02 8.024390105490012415e-01 -5.755235223442705106e-01 9.321745550298985439e-01 6.116727901494930508e-01 3.536039041186849197e-01 -4.419917675288210779e-01
6.395952311527484113e-01 8.735582981099917488e-01 -6.636193938363085243e-01 1.256883066314699260e+00 6.311270743415507978e-01 2.099036614591256455e-01 1.880633745331506193e-02 7.507030056143054741e-01 4.452087518296337088e-01 -1.875238503780219182e-02
8.730396012926840976e-01 -6.660750936502980446e-01 -3.240771374465625798e-01 -5.257989228187835984e-01 3.032715873547789376e-02 3.484663770539029315e-01 6.334270455535104261e-02 -1.723231103938031861e-01 5.086773264092149249e-01 3.336488321677925084e-01
2.656646265075701674e-01 2.170613197729552857e-01 -3.285573108363887829e-01 2.099697109964138858e-02 3.010250485441509985e-02 -2.654864262526247520e-01 -6.321935061492516272e-01 -3.892116482742085659e-01 -6.071708671105388033e-01 -4.710694032540150844e-01
-7.621570684277736429e-01 -2.201310438786454604e-01 2.309053472187473921e-01 4.808787085603769551e-01 2.398808320380817899e-02 -1.446497580218584211e-01 -1.661233761421424260e-01 -5.942493376843820813e-02 7.360198003432250058e-01 -3.545419946274797757e-02
-2.226873605536480727e-01 -1.472849783793014344e+00 -3.979626023415391151e-02 -7.151502737792005127e-02 -3.528819261125833995e-01 3.151964892410437091e-01 2.084865716419974369e-01 9.885627119616389180e-01 3.247535787203719160e-01 -1.776363554078935064e-02
-4.074738523573289695e-01 2.047162388728646920e-01 1.925290917052747131e-01 4.024947805233733411e-01 7.380912928300199516e-01 4.078632828865843551e-01 -5.712173556865282054e-01 -3.115505984304550169e-01 1.978596799383952332e-01 2.229099995970788839e-01
1.159848875341338292e+00 7.693740719152053487e-02 3.113797088518348022e-01 -4.098628802458326725e-01 5.614517542705010911e-01 -5.731273996619664635e-01 -7.423167723208208280e-01 -9.601724067618538916e-02 8.416838540828578408e-01 -3.658576682270063829e-01
-3.152749987375511043e-01 6.724255947678328127e-01 -1.493142459891273928e-02 -2.063073084299953674e-01 -4.595784772410991814e-01 2.291329387166878284e-01 2.728540893881538643e-01 4.633070989274342688e-01 2.906663294587096269e-01 6.165119566041299404e-01
5.411366695403416194e-02 -3.935062909897510397e-01 -6.950290950289198522e-01 4.383369216150947989e-01 1.249624602443359045e+00 -3.310909584976153286e-01 5.392668185201247022e-01 7.309847677850530578e-01 6.138513443001430980e-01 4.906688128249624414e-01
-2.173642915486372618e-01 -7.794877134963789089e-01 -7.393758443834563820e-01 -2.412911685193865757e-02 1.903977265920694939e-01 -1.950360418074070235e-01 6.090887343158097877e-01 -4.603294411752586468e-01 -5.345689918186390388e-01 -1.213567030198352270e-01
1.696652870099647215e-01 5.877095391986943973e-01 4.436021412160208732e-01 -5.895520613440521362e-01 3.041549932037934112e-01 5.909050057967580871e-01 -3.382945203436288351e-01 6.291723695796627158e-01 1.627496404192256829e-01 2.783436579411759926e-01
1.172692853046087003e-01 2.575827769023553149e-01 2.300209640246846099e-01 2.450491293310547714e-01 2.826219960620892646e-01 1.421458365648800015e-01 -8.521602519640957274e-01 -1.107397412522988650e-01 -8.615340667023196897e-01 9.869058428179924292e-01
-8.869421064543058231e-01 -9.546095484606239578e-01 3.323009971293331977e-01 -3.329815462472848209e-01 -3.241355696270027398e-01 1.294750113979541151e-01 -2.640390715206335503e-01 -1.033484110559957647e-01 -6.179183802665664249e-01 -1.167445912307339545e-01
4.121283706221493676e-02 3.503983201973892014e-01 -4.099552686101208820e-01 2.135328028182983673e-01 3.788040383525327903e-01 7.281448915568644598e-01 4.375031445670359842e-01 8.815975139888054812e-01 8.644178421317467997e-02 9.207377907649202387e-01
-8.490955949719050100e-01 -7.206815764359506549e-01 1.161476312099689601e-01 -1.662588161474869985e-01 3.795853688061721909e-02 1.339242156860769306e-01 6.208398697250296916e-01 3.362141634974269433e-01 3.816784507064817367e-02 6.144381110806685503e-02
-5.093009306321293339e-01 -2.659874428728799534e-01 4.676713955136914680e-01 3.079551576239348276e-01 -5.396224964888697295e-01 -5.963602599745498889e-01 6.142567318156256784e-01 -1.712690386241612628e-01 1.036686915290563560e+00 8.451135317769734590e-01
2.253837755244872121e-01 5.543930706601680747e-01 -7.228466519440711613e-01 -4.804452583970196707e-03 -4.219956236179192577e-01 -8.982380583865504642e-01 4.205320723695767926e-01 2.099626176831336233e-01 -1.929333839872579004e-01 -7.324020007935277965e-01
4.883584563331966888e-01 -3.064762672226221119e-01 4.351875133722463151e-01 6.166581988096357311e-03 -6.327344223278777990e-01 -1.393018060271028924e+00 5.138477162203932691e-01 -8.831218444985555749e-01 -3.154285535812432761e-01 4.407804516506449444e-01
4.701266129419554574e-01 1.676955716153797349e-01 2.073339158157044004e-01 -1.904424981412176976e+00 -3.268739048019531079e-01 -2.497827220951748528e-01 7.393535362305869718e-01 4.727082326298265857e-01 -1.284107703743931905e-01 -1.360505822328818448e+00
-4.802406368577443740e-01 -4.705323311088699945e-01 -4.352074616214927638e-01 -7.009304247034783830e-02 1.450015646921944734e+00 8.441574561591418113e-02 -1.045543841906460963e-01 6.410715727403022424e-01 -6.819913428794784904e-01 -8.871319963007998632e-01
-1.535171522539104660e-01 1.162872614333588378e-01 1.086554519592663193e-01 -6.229234851198615225e-02 -4.402553536437678883e-01 -8.863578340059423410e-02 -3.628417394817870512e-01 1.742806751614267569e-01 -1.483270050165117204e-01 3.399970631389437892e-01
6.811199947881705352e-01 -2.457353883701431374e-01 5.085277156363249978e-02 -6.904116225837217957e-01 -1.854596039296711740e-01 -6.238771866456386261e-01 2.709940153776818628e-01 -2.363234292503992862e-01 -5.161106077868919673e-02 -3.676461190348021546e-01
2.456620095936564718e-01 -1.202608203326227115e-01 -1.252196427076129326e-01 5.941375497334194788e-01 -2.101590098326191203e-01 1.980403750520709216e-01 6.395319940874263920e-02 -7.120488318155899776e-01 5.252140354645311593e-01 3.246358017487843695e-01
2.926145730743536996e-02 1.791123933491696463e-01 -1.699334356003668611e-01 -7.350017145697544940e-01 -6.290956169393581154e-01 -1.131106635395362214e-01 1.672347670500082609e-02 -1.167055817345870189e-01 2.518024862238378292e-01 2.430162071575476049e-02
9.906190502269278386e-02 6.454192521262865911e-01 8.814794036997799509e-01 -2.913383379651187655e-01 -3.008554402552460552e-02 2.284058885957735707e-01 -6.146642383594673742e-01 -3.351836839549092173e-01 4.970198068812719952e-04 2.517996972526647670e-01
-4.689483937748141207e-01 3.281303884733529075e-01 8.837399392819707267e-02 2.839317897538516378e-01 -7.350935658669938144e-01 1.143350824391929255e+00 1.330267153532561197e+00 -6.981810735036698690e-01 2.991640967713034005e-01 1.189427145316730022e-01
3.473226334235626767e-02 4.906590956433751205e-01 3.510627750970249372e-01 -4.813799503190188678e-01 -1.243691801585451312e-01 2.168885488176031384e-01 -4.934399604520992022e-01 -2.284421882144630211e-01 -1.515823450620409629e-01 8.879130147339877599e-01
-5.131586985650842259e-01 3.759379079093048692e-01 -8.667087314087741357e-01 3.393081986058356647e-01 5.044587652862428939e-01 1.153238569386400458e+00 -8.329568046421260974e-02 -5.681802401599246322e-01 -3.844369822985123641e-01 -7.034259823829001890e-02
1.356275310088087771e+00 -7.719321595444971207e-01 3.094684052808541752e-01 8.808882283706264138e-01 -3.363956762875573991e-01 6.913136420111164471e-01 1.932505506242809534e-01 1.024327477812432274e-01 3.662202174400831789e-02 -2.539377353198397080e-01
-9.616936607757623282e-03 -4.815675167902954690e-01 -3.820106882273512361e-01 -4.618706695117594796e-01 -1.404328320010511666e+00 -2.902252461083095203e-01 9.043937994190541785e-01 7.047691095782911141e-02 -7.097236548298482273e-01 2.240053390496379582e-01
-1.613989859988394504e-01 -2.110061556620417000e-01 -1.039822900575245457e-01 6.714572070198283893e-02 -1.815759798235168018e-02 7.422958449594423413e-01 -4.903255278091712688e-01 -3.479743407233983343e-01 -2.334497498204061994e-02 -2.174722110618043935e-01
6.772092570992974125e-02 -2.460194566213137410e-02 4.604308550408341971e-01 -1.776296718401290942e-01 3.752045435151851738e-01 2.313249926092185715e-01 4.027189557976303957e-01 -1.610451175381560240e+00 -2.129210953235939896e-01 5.222475060852403983e-01
-5.119555846974922497e-01 1.183582333071146603e-01 -4.742830995297698804e-01 2.033635646189159429e-01 2.027484341184027372e-01 -5.749911854461047245e-01 9.533564247457103347e-02 2.033838511834453189e-01 -7.317716052311267205e-01 -1.097055932043967258e-01
3.393890723818947519e-01 8.073518780335769973e-02 -7.995516685136471180e-01 1.682030163446135984e-01 1.169036098079193620e-01 -3.612203751474404312e-01 7.423172107821184307e-01 -6.466390359393477949e-01 4.616254998570643031e-01 -1.035070456955369034e+00
7.493710595581459799e-02 1.135623255943606497e-01 5.220920718712822595e-01 -3.022303868874819943e-01 -5.780848601284633848e-01 -4.732610388391535472e-01 6.308284850763344886e-01 2.060318771836960605e-01 3.428034176835786373e-01 4.323640442547254104e-01
2.316945327225720108e-01 -5.032556713746200172e-02 1.541789150095977945e-01 -2.763831107311683355e-01 -4.070257804787683759e-02 5.034295008237094776e-02 1.038860446673310345e-01 4.801301585405292616e-01 -5.711535789866654944e-02 5.256833294337140972e-01
-1.882409547614427303e-01 1.548389547152488610e-01 1.250147301825290880e+00 9.097448920656685534e-01 -1.660854036683837354e+00 2.718922604746930594e-01 7.760107998570069388e-01 -5.364973336947711363e-03 9.335412031697762347e-02 -1.712283108760750405e-01
-1.029222810336546390e-01 -3.301390906391284963e-01 3.883383572099696757e-01 -1.055396489148604733e+00 -4.397504841869164793e-01 -1.024824431314312223e+00 7.696807356581575332e-01 1.251324832117293451e-01 9.201759113424591296e-01 6.185363728189265942e-01
1.631956019374853628e-01 -4.044339137858390942e-01 6.975998716251809173e-02 2.759044920409802204e-01 1.142115084305341394e-01 2.611451276400417743e-01 -2.389771191309227327e-01 4.949692670979959352e-01 -6.638375842168436902e-01 2.292048364463644128e-01
-4.132942091159845233e-01 2.140465466162178587e-01 3.014826104573734566e-01 2.108451553398034695e-01 6.583182019601171997e-02 4.182623296140247082e-01 -3.764491069319925720e-01 -2.807622346004514102e-01 -3.481682378101372821e-01 1.318408912709179426e-01
-5.219891932379172594e-01 -3.081147695620174431e-01 -1.300084704527771917e-01 -5.667717419545308805e-02 -1.834138444362027470e-02 3.078080710652159602e-01 -2.472743194272328249e-01 2.935023254749222557e-02 -7.098665319581878297e-01 -1.057617959647974004e+00
-4.099418699446067960e-01 -1.311194856687561694e-01 4.596294178351510995e-01 -6.894514420011768063e-01 -4.804012692796860717e-01 -9.640551944997048650e-02 -2.608306237161617802e-01 7.549124314277093628e-01 -4.868559165187904547e-01 -9.492150326911097391e-01
9.997245277239068251e-02 -4.889713216825962439e-02 -5.518958152817359242e-01 -3.929128045513294865e-01 -2.648808457354862034e-01 -5.495476415465860853e-01 3.158110376031048605e-01 -3.667443366340634725e-01 -3.261539709768888629e-01 -5.927376404593319714e-01
1.234846949618471391e-02 3.392479486927497678e-01 -3.106756391229513192e-01 -3.324474586020771394e-01 -4.660045645787637414e-02 3.907478230818640097e-01 -4.176635284149507465e-01 7.925759646548768966e-01 2.228647755938115704e-01 4.505430134450589819e-01
-3.302871973173501785e-01 -1.620263428929910599e-01 1.102354490730687031e+00 6.825523197857893409e-01 -4.005309780188306967e-01 6.228037197777379352e-02 -2.126802509419846998e-01 3.405009836800410028e-01 -5.892761978104305715e-02 4.348733491417128283e-01
-6.161214873022791139e-01 7.169941040348865036e-01 -2.821516737542992814e-01 6.362512126506361665e-02 -4.060222109300145599e-01 6.862907562860111332e-02 -3.098248224319524180e-01 1.283909834521154876e-02 -1.720123336433833361e-01 1.325388953583445550e+00
-3.900245865376142373e-02 2.297084011532173620e-01 6.985619577974017114e-01 3.457627963123883763e-01 -1.412069862640158158e-01 -6.347978965822453912e-01 -1.083300238728407763e-02 -2.765958862254544459e-01 -4.392789273771973702e-01 3.631109344860178889e-01
3.290690252729308596e-01 -5.512275814438577504e-01 2.696318847475459024e-01 -9.427815306446356569e-01 9.767420181604421492e-01 -6.086699502061131417e-01 4.492190358974749165e-01 -1.221091041300340629e-01 -1.401599009781455685e-01 -5.984237504829167387e-01
9.368250177060173378e-01 -3.261956209314983424e-01 7.059740330211931036e-01 4.918877262854037258e-01 -8.504447892269439979e-01 3.843111846570651524e-01 -3.273302152859576819e-01 1.664788673980970302e-01 -8.850826340450441698e-01 1.938864460429765568e-01
-4.516281267744760020e-01 1.962068415636389618e-01 7.173868115692707548e-01 6.301878546523125013e-02 6.195916997719221886e-01 -3.406889943635530993e-01 3.595831280380045181e-01 2.720839116093505261e-01 2.384445805805951168e-01 -1.030389418897422527e+00
-4.817714558244681755e-01 5.088052325770817813e-02 2.426172057370911961e-01 -2.295474676700712258e-01 6.847739115789036601e-01 1.291826011034818700e-01 1.528218653113996017e-01 9.808213185748082541e-01 -5.997868442148098778e-01 1.493740939601825302e-01
-1.621450500586613663e-01 5.690137633577889709e-01 6.245048151534864089e-02 -1.303109359224827180e-01 -3.063096335054575903e-01 1.296178894554387284e-01 2.735579188693081920e-01 -2.320098143309510252e-01 9.245948810196106260e-01 9.025202925723412317e-01
-6.288924429454059717e-02 4.365360731008962047e-01 6.387617471713351314e-02 -3.515877310770407216e-01 4.994970728679687944e-01 -5.968615319778945993e-01 1.152618667635494365e+00 2.069607561549186292e-01 1.122464950856762456e-01 6.158001408899027584e-02
5.074411874986819448e-01 4.456208856481326808e-01 -5.043165950724207702e-01 9.451468383343904212e-02 -1.077128531095829400e+00 -6.477209763353001248e-01 -2.020572515569173944e-01 -9.960503304397221314e-01 -4.767944958793064042e-02 2.841752046473605131e-01
-6.897478103483530854e-01 6.666067141736167767e-02 -2.101207891430544872e-01 5.170069259515222004e-01 -3.151116087187940118e-01 -2.575407595458825694e-01 1.333057174642386378e-01 3.539749077470313310e-01 3.029161763948599595e-01 9.730916637648329148e-02
3.072911761252046237e-01 2.930303968871490056e-02 8.160316129995077716e-01 1.197166402491465775e-01 -7.951292267672911418e-01 4.990028996725884639e-03 -5.571299897414297986e-01 2.861260454203423120e-01 1.198741985032192488e-02 -6.255666760079703348e-01
3.333650633010565856e-01 7.463124601522526380e-02 -1.763039823651237348e-01 -8.486154116093260757e-01 1.502525265154769640e-01 5.205727958666312993e-01 1.303058173861026403e-01 2.571827570228398807e-01 7.839736360077713684e-01 -1.902479233086582233e-01
-7.191922483361780083e-01 1.942194908670771825e-01 5.568104780011704502e-01 4.822797151586905029e-01 -9.347803042687799491e-02 8.178996896878359957e-01 -4.511872277992542424e-01 5.496547531925424224e-01 1.376375221275622784e-01 3.160588502736997318e-01
2.773025189231423382e-01 -3.502022105218771109e-01 -9.077545106648679865e-05 -5.055057421860104094e-01 -1.724920194126109418e-01 8.530563481064209475e-01 -1.196119397378118399e-01 -2.877357905375548322e-02 -6.423420147956527826e-01 2.581089915604328766e-01
-2.269513612247748002e-01 -6.020823100259180966e-02 -5.486926704853893888e-01 -7.388138882732881996e-01 1.469062319275283024e-01 7.284867342782828104e-01 -8.004302058582907220e-01 1.550801852438929984e-01 2.568066126118204173e-01 -1.444086551355748538e-01
4.794489149089448676e-01 -5.015789398536281141e-01 -8.494280586556134383e-01 -6.160832521152068142e-02 -1.615331625127506832e-01 -3.541188432776180006e-01 -1.140496708893883104e+00 -3.969172418744795205e-01 1.905837093417653283e-01 2.864285832774201776e-02
-1.567700004368503819e-01 8.314258136962972001e-01 -9.524306318222792722e-01 2.230453768025625338e-01 1.319145917165917281e-01 3.378342587985504464e-01 5.850662285203755975e-01 6.381910496010673173e-01 7.837821296194295850e-02 -2.174057265726016264e-01
-2.688367249432041528e-01 4.383073168895671445e-01 3.960926630745199850e-02 -2.241861504518434800e-01 6.099291707791172634e-02 4.912703700978366395e-01 9.962579940076494722e-01 5.473993548071743875e-01 -2.033633692919940561e-01 4.816289773948631558e-02
6.178961213770206573e-01 -3.832278135009178216e-02 1.206578989605689989e+00 -1.715288090212669925e-01 2.844173477901621450e-01 2.005676027692629149e-01 4.362649917996712090e-01 -4.329448723241725583e-01 7.631765851580009086e-01 4.066127470047291026e-01
-2.235420677029766601e-01 -2.574975530227038290e-01 -1.836932153274640264e-03 -1.634254051034457200e-01 6.536879634072249035e-01 -4.519162650230659217e-01 7.903784920483148957e-01 -1.269377807429247496e-01 -3.139687403293544565e-01 1.076266534084428406e+00
-6.952746469274903030e-01 -5.811678660160175536e-01 7.074769315443939048e-03 4.961038985215768249e-01 -2.756715478209804671e-01 -3.199027556778848980e-01 3.161586371165924225e-01 -3.034318230029901461e-02 -1.823453440633553135e-01 -2.356432896489651929e-01
1.307762216273982370e+00 -1.448012766388241945e-01 1.265616537102365047e-01 -5.797249963301719378e-01 2.027931648360176836e-02 1.245343801481071655e-01 5.650360538149936662e-01 2.949969080815174616e-01 6.407178917867658585e-01 -3.152520702295279476e-01
6.131052150084377317e-01 2.399129313064045452e-03 -3.465369104097453246e-01 4.416816058690596902e-01 6.237009207205528732e-02 -4.936792344876499428e-01 4.215161971131772822e-01 -1.633071729144889295e-01 -6.407085081937222149e-02 1.870887425226613887e-01
6.349757395001631721e-02 -3.681822250931404139e-01 -3.346668502180707438e-01 1.765518506998929316e-01 -1.659407379010702233e-02 -4.040560130967185692e-01 -3.204637334741063798e-02 -5.643380780721020118e-01 -9.002104049895869042e-02 -2.201506514198867392e-01
