4.202138911178411596e-03 2.893717710811246312e-03 1.618372487561636546e-03 6.213058913518271480e-04 2.976741628430705673e-04 1.844006641766167366e-04 3.617616672931900997e-04 4.559968733764742941e-04 9.816921418814221305e-04 2.991688485715816252e-03
1.292302586477467557e-04 7.033672279791872758e-04 9.631560788742076808e-04 2.678010908649235480e-03 3.770304470162899428e-03 3.789394902224543955e-03 1.775234597161369715e-03 6.220240301960211320e-04 1.846436635845617714e-04 1.415852424517993400e-04
8.661952695276195664e-04 2.849907757338725200e-03 2.385859611338340350e-03 1.477518252450997754e-03 1.241690818745095314e-03 4.780744914482434188e-04 4.139182516697690532e-04 2.390685275743751324e-04 4.215239865683130288e-04 1.179173795256641512e-03
2.193291210756321999e-04 1.501180052343543470e-04 3.026793508714169701e-04 8.053897096994593529e-04 8.176670452132616318e-04 7.353109487994366738e-04 3.155217462344983787e-04 1.527568295155407963e-04 2.935407588258436983e-04 6.133877013929849931e-04
9.639951956179124279e-04 3.969943450458248910e-03 1.793199378597295753e-03 6.201907627825937715e-04 1.913721516569719843e-04 1.067620853539273413e-04 1.905557165041131692e-04 2.958009287560414550e-04 5.590574687801277368e-04 8.128989556345615503e-04
1.397797328825671926e-04 1.041014796978450565e-04 1.345968888642519066e-04 2.656621817334580945e-04 8.156657523819783656e-04 3.824383417279558339e-03 7.824172836604192938e-03 6.258708350441640096e-03 9.639660759434271311e-04 2.290546571897445654e-04
3.513466994025273363e-03 2.637559053938990251e-03 1.543708990054015739e-03 1.743023461480214459e-04 4.171864978107777614e-05 3.344771321233153973e-05 8.282152492317067087e-05 3.568827965386280141e-04 2.172298816529736210e-03 2.375642571929924719e-03
8.276042387744781759e-04 1.534468773182289230e-03 1.295246935949837712e-03 7.081780292475403247e-04 6.888716573701628328e-04 8.979872039817940682e-04 1.887690678555592331e-04 1.068002745465377061e-04 9.132259280337762491e-05 6.424145358831480834e-04
7.120790068905103083e-04 2.567640151099427940e-04 3.683365867742116628e-04 2.947529681990389673e-04 6.760425467579733857e-04 1.131999477411444431e-03 1.895466454236701369e-03 1.051768325414606520e-03 2.182715095177491325e-03 1.565751767421150274e-03
7.624626500397215054e-05 1.028098294522450178e-04 5.926738241343760269e-04 2.327604405316570715e-03 3.921538171651799999e-03 1.520857744503747088e-03 1.948337715748758511e-03 9.384346589501297393e-04 1.434520343724214077e-04 5.028228436451335885e-05
5.162958674238146911e-04 3.067970589204211513e-04 3.858219896571694787e-04 6.886442714993432730e-04 9.396190902531261976e-04 1.725834920135125086e-03 1.174837785696497853e-03 8.252436390759107076e-04 1.063877943773986661e-03 1.145682433636199078e-03
4.046778314378380974e-03 9.610091097037986446e-04 1.600158626560392995e-04 1.274589673004201268e-04 9.426736434135843119e-05 2.064734471944142981e-04 3.923067132689526709e-04 7.098767458673782950e-04 1.056619164270635033e-03 4.633031807276434197e-03
7.325726608105045338e-04 5.412833733557807954e-04 2.847105255010030944e-04 2.165571227385919750e-04 2.629917964942000389e-04 1.873729845985892589e-04 9.171189933523002337e-04 2.966053307045544984e-03 4.427031997575005783e-03 3.503389811994608253e-03
5.814296003845857708e-03 3.327095125598721059e-03 1.230053222823997150e-03 1.353920955547234430e-04 1.656423794635218812e-04 1.666369220383806049e-04 2.684835130272543837e-04 3.362038736554961798e-04 8.629475185393572622e-04 3.833443899772286372e-03
1.268714378480263836e-03 1.163938746789117519e-03 6.737373268296300817e-04 5.835074937418768468e-04 8.758227509274341170e-04 3.754557739309757457e-04 4.418348879121361756e-04 3.032775870116738242e-04 7.769626433396006329e-04 1.810299275771326587e-03
3.943780090542304260e-04 3.531809735014106990e-04 5.689710616214705514e-04 1.331961655556504476e-03 1.578934896572156297e-03 1.759354275014235426e-03 8.549639320893873693e-04 7.558097725436821023e-04 1.005795898543308635e-03 6.387957056761321651e-04
4.110622831032417659e-04 5.353843941814516623e-04 2.012402244029646691e-03 8.080980580968626483e-04 4.435144797928011339e-04 2.642088229429025051e-04 3.700837190331655283e-04 4.210015043520171844e-04 3.459276018757224892e-04 3.670296689317021840e-04
5.262761160119052697e-04 6.397397272651099594e-04 1.470006936749489006e-03 1.338790789128354751e-03 1.156693964053531103e-03 1.505100606463072137e-03 7.360548027822085308e-04 4.694579999695648359e-04 9.955873674797604145e-04 6.212392404522967381e-04
2.582311751407061033e-03 1.113769210403550008e-02 6.355902967007836732e-03 1.845290710303235798e-03 4.920055282561610396e-04 1.423023721561924942e-04 4.283071794423816663e-05 2.788490346882239521e-05 1.433377338078902115e-04 1.057499626842744100e-03
1.181795503769790529e-04 2.901457956269564158e-04 2.084084290927133015e-03 2.785066784830377007e-03 5.305787379680512901e-03 4.434099410951348845e-03 8.659438237276646235e-04 2.680731756829516591e-04 1.389064527484636124e-04 1.424071380014682109e-04
1.428405843339198818e-03 3.243714262827049159e-03 2.492239088162206094e-03 9.571943494181867377e-04 4.154752333003524007e-04 4.851472717484569706e-04 3.899365322843377697e-04 1.860896047657104512e-04 2.587648102129975277e-04 5.428455098897250848e-04
8.372859463448110854e-05 4.514215792760411567e-05 1.005233483466934634e-04 1.200446462705548117e-03 1.965247534553718825e-03 2.336400433801189176e-03 5.493093737895638796e-03 1.401259011121833457e-03 2.600359198835153749e-04 9.221076294088445958e-05
7.687585947962703161e-04 7.022485582215996303e-04 4.317761382281467913e-04 7.710402525507031868e-04 8.979075344163113146e-04 7.060302872142967942e-04 6.728715884891644248e-04 1.845787122163053320e-03 1.485819310945268651e-03 1.263196810571889624e-03
2.879062341220299786e-03 4.585674956295555417e-03 1.583462488387028409e-03 6.453883838081173356e-04 3.198820704221780830e-04 1.221941834460140786e-04 5.282211203111361044e-05 1.503329880363315260e-04 1.382556173004059058e-03 1.966375515489719294e-03
9.911575417451612066e-04 1.079217490482025157e-03 3.051007904129645395e-03 4.470072829208003758e-03 2.106879499317823937e-03 1.166774201772011188e-03 3.970086360025867683e-04 9.586628432077501957e-05 1.208168352244314768e-04 3.413711455848757875e-04
1.477670514431379161e-03 1.658825644629447534e-03 1.529974792812402451e-03 4.610536790360289625e-04 4.967273155154135764e-04 4.506563597547950896e-04 6.953730812593028870e-04 8.258854606336207089e-04 6.043009512376303289e-04 8.376977760388376690e-04
2.637158012039919641e-04 3.224384853858929694e-04 6.168203248423911791e-04 1.298475550480825092e-03 2.085364381738330757e-03 3.239690986026573256e-03 2.585501374138782921e-03 1.961811896091293118e-03 6.328544501584714484e-04 3.274805561584077408e-04
1.893935786210781217e-05 8.760731207696502543e-06 3.392890381429221808e-05 3.980428094658049133e-04 7.212943942231707026e-03 7.726062552654361197e-03 6.613817599845123359e-03 2.008591113960549006e-03 1.289733761268314492e-04 3.721163679555392333e-05
7.165505675633684164e-04 1.269696698261320571e-03 1.195356263995222667e-03 8.472427136538352496e-04 1.008058580109495424e-03 8.168549778608237772e-04 8.303329261448653660e-04 1.150760660942533363e-03 8.107408271238180112e-04 4.373691875267316171e-04
3.595624761655907570e-03 7.811113779199836335e-03 2.414066764068173183e-03 7.812324883181066305e-04 2.639326223800908034e-04 5.157515147326066515e-05 1.026353432422872904e-04 2.045716476150815331e-04 5.538605337502639165e-04 8.731966813259106402e-04
1.683851989996897709e-03 1.768833650710443031e-03 2.077380317482043024e-03 1.321908607651823934e-03 5.149512011197246442e-04 6.471653140586030185e-04 1.705897845567824582e-04 1.890938143574501945e-04 4.349053448699755921e-04 1.582644389924892092e-03
7.430470802566738545e-04 8.425810691164504259e-04 2.067066945186051604e-03 5.280593509051750281e-04 5.430599696941483621e-04 6.887900526367939005e-04 6.799167076101510568e-04 3.915866802984344216e-04 5.285396293763011460e-04 9.090160204269727342e-04
2.790096705100889507e-04 3.854945923870757921e-03 7.857166911431746545e-03 7.041769199715491347e-03 1.904223570973493556e-03 4.679698756738545997e-04 2.025520662176080245e-04 1.055143890649212372e-04 5.359772448506682998e-05 9.310171826561968562e-05
2.588810492540576775e-04 1.097868858993012055e-04 1.245642004322019452e-04 1.497071937539898843e-04 3.541439811433894753e-04 1.395896113336010267e-03 4.545991506177159309e-03 5.780258323773666655e-03 4.752118654957973760e-03 1.582858024979397812e-03
2.968827105250144375e-03 1.558706890767458256e-03 5.315560329835592205e-04 2.575756408393469333e-04 2.646823468414075619e-04 3.159619760024023980e-04 4.037157778799938370e-04 4.813887683946817242e-04 4.551776411467205901e-04 1.273481871549441910e-03
4.150052077600945195e-03 2.172577043257262544e-02 6.338589705585003127e-03 1.718724299892057618e-03 3.671572085034040039e-04 2.924551361389977167e-05 5.958861008106478646e-06 4.248420638881962428e-06 3.273625061699535676e-05 4.411413352968754798e-04
1.163247105750400473e-03 2.940640115109024425e-04 1.145247675859614836e-04 7.195775861260927009e-05 8.561153589148234378e-05 3.318637297936784551e-04 2.341279817204166679e-03 3.605073627975766311e-03 2.316698795285751164e-03 1.574362353591540536e-03
2.141857875755239182e-05 4.846397849994610161e-05 1.634739504081626229e-04 1.051541563817753790e-03 1.986387411399582852e-03 8.438807627390817676e-03 9.289508618355070413e-03 1.911239879870261409e-03 2.283763782878482813e-04 1.143461742801025219e-04
5.228723687133207980e-04 7.688817282932788877e-04 2.620945008142029110e-03 5.591450788435538624e-03 5.543777538889030354e-03 1.475583254688670907e-03 4.227136278173098207e-04 1.458970465452325417e-04 1.030764755967508928e-04 1.247502251051670606e-04
2.604727909612456361e-03 1.108760084457093356e-02 1.188275454270727900e-02 1.615461039770036333e-03 2.561596217729483391e-04 1.921066757335855352e-04 3.749778119680751581e-05 2.293823453940380439e-05 5.766483867953361970e-05 3.276704428223275924e-04
2.989127297051767575e-03 5.076379331832384274e-03 2.821427222230706543e-03 5.023933720956595813e-04 1.320002192172286626e-04 8.355145184996480665e-05 6.127176852341712258e-05 3.007648797337880643e-04 9.866954506783731996e-04 1.653821784399698821e-03
3.619310326174479285e-04 4.275522857899496368e-04 9.560241678582512585e-04 3.268421916670054186e-03 2.074261846060980376e-03 1.320806348421853542e-03 1.381538527766257209e-03 4.301156850382303084e-04 3.424431732252590618e-04 2.943089374765990238e-04
8.520675759593307377e-05 2.876914251341511298e-05 2.434948956284462950e-05 5.374803173011651438e-05 2.319847810740785369e-04 1.569532567238497711e-03 1.105276892376227255e-02 1.062245297565792695e-02 6.339403071600434314e-03 3.146661004516434893e-04
6.883569164690397577e-03 4.794478418419496554e-03 7.515777093433722526e-04 3.746009605720249146e-04 1.642450684738439829e-04 8.472974631753132913e-05 1.523912938644480055e-04 3.851140017698239108e-04 1.562545472807583052e-03 2.894531822107467272e-03
2.049867457445226152e-03 4.562272432789831779e-03 8.847559708484633439e-03 3.405795332242463232e-03 8.686227484267507962e-04 1.997885858391683063e-04 9.791805420299951740e-05 6.949439737850169544e-05 2.081502556087414663e-04 3.865766892495087247e-04
1.160538777608488212e-02 1.205681917183500443e-02 2.932659663360378567e-03 8.631103100327828072e-04 1.586417249985167617e-04 3.445990616722712109e-05 1.642436443003187445e-05 4.587309824602602617e-05 3.012543290396631776e-04 1.872945695134987758e-03
3.840421224354372974e-04 8.097877087728513543e-04 8.200777382456715192e-04 1.322307284015057996e-03 2.831279850164360699e-03 1.833094967546845984e-03 2.923187337543787785e-04 1.475944475259578304e-04 4.174639804610340548e-05 5.756750090457111676e-05
2.547895671188998043e-04 2.755862748572696758e-04 1.105928544508077895e-03 1.361520651975221168e-03 2.274644822007707706e-03 2.360708342604712819e-03 5.571857936189308523e-04 3.736260795575742366e-04 4.217265257950356377e-04 5.115020599450105943e-04
7.572164102230743330e-06 1.640517615365711065e-05 3.843364495243135529e-05 3.435277413074621852e-04 3.671920564513352688e-03 1.266222842104814013e-02 3.611487109775195908e-03 2.818778256767507078e-03 3.616652481992990048e-04 2.433955706763949641e-05
1.135459301278111006e-04 2.006892116517240492e-04 4.055620111214294516e-04 1.638344536647079333e-03 2.852104289252016599e-04 5.596143485753939713e-05 1.178037963695618006e-05 9.085792553869985729e-06 2.145518565407349859e-05 1.390979582935051228e-04
9.369814760655416006e-03 4.250640604404370276e-03 9.226843894885340940e-04 7.688826383478481613e-05 4.749937080622666496e-06 8.232674312604069128e-06 3.123258066822583883e-05 1.472660545237032971e-04 2.863306682134644700e-03 1.097699451299223930e-02
3.361275408642844329e-04 3.879456983114047946e-04 6.732948969284370750e-04 1.555023377227541300e-03 3.349873845663151224e-03 3.104463151069152861e-03 2.475273992035652466e-03 9.659046690936408039e-04 5.697812597250668642e-04 2.767378235817310149e-04
1.538652142610349310e-04 4.665521181951469898e-04 1.068533205807571922e-03 3.554838055726886915e-03 3.627821989516322437e-03 3.187113608779512143e-03 9.689939377288508656e-04 6.256891799041797890e-04 3.293267940982096175e-04 2.585874498992391294e-04
3.799798535965278408e-04 4.695579663730874045e-04 5.002050626461610307e-04 4.217196460105948229e-04 1.002703020427939693e-03 1.278889958477450253e-03 1.927051252873690024e-03 2.684074211268892840e-03 7.262251398979331293e-04 4.466721911760338339e-04
1.600229914179670707e-04 4.705302066028827336e-04 2.264074727924845869e-03 8.330416909950946400e-03 7.982379091071788516e-03 2.493729666579901603e-03 6.863778360448658834e-04 2.199530903541650675e-04 7.482875182685505392e-05 7.890884777847496890e-05
9.523994428155750202e-05 3.342060968550571691e-05 4.788817979164023417e-05 4.305178933821531928e-04 1.419800940812779603e-03 3.142492000768014760e-03 8.531188631331988736e-03 5.670535326816830528e-03 1.560672611697641468e-03 3.274284650231615757e-04
1.927251596199965967e-03 1.047294375367255337e-03 8.984463246368675285e-04 7.002439125522941709e-04 7.813680711542278588e-04 1.484249052151706712e-04 1.384408084284734794e-04 8.354596918147065262e-04 8.452062559926354400e-04 1.229215449773110331e-03
7.771036615330076706e-05 7.618247831717877595e-05 2.257743406633393993e-04 1.409664091447324031e-03 2.616281442214118003e-03 3.042227790711618789e-03 4.370062473942945731e-03 2.063671724568206644e-03 5.424314751890639986e-04 8.587124265636915149e-05
2.757640054910607749e-03 1.131537492307765251e-03 9.267817094466584320e-04 1.135743420179658088e-04 3.619725566720850655e-05 3.033770282664484868e-05 2.124460266932062173e-04 1.290265752913201478e-03 2.568272675312344155e-03 2.665956548197082922e-03
9.118516723545188295e-04 2.558990505782406978e-03 8.571883567105374573e-04 3.569808009777889380e-04 5.019579450364932121e-04 2.475691884431069855e-04 3.755340407653986654e-04 6.720600380231711319e-04 1.210078839505247068e-03 1.801959129787008944e-03
1.301543012457725772e-04 7.782087923145061727e-04 2.676295327532498929e-03 6.563691832608497742e-03 9.882895818875374674e-03 1.234291547892139851e-03 1.002380744955434127e-04 6.022159511700148012e-05 6.290964450524713528e-05 4.274759638182770699e-05
1.674373788958449837e-03 1.067670615860507937e-03 5.502945898446950056e-04 3.073626976241856218e-04 2.655701125949243985e-04 2.518058966816139077e-04 1.137806475542541430e-03 2.060582261710912529e-03 2.101135678295808912e-03 2.213941115338951150e-03
1.834922194734876669e-04 4.929354593967288109e-05 1.674251727528670486e-05 3.712652676503166950e-05 8.783879954303085798e-05 3.751848132418401124e-04 1.861230907517333159e-03 1.631822899706453570e-02 4.555033543852247090e-03 6.245029667130718755e-04
2.309961588506166241e-03 1.023694422287880351e-03 7.728927899698082764e-04 3.127873415218031055e-04 2.840978927600668557e-04 6.034470986663128698e-04 6.046890902231144040e-04 9.337634228591458084e-04 2.756704503631893146e-03 2.443359226547654316e-03
1.520121721677995938e-03 1.447111360470427002e-03 1.588946526318198811e-03 4.258968266824466622e-04 2.386741374079365632e-04 2.545139750473303592e-04 1.805591649237259385e-04 6.934700967521067192e-04 8.265191879199483256e-04 2.987268519867709166e-03
1.182386158422716710e-04 3.486039318161159224e-04 9.677035759563929179e-04 5.412596350211607531e-03 1.132908285956207156e-02 5.701911013405226193e-03 6.775994499008417080e-04 2.012809539188707849e-04 6.875028898997533251e-05 4.969580901993564962e-05
4.814908046894920686e-04 1.266452811200153216e-03 2.243651039891768860e-03 4.000703414259842994e-03 3.091188042915278458e-03 1.657690020791256595e-03 7.362666516723297746e-04 3.126405291545536046e-04 3.011812647087908860e-04 2.380220876330619185e-04
5.338932082020573529e-05 6.540055296929428658e-05 6.629043253163502414e-05 2.124540945457586419e-04 2.346053369957770869e-03 6.583318529244661446e-04 2.108294284577704532e-04 1.490092775687540828e-04 7.037135027261808777e-05 4.998908887253157921e-05
4.275729326872992924e-05 3.560683797387676321e-04 1.382900565716683626e-03 1.284621315987070911e-02 1.406366171960984901e-02 6.900830843114759590e-03 2.147190778192035435e-04 2.182243036221238788e-05 3.066867574748367717e-06 4.439012694753199347e-06
1.668626675690388934e-03 1.649643391034690638e-03 6.738206210031093919e-04 3.321908164708536567e-04 3.007701094768026862e-04 3.570736429675571409e-04 7.564153482859166822e-04 9.264133739423792945e-04 2.769004902117618711e-03 1.895754681820947070e-03
1.520417733494674106e-03 3.479932041971746859e-04 1.346572076359244267e-04 1.178838874990560535e-04 1.979933039092993509e-04 4.206569801668572301e-04 2.099981295977260826e-03 4.301754048795248739e-03 4.796112778077868573e-03 2.511103824316000214e-03
6.546268319579794971e-03 1.590093307124378769e-03 2.901048797146398516e-04 6.330953665776298733e-05 2.774114810264540314e-05 3.369646808180065255e-05 1.752029023541583342e-04 8.398199793063064076e-04 6.081005731892975483e-03 1.428212458671392765e-02
1.482383176849984188e-03 7.444943987596283489e-04 3.881989431603501931e-04 5.888373569102212535e-04 3.986489624039856968e-04 2.376892012002315723e-04 2.426878010280785869e-04 2.044684910938531321e-04 8.758925332747454027e-04 2.200955841487268420e-03
6.530650501019030774e-04 8.007091467970350656e-04 1.399395462017745352e-03 1.433582377065225483e-03 1.210262944408855949e-03 1.078390348630388264e-03 5.331657873766514500e-04 7.500099218783970196e-04 8.588355049319213201e-04 1.004366889675447705e-03
4.155134182885474666e-04 1.005737389826612217e-03 3.705872542100638496e-03 5.491100503086251972e-03 3.313801804273754700e-03 1.344111863992855822e-03 8.105353180802314563e-04 1.387757321605977189e-04 1.121628631071811997e-04 1.398373636633419223e-04
9.081323581533283637e-04 5.094314896152325484e-04 1.684347195882191373e-04 2.560809769941424356e-04 9.536419301401455415e-04 1.254380648391642062e-03 1.596967935200526746e-03 1.077828047470939582e-03 1.095115634032842525e-03 7.353035231750499169e-04
4.004443000504445227e-04 3.232493514646462402e-04 1.039025226827432116e-03 1.738082512101166545e-03 3.234060108363569826e-03 2.559707466704753010e-03 2.179385024071132937e-03 9.448225156796809243e-04 4.316186666667730419e-04 1.260584269408977472e-04
1.291629101887553600e-04 5.139654540125120774e-05 4.183032698123462082e-05 1.495220409921340537e-04 1.075247273461325294e-03 4.762597598087823549e-03 5.029696485964917779e-03 4.591708069159552118e-03 2.185075146935699150e-03 3.623923027835208670e-04
1.180209537404297484e-03 2.031073621953537276e-03 1.339342797174160760e-03 1.718917855012080161e-03 3.485396171855265676e-04 5.185323359344324408e-04 2.629911513804628694e-04 4.260581205803581364e-04 7.531045110892681206e-04 1.510997620481382238e-03
7.136115977553890595e-05 8.631428472795584005e-05 5.394401104334160590e-05 1.491793418022644866e-04 1.255573638068605393e-03 1.415095188898971013e-03 2.705783455512003784e-03 2.369875940235568676e-03 2.480721394167138567e-03 3.532644549204174691e-04
5.936437789506882751e-03 8.563614432495950503e-04 1.300735811572949490e-04 6.375079330593785875e-05 3.523636458034206423e-05 1.114723395282655755e-04 2.076879922687737583e-04 6.440589420885979750e-04 2.472102944507029772e-03 1.197661879205799348e-02
5.742123106090566906e-03 2.542985674947999611e-03 9.815380043881416581e-04 4.751808228346079185e-04 1.171260295299462675e-04 1.207261077861374195e-04 1.702826291700811946e-04 2.827570093819587143e-04 2.545877595014432466e-03 3.889614039789811642e-03
2.366968702292575766e-04 4.302224706385235570e-04 1.623473146510865349e-03 4.353823301518591933e-03 5.969820787888613541e-03 2.999987093858605749e-03 1.248260165873934548e-03 5.443924035616968518e-04 8.565629133612305361e-05 6.543141564958607009e-05
8.956773164233183164e-04 9.449960984656631709e-04 1.686730912337337188e-03 2.569704095948782685e-03 1.443152653369547548e-03 1.493346682911931428e-03 2.842839148814448828e-04 3.330576955258530503e-04 4.150715068035779835e-04 5.958693197830591468e-04
7.618341394347992043e-06 1.480171315777682351e-05 1.413857232651675403e-04 6.554419641113397961e-04 5.608530689665676590e-03 7.585749509907986632e-03 4.575864147786776540e-03 2.665681895520026663e-03 2.256532939635351573e-04 2.171238558356428886e-05
2.238563143954363458e-03 1.738704042810750592e-03 1.497700945111687292e-03 7.577262417483506289e-04 8.988843464551249732e-04 5.826959158562384404e-04 2.821480426984762885e-04 2.118657484353230131e-04 2.998541153510413332e-04 7.231835135505357195e-04
1.692702821626776194e-04 1.225556366147906090e-04 1.035696906966121250e-04 4.059516149931616919e-04 2.207370422590705650e-03 2.397734376097373186e-03 2.780292735885878455e-03 1.146389311477808651e-03 8.410047178502868225e-04 6.462418999553854772e-04
5.857908190163089697e-04 2.184703535923991895e-03 6.581681194042318488e-03 1.014118263229804064e-02 2.023700495566622265e-03 3.742269773808710792e-04 1.402047378277788015e-04 5.681387354756621170e-05 4.490241793262025172e-05 2.194589564774724049e-04
3.609196850195232203e-03 1.086413450821857541e-03 3.419480763056520771e-04 2.087572205229649947e-04 2.265464780834165195e-04 1.709670114272625698e-04 6.220973716478885203e-04 6.557998652722543328e-04 1.275420411805493768e-03 1.949217783625869539e-03
6.998743401599100741e-04 1.169729373396610067e-03 1.084984408982586721e-03 1.224309000394378354e-03 6.310271972864516486e-04 2.542216537289225618e-04 4.498065560078817944e-04 6.427313634715198188e-04 1.147836415307370477e-03 6.931639084774683874e-04
8.781954306176837808e-04 1.662792881651496560e-03 3.562906893603988347e-03 3.375311978408564000e-03 9.301804241815422826e-04 3.753029673775284437e-04 5.483924717141734498e-04 2.035178151662112619e-04 1.757504136152314368e-04 3.816883364786625684e-04
5.648591493201086261e-05 2.252717835432035238e-04 7.363448394852874874e-04 8.256901497650858757e-04 1.233305414034016135e-03 1.978836078628251789e-03 2.644426412662623758e-03 6.417661078258066545e-04 1.288320011007283977e-04 6.835159863005473013e-05
2.423511897995886139e-03 2.295200743883839788e-03 5.613191244217253205e-03 1.290572168710023629e-03 3.452959722494676953e-04 9.109527901065852488e-05 4.009548723981570887e-05 5.020013978060833287e-05 2.373545920856512371e-04 1.120304282491179889e-03
2.846188018662343302e-03 1.974215958207469184e-03 2.003150813960493607e-03 1.403204298622915151e-03 4.367249482819649301e-04 1.186441164510597439e-04 6.452086775781216553e-05 1.469993073934088837e-04 7.322927369230748098e-04 1.631097286271571091e-03
2.335433485893337866e-04 3.232998622620963957e-04 2.394441170254139157e-04 1.065993635368851821e-03 1.649145145722587073e-03 2.322027139339149972e-03 2.353952162914270483e-03 2.700616104086932083e-03 6.141542812169014385e-04 3.483705419043251514e-04
1.412849945720247432e-03 2.160342052955903543e-03 1.802168672892503912e-03 1.347868949540481512e-03 6.013986428599832953e-04 7.735132919151333202e-04 3.283105879847819631e-04 5.903731805239502200e-04 7.877409760695644643e-04 4.610923374474605141e-04
5.802132098432360129e-03 3.754555192504530244e-03 9.341039782202236125e-04 2.816682152682281029e-04 2.571235811541590279e-04 2.056479963608278728e-04 1.629280677157075353e-04 3.844718780974677296e-04 1.137244823368796683e-03 2.900277401763262999e-03
2.159743028280510630e-04 1.502307412551303701e-03 3.970030063784174383e-03 8.487559383732277279e-03 3.738831850366547329e-03 1.081842196163420537e-03 2.415848456578980469e-04 1.154461246333020975e-04 8.215985690027691538e-05 2.196792515162435100e-04
2.673672842682171097e-04 5.505104272543489110e-04 1.112427360485578704e-03 1.000806238033626365e-03 1.671600590048064527e-03 2.631165364215886163e-03 1.328981583887617855e-03 1.274434997276188567e-03 7.609154375087578753e-04 3.882674847484819973e-04
7.974391025641383276e-04 8.921447477098718706e-04 7.390027492168642180e-04 4.914932768483784966e-04 6.478007705498585369e-04 1.155033254552676218e-03 1.306519883673471980e-03 1.979914746315310486e-03 1.377822285313445513e-03 1.126357125360537195e-03
