2.044411337818525798e-01 3.247194176459460291e-01 9.234708143644365652e-02 4.196560045571509634e-01 4.599522557612832629e-02 2.484005805987685167e-02 8.616443874510809620e-02 3.643553435604183210e-01 3.417348612739738722e-02 1.392938844813100888e-02 4.487550405366040607e-02 3.445029180078857389e-01
6.448229172713411395e-02 2.150922699619828848e-01 1.096591491206955205e-01 3.035466809875491112e-01 1.176869242436121149e-01 1.611615922523713662e-01 1.714583533094396761e-01 1.341755500859778960e-01 5.014056697236078941e-01 6.548227104102584406e-02 5.958396983373671213e-02 9.626527771286713664e-02
3.399764623327920787e-02 7.967186140677148809e-02 2.869746380661492013e-01 4.161964832006107562e-01 1.146900155710002811e-01 1.102191164318869349e-01 1.927933956552220496e-01 1.330608843800724916e-01 2.860167815498534383e-01 1.429376207844175461e-01 1.399077186327110645e-01 6.353383808802531840e-02
3.662615580013667271e-01 1.926736795966240701e-01 1.857910787616914861e-01 1.030718986251311503e-01 5.148623450099698573e-02 3.938287482317707339e-02 4.908504847389539433e-02 2.157712061623717759e-01 1.837645949341318585e-01 3.966861304978818170e-01 8.876329713783473463e-02 1.272623984848973155e-01
1.168423724764865584e-01 6.357790005226097996e-02 4.376423979270339937e-02 4.646604739854717225e-01 2.260840992173068220e-01 8.119914651303528075e-02 7.023649781173635365e-02 1.626557130378004090e-01 3.378469833052608062e-01 1.330169452007386455e-01 6.000622315253931888e-02 2.401094054546592527e-01
1.219208226983970467e-01 2.149964331715920329e-01 1.020919661008494878e-01 1.058809724199730878e-01 2.241947413851057280e-01 3.731176849409089114e-01 8.151507129004381680e-02 3.629620215456963450e-01 9.016890576723188278e-02 1.122811862905851998e-01 1.531327214443457263e-01 5.773747294527074164e-02
2.895799058069128407e-01 1.590166583427982672e-01 1.019887121748056791e-01 2.371299127235533544e-01 1.611181421935010960e-01 2.327747580182253917e-01 1.457675216168320131e-01 1.160168691030142724e-01 4.340308230901344932e-02 1.409188021312962613e-01 1.839898906346738860e-01 1.882957449453727672e-01
3.871051529225086885e-01 3.779229357726340277e-01 5.253651901700234772e-02 9.078608448229083527e-02 2.124699140500310723e-01 1.951522372267753824e-01 2.124332023222609833e-01 8.598856453040640280e-02 1.202096344593363564e-01 9.128865050514139989e-02 5.542851817356678201e-02 1.186785865380455551e-01
8.065162850580837040e-02 9.738986090474668900e-02 2.371765928330257511e-01 4.063198758027772306e-01 2.269306429519571122e-01 1.583641143402828022e-01 1.364492911377837292e-01 2.795589108082426333e-01 1.557822131174366742e-01 7.854970847307403414e-02 9.088342087213704956e-02 5.194374025272772977e-02
3.700964839025096959e-02 4.554134341406541192e-02 3.564774294979087821e-01 1.484054498625917429e-01 1.694558509865244089e-01 2.280730206235039303e-01 7.919363454562676485e-02 8.549800429754472741e-02 3.362363565417392786e-01 3.043302291315748698e-01 1.276981695530698679e-01 8.208086315559798285e-02
2.468518475058264217e-01 2.810258559830939862e-01 3.025316793640007718e-01 4.049882141654791157e-02 3.215026342236665391e-02 1.328560270666240273e-01 2.811373927918406901e-01 1.751903254603947857e-01 2.455237513273220429e-01 7.993929658873230593e-02 1.180463327635649651e-01 6.424840630968514654e-02
2.023883428343397906e-01 3.495566713872313991e-01 1.118795981455348726e-01 1.794697147171559759e-01 2.999078495462045302e-01 3.438081073005760380e-01 9.841901863786237104e-02 7.680804483305310459e-02 1.056961153764326422e-01 1.347588930962626830e-01 5.039368269516635024e-02 4.691396143018038839e-02
3.173837428149861584e-01 1.822564402842560827e-01 1.816988938583000146e-01 2.768065902154449587e-01 9.109615997438548496e-02 9.778374339118017788e-02 2.883490390358184677e-02 1.235411753161828365e-02 3.246745560859808089e-02 1.897012226028091386e-01 2.571411713798473220e-01 3.324755584349915472e-01
1.352818436185223572e-01 7.273646602483835322e-02 2.389805943673658783e-01 2.308036718469565762e-01 1.933827534059402442e-01 7.718997450207140676e-02 1.715789140650885447e-01 1.021153763713338325e-01 2.279431685447930733e-01 1.352957533484987207e-01 2.015998816304701013e-01 2.130916022741196625e-01
5.895945903912832436e-02 5.870045285539531726e-02 2.936758214436515080e-01 1.402588097836015568e-01 8.731931603511329520e-02 2.033255016450551123e-01 9.508151557899470474e-02 1.923926257327257527e-01 2.323887166835088280e-01 1.297311559033497985e-01 2.223690015849493495e-01 2.857976237145262721e-01
2.454940643727184235e-01 4.136291548136792340e-01 1.341302411954284901e-01 4.027590462057666076e-02 1.493222219769805292e-01 4.071402979977967185e-01 9.918288730111515794e-02 2.148902856029377695e-01 5.338301833017394110e-02 1.389724995581734582e-02 4.521097742185002655e-02 1.834436964109255885e-01
1.460726960606653635e-01 1.697307619560132208e-01 2.026789147431927729e-01 1.044129420988318957e-01 2.816514693654076362e-02 9.432066675408402184e-03 6.860508746250297551e-02 2.501897982039925639e-01 1.280581627607747519e-01 2.915081302038807776e-01 3.059636244687088391e-01 2.951826684294883707e-01
3.751246584987307786e-01 5.025417505573136212e-02 4.104319424413555017e-02 8.688161214875016192e-02 4.874811866735834914e-02 3.037895864864887385e-01 3.924432347331566207e-01 1.527376424956261025e-01 2.046650795203489026e-01 1.578478885705093815e-01 7.325832430834662568e-02 1.132064852708169755e-01
1.371176169488666774e-01 1.405238254975710588e-01 4.847785917383812260e-02 5.426143456162209333e-02 2.155163184803174925e-01 3.012882181457177122e-01 3.274012124381988631e-01 1.134533516235350786e-01 2.341631843048403577e-02 8.533282013158767498e-02 2.848511622557258205e-01 2.683598623125351690e-01
2.203228042356853988e-01 1.950254156526487481e-01 1.303372468254155869e-01 4.031897240174212027e-02 8.265269100453440099e-02 8.170273731586372157e-02 3.216976740880115315e-01 6.548986380782581551e-02 2.423048781418580822e-01 1.624881388047366149e-01 1.065546109950584186e-01 3.511049667266203933e-01
2.243898907089325045e-01 1.351510610891295816e-01 8.993957342516543940e-02 1.179104277556114466e-01 3.936818170483170620e-01 9.062516227535372115e-02 1.021326055668022592e-01 8.464572974574194331e-02 8.551979167531484349e-02 1.422691528326393839e-01 1.768433521543891773e-01 3.568914357226032896e-01
1.221997707674133404e-01 1.079807429794046314e-01 1.257731549269716365e-01 2.332461032787273569e-01 3.258290854616806564e-01 3.505745219261880569e-02 1.513405024259996921e-02 1.551799869555997580e-01 4.083342235162339406e-01 2.797803508816812390e-01 1.076416879724571007e-01 8.384339082461292336e-02
2.658745496228289706e-01 2.815006715503872714e-01 2.582405932925493364e-01 2.165671656213376262e-01 8.582797147103937707e-02 7.617505250520165139e-02 7.541660271105757318e-02 1.475124145064380943e-01 1.815151748377451246e-01 1.263552586253816057e-01 6.077596929694716738e-02 2.242385759590878602e-01
2.140260927849656769e-01 1.683625359293925428e-01 1.808517428076564793e-01 9.042511797354392533e-02 8.052061611995794954e-02 2.365958083865911110e-01 4.094446989300694062e-01 2.426593307522581511e-01 3.091955349346154833e-02 6.557091932738229323e-02 7.137322839286237841e-02 2.092503551018601304e-01
1.926715655459655396e-01 4.458116553815194560e-01 1.797660501516658849e-01 7.723754117726477908e-02 3.015992637478023819e-01 2.166924603223208678e-01 9.966634230234569514e-02 7.925889473990635481e-02 1.768990948015877751e-01 7.525939840432621653e-02 7.505117655181167691e-02 8.008655687348519014e-02
2.430756499940414650e-02 4.562087077789080125e-02 3.200040515602001756e-01 1.782804939710015968e-01 9.842903239568187579e-02 4.014429841173118851e-01 2.051675311410029456e-01 2.217132245696386561e-01 2.413527526137490831e-01 1.359859119122470705e-01 7.138062102859740743e-02 5.631496091327492515e-02
3.307384202110940086e-01 2.912896974720469156e-01 1.085829618288704224e-01 1.664315891969584404e-01 1.763137569441973196e-01 1.223509841652538066e-01 2.407544934360381639e-01 2.556349022634934465e-01 7.270397011929985442e-02 4.936221664501215523e-02 4.697632513670288446e-02 1.388606825810336232e-01
1.861252627967889262e-01 9.643456437529923653e-02 8.149434200030655773e-02 6.478259507779357551e-02 3.559427739413775216e-01 2.245392802551752498e-01 1.219481819840317893e-01 4.248243621658074343e-01 5.824424986183541347e-02 3.557299706223707864e-02 2.281480360857716105e-01 1.219433543935761061e-01
1.209720584157376044e-01 1.278834516839711388e-01 2.659169112547750125e-01 2.318880337306574169e-01 6.184829253122710313e-02 1.893888346359478003e-01 1.032073051455305868e-01 1.578966132320190896e-01 5.074737559272824994e-01 1.013449678753837180e-01 4.950121590536521454e-02 8.267855966210069241e-02
1.339659485618031609e-01 9.056537544975014342e-02 2.744524663143945720e-01 1.482119330827427750e-01 2.242256505634850905e-01 4.183954480298243128e-01 1.515385188374752667e-01 5.225996625729059653e-02 2.844095754244364560e-01 4.217203371843591259e-02 1.984492223204687225e-02 1.599581615283151015e-01
1.190869462084849922e-01 1.571649199708839428e-01 9.161396077316895370e-02 1.804662805180644869e-01 2.387829447772118474e-01 2.272775072655497941e-01 2.187301671208710940e-01 8.800135608824927180e-02 6.723125664126194945e-02 1.090330498883345656e-01 1.162946430015785598e-01 3.863169677463427765e-01
1.996272384036379410e-01 3.540750408905514179e-01 8.852592784712341734e-02 2.668234902928899588e-02 2.232063888582477493e-02 1.345104637046987128e-01 2.056071618487046726e-01 2.502432275792005334e-01 1.050393518272678961e-01 2.742898196044335490e-01 5.366138169030480742e-02 2.854173986889632086e-01
3.056643443188803433e-01 1.114188670714080787e-01 4.254067028512305004e-01 2.493482031987160896e-01 2.383789855148990555e-01 2.299225189080136844e-02 1.718256662689218381e-02 1.399810965571144927e-01 2.247361127507458978e-01 1.040891362319004282e-01 6.581530643846286721e-02 9.498642654894914883e-02
1.851000337460307898e-01 2.167821060617906581e-01 1.996738332790919390e-01 6.431445120115147907e-02 1.512595946557670767e-01 1.042198505656164731e-01 6.501083051748078601e-02 1.877061976572597796e-02 8.411851861410890585e-02 4.267602623350416624e-01 3.793885647907402348e-01 1.046013344674554535e-01
9.844892447376364653e-02 3.629277638405707940e-01 6.845490309335877654e-02 2.558971462263439495e-02 1.275178187734844239e-02 3.185745528994356202e-02 6.427262769503012951e-02 5.038396538074199071e-01 2.450805252242443388e-01 9.746444402294399123e-02 2.821238303247677881e-01 2.071883757279737726e-01
1.753353790464611817e-01 2.422747356261011342e-01 2.021501573216554770e-01 2.573764646993814686e-01 1.092009258576298464e-01 3.479543002130448537e-01 1.083801778127305437e-01 1.712104936738489958e-02 3.587322772318786435e-02 9.554950205666748464e-02 2.065859436044351627e-01 2.021981366713212491e-01
2.296002073541140998e-01 1.748623900623639815e-01 2.398443595435154896e-01 1.122756247262166468e-01 7.895564746621025476e-02 4.751960159854473620e-01 2.147629405980839568e-01 8.860479535867835099e-02 5.294025337546719168e-02 6.422960914973763202e-02 1.990281541859715009e-01 6.970000219419343612e-02
4.280355356038928472e-01 5.608477649084845501e-02 1.809241938635701777e-02 2.386895087271357838e-02 7.414829527629496209e-02 2.326695430865726166e-01 3.276448894331374651e-01 1.867346941029026652e-01 1.875373962987406384e-01 1.401596570033357136e-01 2.410016030593838399e-01 8.402223938581911133e-02
4.275854224178025631e-01 5.901012106876154378e-02 1.221659169466143141e-01 2.483210913272626830e-01 1.296782215011714201e-01 1.212722456910235447e-01 3.234803838954565247e-01 2.811673494678578605e-02 5.685461849243220872e-02 3.167888683794688465e-01 1.213819097901863153e-01 4.534446554303409732e-02
1.489511296379616434e-01 1.250224403505840187e-01 9.719682393428981382e-02 3.486138691498922304e-01 7.837015797009698470e-02 1.884138891883325451e-01 3.633851299588946593e-01 1.875357280851464858e-01 1.928676359868006229e-01 6.806527589297345360e-02 1.093120061321979641e-01 9.226591371283010545e-02
8.718246552396065330e-02 1.712080350923258359e-02 4.362179614330778665e-02 1.273290543413737319e-01 3.408034027615128858e-01 2.179016067701346204e-01 1.742308975968296370e-01 4.763368462739646370e-02 4.479437973119332339e-01 7.706358729466367130e-02 6.339524547168678970e-02 3.557736586479666174e-01
1.496675337008893103e-01 2.672656666085933552e-01 9.395399079614641380e-02 4.611402975821319306e-01 8.688720132932717388e-02 1.879443432685904969e-01 1.782233326739656454e-01 5.071699768599778613e-02 1.655284528800141791e-02 4.329139827453137856e-02 7.195558170176137580e-02 3.924008110900646384e-01
8.535810643646808693e-02 7.684707218123931760e-02 4.493189984678767207e-02 1.019085782720571820e-01 2.677175542779444140e-01 8.751481365020341574e-02 9.537511436387882680e-02 1.065532114984607814e-01 2.418840695388875528e-01 1.008806081456156689e-01 3.625895520019046803e-01 4.284394197865534215e-01
6.545865417997663929e-03 2.684435938469023272e-02 5.923304740701067217e-02 8.946618485864601955e-02 4.092803723175695296e-01 2.511163381681104645e-01 3.254331893835151202e-01 2.262001431233441329e-01 1.129156921798913082e-01 3.882572397340264825e-01 9.226388908412483381e-02 1.244367894107386088e-02
1.998937789644376073e-01 1.158164772196734055e-01 2.338851512092677831e-01 1.634842371167638531e-01 1.697519417992690571e-01 3.980652184769696289e-01 2.015927397690205070e-01 1.797528651171506064e-01 3.741096248066813623e-02 6.743012729714234488e-02 1.351948171972105484e-01 9.772168335242725767e-02
1.492384817942678070e-02 2.791958600542550351e-02 5.595137479044037104e-02 4.401032866838657798e-01 4.010898492503306434e-01 1.414738075221816382e-01 2.025587645924209479e-01 2.909855058801109062e-01 2.618222779291259350e-01 8.661914969612038995e-02 5.477345749511933204e-02 2.177909197543202724e-02
5.886795846707082447e-02 2.699991102667221865e-01 1.816347911891064704e-01 2.174203349161111035e-02 1.233398585964666505e-02 2.544335099695636121e-02 1.134681363170651353e-01 3.168204456236991540e-01 5.068568888995740596e-02 1.588436335911249664e-01 3.605392387016394529e-01 4.296216266053998201e-01
2.642634585799413238e-01 1.790558084033162523e-01 1.582250962563892804e-01 1.792279576611212344e-01 1.082822435582791315e-01 3.183568413697592803e-01 8.165818125186644072e-02 2.919154552076034803e-01 1.699050478179510715e-01 1.259330131673574993e-01 6.106634879607838323e-02 6.211054793033797539e-02
2.725186096165584937e-01 1.441413707752628726e-01 5.358821912665400616e-02 1.485968241216933106e-01 6.594573369505506155e-02 2.865480988788061678e-01 5.520942098227794581e-01 1.992162001124600235e-01 1.360265130475444006e-01 6.485491320600186849e-02 2.524071269491653599e-02 5.122859490226541745e-02
1.722206722635621634e-01 2.569207802466354565e-02 1.659626324947345577e-02 7.188187545513000098e-02 2.782332587259495615e-01 1.539533120807360933e-01 2.831949285880710487e-01 1.605104664598134556e-01 1.007768172686508146e-01 6.969017098305678448e-02 3.068840223326099181e-01 3.603661345682834805e-01
2.018973891335396065e-01 3.820170853272403244e-01 8.693565334200303862e-02 1.121618801683533784e-01 2.028209859261667636e-01 7.530662478042771113e-02 6.563600526591022166e-02 2.792204511240243825e-01 1.346544338134199603e-01 4.186450651113779453e-02 2.312729150948272250e-01 1.862120695129478865e-01
3.271751645660676833e-02 5.673062177814219148e-02 2.814407843371046214e-01 2.589753430915929799e-01 3.392426529377312594e-01 1.126821958878352070e-01 4.498143046678872436e-01 2.705122652564299623e-01 1.070564075190830189e-01 4.338929401393419594e-02 2.637999141926319208e-02 2.105862263438946017e-02
1.846677717786657791e-01 7.280109363654030386e-02 3.521891858714988333e-01 1.675512843756714054e-01 8.964162223443973565e-02 4.150618220291109606e-01 2.290272075079978764e-01 1.019419454806477082e-01 6.107007800140026171e-02 8.388058547118820707e-02 1.357682476714390796e-01 1.063991559413989541e-01
1.029750469913107702e-01 1.359050835873655272e-01 9.160575354202982190e-02 6.888015631540463091e-02 2.729313153817956583e-01 2.977106583902281445e-01 6.180912901706675511e-02 7.998160980346352700e-02 3.942692586850928826e-01 8.562904579417393580e-02 2.611135956233066047e-01 1.471893468687611728e-01
2.265779209344427891e-01 3.717867244177944785e-01 3.625664494171364910e-02 3.117301598112787522e-02 5.748402620291123005e-02 8.389491110864293055e-02 4.281782437342462888e-02 4.279664118777450066e-02 2.904779881381766016e-01 4.558495382834817922e-01 7.575803973256732549e-02 2.851267246979438119e-01
3.697891075636126623e-01 1.706717653935412859e-01 1.891594311047551935e-01 4.468840352800773075e-01 2.381278988586433276e-01 3.896323787832486896e-02 7.991585182271945809e-02 7.451647845021848460e-02 1.484961796321601912e-01 9.715498779514214478e-02 9.418549881568853699e-02 5.213552740511748218e-02
1.804007495842009645e-01 9.176443056700023249e-02 6.161542610068583559e-02 1.651524982534333663e-01 1.742297560130371126e-01 5.833519321959462073e-02 4.804649184980348819e-02 6.982696655832411337e-02 2.228117672806319838e-01 3.734465634717629712e-01 3.246414780895529595e-01 2.297286790119730804e-01
2.277545783408498337e-01 1.319328403733430743e-01 1.288154181694882161e-01 2.619089042420133517e-01 3.157395168939228225e-01 3.896297872635042236e-01 7.677446301970689002e-02 1.672026160305736253e-01 8.479855170118713592e-02 4.067308757219925686e-02 1.182462020461797630e-01 5.652403434703273666e-02
1.100725483433476065e-01 2.662106458149974264e-01 1.718981283013287786e-01 2.020375468785600426e-01 1.557840792160620214e-01 1.715042412330608779e-01 3.206420075373954404e-02 3.089392639265700624e-02 6.970630043365116935e-02 2.623894174440339899e-01 2.259097536251485350e-01 3.015292115634150560e-01
4.360937463125846292e-01 3.515284547184453767e-02 1.076993611118696494e-02 1.959978848853555569e-02 4.630370561609691710e-02 4.158409631406836393e-01 4.343331480880905926e-01 7.438446632736672726e-02 1.265817923654681196e-02 3.602455664259357482e-02 3.788438708452265269e-01 9.999479371924507864e-02
1.283455191765289771e-01 3.425248679400816898e-01 7.926095816299748298e-02 1.270401652538175885e-01 2.406547525050559688e-01 2.228113419488360059e-01 3.074263065185401933e-01 9.609330119805904735e-02 1.857794854524854808e-02 1.149543919747084419e-01 2.585419237787531799e-01 6.376852299737320595e-02
1.023198310069426131e-01 6.844063355505256019e-02 9.846738755848992442e-02 1.395772659676351724e-01 3.825311372676251098e-01 9.184130732371512118e-02 3.750997368059383330e-02 1.683101025605307499e-01 4.721121350889321833e-01 1.862678542112087832e-01 1.935661555458047522e-01 5.905621623346910681e-02
2.307982884895751208e-01 1.677332357839408650e-01 1.864061060210155940e-01 2.006456121825682948e-01 1.503724117764874135e-01 4.051582964053889180e-01 4.849496630852727086e-01 3.993962604777047398e-02 8.816108291731121482e-03 1.057776271095816310e-02 2.661609849770443792e-02 8.798679070758616549e-02
2.621436101803927832e-01 2.909015348980209872e-02 1.651317979336681396e-01 1.923340124069228274e-01 1.928939080327656541e-01 3.600878369783384603e-01 6.433182694717329286e-02 1.373497893538997566e-02 7.243428974518887134e-03 1.197357408641107623e-01 4.159462539294693229e-01 1.773264513274485088e-01
4.104627811135677651e-02 1.311067805798846186e-01 1.878298586810408233e-01 3.320717881568912011e-01 2.493727531898582983e-01 2.941929497299587970e-01 6.014545062757834654e-02 1.186205846946224440e-01 3.136170213161438847e-01 1.579936042134614527e-01 8.440158730406788212e-02 2.960134339513535717e-02
3.006727946448156108e-01 2.703997868564312901e-01 9.466089486962858679e-02 3.306660796509276745e-02 6.233759071238207522e-02 3.382616031228693476e-01 9.734534486573839795e-02 3.484609286365781405e-02 6.439156768579898382e-02 2.884718634457885678e-01 1.455991473136673264e-01 2.699467056541302035e-01
4.367551970299778791e-02 1.597771653527675639e-01 3.329089740273337150e-01 2.209748510845185310e-01 1.881023921507363750e-01 1.492819920116049415e-01 2.018209498558089510e-01 1.374311886180183406e-01 4.035662423985959535e-01 9.834800702408343087e-02 4.545019472295435542e-02 1.866252305057896146e-02
3.202997249589780715e-01 2.394069913648211867e-01 2.310044129337877616e-01 4.987016950721169517e-02 7.703447554793765861e-02 1.019017761490651763e-01 1.075604191811492527e-01 1.421006509887556557e-01 4.429585350037763547e-01 1.022019782505856345e-01 2.345974811397955051e-02 1.622011179999502950e-01
1.998379749009912276e-01 3.232054044502830070e-01 5.026972612382595018e-02 1.250992166749231582e-01 1.653016223385040395e-01 5.238633517302995757e-02 2.047532986608290861e-01 1.753678127170030243e-01 3.120214314867625349e-01 5.701752491065498890e-02 3.456930296774816946e-02 3.001703495954447520e-01
9.970756199113668672e-02 1.294371501143457837e-01 5.666989972508990059e-02 4.409247771805076266e-02 9.541765276155152187e-02 2.863995346448257040e-01 1.897626596961787260e-01 2.422103324668818392e-01 1.872590089156636328e-01 1.745429569283648008e-01 2.391691172331543991e-01 2.553316478047553684e-01
4.358773512769064523e-02 2.352601335806635829e-01 2.132050325334287622e-01 9.458981416190317959e-02 4.395617535845760399e-02 1.623541105490029501e-01 1.936838214967355198e-01 5.379104490685009121e-02 4.139320659552457315e-01 2.718871154025325199e-01 1.724549358044844272e-01 1.012980151230053610e-01
1.507489937007532865e-01 7.812020272060421489e-02 1.039566469820859679e-01 7.381635438598108112e-02 1.035211891197261591e-01 2.373953338876050867e-01 1.233527780670393842e-01 2.339705845933024442e-01 1.834206573860099887e-01 2.644355174279128251e-01 2.012506148016758034e-01 2.460111269273037859e-01
2.944496914523608844e-02 3.099359489727466777e-01 1.791217453137870230e-01 1.683184076660667328e-01 2.641248106011538921e-01 6.508040126229480693e-02 4.292519621186990236e-02 1.297090287714508516e-01 3.304402067215245209e-01 1.078954902790441039e-01 3.025106178107823118e-01 7.049317724404630114e-02
2.260829426876332093e-01 1.084081797918614587e-01 4.117283720685968595e-02 3.106347666743971558e-01 3.786767623803062865e-01 2.691767386929829753e-01 7.833297653018647666e-02 1.809766652354829752e-01 4.064041739022665467e-02 1.834158534896236925e-01 9.695161227300938545e-02 8.553024764743144548e-02
4.914177812837847159e-02 9.846395624815243441e-02 1.114038628557868921e-01 2.409335544271475893e-01 2.402109097859287112e-01 2.268518665710815840e-01 1.786651383589631104e-01 3.724025849446758185e-01 4.136741545900429751e-02 4.482171373693850935e-02 1.618172448223609838e-01 2.339199746615801268e-01
1.108428228557057638e-01 2.074083222066026300e-01 3.404081038087002353e-01 3.000412387246720325e-01 2.767758234270787376e-01 1.663400671623218030e-01 1.689729076578982969e-01 5.063658856373182138e-02 2.438720963797073524e-02 6.093206686118785020e-02 1.628548950557820174e-01 1.303999540383455891e-01
8.671732479917965142e-02 9.830577869610609976e-02 8.866436732784256647e-02 2.341582171294021575e-01 2.794051571526834921e-01 3.058751258704414111e-01 7.515765101057383935e-02 2.310044266414523761e-01 2.218677561174174917e-01 1.480815336928622550e-01 1.219018180755875591e-01 1.088608434864516278e-01
4.215554219197361618e-01 8.987130370965881743e-02 3.875628811563220921e-01 1.920648319290314543e-01 1.550138224916433050e-01 1.474660150172308892e-01 8.790066437451971026e-02 1.864267096853886307e-01 1.793360886313225544e-01 1.048793208059954907e-01 2.124938445581436158e-02 2.667355582333617858e-02
1.668535854027803078e-01 2.239805105087113724e-01 3.565077059206034349e-01 2.254984057620418869e-01 7.992196521219331606e-02 2.648265359697200005e-01 2.327011846749423296e-01 1.029993878398361151e-01 3.193773659364943646e-02 2.608160787675350978e-02 9.827005382382771048e-02 1.904213204149405314e-01
3.909776032169699073e-02 2.242074435828367851e-01 1.899313746043594098e-01 3.083712459193512778e-01 2.191355152288620989e-01 9.645072710009489070e-02 3.372505146084410210e-01 2.034048841787886586e-01 1.883760983508392106e-01 1.356797921765899584e-01 2.348016006630772312e-02 3.461448386183317572e-02
2.200482122821202924e-01 2.377160901197244297e-02 1.942562300401148162e-02 3.082055557498093734e-02 1.639500459462421844e-01 1.928071563793785637e-01 1.826816761990395221e-01 3.150751145329242497e-01 1.171508602799414128e-01 1.369945614089790875e-01 3.027532094997349987e-01 2.945213758806748960e-01
9.445399570075946327e-02 4.624523673352035624e-01 3.063720824763975781e-01 1.328994317890108134e-01 2.861208777844408968e-01 1.234180793432369250e-01 1.436173985485630911e-01 1.974751320738966642e-01 1.522553374187041453e-01 4.184686149154033530e-02 3.136730921878631839e-02 2.772112681946023102e-02
2.475153136539783305e-01 3.043407378408572450e-01 1.456370663623873241e-01 2.808802866143523813e-01 2.217913907159622666e-01 3.918407141688168976e-02 6.869650096529969496e-03 4.186359972707828087e-03 2.715378807953574072e-02 2.702381098783204205e-01 3.160193618746359734e-01 1.361838634938508097e-01
6.708106541700769448e-03 9.034559769236272936e-03 3.749620277144263131e-02 8.832923095853449647e-02 1.915580852823583202e-01 2.661252850418749372e-01 4.241991274770776643e-01 1.645274974231928922e-01 5.019519957129912058e-01 1.859435820456630528e-01 7.700043295148600864e-02 4.712589402444113812e-02
1.745056734003660182e-01 5.396995220037750091e-02 4.110557719534225218e-01 5.658192036553549853e-02 1.237095083843982035e-01 2.582254721194849889e-01 3.506809024540394892e-01 2.230923213433110563e-01 3.044438553485351306e-02 1.972869420802356166e-02 4.594961569819445979e-02 2.520557823379920848e-01
2.724095638757544346e-01 1.043762545809976128e-01 1.368738676131482368e-01 3.314325770236465907e-01 1.026397949538339488e-01 1.682239457138234306e-01 2.853702670431598754e-01 8.519434984019111368e-02 1.499343467780926524e-02 5.858525183193206975e-02 1.820853829245420996e-01 2.578153099211620836e-01
3.798791313280704962e-01 2.157359166839964426e-01 8.788689868495672131e-02 2.054643109517599597e-01 2.296086174759317255e-01 3.214491212754581190e-02 1.796774082519749655e-02 6.575339198515592343e-03 4.327358005587603196e-02 3.886449702478534940e-01 1.134716257556688951e-01 2.793469566646265001e-01
6.850332235259268265e-02 1.133074612962277211e-01 8.950043792946932308e-02 1.112454401124817437e-02 5.344372160669839944e-02 4.542865883894959822e-01 3.533411240896612293e-01 1.058490656438552113e-01 1.130968447870808885e-01 2.376776208658174239e-01 2.768300745189943846e-01 1.230391945088581962e-01
4.446281926716728894e-02 5.843743432968420692e-02 3.368575520430116543e-01 7.861394407506586135e-02 2.377647228848557906e-02 1.001243036010310977e-02 2.892160980196247302e-02 3.754508056089518320e-01 1.178074175786928690e-01 1.574509426523344191e-01 4.106734656596573441e-01 3.575351063348840563e-01
4.052069371570967693e-01 9.431438915944653778e-02 3.928025546011624236e-01 4.818256552787406055e-02 1.846577335808640211e-02 4.655084581868157434e-02 1.945839222762411613e-01 3.234930470630406063e-01 2.854545842516966747e-01 1.075177137338515221e-01 2.748727030814935093e-02 5.594039674467392309e-02
2.106246009165405400e-02 1.303880447870706116e-01 2.634421757484555204e-01 2.166703615434495134e-01 2.315684932543882746e-01 1.577772709886750002e-01 2.141772296560972566e-01 3.939393686936363825e-01 1.951284333629304257e-01 1.241529532427143312e-01 2.786549072290670642e-02 2.382771790802085815e-02
1.124449153441295368e-01 1.815941142217492033e-01 2.035654618451216424e-01 1.015633484094499300e-01 5.133119960731703096e-02 3.754078938268616827e-01 1.459950540173570455e-01 1.387468635380432747e-01 2.916818927768793368e-01 5.676937801874983036e-02 9.313223866820675989e-02 2.477676397261355246e-01
2.665244565161424273e-01 9.422907460759996634e-02 1.129078574578489258e-01 2.657194162825236017e-01 1.447762161450776852e-01 5.000869371546101672e-02 9.266957722981213064e-02 1.487301728437768478e-01 2.371501192665786684e-01 1.898736445193848210e-01 1.938935006189876908e-01 2.035172707968079808e-01
9.780522266053490177e-02 2.889628122948956906e-02 3.638830516612375637e-02 4.639633242164624138e-01 1.670684691830584268e-01 1.516338830128580450e-01 1.431777432216685408e-01 2.914305162421648374e-02 2.840060700686806647e-02 3.353388850036391755e-01 3.286804427863838640e-01 1.895037848886957921e-01
2.129645136288152996e-01 3.564420883014625119e-01 8.361913482221691729e-02 8.209569568677037299e-02 1.492668450397567348e-01 2.262879300261734228e-01 2.129465064826748799e-01 2.057143535063362949e-01 8.234323128200474184e-02 3.148190454338885280e-02 8.217056059224567277e-02 2.746672360881553532e-01
1.381296630649895274e-01 2.705434316234657244e-01 7.557403106808552318e-02 1.660757277472020843e-01 1.249993918280907640e-01 3.145116967699289612e-01 2.990740113431029634e-01 1.429266335314851588e-01 5.014819005577281219e-02 6.735038913446858566e-02 3.980001509121493253e-02 3.108668187421924078e-01
1.280179757354416303e-01 1.027059614334882021e-01 3.201845067482411711e-01 1.282100163150576289e-01 5.548428587039664489e-02 1.740046132330104189e-01 3.636202043444382026e-01 3.886119113932691160e-01 4.136602954558540879e-02 2.141752239507844352e-02 9.637012239502858180e-02 1.800068505909643291e-01
1.016412746836420633e-01 9.833853038770884458e-02 4.036020898617128649e-01 1.553825344706302181e-01 2.286872514792246958e-01 3.214993215269650734e-02 6.376840942218107988e-02 1.367862060809094116e-01 2.074342527502027189e-01 2.561831515830755857e-01 1.906232365330743916e-01 1.254031305949439845e-01
9.289024655578810574e-02 1.321294799263677266e-01 2.117914964414948920e-01 6.780743054087511046e-02 3.618881687912947620e-02 2.436522083441389763e-01 3.846734550533968955e-01 9.790791840509754929e-02 1.584506495675199744e-01 6.787390098910936476e-02 4.006132527157652556e-01 1.060211445813175335e-01
1.547689366203295891e-01 1.057008541812904656e-01 1.717394186471741802e-01 1.021495057538654577e-01 2.480432085808101372e-01 3.257485816445843674e-01 1.849955208642604654e-01 2.817340491049091789e-01 6.126380159613224741e-02 1.405944184519557216e-01 1.377852295204334832e-01 8.547647503425444271e-02
