-1.438220424567171385e+01
-9.271669801178655135e+00
-9.959667385347833246e+00
-1.094629936592004249e+01
-1.289730102526898747e+01
-1.511488608549448998e+01
-1.664310837949397381e+01
-1.367961858889484716e+01
-8.447491320318858854e+00
-9.406281395425086345e+00
-1.258534241079323301e+01
-9.937722012114440062e+00
-1.009763523719276890e+01
-1.192124330368583607e+01
-1.111422635639207002e+01
-1.565603005207304577e+01
-9.141959729881500962e+00
-9.381600512482554777e+00
-1.081576225284969617e+01
-1.247501202864753367e+01
-5.414977492485702371e+00
-1.361227605988907818e+01
-1.172227078108841525e+01
-9.426131008152470514e+00
-1.423139449047813265e+01
-1.409951493201675099e+01
-8.051060081753590225e+00
-1.089145640090695899e+01
-1.384737925179089757e+01
-1.134006879528170408e+01
-1.650114381804733910e+01
-8.163329406585502213e+00
-7.549152480366086770e+00
-9.771341836249821000e+00
-6.559812126187030579e+00
-9.468966429997804468e+00
-1.200853251800530330e+01
-8.445195667999474409e+00
-1.524917124524082546e+01
-4.583009780981651460e+00
-1.190864984698095874e+01
-9.857376710223487493e+00
-1.045809795031288836e+01
-9.106273528431637843e+00
-9.756491935062129528e+00
-9.711392729839159799e+00
-1.014016217136335563e+01
-7.026046534104705366e+00
-1.430439808828983672e+01
-1.004192597982017077e+01
-1.170676123106528088e+01
-8.378906754045946315e+00
-9.057191727745836474e+00
-1.303944675876753223e+01
-8.654790649594168883e+00
-8.279757051386329891e+00
-9.301306936263754821e+00
-1.232841959353446448e+01
-5.038619932582300898e+00
-1.135529525578782284e+01
-7.959469943471115805e+00
-5.654833461604738432e+00
-8.792068482064259172e+00
-1.213871365862648766e+01
-1.104050025746077424e+01
-1.160545581554573502e+01
-6.951404115116511129e+00
-9.428838154899546353e+00
-7.607394917623574671e+00
-1.625925958915351544e+01
-7.279036920423563650e+00
-1.108943797940147213e+01
-8.748338056261680151e+00
-1.252746023756827753e+01
-9.523688013668062169e+00
-6.161489981756336221e+00
-7.408766725823967114e+00
-8.504068380846986130e+00
-1.101223304899006017e+01
-8.464916589789504897e+00
-1.339261590285348369e+01
-8.918678270401022345e+00
-9.065743560200250073e+00
-5.920281693986045646e+00
-1.196100531086568353e+01
-5.396926904722148421e+00
-1.115091636486987881e+01
-7.850150543073909581e+00
-1.540873963564589388e+01
-1.414633260615177512e+01
-1.392164675066853619e+01
-1.294432035072979126e+01
-7.446785460656290212e+00
-9.037381882764002228e+00
-1.246792135644962762e+01
-8.602258687819738014e+00
-6.865068074499837358e+00
-4.602476996227730766e+00
-1.011618927320204619e+01
-1.565981160617356416e+01
