1.672517443896593126e-01 2.913328336956000006e-02 1.186193349509932771e-02 9.600599311882869469e-02 1.324791642447382956e-01 7.943602300782857950e-02 7.660982334470999022e-02 6.565400485292133270e-02 1.205018220548614433e-01 1.250200442265104739e-01 1.031710770848193008e-02 7.694446577365195161e-02
1.455527136616736883e-01 6.796125998841964777e-02 8.434686752635167650e-02 1.757569132905442977e-01 4.888060888498567402e-02 2.492441626799186266e-02 6.577637204759850809e-02 6.245766220048209333e-02 3.441012930748626325e-02 5.942921226312933292e-02 7.254711310467722163e-02 8.350048024129341773e-02
1.534285636195286684e-01 1.077911346148828914e-01 4.886133564614103530e-02 4.114668100846335247e-02 8.669609417381442251e-02 4.276628082430630057e-02 2.650796561378527746e-02 8.232597816032802274e-02 9.981411859566811928e-02 9.016085257287841104e-02 4.187174860440584512e-02 1.246527215491881890e-01
3.791610021065563302e-03 7.131313010468314818e-03 4.323846405112079239e-02 9.026324689010607749e-02 1.704601421613101686e-01 9.667494016710853622e-02 7.906538388621785207e-02 1.259449531786111520e-01 5.578351066010527742e-02 9.358592819875904967e-02 1.138844472793662660e-01 1.416775095297687359e-01
1.943298067775948990e-02 5.757063289786817223e-02 6.072341941976433510e-02 1.831658188229126905e-01 5.967991451039011269e-02 3.941518475312291714e-02 1.345593531464605586e-01 5.964788960309299476e-02 1.268111764087479498e-01 3.997034379840465335e-02 6.358622718742851232e-02 1.491990418174027888e-01
1.352170932347833976e-01 1.296610508355100500e-01 7.855874273353830040e-02 9.776472672285922705e-03 1.030156650247485289e-01 5.365959799858324025e-02 2.478923067477274006e-02 7.699489321715162482e-02 5.979237697395241302e-02 1.912490470431367495e-01 3.808893240128987528e-02 9.124750554985902595e-02
1.440163876569253987e-01 6.378124967550737046e-02 5.083618453683903804e-02 1.995326157339671197e-02 1.001452846019778992e-01 1.191272116710990203e-01 5.846557097864126668e-02 9.589302590358711464e-02 1.180792888929039081e-01 5.171534289222468050e-02 1.021641673874046224e-01 2.251272738275302346e-02
5.588317084588286660e-02 4.876540253812665371e-02 7.558248076840079488e-02 1.065441563841078021e-01 4.840746674803246552e-02 1.089194845820973534e-01 1.987589752248676567e-01 8.256318316293081994e-02 4.658372429710189166e-02 4.910903324124169661e-02 8.449325322939940652e-02 4.224873497865690164e-02
1.577952615116545998e-01 1.314742850371901361e-01 7.674690824381881493e-02 6.099114059337491095e-02 6.763564030534641343e-03 6.256446205531676630e-02 1.082152724869065996e-01 5.862466122222504544e-02 1.358547190453816000e-01 5.819805587992848278e-02 4.685746655512124798e-02 3.859265602606441053e-02
4.841809954782991948e-02 9.553805458758729552e-02 1.171245822820016352e-01 7.656289794752105249e-02 8.532223303022268279e-02 1.025714669459105860e-01 1.381874673476836055e-02 5.365232652086226323e-02 8.325412654980725302e-02 5.487289192905317470e-02 1.144577568046356714e-01 5.667785833332213141e-02
9.783978603168388966e-02 1.148162718853917019e-01 1.065143158218589542e-01 5.488367093260838186e-02 1.498186029805378128e-01 8.776148715301800018e-02 1.205438372296184640e-01 1.350657910677085898e-02 1.061357934681579109e-02 2.210313221897959590e-02 1.412253194144255097e-01 6.262805899296132461e-02
3.619614856286618165e-02 1.857142188327247367e-01 5.126951750086258808e-02 7.833055520845161324e-02 4.107981258641074662e-02 2.070248444053884515e-02 1.095003848578953165e-01 9.717504086014214226e-02 1.132530748092542283e-01 4.661373578651036714e-02 1.016128795428760251e-01 8.372278699004996605e-02
4.898205296726204638e-02 2.751473008980437895e-01 6.231826660318631056e-02 3.166688590331864783e-02 1.098786654359704268e-01 9.003267258068575751e-02 1.221280680210230923e-01 5.848578148443461105e-02 1.006904452319653115e-01 6.442579514379535854e-02 5.501786466554238475e-02 8.509901366081045956e-03
1.216891217760949634e-01 1.840534302558172186e-02 4.129250835905980827e-02 1.761007318933579258e-01 1.901385996119140873e-02 8.260274834237205099e-02 6.854982786961637264e-02 5.193746427390323606e-02 1.335873535584727878e-01 1.753670772741317829e-01 7.092221559751937798e-02 5.316982009114028240e-02
1.723210038274199940e-01 1.042080899456166443e-01 6.494497600683786682e-03 6.720733136094525495e-02 1.312093340426948584e-01 8.288967744551524464e-02 1.142012082737593193e-01 4.912696504180458223e-02 8.116322106676135406e-02 8.835630787089399085e-02 1.085003324357437619e-02 8.293017701025245936e-02
1.660101642012627721e-01 3.293068624595383437e-02 2.658605825574252290e-01 1.030157277169967273e-01 1.851109558124443277e-01 2.672268586486488059e-02 2.100264602339925457e-02 6.091857978085679637e-02 7.730150483780823256e-02 2.931285509444180731e-02 8.586654445908187272e-02 5.093470392876134345e-02
5.590536385087527260e-02 9.547747614100934865e-02 7.988050862870581248e-02 1.422315908824226538e-01 1.574196828199369014e-01 9.081871999291854514e-02 5.933693098247026787e-02 8.438614337622533934e-02 2.279019793708822114e-02 5.449903726263826548e-02 4.173449671383937243e-02 3.801221927916927090e-02
7.081669577290300444e-02 4.847407778271102530e-02 1.603681923339103921e-01 5.439202043289822347e-02 4.144546567094364170e-02 8.918373734459170143e-02 7.017083558441569724e-02 8.619175285811975229e-02 7.084839929659836333e-02 4.708940704563333024e-02 8.649840524926520613e-02 8.303196590969515178e-02
1.153960176217433825e-01 2.795815691824373936e-02 1.440707285923078784e-01 1.066347903939842551e-01 6.608032475551625651e-02 1.109818797896342246e-01 4.068297216207885508e-02 9.887772978470212026e-02 4.627140616279355051e-02 4.707132660660359735e-02 1.228724600491441776e-01 3.479585652041904814e-02
7.861643897536639558e-02 4.324398502274930112e-02 1.033658614368219986e-01 4.704949755587783944e-02 6.718647917159234484e-02 1.643260904309216952e-01 3.851484120151774104e-02 2.121910403586467486e-01 5.296030503216437452e-02 3.658297703004539936e-02 2.259390990596470139e-01 1.654962448481513484e-02
5.932019772147630737e-02 4.619613495011298115e-02 8.652870415686260419e-02 2.521474243939810789e-01 5.067287718240541528e-02 4.446588586533013754e-02 7.726170041537355759e-02 5.575559162142532804e-02 6.100221836039955436e-02 1.093546857684573048e-01 1.021524361227208882e-01 3.703841397985607048e-02
9.339234620317166113e-02 3.890854476440747112e-02 6.840240306612362098e-02 5.614207183584475347e-01 8.571837427833531309e-03 1.983339828012866887e-02 7.717604131165854697e-02 8.362512964446282282e-02 3.659418235112282120e-02 3.108648818078923459e-01 2.491039976732708702e-02 1.055354759185450214e-01
1.707198632377426861e-01 3.859780538284827978e-02 1.196885250780725107e-01 8.103209662917412737e-02 6.573915435473635938e-02 1.180585672992448265e-01 2.969973569592056911e-02 5.189949740132368539e-02 9.650407625206570972e-02 9.018520488748643649e-02 8.056526592202686854e-02 1.233412252243171539e-02
2.154467635619940757e-01 7.877062992358754845e-02 5.021303003776401291e-02 6.918834559292845465e-02 5.096379871075992080e-02 5.552774343904258447e-02 9.947293628405658172e-02 2.356701542354307927e-02 2.198313325275636776e-01 4.398683463029548490e-02 1.659798644943170642e-01 2.310977742774757496e-02
3.291465454871296548e-02 6.243254993093395877e-02 1.215677040800346165e-01 8.852075881740179009e-02 8.508776139795882348e-03 5.436333788255743871e-01 4.747610027038140501e-02 1.194650457622515038e-01 1.578662404522767140e-02 1.022505172290075065e-01 1.075071525802278743e-01 4.271577640992434838e-02
6.931588799659682554e-02 7.601919112061195083e-02 1.664420893318368788e-01 6.983489155462502262e-02 1.044931020624955548e-01 3.565093258571774143e-02 2.857700382721886645e-02 9.791718397013689235e-02 1.498169821921618503e-02 2.332610168322629962e-01 3.200315023839106487e-02 1.064903863305426412e-01
9.629182712037777370e-02 5.911161978900520558e-02 2.474668495900645554e-02 3.671601881965846220e-02 1.167188200089113170e-01 1.482930921053633166e-01 6.309671981209069580e-02 4.142497189415238201e-02 7.650174361283022806e-02 1.325616007141435515e-01 6.852727816218134871e-02 6.807483969129415891e-02
5.050721726411955270e-02 1.849991615333221040e-01 5.496988599253532781e-02 4.694967006934147591e-02 1.300289337856962435e-01 3.372627104275129073e-02 8.182371392881516992e-02 1.024965838252861611e-01 6.998420999437925116e-02 1.120131420799761190e-01 6.590994300185520904e-02 1.623932934438102743e-02
2.456977817983464416e-02 1.822913293117662398e-02 2.035663331760856065e-01 9.234572652784706071e-02 7.798626599366069445e-02 1.319232041771556951e-01 3.845493032957136847e-02 4.169258542481139862e-02 1.121711156214363347e-01 1.081418260343433857e-01 5.191305933041560905e-02 9.545758410921194315e-02
8.843554653632441920e-02 3.951273047934480975e-02 8.315809675830619641e-02 1.259632615389358057e-01 3.754226654298502275e-02 5.359552323152950298e-02 7.581475167810788895e-02 1.205479263910089367e-02 3.500752943002298501e-02 2.354238828261867034e-01 9.405128784753051530e-02 1.338789307720902599e-01
3.337557935895179434e-02 1.021547361518081176e-01 2.827568155856995807e-02 7.601411560119737676e-02 4.785178110803073315e-02 6.905672754395511537e-02 1.552140783017837422e-01 3.670764529903911694e-02 2.176274379630436795e-01 5.734942189697601195e-02 9.030451698819787210e-02 8.583749765242271179e-02
9.188872088020987039e-02 1.431855108267651444e-01 2.706912323210921428e-02 2.948802635370182876e-02 1.045436420425844282e-01 9.056275590694452815e-02 2.084285684302512320e-01 4.563405704335929403e-02 2.187850863431844983e-02 3.512375043765610799e-02 3.319010623174987323e-02 2.784771032277194025e-01
4.609658988708132538e-02 7.795904572782742792e-02 1.461856682668309093e-01 8.082622273219317033e-02 6.284378794096828758e-02 4.038392925973122854e-02 3.469800322316484581e-02 9.518526054410601789e-02 1.194608827665722267e-01 7.983829448204855794e-02 6.239957683648313103e-02 5.125261553960415439e-02
7.399889129668914267e-02 4.461041779776347277e-02 1.315485803800634512e-01 8.860607258764914562e-02 2.213873024585251426e-01 4.567448815727435940e-02 1.341224471252688288e-01 6.824791509380982724e-02 1.108842309754965311e-01 9.444062462455009646e-03 2.946376618297336797e-02 4.972123176190697269e-02
2.129308241444229644e-01 4.796117745332804938e-02 3.217192733812903466e-02 1.396085255959425009e-01 1.149052808559800909e-01 7.887800623954978330e-02 7.971587258872164794e-02 9.608614068001646025e-02 5.936155358467747750e-02 8.285932452347508081e-02 1.767908507085805964e-02 2.988280628784383691e-02
1.464253207756651964e-01 5.097368642605369649e-02 5.917120170969458748e-02 1.124247863615805282e-01 5.032565978270997498e-02 1.498572999590385424e-01 5.766620684182051371e-02 7.941549170734611696e-02 5.893277134925479360e-02 6.820798178262957312e-02 2.256886884323328762e-02 8.537125840596945792e-02
1.806821250553348190e-01 8.424481854774948375e-02 3.428347904834089244e-02 3.149821628231807419e-02 1.323848881427595325e-01 2.010806149816473168e-02 8.671716106976837257e-02 7.654953356658597552e-02 5.445776089513660462e-02 1.056896253233255700e-01 7.014081339050583230e-02 9.097832202080176345e-02
1.195556240321296246e-02 2.885769010032988510e-02 1.940834951815363293e-02 1.572748941002421741e-01 1.382819380222681804e-01 6.749910012430516970e-02 1.367380794782662445e-01 7.566518698160809575e-02 1.592226763765235420e-01 5.918110985050599460e-02 7.712553050429227230e-02 5.889680154839423837e-02
5.552261995399510042e-02 4.428900096113069090e-02 2.456834817651611103e-01 6.846693413779700310e-02 9.029898787497803170e-02 1.141973934536990726e-01 8.859060455239957041e-03 2.260996104280917629e-01 6.097933535981379938e-02 9.542919795992203802e-02 3.348045133903462811e-02 4.206416261668159684e-02
9.273195947614959467e-02 6.387976995356101084e-02 2.825162953132089039e-02 2.933890334935528726e-02 1.523459948266426590e-02 2.529386751915949083e-01 4.992044324969638347e-02 1.165333017388499315e-01 5.175840697818025193e-02 1.503826754864974191e-01 1.162160704133501921e-01 6.707335041103182349e-02
1.232419056735022805e-01 1.868471227758390640e-02 3.384210672117592134e-02 7.098745214308344043e-02 2.226555195943063017e-02 7.065944490344021334e-02 7.204973923387439361e-02 4.813487637137202346e-02 1.068542518995552193e-01 1.473137473894382543e-01 6.121983877454624523e-02 3.405607796975307910e-01
8.516889756675059819e-02 3.768928247117473568e-02 1.651563888130811245e-02 4.276222530898368679e-02 1.354287839557216655e-01 1.490976678172128422e-01 8.548567974170083461e-02 1.332457091889174272e-01 6.178176510996881421e-02 1.036064719608316073e-02 2.095596757356524564e-01 5.140718981531242071e-02
5.734124697021613509e-02 1.185001397051896055e-01 3.229351993626958933e-02 2.115624616778341571e-02 1.073989374514184442e-01 4.797362428228263420e-02 7.619464516101430440e-02 1.095606745509954544e-01 1.002396108507887379e-01 6.625026304502196206e-02 1.119578313114135693e-01 7.047107718521189446e-02
1.716790249937821811e-01 4.405778889750221888e-02 4.437215960395784337e-02 1.266584460490367825e-01 2.876061134518358153e-02 3.963930117180938101e-02 2.225869888570744803e-01 3.005242601450031081e-02 2.067311287658614993e-01 4.342715409169579238e-02 7.268193258171380677e-02 5.908805412394856071e-02
8.935586537842263311e-02 3.118289256212284245e-03 2.272288152257678773e-02 1.793414333883950051e-01 2.093432706646300434e-02 8.371384822074640075e-02 8.181968938815313563e-02 1.313236652455888609e-01 8.007285559516830187e-02 1.141610864537025011e-01 4.012238036431077515e-02 2.389350301308469093e-01
7.853441460820746733e-02 8.965982971879322971e-02 4.291604448255842419e-02 2.880872533721178311e-02 2.926382188860702713e-02 1.345196168673220560e-01 2.676597197210566978e-02 3.698227512025191177e-01 6.214866537941159813e-02 2.031311171742843091e-01 3.702427791176622629e-02 7.005957441754782911e-02
9.668979169128240347e-02 7.458838774505113789e-02 4.037663015906593073e-02 4.412931704198340410e-02 8.841839581041159579e-02 4.438212492571111389e-02 1.167037732999589850e-01 4.753921051788432411e-02 6.610160672762799283e-02 1.579354010277804754e-01 6.263044080806376424e-02 7.851539745430882733e-02
3.610948481487136208e-02 7.808432088530299631e-02 4.049364701054095766e-02 1.531211963113025265e-01 7.717939784920327395e-02 4.998000099089473097e-02 6.866260023320427952e-02 8.304814063863294460e-02 7.186220539075804936e-02 1.018444548269014649e-01 2.605717761217005157e-02 2.025674142797568855e-01
9.331728040268007229e-02 5.767643958416006356e-02 5.835676014214046664e-02 1.184145649893366542e-01 6.313213657072853924e-02 4.820398550521463876e-02 1.799831600755069372e-01 3.207462120053932719e-01 2.810559302181776103e-02 2.919688362846189003e-02 9.162573029739409791e-02 2.536255464155235187e-02
1.105941041523968160e-01 9.038088990660569921e-02 5.611673272346195257e-02 2.612437900523471856e-02 3.449691769193424795e-02 3.026957486578157538e-02 6.609315301325301151e-02 1.617459143581289616e-01 7.873113798672524977e-02 2.776147832611614019e-01 2.551486250990904828e-02 9.937298670102300002e-02
6.344337549075720895e-02 1.966112062678756212e-01 7.171112196960964524e-02 1.256563445810126300e-01 7.090446288985162437e-02 9.057112297985529803e-02 2.517291550127673597e-02 1.576622960685789554e-01 4.757097077925087625e-02 2.601409670942054012e-02 2.982659547124518265e-02 7.504085121235003208e-02
5.126720929583299807e-02 1.450533223287125140e-01 1.344253432262467185e-01 4.186234509859727143e-02 1.423375208068212439e-01 2.959659433293787556e-02 1.269116998582849876e-01 2.344639425995671128e-02 7.437472609692327707e-02 1.427161448936964949e-01 2.586083406365674575e-02 8.204521228433117597e-02
2.886899857429059760e-02 7.167303672684493046e-03 6.053805973856329903e-02 1.443205888647754731e-01 1.139444965351986555e-01 8.406039637591029845e-02 2.210184094708043390e-01 8.299722788752189606e-02 8.762589767927990436e-02 1.339872124159007319e-02 7.289873917636009726e-02 8.269812259573849911e-02
9.745280677778138390e-02 1.161922622616392842e-01 1.162666170683674810e-01 2.528263135371552547e-02 6.157314655340004328e-02 6.816550946476349071e-02 1.116915910092331210e-01 7.773303189315682038e-02 4.646672561230211912e-02 9.110916144760049240e-02 7.609604630243339829e-02 3.367821028404539146e-02
5.220944814546570750e-02 9.966233758785404684e-02 2.154352352388554104e-02 2.471082067934971260e-01 7.946297967569325438e-02 1.065044680187772763e-01 5.779610154684177575e-02 2.536036875269969681e-01 3.826880088470285129e-02 4.177818438811028295e-02 9.284292889395472093e-02 1.883317499427298453e-02
1.660491989832599546e-01 4.191504377603258447e-02 8.114825092009630980e-02 3.174005909858087365e-02 5.732121858867400555e-02 1.014320643995834381e-01 9.891315480321849485e-02 4.988749794113794822e-02 9.656580824809063435e-02 2.483928945113239584e-02 7.926185129168424048e-02 1.110539977030316205e-01
5.249237020763933281e-02 6.385478471608105333e-02 4.065421574762345669e-02 6.479045341592498675e-02 5.856758205596426792e-02 1.874421968341308531e-01 3.269270328042379881e-02 1.136684435830708773e-01 9.245085812893205635e-02 1.441238857900803139e-01 7.201593398053404704e-02 3.827633922405107580e-02
2.444399941026413337e-01 4.062206783253662079e-02 8.853057210843545688e-02 1.151552118781251771e-01 3.054234318209212221e-02 3.473724401667930423e-02 2.399204382819360507e-02 5.412853722298885395e-02 1.353113155671573919e-01 2.098885106956959734e-01 7.494147901042441662e-02 3.283446950894597371e-02
4.681209741829515936e-02 1.585668710430690811e-02 1.625005447584336182e-01 5.501409863368907083e-02 1.191846589649455807e-01 7.974216535714187537e-02 6.216935373228066330e-02 1.281657620500694095e-01 2.762608028573481159e-02 9.709116311645706043e-02 8.701063798572314378e-02 7.038061550170011949e-02
5.242595438136626873e-02 1.534179115855029141e-01 1.270767500203821287e-01 4.503108286386112852e-02 1.488492545857323657e-01 8.281729335811369164e-02 4.011455578904097978e-03 1.208616626141018197e-01 4.813103713897495112e-02 6.678409190586346786e-03 1.491799798515181519e-01 9.909696283742452927e-02
1.807854198431514126e-01 1.150834466788269034e-01 9.824867996716281360e-02 1.935380453946994317e-02 3.196597202058074072e-02 5.090534530078901637e-02 5.001150959126056394e-02 2.027050075260348472e-01 4.983603629651711664e-02 1.114228686994090667e-01 6.271076567756261877e-02 4.388329563197014560e-02
7.079806674817890055e-02 6.964060500900060013e-02 2.604585204310056606e-02 1.212583975653595131e-01 3.272597892505189204e-02 2.381658528583017673e-02 8.364391743665000600e-02 7.696915546017410459e-02 1.031514403467792829e-01 1.524267460515350003e-01 1.368477039593189726e-01 5.187042751101692689e-02
2.178183564010127346e-02 1.249807010869652679e-01 6.156725655181644746e-02 6.929866269831090608e-02 8.309492136142850038e-02 1.396795674728737724e-01 8.038568365483243772e-02 7.414599002172658770e-02 9.757838665341452000e-02 3.590363191051085257e-02 1.162268428966397593e-01 3.081341908893157205e-02
1.795422051140459219e-01 2.709015054958906210e-02 7.056066624735311821e-02 2.399479730638543473e-01 5.676905852052786111e-02 1.348095898172110285e-01 1.011263473477836267e-01 5.514148071862547129e-02 3.841035380557860854e-03 5.169021000767987095e-02 1.120017253393560813e-01 2.184262748411446367e-02
5.752471803166033654e-02 1.309658493981472605e-01 4.932975545182636395e-02 1.723194185535275036e-01 2.104450009808788227e-02 7.966671948657422231e-02 6.779161010537194942e-02 9.635921350118488438e-02 8.001438980948663571e-02 7.196199247942655641e-02 5.547594323408978206e-02 5.429885158023212144e-02
4.297808892078442550e-02 8.028825706587046362e-02 1.190151323572944814e-01 1.216653661310940493e-01 3.294759235147914911e-02 1.871080004677879924e-02 6.438627142770636524e-02 4.287580166155819522e-02 3.184842774859155679e-01 1.341018613122464120e-01 4.659699513305931573e-02 5.268925107799966867e-02
1.297718537464402078e-01 4.301515578519461008e-02 9.190791555077125474e-02 7.732879650400081850e-02 2.421148373732711582e-03 8.704240927781690951e-02 9.130030304913977490e-02 9.699472354580306044e-02 6.623141064372844999e-02 8.117296755644832704e-03 1.204958569162680737e-01 1.920998032010501622e-01
4.890240751004772818e-02 2.174171775618094840e-02 1.334797996589197899e-01 5.479096412460041782e-02 1.479217626200153290e-01 4.454413085163325819e-02 4.721861030194149378e-02 2.368260217918274069e-01 8.057974123758712692e-02 1.867726103490571221e-01 4.542100566585116628e-02 2.083304702559777080e-02
4.938658737200102983e-02 1.371655192785706801e-01 6.331321134258202643e-02 4.947673812371857632e-02 2.053856930022320698e-02 3.444084819477102877e-02 1.232662388861948122e-01 5.252984826185073258e-02 5.618519490289142909e-02 1.609733948047180341e-01 9.151783420913449374e-02 1.169198957516262016e-01
9.038100791146815027e-02 1.145403201477435684e-01 3.846194241629229821e-02 2.845497845801454873e-02 2.145981846087422970e-02 1.007625362617725964e-02 8.520998244867225568e-02 2.175969775433700404e-01 2.043967713514281415e-01 4.680205540200917808e-02 9.665908381060830945e-02 9.661275664102116079e-02
1.172747740550446061e-01 4.180773293789209755e-02 7.216087904905740813e-02 5.455405173564390614e-02 3.826909830596321449e-02 1.676711828969220525e-02 1.024218587816280723e-01 7.388498039858820698e-02 3.689591410704508995e-02 2.586651585624785143e-01 5.794671236665453751e-02 1.859727538208550968e-01
5.557976773589881625e-02 3.221748518377542947e-02 7.425414800825667905e-02 5.763048267832548283e-02 4.187432464594231102e-02 1.483795922491680519e-02 2.440892498903684538e-01 2.348562717371545094e-01 8.606338913986120998e-02 5.845257699836518134e-02 8.775086922274792645e-02 9.747990948587074989e-02
7.482285898288153214e-02 9.686394503250361776e-02 7.405117793734429521e-02 9.662119272420046853e-03 9.176189753726643472e-02 8.715046319820293763e-02 4.429709141003803502e-02 1.838526255600181625e-01 1.391363483725226724e-01 5.008847308358602146e-02 4.730272444907993902e-03 1.177587810252917200e-01
1.987140221374074714e-02 7.675267628880817761e-02 1.016554407218864392e-01 1.092526000897867527e-01 9.820604186749135045e-02 8.031845847088356360e-02 7.021927704540165127e-02 1.321349858799205079e-01 1.711973105022825473e-02 4.564703107447531244e-02 2.086424120385040604e-01 2.149755780716615730e-02
5.971545204978647575e-02 4.992320543362538388e-02 1.135840716180513132e-01 6.704710619563090945e-02 9.865888166298568407e-02 4.221119977755542069e-02 1.765326062172819371e-02 4.918232677454023594e-02 6.005163278070902583e-02 1.413225167427180351e-01 7.167977350623061517e-02 1.802595805669376661e-01
8.142563723562118438e-02 5.058780610212494644e-02 8.691163847996287439e-02 2.245845111049387874e-02 8.945461011306853061e-02 5.307210387799726065e-02 1.757899098527253290e-02 4.838453044145120396e-02 1.333100095053821321e-01 1.054867026896961490e-01 1.179892269000060168e-01 1.070608649171571752e-01
7.990868515241091041e-02 3.191599387457305648e-02 4.385564316404452073e-02 4.320591855653289903e-02 9.750525167806560478e-02 4.662794868746686361e-02 3.562246496281348818e-01 1.379799616905503720e-02 1.211056984759762145e-01 6.573628738539322169e-02 7.729110398701019569e-02 1.234580770733687410e-01
8.299521502038799403e-02 7.456309707772533490e-02 7.323453100661063420e-02 1.200896656928616690e-01 5.454939086923474290e-02 3.279748101832753032e-02 1.696950431286896321e-01 6.154977544833231673e-02 1.154571013146272612e-01 7.390244387489053324e-02 5.589360312533813574e-02 1.781448571053901100e-02
1.124961528828404972e-01 7.180473726655325906e-02 5.082375394495801391e-02 4.708420256063567538e-02 2.069291994086962239e-01 7.677084473371969045e-03 6.823530083206298669e-02 1.529160918218707144e-01 5.240253115543655471e-02 1.162380856773555238e-01 2.466086209468091109e-02 1.335347642418403813e-01
6.257779463024173983e-02 5.110395613989854313e-02 4.594867333953957245e-02 9.589575730653288055e-02 5.907773059378838149e-02 1.587043075691825234e-01 5.251209425602528652e-02 3.414241940519223695e-01 4.846206770310297618e-02 1.462037553927046651e-01 2.459922833465515157e-02 2.339444478416952480e-02
9.062214362396556200e-02 7.233880379391367799e-02 8.965113834045451702e-02 8.628393320688790280e-02 1.364988102890318522e-01 5.906084953466896048e-02 1.519259282112118623e-02 7.601606511967007318e-02 9.505550005640377165e-02 1.330173168067840528e-01 5.235949422083704952e-02 5.621617924563936455e-03
6.950966869313621177e-02 4.811927541618020443e-02 2.892433263811674538e-01 3.620557117919778745e-02 3.845291969645745628e-02 8.788379428537257398e-02 9.008327174974570251e-02 6.022308243306018216e-02 8.681619124309480906e-02 1.416190221659859860e-01 2.503454641477740814e-02 5.994947518842485418e-02
1.472570061346053505e-01 3.891104372545049761e-02 1.179985345279483677e-01 5.552479223517639562e-02 2.994639681756864399e-03 1.035275374809833948e-01 5.684013046302197059e-02 2.536455757279048040e-01 4.410690386714267996e-02 1.138669261537198080e-01 6.370507730631028154e-02 4.066576392646128330e-02
9.393282974345706915e-02 3.294939049553709948e-02 8.449084020316537103e-02 1.501352490182926991e-01 2.389693316744831431e-02 5.597883988698042906e-02 1.256130325537704873e-01 2.549040984130006987e-02 2.383309346464102321e-02 1.274233528785392588e-01 1.250324352246515447e-01 1.479913720092692897e-01
3.286471542819145979e-03 8.121480972025361955e-02 1.135630959676752483e-01 1.008319497907312623e-01 8.704330637703124041e-02 6.059781639182205276e-02 1.257666081418367110e-01 6.651019807075557455e-02 3.974128955230559618e-02 4.335238513956589379e-02 1.366799123184590514e-01 5.308979906019162254e-02
7.471992150865879034e-02 9.813335553887211904e-02 1.319217841325928675e-01 3.459949935807377780e-02 2.261443181044343192e-02 1.645902176522281990e-01 6.944605699583998593e-02 1.190826419704940214e-01 8.622304096653693462e-02 6.491238885235919853e-02 3.027009896237268724e-02 4.367087390725302859e-02
2.312920607664031292e-01 1.697593270495250939e-01 1.823295640526146483e-02 6.582301529859045652e-02 5.849595081974390265e-02 1.674237953708510307e-01 3.329622944557047298e-02 1.977313034070499187e-02 9.075400205197965697e-02 1.041159157385390666e-01 1.334295096172959660e-01 2.336342745793853343e-02
1.490657446501286176e-01 4.890862356329617883e-02 2.676764622360816234e-02 6.845328183310614434e-02 2.164269889948125247e-01 4.568250212314384218e-02 3.532787778966770681e-02 7.570205523985337748e-02 7.342668768066738794e-02 1.062062003780700065e-01 3.525219245178806693e-02 1.299549956027462316e-01
4.369215914774633031e-02 2.373936215058912100e-02 1.837245187768600518e-01 4.484417977536581112e-02 9.089607482178459208e-02 1.085806527128358040e-01 7.376304447278060616e-02 6.261085200984452259e-02 1.570411371866634043e-01 2.703963818177145678e-02 6.158173402705183902e-02 1.000127912078244141e-01
7.949811877164157659e-02 1.036347074759814101e-02 1.888778681398631254e-01 5.535998607703174895e-02 7.665510445283507668e-02 7.164324741454700107e-02 9.442172852962714760e-03 8.277353757626895736e-02 1.172612934427696846e-01 4.585057455922152830e-02 6.308002619478873807e-02 3.284441501872913394e-01
9.636089462862248989e-02 1.073865647097493325e-01 4.461246831383018641e-02 1.478285665136396809e-01 3.153873888450808849e-02 1.447071655908543641e-01 1.002575310730763614e-01 5.606608589645613316e-02 6.983346189493171152e-02 9.196993389951138576e-02 2.468659288420338091e-02 4.342269761759754571e-02
5.811493695157717021e-02 4.097394225702897380e-02 1.119146908959552794e-01 8.087164694693381450e-02 6.968030719555480534e-02 3.255830560955038505e-02 6.109084760225706734e-02 1.717447359907028903e-01 6.997924451940519541e-02 5.965506586138179246e-02 5.999997196963305357e-02 1.128468311402823360e-01
1.032231577290183139e-01 6.101276908148029615e-02 5.508333214605175276e-02 7.463039273311711241e-02 7.028872836856531192e-02 7.574383610488759355e-02 8.255175603052289368e-02 1.062140312513214363e-01 8.271005187697287597e-02 6.126207563069441253e-02 3.562511096921477938e-02 6.408950583834428782e-02
2.240941765158037044e-02 1.491443584098144370e-01 9.413666301800897862e-02 1.378653112044818940e-01 3.646751396607408185e-02 7.101867103580568330e-02 9.368553353357686464e-02 6.204207745783735933e-02 3.733170844730181182e-02 9.410397329156931778e-02 5.769010961138874155e-02 1.082803955602732182e-01
1.412975036535590173e-02 5.682124753194743583e-02 1.577876731344899641e-01 2.580654097958342552e-01 4.678337736487771931e-02 1.307504220402711526e-01 3.730454151553951048e-02 6.975654158452478104e-02 8.131376583530357249e-02 3.079615631414697047e-02 1.084742732903449941e-01 6.494813964220773339e-02
5.176794385923887132e-02 1.142728389316105264e-01 3.831174291238055585e-02 5.426099121095277755e-02 1.303969327337062556e-01 1.139974521522008899e-01 1.142839948117500282e-01 4.426432433380604603e-02 3.669417133691189187e-02 9.301638712235466011e-02 6.940015796370929690e-02 6.053087495680076896e-02
4.449420411887915205e-02 5.029543878915835459e-02 1.208777264712880550e-01 7.027914058498134497e-02 6.790798414275193984e-02 8.854218585988377077e-02 8.829880759926878042e-02 6.956544430670807445e-03 6.800661427662602065e-02 1.120247886448292318e-01 4.191555199097250078e-02 2.155740806437536905e-01
2.404818502630662325e-02 3.532128406511927249e-02 1.956131988748780470e-01 5.990888147510312067e-02 1.866718163358787042e-01 3.609900356070530614e-02 5.125340748672544550e-02 3.633120777521072625e-02 5.945526670941769787e-02 1.304135827211847232e-01 1.244907270101730662e-01 6.940715712241539437e-02
8.168309892254102533e-02 9.595241422056673131e-02 9.758316746362555305e-02 9.080808320804135969e-02 1.490231342046549889e-01 8.989420475476839201e-02 4.793677951309747998e-02 4.718956232615442031e-02 3.293108893045994245e-02 3.323915364503422093e-02 1.655966350160008316e-01 1.719576712673576493e-02
9.613982824547011308e-02 1.758812753512230959e-02 8.871397431445457449e-02 6.529120391031219273e-02 4.426377370537969841e-02 5.869311712878590159e-02 9.356792988315590365e-02 1.094091403366539567e-01 6.283819634497890549e-02 4.660012652871062949e-02 1.402308822862785020e-01 1.082457802822503617e-01
