5.392070534870673226e-01 3.476243120107637696e-01 1.752953773691825479e-01 4.805960178962696006e-01 5.125525692350062501e-01 4.540026618348646514e-01 4.442940350855018039e-01 4.256282461122342653e-01 4.953752675629713442e-01 5.062774722201790478e-01 1.584122858976317605e-01 4.607347012883570292e-01
5.257481408578579263e-01 4.359651867549609872e-01 4.589803527340594602e-01 5.468328116940165406e-01 3.880764649980025238e-01 2.578812261749864887e-01 4.079342790631295124e-01 4.020126308724098485e-01 3.047493292358626760e-01 3.857837538014140533e-01 4.281230995450546750e-01 4.579127242682825560e-01
5.303783132915117493e-01 4.828599432099404121e-01 3.722785381940047489e-01 3.320518670227932678e-01 4.391476225728645488e-01 3.499038700867199148e-01 2.701902027805376250e-01 4.434630468747602916e-01 4.695366823503808185e-01 4.566778364679400237e-01 3.526935087177576200e-01 5.008185684307430163e-01
9.956952532919995102e-02 1.804253442468531365e-01 3.631584222624947289e-01 4.659764537009159491e-01 5.485396825833050993e-01 4.810093600781558676e-01 4.595254050199699680e-01 5.101858147625977224e-01 4.065961287770720745e-01 4.691863637083271144e-01 4.908325264005000133e-01 5.249949731306196021e-01
2.367743808479043643e-01 3.899472673950054036e-01 4.059335113154170505e-01 5.503965707929940887e-01 4.091651977826721853e-01 3.364283647391288490e-01 5.023254478529204370e-01 3.986157538377465004e-01 4.949357697976134451e-01 3.417031177303401224e-01 4.136273101486825921e-01 5.201473077595776262e-01
5.204266061895213014e-01 5.152023804338026203e-01 4.641557919200077764e-01 1.587673785623234801e-01 4.746419897793419107e-01 3.961938807445755661e-01 2.649787378681587313e-01 4.218638009801005118e-01 4.020870544902124255e-01 5.557427469763357442e-01 3.535500153865178685e-01 4.723896166691579079e-01
5.176314977439593346e-01 4.125173099162586787e-01 3.862300122224644472e-01 2.286018565294642702e-01 4.775715111326291895e-01 4.958183250836724065e-01 4.149977065874895787e-01 4.722588438192382720e-01 4.982259479733083252e-01 3.822183747425821898e-01 4.635004729816444846e-01 2.504281412672619278e-01
3.741496933142484105e-01 3.560591916809122126e-01 4.288828892042344521e-01 4.757655559110520738e-01 3.777658913244374972e-01 4.839297209751416973e-01 5.638407732270478423e-01 4.482524708398704094e-01 3.595992095129349475e-01 3.558423903517217712e-01 4.357795853369914596e-01 3.401326283214567980e-01
5.346159627814628390e-01 5.148991735288683813e-01 4.489191972838770250e-01 4.340003533624182674e-01 1.293026272407049870e-01 4.386894541609472897e-01 4.899682622588840131e-01 4.155848124625537432e-01 5.106528187534407071e-01 3.958298596165569783e-01 3.405381945933572130e-01 3.469992839569098209e-01
3.627296016661827882e-01 4.679443017326270216e-01 4.980471007788592752e-01 4.524407246301284657e-01 4.595348805855139496e-01 4.817879184714559671e-01 1.932468260721255104e-01 3.914219762404305136e-01 4.436999318045368734e-01 3.875506744059936670e-01 4.795336800791509813e-01 3.820623835329526319e-01
4.814553484104725500e-01 4.994753061600132327e-01 4.920105907852616589e-01 4.086688930575471668e-01 5.297339907386999780e-01 4.640220000085978347e-01 4.994984647507469955e-01 1.999863791862961371e-01 2.365001566089603435e-01 2.588021945279608271e-01 5.129688826329481532e-01 4.168777931324907926e-01
3.261192961396703893e-01 5.475091306352140030e-01 3.777111801681498626e-01 4.313930089277841495e-01 3.406299523796419426e-01 2.470530563867707197e-01 4.855819250072674897e-01 4.720917393246365501e-01 4.892901774808977589e-01 3.688826148492294621e-01 4.691709822475066405e-01 4.445669364532112700e-01
4.078023538815541693e-01 6.121963665049889869e-01 4.139633119036546516e-01 2.985547332576186652e-01 4.802671087039121489e-01 4.604304599035358159e-01 4.988522230193360163e-01 4.012934210742215568e-01 4.706611325185051098e-01 4.075696905840401341e-01 4.016479825267496584e-01 1.467612161218565525e-01
4.875751796251464598e-01 2.285520437764490542e-01 3.686053337715460287e-01 5.421562710357724635e-01 2.355786658742974882e-01 4.357966400936542639e-01 4.167134761912408281e-01 3.943113246038893460e-01 5.125933387092513893e-01 5.491241052771875797e-01 4.400979946855070879e-01 3.888956263560747750e-01
5.453047118165794682e-01 4.956690728214875330e-01 1.229860228424728696e-01 4.497983606725640682e-01 5.140377627514631786e-01 4.634661916999465170e-01 4.937534981628625141e-01 3.838954269200046121e-01 4.408982943117000231e-01 4.562101492507512068e-01 1.673633110760454346e-01 4.666171976741146366e-01
5.375096379899654275e-01 3.285627458439506210e-01 6.064566797805632792e-01 4.823023046738954545e-01 5.517732707904301481e-01 3.121453717687532325e-01 2.471815135160281840e-01 4.001076903968797671e-01 4.329005450809891853e-01 2.811966773485954918e-01 4.403887292936926601e-01 3.794748335162324016e-01
3.912780406693456836e-01 4.723894501115866729e-01 4.587031697844621281e-01 5.267055933822191172e-01 5.385224887351109935e-01 4.716163329839074825e-01 4.096884229116184439e-01 4.433713190676519256e-01 2.466837528974590021e-01 3.873378876760896206e-01 3.361829687050058024e-01 3.175205730755686906e-01
4.189979659240597454e-01 3.676119411851615504e-01 5.274871023808553883e-01 3.856643126097679675e-01 3.345228493273056936e-01 4.462430968032889411e-01 4.204875290440205360e-01 4.467530136072735969e-01 4.162670091396933891e-01 3.526977404105962055e-01 4.434213254172005847e-01 4.398461141507483685e-01
4.757526813638747742e-01 2.886378638663953944e-01 5.217930442058451579e-01 4.856774363760201219e-01 4.260004106163279847e-01 4.841888227544751122e-01 3.381353674017725242e-01 4.536394951959890065e-01 3.544510852148757274e-01 3.651333271609157327e-01 4.916092364007028648e-01 3.149812294427454251e-01
4.364882725040433176e-01 3.458106364982173053e-01 4.647842082051653612e-01 3.560708499759405732e-01 4.181873554986498265e-01 5.333642066960408989e-01 3.488126524187574740e-01 5.705996250203883013e-01 3.982478953807359612e-01 3.361964410689177729e-01 5.756775069193174055e-01 2.157603498138305209e-01
3.793758300542267592e-01 3.581445378865042439e-01 4.542879263627469522e-01 5.977136795490903820e-01 3.842990071952780418e-01 3.461119735592561031e-01 4.178721232282232023e-01 3.771450882984699882e-01 4.052865946320145518e-01 4.831085497790758021e-01 4.747565594229969932e-01 3.218981300321153149e-01
4.592909371979891908e-01 3.318159161459505735e-01 4.113446357341831172e-01 7.720375609135132766e-01 1.696421621729453932e-01 2.690722713061296512e-01 4.270903393045970553e-01 4.451125709682695608e-01 3.311926025027467357e-01 6.306272980336700140e-01 2.742877991166731144e-01 4.784859066033468333e-01
5.350938277673538135e-01 3.488732243123315868e-01 5.023839905277984741e-01 4.557241315874389631e-01 4.227614418337878321e-01 4.878793921288188118e-01 2.889702726415808165e-01 3.784122673098230805e-01 4.719451004609107603e-01 4.672963314297534643e-01 4.593592015412318874e-01 1.813008184591757832e-01
5.726964791291184742e-01 4.406833461206964841e-01 3.723123261413660012e-01 4.022188087629206543e-01 3.667774199066051177e-01 3.834575018265449220e-01 4.659210701523783249e-01 2.652835891756354925e-01 5.726303648129089652e-01 3.578313807766428933e-01 5.330745797638916095e-01 2.671131334312834005e-01
2.881944426789062041e-01 4.217741017282503058e-01 5.036064447459001059e-01 4.814400414510577875e-01 1.572442719723350368e-01 7.622384425960812004e-01 3.610676554194587329e-01 4.833447450139849444e-01 2.098119678113699316e-01 4.849901695988104722e-01 4.835461155242343767e-01 3.627416014595892246e-01
4.328921958482855326e-01 4.495099425183872177e-01 5.430391769065254781e-01 4.356139670116283558e-01 4.757760658387671926e-01 3.258636773519246743e-01 2.858764582172754753e-01 4.707521003837724094e-01 2.056341185627723056e-01 5.794422772221774487e-01 3.119606535087227628e-01 4.836393666297417737e-01
4.628455905702090201e-01 3.986364745069213567e-01 2.592182425760828912e-01 3.413034317149167274e-01 4.925933168888995128e-01 5.238194488253341552e-01 4.117643149104875944e-01 3.341000151449143862e-01 4.307577592881993156e-01 5.046734362231608539e-01 4.204376368744806025e-01 4.198503324764010225e-01
4.032889186427535133e-01 5.520933036378298242e-01 4.025671332270264191e-01 3.599756174465940095e-01 4.924338155480764700e-01 3.040931012150900337e-01 4.477674615797747060e-01 4.780266119076833631e-01 4.394119330044308769e-01 4.901222299533074533e-01 4.284862351683799142e-01 2.017336386690549710e-01
2.698323976765274468e-01 2.570955629240428975e-01 5.657482920779584035e-01 4.690805835294872272e-01 4.492290950664044047e-01 5.071346568476071681e-01 3.316330935344508624e-01 3.402788018021210559e-01 4.844879885582974999e-01 4.825877468431559181e-01 3.848134368820449458e-01 4.580783442579033360e-01
4.601982278537362636e-01 3.368101234983661985e-01 4.392485687352625234e-01 4.928235702025130505e-01 3.274490522213244770e-01 3.804078357368754215e-01 4.321155648373420921e-01 1.804492377994020846e-01 3.664728535536891929e-01 5.892616145991662613e-01 4.786539707900288598e-01 5.161093801722673735e-01
3.059660286715010225e-01 4.606933848734715564e-01 2.822231065714856380e-01 4.217546252328175371e-01 3.582855150517172405e-01 4.217093851626311229e-01 5.258864045587761105e-01 3.385912899228090134e-01 5.742301447759421418e-01 4.022374602068727323e-01 4.585474479715875296e-01 4.498752070003821935e-01
4.675062518316001614e-01 5.179131353256972714e-01 2.949073308229064883e-01 2.992130514116040918e-01 4.797073066381907225e-01 4.687908753595584899e-01 5.711044409229144581e-01 3.847381691745713206e-01 2.476029412524656803e-01 3.294109027709526405e-01 3.252821985419956929e-01 6.138233959475313251e-01
3.532807229185127018e-01 4.446094172714851744e-01 5.246927354158308354e-01 4.510172310936491624e-01 4.080977860330579077e-01 3.239872132499657109e-01 3.182634693774277213e-01 4.698505387484037676e-01 4.996861982374155575e-01 4.483903945113281164e-01 4.022124492702002785e-01 3.559118438727444933e-01
4.150682720895963462e-01 3.628389637088965669e-01 5.105566849219336234e-01 4.677444842606587327e-01 5.810761779671269611e-01 3.821012217373650488e-01 5.172997690545033667e-01 4.314717476750812297e-01 4.919797160049775298e-01 1.559672013868962925e-01 3.325054536164285257e-01 3.513903075765562600e-01
5.678459883516395745e-01 3.733383109930620281e-01 3.074891700287760710e-01 5.134635665618740852e-01 4.921587871566752703e-01 4.485003861799263802e-01 4.457871158317410210e-01 4.680366283547010564e-01 3.976982777654734513e-01 4.384870306046516619e-01 2.218716323440907967e-01 3.253231058274049792e-01
5.189106238736427290e-01 3.822887024638286224e-01 3.923499881960069158e-01 4.792694778204284467e-01 3.755775405681768819e-01 5.199510149062642750e-01 3.935283118752851417e-01 4.355519059974693463e-01 3.896105936457827656e-01 4.098917383106689960e-01 2.470857438859448418e-01 4.559843584565288488e-01
5.511486533258723730e-01 4.514560237242819518e-01 3.185957890503187118e-01 3.045795763632122011e-01 4.993541727406551889e-01 2.385206207537346745e-01 4.476378102452807095e-01 4.291572551550425496e-01 3.857407880630671082e-01 4.766699416542371504e-01 4.311393223004399422e-01 4.660000466238697903e-01
1.824093410541902660e-01 3.272829829551545666e-01 2.399352593650285470e-01 5.332626569811014239e-01 5.179623274099011132e-01 4.405388312152618280e-01 5.215643480111675778e-01 4.538835414257616496e-01 5.373021468751404406e-01 4.129655504069310035e-01 4.339752527600636567e-01 3.989177615402997867e-01
3.763844403053221432e-01 3.661982515097715329e-01 5.954852819845725120e-01 4.409873432053336706e-01 4.697610118036619764e-01 5.019074187811255472e-01 1.514385230050200870e-01 5.796329257933295898e-01 4.055407661284086140e-01 4.659953642076493652e-01 3.110334111736463014e-01 3.356352621021649885e-01
4.615647425294415740e-01 4.079079878938721704e-01 2.691406979039633884e-01 3.296518075177141682e-01 2.139601296569187405e-01 5.949700798401853508e-01 3.756475183953422725e-01 4.932037399617318352e-01 3.940170131400828613e-01 5.304216526230800532e-01 4.984589682385198173e-01 4.310556622991765785e-01
4.974195320892484395e-01 2.428103855472809047e-01 3.135421229905652751e-01 4.188340282762568201e-01 2.471418298967806848e-01 4.158161144394282305e-01 4.174307765617598642e-01 3.741092219864030621e-01 4.821079918292358046e-01 5.258696675598708570e-01 4.136612927005948182e-01 6.512570361226172055e-01
4.519605062722319433e-01 3.364958242922581055e-01 2.233435304677475752e-01 3.841910974576354110e-01 5.173022633902052414e-01 5.349563986915695235e-01 4.750279400547733899e-01 5.197465650584007779e-01 4.424698486691784893e-01 1.665722778945831206e-01 5.657803606280902287e-01 3.821533871233613322e-01
3.900772562569166935e-01 4.840187251672790625e-01 3.172482871499741064e-01 2.477443488167709318e-01 4.695900685554046383e-01 3.632212803763953946e-01 4.382864912533078194e-01 4.853946056692411415e-01 4.757726217641518041e-01 4.216434540835305445e-01 4.841324236673995030e-01 4.228704372395982181e-01
5.383984760866690200e-01 3.611784163522855917e-01 3.534615837123745719e-01 4.889059078182543261e-01 2.925845603136372763e-01 3.532509630577669868e-01 5.754584741355646127e-01 3.057366132373652290e-01 5.631107002496599234e-01 3.499523621513180860e-01 4.213599026519816437e-01 3.966020402331297268e-01
4.847723882547326224e-01 9.104688786795289701e-02 3.092753289517206072e-01 5.393680588763303252e-01 2.418555463219860813e-01 4.534222392280243819e-01 4.553174145753915436e-01 5.179887757910430768e-01 4.587760558314504244e-01 4.991473289647611611e-01 3.605940617472747078e-01 5.884359135893267867e-01
4.340185304447206072e-01 4.518908213479283509e-01 3.416071284511730255e-01 2.958847123894740028e-01 2.984671578902118316e-01 5.039240467438251825e-01 2.875378332303772377e-01 6.668981487800068608e-01 4.088152247468773703e-01 5.620700917848472367e-01 3.307493261116651873e-01 4.181369780789240820e-01
4.642418805165106632e-01 4.259570939371528642e-01 3.293907533172716340e-01 3.452675534437134042e-01 4.446964943950719729e-01 3.499003319292856573e-01 4.804226813202729374e-01 3.603465083045279682e-01 4.185393286312966143e-01 5.294787167749475110e-01 4.116182888787990324e-01 4.401403685511513508e-01
3.219040946079617660e-01 4.296128890965882352e-01 3.392889261185085825e-01 5.234241837154145482e-01 4.345256302622184652e-01 3.660401061381353127e-01 4.085265920564408182e-01 4.432141094110597646e-01 4.267092786271252103e-01 4.724548770503066430e-01 2.765525679970803896e-01 5.577467449191336746e-01
4.539019396292216513e-01 3.876558153292252729e-01 3.942732966818736084e-01 4.870317749313876621e-01 4.076395157480119935e-01 3.728015438162518569e-01 5.453995866460250586e-01 6.382098890854839279e-01 3.077037269672628916e-01 2.931717176726412188e-01 4.456116308395491332e-01 2.665995626530704432e-01
4.888371146031744163e-01 4.608664504560774366e-01 3.898314392245034732e-01 2.716954579016492843e-01 3.188869604085347031e-01 2.887772238886998077e-01 4.228104073310258171e-01 5.352371277041840791e-01 4.479483071053871890e-01 6.124125142414006406e-01 2.856642442687494787e-01 4.770327528666258310e-01
4.219382778674133361e-01 5.654215691773218921e-01 4.441907409278471053e-01 5.098934427573307282e-01 4.331784592506235931e-01 4.565968159402452597e-01 2.639809103255039702e-01 5.235225260447896600e-01 3.705547810261796693e-01 2.937854107934838588e-01 2.826684156375449120e-01 4.342686502517314473e-01
3.843799529468494014e-01 5.234511074917242990e-01 5.140343705963685839e-01 3.611264433160007448e-01 5.134060307570293968e-01 2.922163901055921942e-01 4.885993313769731450e-01 2.620957676059438302e-01 4.393783054965503809e-01 5.153377400052645552e-01 2.732007992323143286e-01 4.327737610694134540e-01
3.387641735345321425e-01 1.372650399573026592e-01 4.430386917426240023e-01 5.284747798468275581e-01 5.066700396234157244e-01 4.683391771057886510e-01 5.845110482656801221e-01 4.603812034220694516e-01 4.717105694290142370e-01 1.860227229428705886e-01 4.331566603582382435e-01 4.416658937716324562e-01
4.700318036369030006e-01 4.938022256939827437e-01 4.937156482751682285e-01 2.688504990971810060e-01 3.942276070282786371e-01 4.180440869208981169e-01 4.854926849223389906e-01 4.370722245528499417e-01 3.577535356590587634e-01 4.474276039678312111e-01 4.241251322309361749e-01 3.094569480145886731e-01
3.862026747793562143e-01 4.658807662502563729e-01 2.561274759028543402e-01 5.930496095757387121e-01 4.420683710331427263e-01 4.822926785376382419e-01 4.027942372940255256e-01 5.979103150712854475e-01 3.476019770361910011e-01 3.450278084024466230e-01 4.480951883943240510e-01 2.329488977227094082e-01
5.407272701727015018e-01 3.587678760289797486e-01 4.340272067857380844e-01 2.853456266307318190e-01 4.008872008858874736e-01 4.756112917115356553e-01 4.759055522603580224e-01 3.749047143454485309e-01 4.534637067149607237e-01 2.590187070400100655e-01 4.504473352533136521e-01 4.908935121702580062e-01
3.624342757373767987e-01 4.000928711159109086e-01 3.292922606341699421e-01 3.995162807331888999e-01 3.942541504250075546e-01 5.492544048140634017e-01 3.170432047277400578e-01 4.929068238943327129e-01 4.707711496554040087e-01 5.235009951031728281e-01 4.346371580385657851e-01 3.262964251210405120e-01
5.892973457277361771e-01 3.476187473822165419e-01 4.544129400163131605e-01 4.854711025398546487e-01 2.987939437963104128e-01 3.160877940864207369e-01 2.625901288628662567e-01 3.995578736246849783e-01 5.124406030513517507e-01 5.720379013283432013e-01 4.411164380692458864e-01 3.205751815146393735e-01
3.644459272759195123e-01 2.169115687142097737e-01 5.335790620490223901e-01 4.029143858719412830e-01 5.016882444851464840e-01 4.533689545127580489e-01 4.124097681751556221e-01 4.978271645232027476e-01 2.775996009846480317e-01 4.634820651443769535e-01 4.523649120541326507e-01 4.234083462094888617e-01
4.100115393593501967e-01 5.339760222882874441e-01 5.107911868637141639e-01 3.891650097868487590e-01 5.273602070629509475e-01 4.758948586615681098e-01 9.738241249638410202e-02 5.091334785662881002e-01 4.122622279404831169e-01 1.319041111290880086e-01 5.287590608970165196e-01 4.733598849480495363e-01
5.493187521870651624e-01 4.945763648009051661e-01 4.737790686239866655e-01 2.431623905042418210e-01 3.037954458354730214e-01 3.657153560324870600e-01 3.740725884397074763e-01 5.621948748077598701e-01 3.785632948318785052e-01 4.812563637639665215e-01 4.072616775336296846e-01 3.663038226388921625e-01
4.185931451010527216e-01 4.090301330779553823e-01 2.729198469843580055e-01 4.896299676845156656e-01 3.208575206724904039e-01 2.593471617541467933e-01 4.490881498693489182e-01 4.477528742509081505e-01 4.880159272298328355e-01 5.340342043813806061e-01 5.164493261485438858e-01 3.942817428454249429e-01
2.554173407301294496e-01 4.917065707526774854e-01 4.010408897319329702e-01 4.243191394533378791e-01 4.518070109705281112e-01 5.193280287871022693e-01 4.533153462511300136e-01 4.347662085722874270e-01 4.641762687943631338e-01 3.166363383048377278e-01 4.783840532184141514e-01 3.091028044332544966e-01
5.357805248267447640e-01 2.902780700522459290e-01 4.472519330008920546e-01 5.937232367881196682e-01 4.203396073934798083e-01 5.235258857282845124e-01 4.870865456225607071e-01 4.340639531410680485e-01 1.008417362314504850e-01 4.216448220515859324e-01 4.920269638876439977e-01 2.534367212759190968e-01
3.972351455621722094e-01 5.072945559750304811e-01 3.807585124494668460e-01 5.383128789558968563e-01 2.430479469631889877e-01 4.364643673931389856e-01 4.196388626855487303e-01 4.698848375858543092e-01 4.428744635098510463e-01 4.211315011787473694e-01 3.694405702818250870e-01 3.739163574593357131e-01
3.416599310778425935e-01 4.472724085391894255e-01 4.998019337155399366e-01 4.999152369154769571e-01 3.373838864884944888e-01 2.228532076601864587e-01 4.197485947311144217e-01 3.550916998571022054e-01 6.379312046749885390e-01 5.092201980050016230e-01 3.664030145363868507e-01 3.627186837986749457e-01
5.006318366756922211e-01 3.735252858145005628e-01 4.745121012079770439e-01 4.699541565873357474e-01 7.524696335554723059e-02 4.887420935247627218e-01 4.821270503971507027e-01 4.851541847966823195e-01 4.430208555970444606e-01 1.464768130068127006e-01 5.035913970423889774e-01 5.570172619940532144e-01
3.835074693068936114e-01 2.463423704014803539e-01 5.024718954789184622e-01 3.900926669157330773e-01 5.183714519652673491e-01 3.624943884253647441e-01 3.791818072536026207e-01 5.886060639982164666e-01 4.568354917450676567e-01 5.550373025791162096e-01 3.855484589322650257e-01 2.315106329980731181e-01
3.815125553430716021e-01 5.097221823351204550e-01 4.055756291235029232e-01 3.667619167845053707e-01 2.419581128078213128e-01 3.260166210739395276e-01 4.884501978419675261e-01 3.783822552166426489e-01 4.006069566981147467e-01 5.354642685547152947e-01 4.691875434039254333e-01 4.963617608167110173e-01
4.719019157958069810e-01 4.936297902156964179e-01 3.442879299739843302e-01 2.721094059930234677e-01 2.959106468322353911e-01 1.727343586433203737e-01 4.636915428572568332e-01 5.776578351416212787e-01 5.649522585424291421e-01 3.824680440659387060e-01 4.805181156280897703e-01 4.801381563106061345e-01
4.939253743349542591e-01 3.463427860366944944e-01 4.114087676081316092e-01 3.707069693960253765e-01 3.401974537712953994e-01 2.177328221498066596e-01 4.721372037722839643e-01 4.333557655021832433e-01 3.438812030331244718e-01 6.020260939568415903e-01 4.131628201301839054e-01 5.551227403084700862e-01
3.853136918081766504e-01 2.925053766711164238e-01 4.229293935046921638e-01 3.846934300385821404e-01 3.497731270763500544e-01 2.166519461656370715e-01 5.904234795124778667e-01 5.850637339177816587e-01 4.489891611205062416e-01 4.033891912728224671e-01 4.547710963321525690e-01 4.654963725797094942e-01
4.564748778893407133e-01 4.848737910988528688e-01 4.565177832960833904e-01 1.602991025150095061e-01 4.671876505819996250e-01 4.625422080538322822e-01 3.891527904666176596e-01 5.567873200681192625e-01 5.239749783873691724e-01 4.219867427368017010e-01 1.101027891917938928e-01 5.100999657141689347e-01
2.336729582414657225e-01 4.476600367772829991e-01 4.842549933492658054e-01 4.979357941433831258e-01 4.818938065735127174e-01 4.589315319852735886e-01 4.292982641835556556e-01 5.048690384635842188e-01 2.147380742840427903e-01 3.885961802702937451e-01 5.672678827287687131e-01 2.908814389995781902e-01
4.087247073051945012e-01 3.699951194690343503e-01 4.804455093830477530e-01 4.145599146706304694e-01 4.629512968837114495e-01 3.564989432326916008e-01 2.233377802136058410e-01 3.698575699766409319e-01 4.040669050032498211e-01 5.193164713487478101e-01 4.399920926204095029e-01 5.502536898930645570e-01
4.588649442709666904e-01 3.770590073819183319e-01 4.362273519373951469e-01 2.512225233928042645e-01 4.572007471984505522e-01 3.900554434043920771e-01 2.193812771374314408e-01 3.965610562536737715e-01 5.164637970762937513e-01 4.957512262634441447e-01 5.079313368860598477e-01 4.932812887971651516e-01
4.487764726315160990e-01 2.920021994469139681e-01 3.505421931846565142e-01 3.490322184269137873e-01 4.635376785805687128e-01 3.591655888173833078e-01 6.577502946528615002e-01 1.981335564915732705e-01 4.994375321679018764e-01 4.245590701885228468e-01 4.534570671748521242e-01 5.036061282363426539e-01
4.496467090429222546e-01 4.356310341132908492e-01 4.363328505036414562e-01 4.922646025038318052e-01 3.866947359501355930e-01 3.075893868522378005e-01 5.368520772582228151e-01 4.119912078371280595e-01 4.951809609483739938e-01 4.343990572141227524e-01 3.981633979025634984e-01 2.152539798734813825e-01
4.847947691864911701e-01 4.224118287100665503e-01 3.768955779929773486e-01 3.706452299859754884e-01 5.646425893546125341e-01 1.414140000556144972e-01 4.510531436401883365e-01 5.319084351405716227e-01 3.960920676203484869e-01 4.870019123340275091e-01 2.660802418698891003e-01 5.070602041091933909e-01
3.949639542200854558e-01 3.648360064027175165e-01 3.507545691062478599e-01 4.601579251124860437e-01 4.055549014640641992e-01 5.330043314934305165e-01 3.931760006373422045e-01 6.524941251873077608e-01 3.794108249329375959e-01 5.170849301359130568e-01 2.814740728726504160e-01 2.670883584347821804e-01
4.739744486890573594e-01 4.449051627921430385e-01 4.754979281034595329e-01 4.676068664897214955e-01 5.174604554126105427e-01 4.177237253892685520e-01 2.031588606474626912e-01 4.497077233829609999e-01 4.800309634337143194e-01 5.196114011781307607e-01 4.315404497133876194e-01 1.187820147680870436e-01
4.161940885128204703e-01 3.718993018904769299e-01 6.188975740803831505e-01 3.356654359505304996e-01 3.226818410923324443e-01 4.471450064965497573e-01 4.538983067861994680e-01 4.072718308954696997e-01 4.525317293581929134e-01 5.143017244910456087e-01 2.690601292561802804e-01 3.904530311898147255e-01
5.108366112088624789e-01 3.429110225306138959e-01 4.987061764097935890e-01 4.355011056787514989e-01 8.253947445554331297e-02 4.958912345521180320e-01 4.134913372596861203e-01 6.022240348617546868e-01 3.784494403425489040e-01 4.899248842150720762e-01 4.122661168432805723e-01 3.372585616419518928e-01
4.662595956066216130e-01 3.146142844160277896e-01 4.426970817804436464e-01 5.174502209032292299e-01 2.625531505475206528e-01 3.975887076436762646e-01 4.957391944228303760e-01 2.821688123192220288e-01 2.794358763484706687e-01 5.058115527099336095e-01 5.082075408716607567e-01 5.274739824304035540e-01
8.579676048725309867e-02 4.798125768252619050e-01 5.027476925759544191e-01 4.907331755932434203e-01 4.700886012703926475e-01 4.195955942555413820e-01 5.007959819638421184e-01 4.152992999920754880e-01 3.129955857500699157e-01 3.695308259036402809e-01 5.171349523632022827e-01 4.354689530195342551e-01
4.367986505978608824e-01 4.748074741390278519e-01 5.083835527048452541e-01 3.317470949438726668e-01 2.635277625388103284e-01 5.361035745601840929e-01 4.342595198254972089e-01 5.034167810031137114e-01 4.597455263028186190e-01 4.179665305110139562e-01 2.811414099838239755e-01 3.521021228891043076e-01
5.790872598100393898e-01 5.389356277272094875e-01 2.260497451633170507e-01 4.105185568569450494e-01 4.015192651208281394e-01 5.371151922189508765e-01 3.347777738109826151e-01 2.368431317503267297e-01 4.653349329371810894e-01 4.818481984497695603e-01 5.130287034276828084e-01 2.749416127267864107e-01
5.222011462544708937e-01 3.779516383057556217e-01 2.681125514381594299e-01 4.270709247073519732e-01 5.728150314062434578e-01 3.720882033596413785e-01 3.073629600428924302e-01 4.233405683597804003e-01 4.252190762966515103e-01 4.743500198611740326e-01 3.249885205287511014e-01 5.044993594391704583e-01
3.637064567147871852e-01 2.616026620518493995e-01 5.443965586605958862e-01 3.608447065960670441e-01 4.664491030132659199e-01 4.851337527402003191e-01 4.399645371749044687e-01 4.069756630369583683e-01 5.239729310646957794e-01 2.749723727830929443e-01 4.067596471991132834e-01 4.652216089644918839e-01
4.591990321697102528e-01 1.661874072054737028e-01 5.533679086357343735e-01 3.997607375622643233e-01 4.460938962307618993e-01 4.382189908496837427e-01 1.574059499173025567e-01 4.638302724129855781e-01 4.949628338139652750e-01 3.788590315915443818e-01 3.993096533912883772e-01 6.428042862192613338e-01
4.662434385043489615e-01 4.832303669699060666e-01 3.587256524505285094e-01 5.137375941417587910e-01 3.043526421463161324e-01 5.179921967400132887e-01 4.695181566222232927e-01 3.949596012956674285e-01 4.179951572619797218e-01 4.548802339455297328e-01 2.561722997679538039e-01 3.621926601537581725e-01
3.888084904574188871e-01 3.390511312366664698e-01 4.820676723470166403e-01 4.413060653731363248e-01 4.147314282336527769e-01 2.950290664836272558e-01 4.099040110619724953e-01 5.408760518005899520e-01 4.239483878001002459e-01 3.934099428104931295e-01 3.927812815504947430e-01 4.780864708447869482e-01
4.713014212906346256e-01 4.002456313010437916e-01 3.733719096606226140e-01 4.172005287281905783e-01 4.146549152032962260e-01 4.329790419319892170e-01 4.499842207563923835e-01 4.829345641488543284e-01 4.472223483315000969e-01 3.965895205960452974e-01 3.051895306340234315e-01 4.083263674173840396e-01
2.535522171145112580e-01 5.231215346841712188e-01 4.668591619173647622e-01 5.118377385639047983e-01 3.275281005322292494e-01 4.209838919025010728e-01 4.546321996649148045e-01 4.002457782521783303e-01 3.160684797510292521e-01 4.567649681477947698e-01 3.929287765812019551e-01 4.754771528882208997e-01
1.942851217822665344e-01 4.127864665278916934e-01 5.328014571627008866e-01 6.026641931904055394e-01 3.774193859756604930e-01 5.048889401037437441e-01 3.308277841200079061e-01 4.125101121430236328e-01 4.282678741120728994e-01 3.010335344961380666e-01 4.799157997304725476e-01 4.225993306556083962e-01
3.691034258205032614e-01 4.751602103773915897e-01 3.229978200029168800e-01 3.962064081721707320e-01 5.091762139426806444e-01 4.970025339546911280e-01 4.922067088626713161e-01 3.620867777502475016e-01 3.112652489531997357e-01 4.525612036005559613e-01 4.152023688121644351e-01 3.970310797507962119e-01
3.600264002297369759e-01 3.661405735358975733e-01 4.887191251599027342e-01 4.208855134837705680e-01 4.273777594792029788e-01 4.617664793108505195e-01 4.704824290680833521e-01 1.301250979583784551e-01 4.459817584464501050e-01 4.925374598205145560e-01 3.646843894722338053e-01 5.712730140349924213e-01
2.574155980282707978e-01 3.445743674536672074e-01 5.601404782407941596e-01 4.159713340048266095e-01 5.540188279285090944e-01 3.352748781166939307e-01 3.590660869448009662e-01 3.147899279226831770e-01 4.117889382110023755e-01 5.108336918021658679e-01 5.054408406184829339e-01 4.306850307280748469e-01
4.588810539489415197e-01 4.778968764887755460e-01 4.867733922079895970e-01 4.773763311575451862e-01 5.326029145614550320e-01 4.693049676861298924e-01 3.734071661805521414e-01 3.393213323916977053e-01 3.179250275805132198e-01 3.217463498635231844e-01 5.280852231870127866e-01 2.166793647458778171e-01
4.721827487044492067e-01 2.176283155432580663e-01 4.511491425645351994e-01 4.084593638138957483e-01 3.456396708830643538e-01 3.861299887067154990e-01 4.591213893709940042e-01 4.799160462206921163e-01 4.075830844225563077e-01 3.696669824854584840e-01 5.162142658482896662e-01 4.863090014360953450e-01
