1.339587431904097903e-01 1.496652219626827818e-01 2.375782496814742017e-01 2.295424752996519380e-01 1.728879175925329692e-01 2.439945080947462652e-01 2.445943865188019706e-01 2.460357079868008834e-01 2.137311006491695309e-01 1.280116890237306404e-01
1.610790649751837333e-01 2.250936506394227155e-01 2.525280188978299978e-01 1.230753841692160677e-01 1.639779194859168343e-01 1.135848005702004559e-01 1.978145134139614458e-01 3.515898934084562555e-01 2.868628956679213360e-01 1.243938587718915051e-01
1.658649935211616577e-01 1.761118285626410152e-01 1.747114628752087229e-01 1.571749114084085575e-01 1.968438177663330846e-01 1.412082776248108629e-01 2.054280558102727083e-01 2.801805572568397684e-01 3.168047992867283336e-01 1.856712958875958441e-01
3.687727358636080921e-01 2.776329442027983818e-01 2.561966561728634684e-01 1.487008017787165570e-01 1.558903141497114397e-01 1.124560714056574984e-01 1.382605545370651501e-01 2.073026274192348861e-01 2.079018630978428650e-01 1.268854313724994964e-01
6.089675021792365084e-02 1.915260429623903693e-01 3.191813689401805099e-01 3.693091160506952741e-01 1.294467398803128555e-01 1.998663107239663783e-01 3.441446003506670737e-01 2.311652796244327290e-01 1.112181376630884677e-01 4.324565358634299000e-02
1.963905720909089603e-01 2.195582876149743123e-01 2.182679493599772036e-01 1.733528916454593338e-01 1.291740859141621289e-01 1.518302724566167328e-01 1.748210081320273612e-01 3.170576175181568646e-01 2.518161865518439568e-01 1.677311287158744502e-01
3.202170749289809937e-01 1.251178958034874222e-01 1.449486179181917467e-01 1.601648247965195282e-01 1.621408597654150352e-01 1.812821379640652819e-01 2.406686032711337075e-01 2.059972434620898074e-01 1.637270966219623036e-01 2.957356454681545621e-01
4.365925746556252873e-01 1.414348973156749900e-01 1.795238257694443396e-01 8.632563258725969857e-02 7.420432890908024159e-02 1.130029623588301724e-01 2.686100435181696389e-01 3.494906920830836983e-01 1.768348534269982564e-01 1.739801893758338991e-01
6.842914019289655925e-02 2.105998167329987403e-01 1.494513080943354610e-01 2.312223109855655601e-01 4.125060082921110372e-01 1.860083044830532495e-01 3.005768429204888070e-01 2.558220670748631020e-01 1.119616853076030039e-01 7.342251591608556227e-02
1.093215945661297622e-01 3.592118610335903184e-01 2.005041364948077498e-01 1.407045249414414223e-01 1.163994198010151748e-01 9.213195591271619578e-02 1.569465508283946764e-01 1.446182609221829951e-01 3.438939610536120850e-01 3.362677344461106888e-01
1.083984936034625562e-01 9.159284209088530693e-02 1.135884033935316145e-01 1.944374134158857181e-01 1.790353735588186002e-01 2.336384542074558812e-01 1.665442316986987248e-01 3.636263508588446491e-01 4.111732044434893707e-01 1.379652327289278280e-01
4.505615130662901646e-02 1.739511662253977742e-01 3.162604519566799555e-01 4.419549256817588145e-01 2.553500909713860567e-01 2.275510568044021298e-01 2.459878964587725592e-01 1.089114467612592868e-01 8.668514347267973486e-02 9.829167036103411692e-02
2.698570492832768064e-01 1.480187401439720940e-01 4.828660163331181809e-02 1.025477166684027053e-01 1.907901224605708101e-01 1.959895704434318764e-01 2.329430522958812477e-01 1.525488052016293894e-01 2.840034785519352512e-01 3.750148633175882651e-01
3.117964654366373045e-01 1.989793422842595083e-01 2.882336218611221135e-01 3.434698436931674093e-01 1.637756971301994047e-01 1.840800528831508798e-01 1.333717340961407816e-01 3.952986378148342500e-02 1.094461361202560962e-01 2.273172427135833618e-01
2.049795637000284276e-01 2.740011948203828762e-01 1.678598253155572095e-01 2.103581883525283414e-01 3.228052086150578481e-01 1.042216814812143705e-01 1.353490493979321863e-01 2.332686483298754831e-01 1.661263662831883869e-01 1.810302737042341625e-01
2.999733313722179329e-01 1.937304547637875296e-01 1.109390793453296220e-01 1.548789353831721005e-01 2.869002298820507169e-01 2.910807601178126980e-01 2.178537966792718494e-01 1.195425420447154413e-01 1.594932749937792160e-01 1.656075954178639897e-01
1.635628542347430381e-01 3.646701257593535500e-02 4.971710984875558903e-02 1.647595061674588246e-01 2.392733795906571981e-01 4.075862432168582128e-01 2.432803438351374692e-01 2.636113623324770616e-01 2.072880908234441821e-01 2.244540973745338397e-01
1.642735802822696822e-01 4.596714716789260247e-01 2.611968735529680008e-01 6.973024718623843654e-02 5.568584113237708133e-02 1.347236288754275757e-01 4.033562258302181291e-01 2.167682335744280930e-01 1.453706531504823929e-01 8.922324473666647104e-02
1.395369843559713108e-01 1.676399684410920798e-01 4.602086822798399091e-01 1.727932455248276655e-01 1.238671946331418583e-01 2.047313641640591542e-01 2.478992931532931765e-01 1.652331144172297372e-01 1.933667073081350718e-01 1.247234457224100229e-01
2.480506625740556137e-01 1.501905886360628828e-01 2.022427288140379309e-01 1.550746394697963826e-01 1.391579341561014205e-01 1.389680481176341909e-01 1.784822029425605638e-01 1.636314970888744780e-01 3.927787037959541983e-01 2.314229944049213950e-01
2.226637889843530449e-01 8.026531362563429917e-02 1.345234197283933231e-01 3.882671530746910626e-01 1.864022358778395783e-01 1.713050727255226446e-01 9.784254227920161084e-02 1.618487064862963454e-01 3.107252531758615821e-01 2.461565140422074249e-01
2.816036397743684194e-01 1.603073553038776577e-01 1.926978079656898324e-01 3.603873941659349600e-01 2.169587979659517996e-01 1.077362933919269461e-01 1.008245033525565493e-01 7.166954400667703562e-02 1.439285264546721343e-01 3.638861376183458174e-01
1.360073642284061191e-01 3.307892914407460361e-01 2.707669917712082208e-01 1.751180679449467481e-01 9.211491211595201900e-02 1.300135249934808446e-01 1.824677900310903711e-01 3.479879792972855324e-01 1.501195163220031825e-01 1.846145618548807044e-01
1.289045437344223111e-01 2.075532805691757965e-01 2.160474235031931700e-01 2.248473155563433246e-01 2.622617582336372877e-01 1.323828892911290134e-01 2.022424895383829191e-01 2.731516774856906360e-01 2.332722105915022159e-01 1.193364114965235062e-01
2.921148372129273030e-01 8.925501337887356557e-02 1.141582234264237050e-01 1.253379936335311529e-01 1.145481450781043742e-01 1.065764219157848275e-01 3.085158432566475484e-01 2.961325677573961035e-01 2.409999302233559182e-01 3.123610241169558210e-01
3.215546057466339147e-01 1.471763190465520399e-01 1.743218518801997463e-01 3.002216001872701767e-01 2.757688108477707178e-01 2.217031502388333020e-01 8.553057866608715365e-02 8.716049671354586525e-02 1.161342948116241003e-01 2.704282918614825393e-01
2.006608873388609215e-01 2.118451919599185773e-01 1.189051915188539671e-01 1.293348006353593482e-01 1.147761604983273120e-01 1.051797897128860515e-01 2.048667869312381928e-01 4.276297594149817693e-01 1.645844831463385005e-01 3.222169488432369833e-01
1.894781143924127997e-01 2.024231194780386489e-01 2.976014109352395076e-01 2.054617825953761745e-01 1.528978893904319458e-01 1.650329195397096660e-01 2.023429337590230415e-01 1.907447936654070308e-01 1.834534222931880898e-01 2.105636139511738725e-01
1.346457726780854181e-01 1.486568819860090429e-01 2.770167409723787166e-01 3.157669177481466916e-01 1.896315859077455090e-01 1.535654140535522849e-01 2.414109037966259974e-01 1.719824694997616754e-01 1.218031728645687095e-01 2.455201404931253995e-01
1.297294049335449562e-01 1.235184955020205005e-01 1.068858096810543362e-01 2.324961023172229524e-01 2.169290490193578613e-01 1.120020113991342242e-01 2.288468022273791036e-01 2.746285476835570449e-01 3.206704983110030271e-01 2.542932789257253412e-01
1.392210884162106976e-01 1.548574707034386655e-01 1.637822478130860626e-01 1.653338223558318276e-01 2.011144809409071144e-01 3.506411144024385584e-01 3.094592547877757505e-01 1.962987147388613463e-01 2.085185008553769037e-01 1.107733049860739755e-01
1.464662830355415168e-01 1.875732093452087135e-01 2.130930462638484513e-01 2.935141471045293327e-01 1.650139349784139620e-01 1.247860590540055686e-01 1.024801493783183692e-01 2.170605899351016332e-01 2.814344321067921983e-01 2.685781487982390470e-01
2.134196430543852108e-01 3.004946892930235869e-01 1.548150961495469158e-01 1.408190743069378803e-01 2.065202494117696075e-01 9.817811419795149930e-02 1.871101122898979341e-01 2.312900100700150396e-01 3.340629275142477650e-01 1.332900837122253657e-01
3.362762569013291181e-01 1.445493388401108970e-01 1.778271132512834474e-01 2.625858908844715400e-01 2.651189311384237191e-01 3.426611446114973258e-01 8.702343144290122789e-02 5.713069349249033646e-02 8.971949539666941587e-02 2.371077040408218761e-01
2.993626747752485828e-01 1.149728719759136181e-01 1.451352786448004140e-01 2.320769434430693667e-01 2.779175082525582319e-01 2.097119675466022071e-01 1.417333007369969422e-01 2.527096534721004484e-01 1.544266677700432966e-01 1.719531333826680164e-01
2.102545555190174220e-01 4.455704584841362337e-01 2.028451529154081390e-01 1.301647101138767582e-01 9.681332171575102175e-02 1.888808332162873749e-01 3.691570016315106062e-01 1.840942628784022483e-01 9.251692325597304922e-02 7.970278026963685536e-02
1.214075728191524040e-01 1.233805352796024796e-01 8.873182633343990044e-02 1.800422490779344520e-01 3.216656538788227881e-01 3.390217138857865020e-01 2.526092326667557231e-01 1.833480963681226039e-01 2.187804349140453630e-01 1.710126847763384916e-01
1.474597192655113242e-01 1.583651781632764988e-01 2.523295816230609612e-01 2.056505288415107768e-01 2.708870143861948354e-01 1.468854420883288214e-01 1.625561680711761492e-01 3.825361408414311715e-01 1.628675355010754944e-01 1.104626912184348414e-01
1.529831524610986426e-01 9.387073029983311612e-02 1.139341693843753944e-01 2.028640151725902285e-01 2.488266080833696769e-01 2.711288547739916233e-01 2.636163872913277473e-01 1.504415369129141755e-01 1.790322742511656906e-01 3.233022713693331496e-01
3.948600614821282662e-01 1.967971304146654554e-01 1.167442541975042408e-01 1.451628502640415486e-01 2.890043188403789709e-01 2.790282164890365291e-01 1.422934245607693771e-01 1.361912397710229317e-01 1.383531851464876450e-01 1.615653188339636337e-01
1.589981664518813342e-01 4.862668656873746498e-01 1.661157959887135105e-01 3.579779607211951986e-01 2.519031888399313468e-01 2.088400756851622186e-01 1.805020130035423775e-01 8.926312660916300989e-02 4.224002922108816699e-02 5.789277779194774987e-02
1.251924263467228127e-01 1.330049824396730418e-01 2.104374769043482751e-01 1.732511605032519553e-01 3.364910659844264629e-01 2.747696416982015610e-01 2.358472832446941170e-01 1.533537575774525097e-01 2.038616079587282637e-01 1.537905973425003903e-01
2.319328105228471437e-01 8.553127153657912041e-02 6.481390201994806366e-02 1.269948133557284864e-01 1.287302392718993604e-01 3.559087205501556550e-01 2.353789422265352704e-01 1.205800413280083555e-01 2.948765726560879097e-01 3.552526865322117589e-01
3.199213277320038795e-01 1.628184120765513443e-01 1.540140496350820010e-01 1.722181366214899922e-01 1.366397196409294135e-01 1.060131144762425925e-01 1.731276155086575730e-01 3.671617924419699475e-01 1.949435268223499718e-01 2.131423050447223411e-01
1.763249207508044147e-01 1.679768121071504305e-01 1.059226775803135956e-01 2.799869235434627734e-01 3.884179547218649664e-01 2.491074545693882092e-01 9.903997735495376209e-02 9.684129934935731265e-02 2.451562265798175599e-01 1.912257534428866979e-01
1.566948224672325418e-01 7.749594865354011985e-02 1.169929863201432663e-01 2.311010862345813377e-01 3.035988785013597480e-01 2.566759509020051233e-01 1.038696958000088350e-01 1.379644654389036162e-01 4.094617296069856804e-01 2.061444360752395788e-01
2.234865420417890824e-01 3.181600158987977767e-01 7.415601245854770707e-02 1.773732902443577730e-01 1.519170728695723727e-01 2.870509871015491377e-01 3.306610901767179644e-01 1.639639666739279300e-01 1.159481211984389609e-01 1.572829013363006567e-01
1.234118255679546305e-01 7.279923470260744878e-02 1.170757444872839448e-01 2.416999430357272549e-01 2.179670443888949150e-01 2.523314775511284469e-01 2.412213058767782303e-01 2.494470793818771015e-01 3.025777102915616079e-01 1.814686347161870994e-01
1.614846506599428300e-01 3.594826559300684510e-01 1.187740808226018796e-01 6.014399104343348679e-02 1.050495415134323901e-01 3.131666250441767496e-01 2.064798229486377867e-01 1.212457562458325866e-01 2.123297463359127280e-01 3.418431294559612921e-01
2.368207430900383104e-01 2.747695428626700798e-01 1.907273841178724616e-01 2.852036661005438734e-01 2.752189639046985770e-01 1.587226493828980678e-01 1.723825529910715526e-01 2.051703648937039937e-01 7.335277314404493876e-02 1.276313595124579092e-01
2.056108597148216810e-01 1.371771789911931383e-01 2.819753483291552176e-01 2.112703275042240314e-01 2.795293198196024953e-01 1.204594829197406514e-01 1.920712025086173391e-01 1.194722538343828133e-01 1.956973014981681358e-01 2.567367248800945800e-01
2.369046085440870142e-01 3.294855417948803211e-01 2.991959388179991075e-01 8.646959557556929687e-02 9.543397023921575129e-02 1.029273805424524846e-01 1.218018771530444411e-01 1.777347308911919332e-01 3.121260327778396793e-01 2.379203236637210395e-01
2.884351732080429054e-01 1.550687737546910527e-01 1.061946209903269073e-01 1.077083474741960117e-01 7.949798656129478114e-02 8.078034372135388386e-02 1.699001848523851721e-01 3.355178643243268422e-01 3.436477112991882521e-01 3.332489938141935948e-01
9.235073153512271538e-02 5.582374505550842247e-01 2.622948197951799898e-01 8.192132254832559801e-02 1.753626392037382631e-01 1.681711639282811310e-01 2.050944956162624178e-01 3.004514935087859162e-01 1.178751177765610392e-01 3.824076553265992606e-02
2.176782266083567285e-01 3.262409457718667971e-01 2.717323711259208574e-01 1.540927785452306242e-01 2.259385345724110039e-01 3.597977046131170531e-01 1.739950066499216519e-01 1.101167228295667211e-01 9.441391489254512270e-02 6.599379439106325962e-02
2.053471917522901036e-01 1.239412654041737866e-01 1.321248071221055032e-01 1.615833167125986791e-01 2.216114427986208835e-01 2.392646015263664994e-01 1.923262832581978388e-01 1.200614396968753134e-01 1.443422014764040862e-01 4.593974502523675563e-01
1.778808766865339897e-01 3.269078557483556802e-01 3.690658506734653677e-01 9.200697796051023059e-02 1.791787925652557067e-01 2.816711537930864373e-01 2.032813586915747095e-01 1.545789814432082798e-01 1.294912801638181954e-01 8.593687227419180563e-02
2.259224046509842321e-01 1.487168918595766498e-01 1.625556824527825406e-01 2.404947646986025089e-01 1.603049586608298327e-01 2.018033729121411490e-01 1.855289439729251311e-01 2.542131219817083121e-01 2.391100640962668111e-01 1.813497947141835820e-01
1.129927402474630166e-01 1.731730204768889003e-01 2.914945925527777648e-01 1.938615789302189363e-01 2.411818057413382399e-01 2.321338684740556491e-01 1.302070439414879099e-01 2.684374981072026878e-01 1.782244464619557600e-01 1.782934050666103720e-01
1.673841422273286694e-01 1.629717002263944281e-01 4.756286746060680581e-01 1.307748422284433776e-01 1.270955134476746129e-01 1.816446810059813011e-01 3.264083333729093095e-01 1.940030577464657291e-01 9.754256938786394493e-02 1.365464857508716101e-01
1.868151539329102051e-01 3.262195481432176303e-01 1.422854742433091457e-01 2.120371876559546398e-01 1.705602858692572554e-01 2.630545055116257358e-01 2.834800292496210128e-01 1.517709702084953372e-01 1.295595453103783046e-01 1.342172998752319546e-01
1.137800251599369039e-01 8.987888394754667276e-02 1.603372725875626681e-01 2.194907831483094429e-01 1.328513069474414887e-01 3.340655985431777442e-01 2.544555840143169489e-01 2.456281529049977874e-01 2.904840491589772422e-01 1.590283435877344886e-01
2.140140809133741495e-01 3.167729080986367296e-01 2.171549066746699119e-01 9.174854660029647946e-02 9.603311902694283697e-02 1.387481061937576032e-01 3.346549773498960767e-01 2.134321326538508035e-01 1.337689936962367099e-01 2.436722287923396291e-01
2.621724221843866887e-01 2.463496610929664099e-01 3.466117905093595297e-01 1.824573267794438736e-01 9.806827794551517541e-02 1.193871867033676204e-01 1.329384689792086904e-01 1.990724969584602433e-01 2.545982389348034336e-01 1.583441299124882795e-01
2.048451794213864696e-01 2.848047177523819196e-01 4.340009558950814750e-01 1.566567657076765319e-01 6.094006039632067495e-02 6.482201351257146915e-02 4.624786146456107139e-02 1.765543922727094150e-01 4.168447976085225548e-01 1.542832559687888627e-01
1.568140893998307417e-01 7.643097048658933912e-02 1.407363799822204109e-01 1.921460843085564529e-01 1.803145729725195989e-01 2.981490246515903220e-01 1.123864567513541413e-01 1.926443221022758889e-01 4.301856698636949417e-01 2.201924294813684124e-01
2.285286450026315919e-01 2.371547065946611466e-01 1.039033844080560071e-01 8.491857500609178988e-02 1.895705414464804173e-01 2.801074908326963708e-01 2.200850855981290044e-01 2.598825520465258831e-01 1.922722529178888806e-01 2.035767661468396161e-01
1.891358234654401116e-01 1.822291781903547514e-01 2.056112713674380643e-01 2.313643917437378794e-01 1.927581270301103600e-01 2.105733058515775469e-01 1.067609939673349190e-01 2.195175393702009925e-01 2.346432670248059238e-01 2.274061019889989099e-01
1.799225838140393607e-01 1.784351483236725211e-01 2.052406427367011177e-01 2.089141570443734386e-01 2.700282482093355196e-01 2.245457174488282859e-01 7.894352706002211173e-02 2.063857982176954264e-01 2.499002757921405804e-01 1.976839013531903888e-01
9.116952695188837441e-02 4.280051029078105196e-01 2.505527302345711971e-01 1.112214522635741609e-01 5.491689952585761952e-02 3.381539777037547156e-01 3.369074043507426230e-01 2.078843257997452232e-01 1.022488845034659755e-01 7.893969575858852950e-02
1.387992627465270690e-01 2.134189731985203509e-01 2.177119007549347396e-01 2.703141692609034585e-01 2.091433267995436440e-01 1.859005466087711445e-01 3.319553269034225540e-01 2.036752188525421392e-01 1.445538142867037745e-01 8.452746058813159769e-02
2.601053228108254345e-01 2.050966773146853661e-01 1.147229875922992359e-01 1.735494023499595251e-01 2.049930550987854594e-01 3.341435283617395502e-01 1.450805332389179525e-01 1.063943157180524957e-01 2.305008017598849102e-01 2.254133757548505146e-01
1.934714897371753728e-01 2.122336818258596103e-01 3.017062773284902022e-01 1.900289667817539607e-01 7.413681036104718958e-02 1.048351502996402174e-01 3.022920916072983077e-01 2.902579575093697795e-01 1.777990028319305638e-01 1.532385717174348794e-01
2.013194593194603810e-01 1.101224428501970665e-01 8.625927185188686508e-02 7.979478637815669295e-02 1.391968743493193772e-01 1.416900641115114712e-01 4.000344713109312833e-01 1.335797151442487674e-01 3.008018676625722754e-01 4.072010470217160005e-01
1.731388433463962317e-01 2.148138600093663364e-01 1.967214446249438420e-01 1.035910591213771159e-01 1.887657909545315538e-01 3.716942510045467274e-01 2.267785503174566952e-01 1.373426214752524466e-01 1.290054235351334178e-01 2.581481556109945230e-01
1.913686902762667397e-01 2.795756224940946777e-01 1.154802979211148189e-01 2.001963453042507335e-01 1.852391642717673981e-01 1.225773116323162770e-01 2.488959855020846101e-01 9.604629429017678965e-02 2.155542957610088739e-01 3.450659925469177214e-01
2.695609970761000951e-01 3.328484092745521705e-01 1.853644098087711134e-01 1.611157173873053738e-01 2.115577824311904442e-01 1.309899878103926996e-01 1.675840927607994968e-01 2.174352712546208655e-01 1.532308101634141939e-01 1.703125220328540745e-01
1.039938340299095404e-01 1.496318470839645975e-01 1.301198381744554100e-01 2.373895425533569803e-01 2.648934055702255597e-01 2.893256383541100707e-01 1.917159431522152957e-01 2.646123872060750504e-01 2.379229003845208523e-01 1.303946634911668512e-01
2.266051950776387658e-01 1.947872976597022077e-01 2.070283602370482368e-01 1.666191137803397782e-01 2.416529714098457626e-01 4.279708718255613720e-01 1.977523083914653479e-01 1.052601905607779831e-01 1.039582719305341268e-01 1.283654191270878764e-01
2.529791157782690370e-01 1.979773581397227811e-01 1.364551481713919823e-01 8.842532250593651555e-02 9.344891071696732887e-02 1.886314092857383773e-01 2.256845816170108820e-01 2.783424505342974586e-01 1.781007308452461635e-01 3.599549724054184052e-01
1.721739826558957298e-01 1.714641437781045941e-01 1.826136965649394484e-01 1.403209796258724218e-01 1.585591118477178985e-01 2.479453910997019561e-01 2.832569864438110319e-01 1.597943334426732698e-01 2.226792124479627100e-01 2.611921620933201349e-01
1.699820797582455578e-01 1.973897332936011551e-01 1.578038947133834635e-01 1.387284254379537174e-01 7.718077096405573378e-02 2.163257661474965177e-01 3.482887954821615173e-01 3.355220245440032056e-01 1.179865652729830128e-01 2.407919443861156750e-01
2.475410231713040532e-01 1.962100372942494064e-01 1.580136758882992876e-01 2.602595577730796306e-01 2.784580136198030464e-01 1.399199233294235734e-01 1.129957828200280068e-01 1.410714210597667773e-01 2.019514059421921859e-01 2.635791591018535884e-01
3.409893065421332192e-01 1.084522496727690077e-01 3.207855954168264967e-01 1.769769574314575822e-01 2.096415927886159380e-01 1.114900502023160322e-01 1.080517869040457657e-01 8.090702927515902587e-02 2.001267346653026191e-01 3.425786971013745075e-01
2.123074822944228668e-01 2.773914229604259596e-01 1.359186332797852892e-01 1.253993246705757403e-01 3.067503556039896662e-01 2.315102117175192320e-01 1.458746353789625860e-01 1.767244618211692708e-01 7.250044538329668276e-02 3.156230268898533309e-01
3.214439103676204335e-01 2.001745665395790741e-01 1.664523573257878364e-01 1.642285917479137658e-01 1.574685420149933568e-01 1.961220565670753202e-01 2.358968218587736976e-01 2.075506310997406734e-01 1.683436285104946695e-01 1.823188939680199516e-01
2.889730646790499291e-01 9.379893639766606617e-02 1.339920481532843599e-01 2.661462247519487678e-01 3.216318233027522511e-01 1.598401434495913542e-01 1.315179353821331332e-01 1.233003795448101292e-01 2.654221278288627084e-01 2.153773165099012732e-01
1.299707515743338260e-01 7.431027525648618848e-02 5.178780030785876121e-02 1.322449970914023054e-01 4.180231707214742132e-01 3.112247874125638747e-01 1.037921724585292305e-01 2.173164323787619423e-01 3.092308379659270967e-01 2.520987748326634637e-01
2.629940860034170602e-01 1.897237364271416871e-01 1.661064147594165374e-01 1.443292423525637247e-01 1.854515205486303442e-01 2.012290431708464444e-01 1.880276306229707040e-01 1.605419894823250093e-01 1.730999836605622566e-01 3.284963529721262043e-01
2.330091344767218908e-01 1.515633631080649524e-01 2.314822312513138691e-01 2.093435819610818538e-01 2.672547571348929396e-01 1.571441015035613398e-01 2.233460272627798837e-01 1.515409885779880339e-01 7.663965743925019170e-02 2.986761572843458223e-01
2.316674433839992497e-01 3.039469065302238260e-01 1.179427754363680525e-01 6.422999030474194071e-02 6.345679089233319248e-02 1.331950068178404389e-01 2.412158153744068390e-01 3.832383567495997179e-01 2.358839620150870175e-01 2.252229524953990036e-01
1.832220481792284361e-01 3.461704956210870376e-01 3.513258554518099430e-01 1.066493322824657308e-01 6.460327895276836430e-02 9.194644896942763546e-02 1.098161034355205623e-01 1.691408342917306573e-01 2.974945434578466497e-01 2.796310593581142756e-01
3.329719753224925638e-01 1.593597919004313412e-01 1.782184935789121460e-01 1.616842895064961039e-01 1.030497375787530201e-01 8.441477609695891005e-02 1.711487997201208422e-01 3.891034455418455051e-01 2.288645636419832929e-01 1.911841271120069130e-01
1.937428121759232347e-01 3.014112473565562222e-01 2.337909336485858303e-01 1.331766116387814725e-01 2.836896611153586489e-01 2.660332302353323186e-01 2.504233404969266052e-01 8.831286174159291846e-02 8.195632039627845367e-02 1.674629811946647950e-01
2.915622506873857267e-01 2.085206980480617811e-01 8.900874321009225043e-02 2.455467705886909546e-01 4.137068412656080829e-01 1.669630224552959286e-01 1.965044414793576943e-01 9.217733972714556301e-02 9.692997299127532884e-02 1.990799195470872862e-01
2.153770709539739037e-01 9.863265499449364038e-02 1.018541553184314635e-01 1.652379267729601475e-01 1.773410498891269116e-01 8.803047294595263417e-02 1.773950967865519646e-01 3.615576111503864265e-01 1.741637916808786157e-01 4.404101695072445977e-01
2.519594634992252669e-01 2.119934093051702440e-01 1.912664721385887168e-01 1.185529447713956491e-01 1.538267360417913121e-01 2.991625953149517625e-01 2.199216002192880270e-01 1.399346876349679136e-01 2.394275120153951664e-01 1.739545790592249563e-01
2.905896456164628883e-01 1.784970300900904361e-01 1.130962419631785926e-01 1.792432004170330107e-01 3.316529006457333839e-01 2.981774070979845703e-01 9.121571631677599656e-02 1.650918885145603587e-01 1.745470696684363887e-01 1.778888996697448877e-01
2.143772043809868411e-01 1.954163310437128931e-01 1.619374147436132838e-01 3.528663628028148036e-01 1.550827310880097398e-01 1.569527514733852491e-01 3.155850613854533360e-01 1.517777655258186198e-01 1.012973263501803778e-01 1.947070512060253555e-01
1.648673538716340370e-01 2.698453315326899138e-01 2.252330394360676225e-01 1.588785355734483873e-01 1.989100851763772049e-01 2.133267620291043332e-01 3.324633523737886009e-01 1.418008958853395063e-01 1.234162631563130996e-01 1.712583809652372946e-01
