6.883603586879730729e-01 2.818459190959670124e-01 7.357690699207392049e-02 5.698767101243092936e-01 6.579799615739608809e-01 5.640746030718893911e-01 -2.401587116575638892e-01 -3.137955577971223708e-01 5.593349246725308754e-01 -9.548301921625840238e-01
6.110124210888814300e-01 -1.926243235632678907e-01 -5.430280837464120103e-02 1.930778365021013077e-01 -9.964800415896502006e-01 2.840902975444278833e-01 1.061631235740081308e-01 1.534212624323078034e-01 8.289520684066355519e-03 -6.730368497637697622e-01
-6.561761621173872738e-01 -2.417060283653276742e-01 1.358974174269498292e-01 -1.459413222182010417e+00 -5.339061150986461612e-01 -4.942704032077779863e-01 -1.618760655542390500e-02 -2.784620131106820273e-01 -2.886090173705361250e-01 4.508213153004646256e-02
-1.292606218592753375e-01 2.046349295708716279e-02 -4.401937365182166384e-01 3.520043097117894759e-01 -4.012539229470694635e-01 -5.472969879652764824e-01 4.269983847333398974e-01 -3.037067868579874236e-02 4.213952094379995184e-01 1.798924742326668824e-01
-3.941094704285620621e-04 -2.401727701312555141e-01 2.514679784103890023e-02 2.608401167051471736e-01 1.205450380377555364e+00 1.369093655976273693e-01 7.632822624312329829e-01 -2.306143541672147634e-01 8.267473766771478161e-01 -4.638500790458089384e-01
-2.813314382342814168e-01 -3.679163662558352921e-01 -4.132761178297236770e-01 3.795679125113808894e-01 -2.444516017695849697e-01 3.856709030493260526e-01 -5.917259430183826607e-01 -1.553724493034679965e-01 -9.560932217385033349e-02 7.393328153593634600e-01
-6.603734477063847308e-01 -6.461384190018518714e-01 -1.389211932559669405e-01 -1.116890689368286615e+00 -6.092629849056018648e-02 -5.071910499547096496e-01 -1.802567076549274339e-01 -2.418578936632166942e-01 5.381519013814517471e-01 2.715420188684941061e-01
5.139541060394641203e-01 7.323177848355616470e-01 5.295928885342678916e-01 1.973959401199676111e-01 -1.902447507860010878e-01 -3.022630304438279625e-01 3.785803879989060317e-01 7.263510688807739424e-01 2.270561994185130716e-01 1.391024212041495380e-02
4.494053259574914416e-01 -1.565068462942957317e-01 -8.974546637387527115e-01 1.875124603873124518e-01 3.610189715830297019e-01 8.662833104842495571e-04 6.026125007400896100e-02 6.805009635934593515e-01 -5.526398436409567516e-01 -1.405468257100092253e-02
-4.544620492823854829e-01 2.882457391152911108e-01 -1.907428861475957693e-01 -5.738776577080146879e-01 -3.572472803149470688e-02 1.172300040269145388e-01 -1.903869278923185915e-01 8.722108878570258295e-01 9.263578988472482428e-03 1.154475564385754605e-01
-8.805676592243479039e-02 -9.565565541746552380e-01 -2.165207573354711590e-01 2.548336318436780212e-01 -4.537988313830293996e-01 1.849318847522775644e-01 4.557848589269752337e-01 -3.659881750192932603e-01 -3.524547921233035508e-01 -9.909837263680718045e-02
-3.329958045664073718e-01 3.855345986062626989e-02 6.643250018335056239e-02 6.547272979179395991e-01 3.380095243225439416e-01 -2.709380057736148206e-01 -2.689743238575998882e-02 -2.801172588587401147e-01 -5.878729262299305924e-01 -3.598645616712277118e-01
-2.414703300148840492e-01 1.608581478086197891e-01 4.131308403053453038e-01 4.201602928975453621e-01 -2.621944720334576373e-02 1.870382444296019853e-01 1.159549047353819473e+00 5.029937792356953263e-01 -4.197922854480591326e-01 -5.627297832768936026e-01
4.425145556290730475e-01 1.395944543678640792e-01 3.651905036721451725e-01 9.831334062425269860e-01 -3.198988104663894050e-01 -8.273791139670541028e-01 -6.869671616293510086e-02 -1.602092425020688882e-01 3.065630438462539353e-01 3.539155843374557353e-01
2.726314677730622971e-01 -8.824711298967111706e-01 9.993352422310417538e-01 -3.235693317702213467e-01 6.816547078011476746e-01 1.423217232413324651e-01 -1.279633635104676925e-01 7.626689135265045660e-01 2.698807146957143410e-01 3.755412059252101198e-01
-5.602047586684999469e-01 3.980647715281741550e-01 2.634676732295780921e-01 -2.082489261406022807e-01 -2.225174930940856111e-01 -3.412786218893638090e-01 7.809471888947518980e-01 -8.318833857431067180e-01 5.184276243931903450e-01 -3.711626975712297716e-01
-4.901920284551882223e-01 -9.218055059113899885e-02 1.410978700815011200e+00 -2.959503269130629444e-01 -6.638378643469758922e-01 4.244873923567822338e-01 -1.768821398154502705e-02 6.585200646204263097e-02 5.760328090255780742e-01 -3.611615954563329733e-01
-3.294168892503361590e-02 -4.597672389584812613e-01 -2.778516214830106246e-01 7.070330727719538189e-01 -1.044004299812403003e-01 -2.143960750932994708e-01 -5.277105846846956716e-01 -2.168893355428173075e-01 -1.611350924828196529e-01 -2.646314443433634978e-01
-2.967570092083035571e-01 -3.558782221498755782e-01 5.193238436085258897e-02 -1.028556877442678499e-02 2.127810719346006074e-01 2.037334011581106719e-01 -1.213167032210168000e-01 -6.122894248727910049e-02 2.590927145968657253e-01 3.932887018515979771e-01
-4.097360900528064231e-01 5.656122936564631498e-01 4.099405437979720263e-02 2.832933759707162991e-01 6.139561912823038314e-01 5.426484935510720309e-01 3.722226098712284603e-01 -1.367778405092782978e-01 1.185301736465457084e-01 -1.595402038380078213e-01
6.468126250636284658e-01 -5.308213375485348884e-01 -4.935432907949013903e-01 -2.012977136697031988e-01 1.950262349611925350e-01 -3.134112834408805393e-01 -1.134328404148733149e+00 -8.614338042315428101e-02 2.757894626837524288e-01 -7.229387097633618309e-01
7.351561696634286713e-01 1.926812196280613121e-01 -2.133908610315277676e-01 6.138675140632651184e-01 -1.903218763419905687e-02 6.262268667565963343e-01 -1.021556444837233291e-01 -4.512132759539852489e-01 3.987672295519889554e-02 -5.483861095646932471e-01
-5.139410902662548963e-01 5.411156373932127783e-01 -4.935619155057963114e-01 4.692734916503760734e-01 2.417653459001562199e-01 2.658623493991748576e-01 2.957693657018915512e-01 3.934641070111002947e-01 -6.835414907295095377e-01 2.028903438223244315e-01
7.787608333081978973e-01 1.104389498196748920e-01 1.386927585767263882e-01 -8.970594246916237247e-02 -2.249298827836963277e-01 9.670656617032315217e-02 7.031255410431918040e-01 1.626052514523283476e-01 -2.441659758587940154e-01 -7.149379864705406040e-02
1.074257036815980115e-01 3.515523039944815076e-01 -8.286510410347711630e-01 4.907324437124910982e-02 5.720127987914813694e-01 -1.731833563870965875e-01 -2.926541126309096241e-01 3.435310453474719194e-01 -1.765135662639374103e-01 -6.491626287211648139e-01
6.226678670180596509e-01 -6.775410775689644227e-01 8.422151492660494565e-01 -1.874333586906126448e-01 2.932191613612961101e-01 -9.929635006272647946e-01 -2.960440158749678141e-01 -9.881217783123834308e-02 3.946455476226018444e-01 8.529167922646321287e-01
5.995913428864182437e-01 5.644895450179690521e-02 -1.119930792490341664e+00 3.040770211620814067e-01 -5.369103821595305748e-01 4.749876630243782261e-01 -8.418280028942871640e-01 -1.950420150694685828e-01 3.916504883024742034e-02 -2.769009206783539789e-01
8.518569507566488008e-01 8.403327400962901095e-01 -2.506059148002575190e-02 1.336483062630074992e-01 3.385570106139005886e-01 1.552854884771137089e-01 -9.972657582554214639e-02 -4.358303738842560504e-01 2.683799116339634638e-01 4.152191204937263902e-01
1.645810364172374807e-01 5.589306998529935955e-01 -5.142796493099940358e-01 2.309559375148556859e-01 -2.351720055148593391e-01 -2.597715999660745179e-01 -1.531402199653195684e-01 6.118932429777577120e-01 3.609194683879191623e-01 -1.914729999758543466e-01
5.733486925264856815e-01 3.356863540278389735e-01 2.824708221882174519e-01 -1.157815941245194491e+00 4.093136867640863041e-01 -7.982366709263895299e-02 -6.958716291011590727e-01 -7.371425996445034601e-01 -2.567444499829311666e-01 1.005417083320609556e-01
-1.097300246651172095e+00 -4.731673379574442562e-01 -8.014212050588848113e-02 1.177265953106828800e+00 -6.890326884414200992e-02 4.544006202404076156e-01 -1.989346510943237334e-01 -7.623978156907904591e-01 -3.259646947923949822e-02 -3.194296846919154054e-01
-2.661946923937707349e-02 6.194929239435480461e-01 7.913554628352595377e-02 -7.760786744546329663e-01 -2.639180415994467621e-01 2.427546292219758262e-01 4.127666377755205840e-01 -1.529195796652969563e-01 -7.323450049052780686e-02 7.044297362179995359e-01
-5.604520570361081200e-01 -9.192918946212380593e-01 6.286240913054244039e-01 5.560402488315678848e-01 2.220071708150911927e-01 3.411335989025839899e-01 -5.324988158721287723e-01 3.385421895310452567e-01 -3.585804662982125524e-01 -1.207092782220475558e+00
4.048519075838252768e-02 1.530856427738950809e-01 9.830334686293089319e-02 -2.391266717994902924e-01 4.710790146483587182e-02 6.446928452350574323e-01 -2.484664408603140529e-01 8.641288380753400222e-01 -1.899262712160735833e-01 -1.260530593511875741e-01
-4.608159687984358932e-01 -5.381387307416619636e-01 5.533268620223773526e-01 -5.846256723437597280e-01 3.914458864429812834e-01 -3.014459605186588509e-01 -2.489075629421525215e-01 9.232667664502844929e-01 4.614871935920449308e-01 1.793033208350394425e-01
-3.197118211010598759e-02 7.833318012158055899e-01 7.303915916560670130e-02 -1.317771681496223389e-02 3.789478422318857120e-01 1.955425262638762485e-01 -5.532711553757596601e-01 4.524367309519798930e-01 4.539838607096154111e-02 3.024415240009212247e-01
4.754059866054089478e-01 -5.960695743605269881e-01 4.443868892583042740e-01 -1.213420202197677655e+00 8.826549395801650544e-01 1.582473372143753942e-01 -4.000311888229794444e-01 -7.053422084105350764e-01 7.047376952066709555e-01 5.292338417824700159e-01
-1.131096511489944278e+00 2.766226058235124810e-02 8.400598745047486160e-01 8.135428848960557513e-01 -3.438274825586430938e-01 2.706066977645142368e-01 4.562949993422625861e-01 1.589692927669280886e-01 -1.394230914782423544e-02 5.115026161537142846e-01
-1.423394327355434752e-01 4.410143570756488995e-01 1.775003792545777892e-01 5.669402275728866597e-02 5.567202866863060207e-01 7.705169876593558065e-02 4.682880528580826707e-01 -8.168851519163111696e-02 1.516598750745899206e-02 -5.130528093487467939e-02
7.940309131523543007e-01 3.316998975612498457e-01 1.629959667416547298e-01 -5.731412587050315199e-01 -1.642185982997406979e-01 3.052667111706471870e-01 3.523567442923660614e-02 1.135842613606716345e+00 5.942469249255285385e-02 2.264757910145791253e-01
-3.110361661991047910e-01 2.233864035947080162e-01 8.440493646713933540e-01 4.250044549092018009e-01 9.314162230769302830e-01 2.960946627487106575e-01 4.170710213309105630e-01 3.231851437109753977e-01 5.992244442123860759e-01 -1.056982795248794682e+00
1.260871511382810173e+00 -5.676092163391555090e-01 -5.975388642558578933e-01 -5.456411121001045195e-02 9.514692559674153838e-02 1.232811450306407069e-02 -3.729483161507948230e-01 2.554966237090719461e-01 3.283379889997580792e-01 -2.982488985530890591e-01
3.582797988845494719e-01 -8.584089373869014938e-01 -4.094592630101867026e-01 8.536189835452824559e-02 3.639576939524378774e-01 3.032965397606724456e-01 4.716513196981880207e-01 6.143345763945037841e-02 -3.167411295928260206e-01 -3.252993375978794344e-01
-1.468705316253519633e-01 6.030838062788071996e-01 4.695002071353617801e-01 4.682390478910583576e-02 -6.443869098042045440e-01 -1.085980020881352620e-01 5.201860854012882451e-02 -7.267199624556720805e-02 -7.535237381423308678e-01 -5.586425961983405852e-02
2.316386756688809112e-01 -5.913035994283122321e-01 2.603457182027458239e-01 1.212368232089042319e+00 2.961229625885518635e-01 3.183020632369396724e-02 -2.362570129299325916e-01 9.483961942227562281e-01 1.489034780779908695e+00 3.720881787665012430e-01
-6.137828280681294491e-01 -7.090996503331671308e-01 4.180499438643979215e-01 5.468469010454066748e-01 -2.994387973593459207e-01 -3.736921782851359945e-03 -2.297942505541283598e-01 -1.106286899504291377e+00 -1.595825275280421396e-01 -5.029875830016544702e-01
1.408181013501530118e-02 -4.906822199407392393e-01 2.759004689831959234e-01 7.495331973263625984e-03 3.166667969734345833e-01 -5.719690047831840207e-01 3.829909918526439028e-01 5.533989816512591142e-01 2.489914254075721312e-01 8.378115114835236188e-01
6.818059875987089180e-01 5.665398703114338241e-01 -6.101623377695684219e-02 4.511226780060484942e-01 4.248762040711201449e-01 6.115319495774771547e-02 4.735182687954141989e-01 -1.642404796634922282e-01 -7.134013267299502692e-01 3.152048632515807441e-02
2.962847712769053898e-01 9.586839634249006981e-01 9.332105221540086537e-02 1.059402346221484520e-01 1.064617599166555184e-01 -2.518386513779773406e-01 -1.210079350670116571e-01 -3.920073801977962402e-01 3.131034025484701749e-02 -6.334226006981251433e-02
4.579988256635674770e-01 -5.190175178650733301e-01 5.003927276322528428e-01 3.148354229020502992e-01 -7.774888140716359475e-01 5.513259183925464102e-01 3.926683061427733712e-01 -3.556017348729356153e-01 -2.780588574239097333e-01 -2.478344740420108105e-01
8.768080750136031387e-01 2.468641258552740636e-01 5.537171925097768982e-02 2.438669026352846547e-01 3.500022636310649582e-01 -7.305945202019062945e-01 -9.910130422245939652e-01 4.220783845111533150e-01 5.698082134747759625e-02 -7.905457752570025365e-01
4.182932430097468512e-01 -1.110609419873384907e+00 5.987677201815745365e-01 -4.235880632940483004e-01 -4.150866442659336686e-01 5.500561337928992767e-02 -3.038718347017086985e-01 4.849402033315637628e-02 -4.137574536285404947e-01 -5.278125401149729584e-02
-3.797666373789946315e-01 5.044328853443703631e-01 -8.746597688785925917e-02 -4.617934903199627517e-01 -3.686478731465832048e-01 -3.940905105461216251e-02 1.407727200128613410e-01 1.180292723060817200e-01 -9.574177699364888605e-01 7.124293061153219586e-01
-3.532010337315895643e-01 1.406169408518918307e-01 1.612169881890379353e+00 1.791238641697684708e-01 9.877813874994143539e-01 8.931816397991050246e-03 -1.693284920592187104e-01 -8.542795875380527759e-01 4.576896258404981876e-02 3.264904946858059320e-01
-5.640172900378226384e-01 -6.108747238258422918e-01 -6.783247508376073764e-02 -2.642271100845921539e-01 2.660195666783488067e-01 -5.087436393707053250e-01 -1.448271476583870565e-01 4.207566357702260396e-01 1.309060745032734063e-01 9.094936134543948891e-02
5.668254933477120394e-01 6.875775789799787319e-01 -8.230565906939833754e-02 -6.360041878367248547e-01 -3.697630067818806765e-01 1.059609015663749432e+00 5.427643819593626073e-01 1.455168782548343920e-02 -2.194798619488048108e-01 1.138436633262201791e+00
3.186519255540334328e-01 -4.976250023666302646e-01 -6.069008060994176557e-01 -3.971279524054077692e-01 -5.632861482411759962e-02 3.621079962370759575e-01 -6.375313518486318276e-02 2.672637594688581086e-01 3.687965942115850049e-01 -4.527280787324461375e-01
3.677856928317977392e-01 -6.396492396728240548e-01 -5.416149529003726898e-02 3.813153092740914074e-01 -2.647679418708497878e-01 2.218713936103084705e-01 -7.127660232579585697e-02 -9.293203302521431119e-01 -1.640270878977989899e-01 1.048988037894857506e+00
-6.789212383598555167e-01 2.135101371299944484e-01 -1.702945644831288519e-01 -2.099916967688420510e-01 1.009957116428340101e-01 -4.876882264621333896e-01 4.044456003447277626e-01 -4.228415760887843100e-01 -8.476900649122097731e-01 -4.169672123826774213e-01
-1.229124226858881452e-01 -5.390453220458066852e-01 1.171008451619208468e-01 -1.942266139609494513e-01 1.597274624736448254e-02 1.942040354392912116e-01 -3.554393100233638747e-01 -1.141606837931514740e+00 -1.550349645411673027e-01 2.845942613432914658e-01
4.986442112100170077e-01 -1.386069669791727688e-01 -4.593942363076435331e-01 -4.312033033029709639e-01 4.046388626545793787e-01 -2.376618452222338806e-01 5.454558689996946708e-01 -6.650371939274919708e-02 2.762894275474516159e-01 6.852004191845104120e-02
-5.322708989557767278e-01 -5.430910890542367531e-01 4.699064409349019700e-01 1.156172207238310712e+00 5.904488683034895269e-01 -2.649319599778300338e-01 9.196461828825360785e-01 4.249609897838655947e-01 -4.331858706693948458e-01 8.814569631342109579e-01
-1.251993369245582022e-01 1.100266736167103410e-01 -1.783225030643247611e-01 -1.662318923227703305e-01 8.399219517263021295e-01 -5.675435239868305004e-01 6.468432033147074600e-01 6.520027947268777213e-01 -1.984085400251370535e-01 -5.923470657680532936e-01
5.302253639811795871e-01 -1.706150252751805485e-01 -3.124122152868511471e-01 1.194997790951176919e-01 5.086067602226963524e-01 9.061247364790382397e-01 -3.002152626298233429e-01 -8.865903483452142186e-01 -3.518374796165116281e-01 -3.400147271306075414e-01
-2.763158672471220934e-01 1.813164933300546733e-01 4.615409491099535244e-01 4.253113824285376099e-01 -2.539124384610924601e-01 1.663513441831135364e-01 7.284584856468781511e-02 -7.484609400352984629e-04 -7.856841670614419515e-01 4.960429059378582139e-02
4.895041943386835293e-01 -1.937425647147914681e-02 -1.663545957556049060e-01 -4.498403460376883545e-01 3.715752372096667866e-01 -3.718681543382770238e-01 -3.499960392854297719e-01 7.644401910316832582e-01 1.669800420860817203e-01 -1.445317737811682990e-01
3.339883723051058628e-01 -4.264164525520918181e-01 -2.759125537672497269e-02 6.439241561204509523e-01 -6.713678945348486860e-01 -5.473401391794086024e-01 2.512012115967460768e-01 2.110734793438216461e-01 -2.215182373049512932e-01 5.158304049994334450e-01
2.997130524946059471e-01 -5.427944746193588132e-01 8.377453638104404021e-02 -1.219418891409639605e-01 -3.673267141857916029e-01 -2.643563470130157467e-01 -2.794769464374776136e-01 -4.114378648993817500e-02 4.505404978546954098e-01 -2.884056103852188357e-01
3.039537469242011292e-01 3.418653777536656557e-01 4.161162451973983156e-01 4.912636237162722463e-01 5.523178256106608258e-03 -7.003591251041213495e-01 9.353106282819845241e-01 2.136319720981285364e-01 -5.361121183576004201e-01 8.608569161535335468e-01
-3.084933879487508079e-01 1.755853392798254475e-01 -7.443218778149418569e-01 -6.584893704651790802e-01 5.083801200385724695e-01 -3.007885829117847853e-01 -2.361017004826026222e-01 -4.469245282879397152e-02 -9.748876232993142210e-02 2.193021452729820575e-01
-1.167470573087842078e-01 1.011803141805065753e-01 -4.930378597948855135e-01 -7.916431707583908572e-01 -5.158306142719020215e-01 4.832595966164303647e-01 2.582540440300699625e-01 1.125802351038419857e+00 -4.338151886416717895e-01 8.040377646248242360e-01
4.134752689340605580e-01 3.817191682224443383e-01 -2.138434219450851825e-01 -9.863862120153017721e-02 -4.699268284131328383e-02 6.344773210849267153e-01 5.810901807176892531e-01 -4.431356367180213085e-01 -8.744808306913978146e-01 -5.713499608076970659e-01
-6.161700954018001219e-01 5.880920245578107747e-03 -1.225667119949912065e+00 1.141491444073630790e+00 9.101211803555678270e-03 -4.420835634697881100e-01 -5.747220208186903934e-01 -8.630755860866574647e-01 -1.219021561601156822e+00 -8.253348067105820141e-01
4.318003398887864525e-03 -3.210441401924707949e-01 6.840605387860677622e-01 -1.009672171216799696e-01 1.911925405823325097e-01 -3.524874434016340152e-01 1.806373931670008093e-01 2.807358826987654821e-01 -6.834130046889862475e-01 6.148182747393003966e-01
-5.099922081743196722e-01 -2.205936144490606710e-01 -5.345497220182339193e-01 -2.840612169247574981e-01 1.115312681084796725e-01 2.506479449252993486e-01 -5.485871038062594129e-01 -6.211330675709850757e-01 -3.658292618138270225e-01 -1.401525059659608219e-01
-1.443477658201161029e-01 1.263112296326093231e+00 -1.942697431172675793e-01 -3.987229105557247300e-01 -2.086728448140592052e-01 -6.189559997792705159e-01 -7.436405109484072185e-01 3.793469217824322337e-01 -3.841989529246732649e-01 2.273555428579707993e-01
-9.401471458759909083e-01 1.856410684793837751e-01 3.256326129364057187e-01 9.568028789669769107e-02 -2.796227692998751735e-01 3.179968278485984512e-01 -4.353701975712082617e-01 -2.461419107350222568e-01 -9.045260104003623181e-02 6.517726574610221979e-02
5.538761527212878732e-01 -3.866966698307842121e-01 -1.862341094799654651e-01 9.626024121124109323e-01 2.805783397164350323e-01 -8.119508238523960308e-01 7.398999172223743592e-01 1.804344880933999862e-01 -8.064254234098672258e-01 -2.985419663697755355e-01
-1.273505554058185218e-01 3.851064464366139584e-01 1.108249577484563542e-01 -3.100876519276653531e-01 -7.139328120156583912e-01 -2.818390446698435525e-01 3.755358091979411617e-01 -7.180065087079429142e-02 -9.466849353320317961e-01 3.402515567626712700e-01
-5.377285145860911664e-01 1.261851210887118824e-01 4.808343628174901324e-02 3.761349879601909307e-02 7.142515766605030958e-01 1.223776209730925192e-02 -3.864897303823993518e-02 4.852759958504088700e-01 2.816427080825454898e-01 -4.074223627426914462e-01
-3.552191088220034154e-01 3.731451538550943359e-01 -2.730226777102328084e-01 -1.400472792683341364e-02 -2.985905347860145498e-01 2.935954799633372914e-01 -1.352420979437912174e-01 6.985608191250682053e-02 -1.097730509461182669e+00 4.322427258660168636e-01
1.076829409856058017e+00 4.163249172456269243e-01 -9.227257691255878747e-02 -2.527098893416768743e-01 6.552429491331673850e-01 -2.625947456148834958e-01 -4.368162115017206748e-01 1.172986477263462946e-01 5.479528226324907880e-01 3.119308536564874279e-01
7.007769476133430819e-01 3.155626773080134617e-01 -9.950264297436076100e-02 -5.272218644862919357e-01 8.471134256683952035e-01 5.042462982573248098e-01 2.260442753388418047e-01 2.620425378394303784e-01 -3.959523659078515584e-02 4.056671160754613537e-01
-5.221557071726564692e-01 -5.392880586948231580e-02 3.861549217299001802e-01 8.600032019451173682e-01 5.756571717477296790e-01 5.219583876549676038e-01 2.960653711152472223e-01 -3.373347177872403901e-01 1.479970085715373307e-01 -3.571909650147577220e-01
-4.657838713606303194e-01 -2.114712243282510507e-01 7.002503180661381332e-01 2.845641228557406754e-01 -2.681504279695639537e-01 -2.479011674675169752e-01 1.015573887828226107e+00 5.340826760036466725e-01 8.231662008116217288e-01 2.915083334232662637e-01
-5.948935711810911242e-02 6.850081581673778119e-02 -2.482412361744681384e-01 -2.786617911124666391e-01 -1.800147512489797819e-01 -7.108885299153273885e-02 2.642275329684852861e-02 -4.186887519448801998e-01 -5.523987950045985418e-01 5.899032613820375248e-01
-6.996837237749368166e-01 -2.493482457378567718e-01 1.429364653079621683e-01 -5.541841731168942881e-02 -6.278453123033336802e-02 -4.561067618626273856e-01 -1.487969783125130396e-01 4.791718265563018053e-01 -1.062198317578881612e+00 -8.966930822673102597e-02
2.952695546310895591e-01 -2.264398811254847432e-01 1.797176648752180361e-01 -1.205565264311818208e+00 -1.331835629513547781e-01 3.769109569519674685e-01 5.032312450783891222e-01 9.323706321037278366e-02 -1.238175841710061759e-01 -3.734901214044344248e-02
-7.062647850643963832e-01 1.303621746599885056e-01 -1.008119490983177435e+00 2.176232656726774795e-01 6.533734356521014863e-01 7.388885611871179870e-01 -3.673452410528206813e-01 -2.641847928622744757e-01 1.511481680931215932e-01 6.445304367483417618e-01
-5.739522585751241079e-01 2.667357477776673980e-01 3.083545837697267977e-01 -5.510420011393338813e-01 -1.491970572693152031e-01 1.998669018309709167e-01 -2.234246732045050421e-01 -7.353703156645071681e-01 -5.189483454284676833e-01 -8.442998882682595241e-01
4.638998463270884165e-01 -5.207965324957479769e-01 -2.010372842338030153e-01 -1.665048178242240218e-01 -4.933476565400332636e-01 2.228487300975043606e-01 -4.819741650533139743e-01 -2.475174323722411154e-02 -8.641547338600887029e-02 4.959664065949067613e-01
1.651440404050285582e-01 1.910319586536405601e-01 -3.561184490449386675e-01 2.478682527653431333e-01 4.272340859971551774e-01 1.102819032146089562e+00 -6.518832190457019005e-02 4.158878087971778353e-02 -4.361423495201551814e-01 -1.123185307407827294e+00
-4.335745985007770642e-01 -9.213226332158175325e-01 -4.877021515105335325e-01 -1.356442497918262380e-01 -6.492281731854981919e-01 -8.340079294613102212e-02 2.052858962733487003e-01 5.656269633133546026e-01 -1.072174078744081022e-01 -2.114111850225728895e-01
1.466341650217354853e-01 2.442866497124222547e-01 1.995663504785390729e-01 5.673432239432030233e-01 -1.868486716502014552e-03 6.979859496945618469e-01 2.565533611965581939e-01 -1.115643539238974635e-01 9.296089240722420488e-01 1.433781432454229177e-01
4.801982519803190130e-01 8.392873278491668199e-01 -1.140126962847576864e-01 5.769242759563770750e-01 7.046506195005769468e-01 -4.312105235722982211e-01 1.807084735615573923e-01 1.191548842439297956e-01 1.167456731711531970e-01 6.874380524046609375e-01
5.900473490089281903e-01 -3.601138668422652622e-01 -8.970357517085540688e-02 2.119664605455591211e-01 8.617609345602700310e-01 -5.867098001866210000e-01 -3.783069704553185808e-01 -1.034343076282247531e-01 -1.073125689990803988e-01 8.283618443116154140e-01
1.400025000976547473e-01 -8.590890013251293311e-01 4.242363338752807023e-01 -1.430539920296105993e+00 -5.417817475398386540e-01 5.090705662359690242e-01 -6.880402666669334089e-01 -8.048038122301632777e-03 1.058189879785273790e+00 5.754209571036480453e-01
-2.808742094057701810e-01 -4.969056852493567988e-01 9.131490644045010541e-01 5.955622161842106799e-01 -3.298093229039952279e-01 -5.662384935618464815e-02 5.406140312182216023e-01 1.191844634206672415e-01 1.151134917159507554e-01 7.744645340037767389e-02
2.738581468119684614e-01 -4.758481891348958492e-01 2.695711433926066825e-01 7.313673806254668008e-01 -4.467550393150463567e-02 2.643098782207752850e-01 4.578867570948643162e-01 2.485082100943219463e-01 -3.589979623235803330e-01 -7.216917608736815870e-01
6.666593595561461083e-02 1.551878114400061237e-01 -1.154874157038490723e-01 -8.026838124589477097e-01 4.817206356881280627e-01 -9.848032270258791909e-01 6.018170828686170148e-01 -2.994367018298228489e-01 6.338677954082857502e-01 -7.034219280181770555e-03
