7.445347541414343295e-02 1.056389674519252198e-01 1.191390925531807254e-01 9.408464922340677161e-02 9.192191564263645087e-02 9.053610428772840280e-02 1.307685966064612570e-01 1.346360550770363262e-01 7.394492105012132055e-02 2.002737299109030311e-01
7.070645221503238376e-02 1.204471073382558377e-01 1.060736171332336275e-01 8.526556677320210054e-02 1.763454132180533596e-01 8.347959532755119816e-02 1.026108527020677119e-01 9.770431682792914130e-02 9.955022250034978315e-02 1.549428114774091259e-01
1.284490010559137252e-01 1.003720839902808165e-01 7.411476410435789697e-02 1.856515240123753352e-01 1.014693491226230371e-01 1.141327050002447496e-01 8.810178407314786519e-02 1.065931853531663642e-01 1.078911146563684004e-01 8.567566417612872132e-02
1.144755810478440133e-01 9.743901019782130746e-02 1.324094870165248850e-01 7.957969725904651126e-02 1.244444908006417799e-01 1.384293825776933273e-01 8.079742630825637040e-02 1.169830376226965035e-01 8.789001547883285026e-02 1.001054496725069382e-01
1.029903949137352948e-01 1.276071101475863834e-01 1.124935541131984879e-01 1.175761986435561457e-01 6.617417540780498597e-02 1.351812205278141721e-01 7.900119428076840533e-02 1.520845980382587725e-01 6.947395996235253279e-02 1.559936762498795870e-01
1.268348005569378267e-01 1.153967801479871685e-01 1.281337201864342079e-01 7.959815201473444124e-02 1.259107535881435203e-01 7.827005759517420558e-02 1.430855442251218190e-01 1.048820321672133266e-01 1.172934322031533305e-01 6.892429282043982530e-02
1.343081167506566254e-01 1.238410287999334863e-01 8.598275931390698956e-02 1.617547740532339628e-01 8.377371481378177720e-02 1.223196866456313786e-01 1.002067194404235168e-01 1.195070961729019776e-01 7.672496102844264532e-02 8.776029642467560177e-02
9.783075707380062269e-02 8.963230112842245079e-02 9.769785062284110089e-02 1.076139613427999908e-01 1.231121942861094498e-01 1.337319975210443934e-01 9.871300646036655635e-02 8.435254638251696302e-02 1.112680722474251732e-01 1.241591017352362686e-01
8.294775522638615783e-02 1.098531416440387265e-01 1.642131361905872500e-01 9.237549246266840708e-02 9.051324655719623913e-02 1.112476504035031233e-01 1.118638545556949609e-01 7.298644164728856909e-02 1.509846778740228102e-01 1.057106199903163901e-01
1.368721853868627714e-01 8.386711173438192446e-02 1.111991489412792605e-01 1.330143062214226846e-01 1.026605828874768561e-01 9.728610189319730761e-02 1.316250816287037051e-01 6.853542276874872996e-02 1.194646633650578715e-01 9.652886341389081692e-02
9.288486521878841495e-02 1.529865879712695442e-01 1.052039178343089632e-01 8.302064154940558272e-02 1.327446245113208800e-01 9.395441591677000659e-02 8.022475162329482934e-02 1.244352603060138451e-01 1.136171734797218474e-01 9.933596126762160583e-02
1.169624267994076455e-01 9.980345740914763064e-02 1.111777324574905329e-01 8.037689015780091761e-02 9.445043113192214124e-02 1.240807202027722211e-01 9.838565499268835113e-02 1.091343028076553340e-01 1.248890025635156914e-01 1.091447331829530631e-01
1.183808960746891709e-01 1.034758975356689648e-01 9.537128697304467217e-02 9.521387515974043259e-02 1.227808109695221889e-01 1.195431750896888828e-01 6.809168068117503470e-02 9.708686405174095368e-02 1.400765845508956664e-01 1.362967889783904263e-01
9.491170846740371037e-02 1.143135174041608748e-01 1.040080516907838648e-01 6.837255404029191075e-02 1.386272441499289687e-01 1.575806799809369996e-01 1.013429583639339771e-01 1.199291789713837902e-01 9.585208717660337330e-02 1.006798584569500166e-01
9.550564145749139422e-02 1.996785013514221496e-01 6.048886157634177085e-02 1.557842595973861488e-01 7.889880032257673426e-02 1.124149599861561516e-01 1.322043104025462379e-01 7.981323835144708834e-02 1.105488304474058214e-01 9.993991356653758595e-02
1.382225084959035621e-01 8.373265179522977608e-02 9.232260156006258378e-02 1.170399117042114356e-01 1.095468986008730911e-01 1.315910598845796975e-01 6.257745410452632273e-02 1.794909869664036151e-01 7.154550498739296882e-02 1.270542611760666629e-01
1.336676102297835456e-01 1.293272228652155020e-01 5.126109630618416735e-02 1.459699098975747733e-01 1.549682395613400654e-01 8.279745504726201966e-02 1.131536581281985809e-01 1.099322888953812583e-01 7.819625052348440353e-02 1.332033256725719261e-01
9.477375360548900840e-02 1.227409744097615329e-01 1.223946694809630031e-01 6.924669095182858780e-02 1.138885260030871316e-01 1.057249030206466878e-01 1.238324664890235183e-01 1.025159853925234760e-01 1.018465497823713151e-01 1.102089480050787024e-01
1.229611180358138045e-01 1.215714927930989231e-01 9.843860742681061204e-02 1.083205346248717199e-01 9.693221872801936756e-02 9.683472697611943125e-02 1.144720083832759389e-01 1.112842081576043418e-01 9.633665707284100321e-02 8.673462629300456028e-02
1.397003156443324123e-01 8.033743619851568818e-02 1.187904867815652021e-01 1.054826913564409080e-01 9.163648293395337818e-02 9.592981377172185575e-02 9.796781522599649905e-02 1.239742515242755055e-01 9.979147589927997442e-02 1.140468102768265601e-01
6.377772263728821722e-02 1.341470169133575363e-01 1.174560526338871147e-01 1.059816199864074132e-01 8.391007829632479709e-02 1.067127785748220314e-01 1.642635354452482987e-01 9.651947585652108363e-02 7.949320356840744450e-02 1.565440679415346370e-01
7.268445478004111060e-02 1.044549361270644822e-01 1.323664089266818888e-01 7.972803321680085875e-02 1.250251312279952176e-01 7.889965624456471427e-02 1.172976778802838904e-01 1.324984800856270073e-01 9.506078570452315690e-02 1.532093076307445567e-01
1.484899879183231852e-01 7.351701027909264552e-02 1.529455054229358901e-01 8.434963865637795655e-02 1.053880771047049775e-01 1.008860907242202509e-01 1.011739707430819868e-01 8.592889597926080258e-02 1.599532214965740107e-01 8.498822539564759859e-02
7.499390473055267403e-02 1.141615868998660244e-01 1.018688920802964942e-01 1.128132020535137225e-01 1.210534046066316927e-01 1.104200404156419346e-01 7.903173118885524484e-02 1.072902208665952872e-01 1.251864569595662890e-01 1.221622037018920554e-01
9.472073072079414957e-02 8.052909692537264796e-02 1.619660722893226101e-01 1.010090603693244854e-01 7.777275388760143682e-02 1.173792272861078345e-01 1.219465715409734363e-01 8.291336883390600099e-02 1.096850341669023676e-01 1.394871032007942713e-01
8.507792374282067971e-02 1.821972838153851637e-01 6.627832299953427542e-02 1.354815514345257821e-01 8.251942513936411094e-02 1.782946383594714301e-01 1.137639803264043487e-01 1.181708816113626187e-01 9.965943941384322602e-02 8.175485553904526803e-02
7.490005283864170638e-02 9.670421095345033136e-02 1.841657708767674706e-01 7.397817217848899618e-02 1.419421529314230379e-01 6.892091046807746757e-02 1.583999788469234449e-01 1.038095792677389551e-01 9.619143617418235426e-02 1.250541493563241957e-01
8.665625435165560941e-02 8.426991597101562981e-02 1.307062049550731520e-01 1.099142906863584263e-01 9.710090814557678640e-02 1.046826548146619629e-01 1.132551191487748687e-01 1.412659160613808917e-01 1.002258060416005014e-01 1.065083211667686991e-01
1.038596942494617592e-01 7.868998607127285216e-02 1.484584783081557835e-01 8.709326703017279681e-02 1.184066244091925013e-01 1.153622424181733747e-01 1.213479092236623008e-01 8.143270095705998357e-02 9.550871295894164392e-02 1.256368390731883999e-01
8.259480106111946607e-02 9.836419339739400913e-02 8.645031167883657219e-02 1.971671017939543025e-01 7.330684073189450145e-02 1.029723509794852471e-01 1.302714335651631861e-01 1.337816287223858591e-01 1.104678619997254141e-01 1.042911445871436832e-01
1.637362272259377804e-01 1.200592153709463122e-01 1.242549362555678133e-01 5.764418211829543809e-02 1.317593648202625423e-01 8.255536628370918617e-02 1.146595836170748173e-01 1.437162498822949219e-01 9.178647593652955461e-02 1.050348496115657976e-01
1.266546129417195909e-01 8.019717528349996905e-02 1.041872322602755696e-01 1.536616328733881598e-01 1.167863713601774850e-01 9.595899293679230335e-02 8.834493971597479067e-02 1.212605773246195756e-01 1.214781617313218237e-01 7.695056164506741680e-02
1.105172374227886972e-01 1.724354571049983575e-01 7.409874936970878290e-02 8.654515798471046351e-02 1.047739180773497314e-01 8.678466276349246222e-02 1.447097940303271324e-01 7.856807497148225738e-02 1.146534615763462328e-01 1.679416544514059917e-01
1.057523453530520158e-01 9.978708734229441157e-02 1.016765128136443569e-01 1.224956409836676086e-01 1.121243507184267185e-01 7.809195828671254558e-02 1.448557398843915156e-01 6.841116879817235596e-02 1.310821891564057373e-01 1.129012442198857047e-01
1.307252220346940275e-01 1.407176949454612969e-01 7.134306918902860728e-02 1.538165199547981976e-01 8.052066290889346722e-02 1.276971415795764841e-01 1.347458419615280012e-01 7.143712370798070699e-02 9.716296769191069826e-02 1.014253214916391033e-01
1.268294038178960914e-01 7.584812092576267983e-02 1.169747930995428814e-01 1.157089440130396607e-01 9.302099643649035243e-02 9.780328998796725126e-02 1.528540055474597592e-01 8.300417442160297476e-02 1.160365594156035213e-01 9.525876427008095337e-02
8.693718412228892967e-02 1.624664261636431517e-01 7.328812770111452213e-02 2.269965103935432382e-01 6.090195515752955258e-02 1.048228016206391722e-01 1.255287927101978451e-01 1.656029195932003650e-01 7.552802208569799058e-02 9.503444477556520498e-02
2.063810284292890151e-01 1.140288242925260875e-01 8.103937128722872585e-02 7.881802102101878593e-02 1.513761013191337046e-01 1.000218984084923629e-01 9.351703534426664133e-02 1.058854935675466041e-01 1.179659932232880459e-01 7.639315564472255737e-02
1.207578945207641447e-01 8.836811390643306563e-02 1.057474136034857598e-01 1.161641081775285356e-01 8.552826894575984995e-02 1.180277941709390183e-01 8.714113587177876874e-02 1.192614362229777042e-01 1.055140329471737221e-01 1.092527113476473716e-01
8.210735250371772875e-02 1.062907499573750858e-01 1.019618582462335638e-01 1.470257532962420954e-01 1.191367630299862840e-01 9.552969942401734471e-02 1.311608443537451985e-01 6.634305010797267310e-02 1.300994811643145788e-01 1.132739007926951980e-01
1.265694227907828706e-01 1.114366178726817480e-01 8.150811549991392180e-02 1.150345161576976916e-01 8.024341338622133224e-02 1.183111932965484475e-01 1.001390955236950153e-01 1.079995236229771283e-01 7.864631110594398622e-02 2.023370389451622786e-01
5.227075295515881681e-02 1.625237191206581611e-01 1.350431647428358140e-01 1.033524294469761184e-01 9.838860390012589552e-02 1.019599598101659788e-01 1.303065948649692052e-01 9.455268374250981600e-02 9.130903658996063210e-02 1.470385543415299312e-01
7.582877234001694777e-02 1.569322186784389839e-01 1.193468375438569151e-01 1.019338966310626010e-01 9.277086546716536986e-02 1.012385068017862544e-01 8.821606999227456225e-02 1.063770284621994994e-01 1.189435565636327435e-01 1.211887056719436889e-01
1.214480080946380713e-01 8.138476030995007993e-02 9.040679482030102021e-02 1.032175047635122273e-01 1.422914562253750070e-01 1.016801769246654663e-01 9.718325151437462450e-02 9.815965128895243197e-02 1.466437199820148085e-01 9.795558958947567230e-02
1.079719046732114246e-01 1.704988945577562143e-01 1.165865438996035036e-01 6.845944580377449906e-02 1.177085203169272176e-01 1.212845716435161925e-01 1.556503686235296280e-01 8.818604352047675066e-02 6.577921100901602813e-02 1.257114288525691681e-01
1.166426419323853825e-01 1.427722762205946294e-01 8.119560444276850697e-02 7.807819783305453010e-02 1.249883420845786935e-01 9.484842856630407160e-02 1.000742228767531605e-01 1.590505687733105022e-01 8.748846886435408809e-02 1.135024892441647143e-01
1.174991957262242065e-01 1.440683248236105107e-01 9.028878815647682632e-02 1.141657495085738883e-01 8.816395699581155987e-02 1.563420001018679950e-01 9.313119695099525419e-02 9.140168782348732923e-02 1.143264499197230027e-01 7.654491970473323303e-02
8.476300865960603725e-02 9.072417025235722521e-02 1.291308477276021938e-01 9.389508917784447628e-02 9.589935793885960569e-02 1.171927863265162378e-01 8.598139336660960697e-02 1.176935742581145528e-01 1.539137838422511284e-01 1.113898627451514051e-01
1.058272600968208077e-01 7.204579944561662064e-02 1.193225206384481429e-01 1.058683076066013057e-01 1.005224352892719608e-01 1.188520849499059145e-01 1.040314195645392070e-01 1.259723850890767105e-01 1.005924396061739501e-01 1.164671064352323787e-01
7.762445625858406528e-02 1.502063846841095451e-01 8.184000600750258869e-02 9.033289578899229844e-02 1.706365770588220698e-01 7.860373667930770081e-02 8.893037206746086387e-02 1.278039355123962162e-01 1.128810703462366505e-01 1.211458058078277306e-01
6.653965250191645753e-02 1.052872124311227814e-01 1.101852007824159485e-01 9.785292671982293022e-02 8.495274001360540728e-02 1.455026387307034874e-01 1.671085883495337099e-01 7.778427761168570098e-02 9.828748756902198902e-02 1.757643708395991433e-01
7.375798641752767670e-02 1.938173581986158966e-01 6.447049032835684701e-02 1.277019581079318622e-01 1.183428306544202779e-01 9.103536229009111247e-02 1.167967097504405555e-01 9.165761687572163141e-02 1.228483262703770340e-01 1.044616420878217433e-01
1.424512237232425371e-01 7.678565845547355440e-02 1.096643060389911467e-01 1.223483664812512473e-01 1.174202908497419401e-01 1.011107662249109140e-01 9.723247692882942828e-02 9.086665224154692744e-02 1.836001808725572504e-01 6.405757543092135964e-02
1.437117878106377311e-01 1.320514156590184840e-01 5.398080092649060885e-02 1.427490847253257422e-01 7.297919894234747296e-02 1.295267585191273163e-01 1.147304013591071287e-01 1.706291202110918337e-01 1.037869173666569333e-01 9.402731014852523661e-02
1.270311710300074393e-01 1.268608717616528381e-01 9.441400787712900255e-02 1.162413525097280298e-01 8.210224738017000978e-02 1.329081387114023349e-01 1.108221760783981297e-01 8.412760094894401741e-02 1.013780044429132693e-01 9.411563044247638066e-02
1.058743705628638065e-01 8.741332549643651695e-02 1.237636485876201786e-01 1.513006838979221724e-01 1.523511823974932344e-01 6.809187077829674528e-02 9.826017438761840139e-02 1.211842079088736729e-01 1.521620442862754718e-01 6.916109583972882002e-02
7.922937982719246985e-02 1.272334371134397624e-01 1.239742957613836349e-01 1.160176468522101517e-01 1.061978039381957367e-01 8.624673408141199371e-02 1.156470611867860265e-01 9.559434163088727232e-02 8.622589226961861752e-02 1.388325062985681646e-01
9.486571580256020209e-02 1.527833792139101643e-01 1.079305830784448306e-01 8.466057426303326416e-02 1.261570982530795249e-01 9.014388693187203039e-02 1.026046878791525424e-01 1.642373418702009202e-01 1.251347298786827378e-01 6.442971599862366838e-02
1.332611232209401364e-01 8.094361061004987090e-02 1.071183989096709116e-01 1.096102905961153090e-01 8.854513612854091054e-02 1.323713034238266639e-01 7.335556416493543841e-02 1.172043862972819844e-01 1.344179319674393414e-01 1.017004087177016819e-01
1.037300660319967482e-01 1.309118013750526777e-01 8.821930742648090296e-02 1.122465225928225702e-01 9.898583407691485814e-02 8.773405400715181268e-02 1.099902697640644522e-01 1.652001750029654936e-01 9.978650209635979429e-02 8.379715208250930469e-02
8.251906687010129859e-02 1.155958180809642660e-01 1.240659074694740183e-01 1.311981861644084257e-01 8.063999235658952935e-02 1.323866128090394334e-01 7.967681522391507898e-02 1.219953386492749620e-01 9.439966022154991365e-02 1.130168452280789354e-01
1.586132458328417261e-01 1.545338504647872924e-01 1.013850209022940513e-01 7.304567163118923234e-02 9.908308056774740857e-02 1.561683202708895324e-01 7.533453888301167023e-02 9.901121180938750321e-02 1.598097018734739028e-01 6.646784211146956889e-02
1.061612156710435018e-01 9.683489808501909157e-02 1.147494972910188954e-01 1.273857347109786375e-01 6.677756118297305254e-02 1.689500851660234171e-01 8.030248544002868694e-02 8.283997589253783156e-02 1.223212620908755988e-01 1.378827201995379836e-01
7.557454815669319148e-02 1.171726352581188013e-01 1.239565922745093085e-01 1.057000917940167373e-01 9.262911775955519345e-02 7.015141607295091730e-02 1.316502389257210026e-01 1.537595093430376703e-01 1.099505728130571180e-01 1.258049798389352936e-01
1.235648169911716110e-01 9.984899009583263207e-02 9.136785443170453158e-02 8.947564656657533422e-02 1.294179076006403972e-01 9.538023658281778727e-02 1.027651933895078196e-01 9.675549726360485603e-02 1.526281025029874727e-01 9.115412226057977019e-02
8.254588267976727123e-02 1.113945694858940738e-01 1.087635789838533595e-01 1.327871477569810277e-01 8.014810173284320216e-02 1.275262657716407788e-01 1.345379875592441210e-01 7.267554856682015285e-02 1.058936971931754845e-01 1.238753705672820671e-01
9.269327266214431871e-02 1.352811909226668552e-01 1.093802642480406623e-01 7.095067890981224257e-02 1.502189970163703980e-01 1.329502026184357366e-01 9.045125981741364285e-02 9.516327319806311413e-02 1.283719176260909312e-01 8.406040699124794902e-02
8.160134597026336145e-02 1.387267522364587780e-01 9.048592091916012048e-02 1.040742406310422169e-01 1.147343772335550488e-01 1.076282875680656254e-01 1.126031757178697634e-01 1.072260455652430250e-01 7.968314722150414420e-02 1.286061791373615537e-01
1.109316141942788408e-01 1.040831396380830082e-01 1.005084817580840229e-01 9.302342438035982042e-02 1.125052961406550617e-01 1.758306555124793946e-01 6.747288659074213157e-02 1.063101718168460302e-01 1.653371459618592498e-01 7.345599010550200869e-02
1.217030613405401113e-01 8.293395956639565414e-02 1.390974013337096804e-01 1.381807968426425892e-01 7.081524609766171041e-02 1.193499461704602693e-01 1.097363494766662451e-01 1.003043680924351339e-01 1.082566214732128690e-01 8.731095491518563179e-02
1.289111104131694940e-01 9.510445442791719273e-02 1.296002666584210317e-01 1.419105611923770216e-01 1.403808282667791674e-01 8.455830226191403398e-02 1.162887693887169061e-01 6.275637719142508619e-02 1.711524342090740003e-01 7.025137592177461976e-02
8.396190507242240475e-02 8.832265029858120398e-02 1.216430757298771898e-01 1.095029191527174955e-01 1.171472632909276446e-01 8.204238392226269327e-02 8.201368912471032613e-02 1.324983218327804024e-01 1.469091177323380848e-01 1.353573828446196781e-01
1.232206434968961539e-01 8.082011866219276919e-02 2.147718800066814315e-01 4.715502395190094426e-02 1.032889480149353501e-01 1.148657494472693497e-01 1.107706977360902317e-01 1.192427726086253137e-01 1.438889843784586231e-01 1.150683806020380978e-01
1.106029462219148274e-01 1.355177859706332977e-01 7.359200638261412242e-02 1.231335243885860742e-01 9.305385195915295837e-02 1.308858886616164618e-01 9.650820999732638572e-02 8.859835966940290963e-02 1.626430737645791769e-01 7.412314556304852586e-02
1.179381241760285026e-01 9.607370905801985994e-02 1.196746653559121326e-01 1.083716306138912122e-01 9.263559001388438352e-02 8.285957747167228826e-02 1.246067582599244411e-01 1.188166488101509155e-01 1.060220896112210459e-01 9.289080815772204902e-02
1.376040949302475280e-01 5.474505873672626949e-02 1.336662676321472287e-01 1.223677060170926950e-01 1.043004250717438353e-01 1.249700937112899618e-01 1.470140028607657967e-01 7.576901238377345416e-02 1.355776539412562043e-01 9.083332746880008746e-02
1.663856808876453264e-01 8.949536123873437499e-02 9.084157741230365624e-02 9.941572161246564621e-02 1.237967614993085719e-01 8.135980371835757619e-02 1.276520630850863092e-01 1.075459558774190943e-01 1.037364581260701302e-01 8.844034174476403387e-02
7.523619567816494658e-02 1.350199919280263838e-01 1.287426760840526818e-01 6.852054925177974987e-02 9.909227697009198588e-02 1.799756769713123095e-01 6.954772969163447449e-02 9.846008771837760909e-02 1.559018203783990864e-01 1.219797005122778277e-01
1.183505244928453048e-01 8.472633995268863405e-02 9.844095748236461607e-02 1.125537286773209411e-01 1.355491430081607052e-01 1.124367730888382461e-01 8.101473944931245064e-02 1.006139555099298116e-01 1.682137489114959306e-01 7.845815572416656170e-02
1.338235337454259377e-01 9.510268825434380069e-02 1.059607655169519796e-01 1.153127549353213793e-01 7.731125560181399681e-02 1.174945642597757800e-01 1.172110425327897859e-01 8.698195020932122934e-02 9.429973650375235439e-02 1.276990571367638272e-01
1.329783149063096248e-01 7.971053645341619198e-02 1.229258075845934134e-01 9.728118414969898209e-02 1.233792744360590193e-01 8.412339208238520105e-02 1.142381034747808333e-01 8.781387461023303087e-02 1.858772165990948688e-01 7.129078898518780016e-02
7.294254309867395647e-02 1.060101399230125585e-01 1.218210542423600745e-01 1.340377399453907548e-01 7.515011377750517585e-02 1.294336748705728068e-01 1.351575607388683653e-01 1.094543515712286391e-01 9.092595966276686981e-02 1.178273466763963412e-01
8.604332805044900834e-02 1.039345292887346867e-01 1.180468048227181904e-01 1.614481593620041844e-01 7.476341113699359886e-02 9.825328207880280884e-02 1.100546874263407110e-01 1.021477824022626879e-01 1.238351144383842695e-01 1.005214191191985268e-01
1.351163816084902103e-01 1.140550993686968440e-01 1.032036842526493359e-01 8.275829790496486149e-02 9.985570462202049413e-02 9.692330421212522196e-02 9.977491663155933777e-02 1.351886109433209360e-01 9.320045421649900130e-02 1.236967822782688159e-01
1.449656034907391977e-01 1.305707397324328278e-01 7.889123139234210935e-02 1.021429624508612688e-01 1.308323735471112192e-01 1.461893317437389928e-01 7.253650224417494685e-02 1.075188052846708237e-01 8.412482654811895277e-02 1.052755773621521229e-01
1.129743114938391579e-01 9.602657168187436754e-02 1.126231474189712256e-01 1.104353414383360127e-01 1.061627676401843273e-01 1.017666197132956751e-01 9.493825772961941856e-02 1.184607776939078927e-01 1.390486844556893531e-01 7.216481707860801509e-02
1.340630166786492272e-01 1.061798739000792413e-01 9.001376892802247232e-02 1.028557472914675419e-01 9.859566537691920318e-02 1.216990935678799873e-01 1.070415934282952231e-01 6.876710753015490007e-02 1.738450528353297497e-01 8.604646579624669611e-02
8.722135875456601961e-02 1.214439498076820556e-01 8.239148276494967504e-02 1.899790218952259191e-01 1.068781914405813604e-01 9.201913208757177276e-02 8.642494866599682857e-02 1.071403398654525579e-01 1.131848290931502937e-01 1.094494661347510528e-01
1.640570614543679917e-01 8.409533628905070668e-02 1.839691009592061555e-01 9.734190181299774702e-02 8.684684738499191814e-02 7.761352397012284687e-02 1.409275935483340347e-01 1.203876759489193454e-01 1.035479789523498090e-01 7.203533371518672235e-02
1.244646889167271842e-01 8.430542246993379119e-02 8.273824077560786028e-02 1.338383542306563201e-01 1.036596606379412699e-01 8.574715332600418849e-02 1.029924621373455723e-01 1.275657940717751515e-01 1.046919039865533418e-01 1.299531656695938342e-01
8.381171437845280625e-02 1.389286919868829573e-01 1.057128622808468088e-01 1.023879631620095432e-01 1.292369025218104150e-01 8.205233494487852719e-02 1.320421128294821389e-01 9.914134197471727306e-02 1.157728770819092534e-01 8.508108866585352426e-02
8.892994714925034350e-02 9.358772763036481146e-02 1.345778923318808606e-01 9.994474564154948171e-02 1.035683070425524460e-01 6.633816813853146699e-02 1.315693111038683805e-01 1.011452588557321119e-01 1.224866945629508319e-01 1.783402675446755237e-01
1.091224090613316655e-01 1.373857899783541836e-01 1.105318725147099723e-01 9.220092404122032237e-02 1.333474094603555316e-01 1.021156532461303806e-01 9.791259884319618301e-02 7.831347785369405234e-02 1.125613634381467942e-01 1.050422461233750243e-01
1.104052791896072971e-01 1.045560643093272069e-01 1.120705938456295070e-01 8.838374293949984029e-02 1.300802913174819164e-01 8.389730368698762597e-02 1.084041582615550281e-01 1.374850378867386869e-01 7.299398169462273378e-02 1.193079863544065228e-01
1.081937774313195266e-01 8.128612305880505984e-02 1.429461013768160427e-01 9.234098037410153059e-02 8.289489991633886001e-02 1.538650037449491026e-01 1.012026652880106542e-01 1.104435150172097119e-01 1.186720465499549737e-01 8.843113605675838318e-02
8.633993796158796752e-02 1.406651645496414527e-01 1.137153094741308601e-01 1.053184971983195245e-01 6.735219756008031800e-02 1.563931307294778306e-01 1.222457198250168908e-01 1.091366564297257397e-01 1.265002184948310626e-01 7.631825161933515622e-02
9.990289093954521360e-02 1.723875471866654074e-01 6.736548072064539594e-02 2.140938821072010945e-01 1.306091229622290961e-01 7.270879685373492218e-02 1.564561833228317878e-01 1.176988496116387339e-01 6.768126989613272582e-02 9.381281080009605533e-02
1.203156752728412049e-01 1.543560113169071268e-01 7.035218535674622742e-02 8.708840160273026432e-02 1.386915532877454060e-01 1.172384517868317599e-01 8.428012728176492718e-02 1.093248633511517409e-01 1.038332731141495130e-01 1.026032587564928572e-01
8.186435039318544493e-02 1.424049958524526982e-01 9.849672366133796486e-02 7.821792172142118249e-02 1.250518653873690378e-01 1.013092114862585713e-01 9.124269676035996757e-02 9.678311842831587020e-02 1.228500938501573270e-01 1.497619575761945099e-01
1.031740330391184152e-01 9.780746046780229574e-02 1.040348269435371065e-01 1.623227261643828134e-01 6.832024182547373481e-02 1.917246834593259175e-01 6.882809163025924160e-02 1.411132478372478516e-01 7.527357971771418688e-02 1.160280635071282568e-01
