3.890777398419428129e-02 5.923658568024634669e-02 3.297139847029712661e-02 5.457336891200162410e-02 6.345933412167462095e-02 3.505004415869603790e-02 1.415524097274530567e-02 3.099819447701790409e-02 1.067722179269126881e-01 5.922716329068465624e-02 2.739195739363444598e-02 5.424149498956284260e-02
8.558970908214452722e-02 4.231992140520921680e-02 4.000805174529420416e-02 1.335233272603939675e-02 2.628758574629019157e-02 7.851263056126910056e-02 2.820860337306065058e-02 2.425545923651205305e-02 5.332430816648033034e-02 8.251135211017340820e-02 8.009760925536642262e-02 3.104681997806247457e-02
1.225422505717896349e-01 9.135440203537228965e-02 2.550532225907351305e-02 2.281976889000195477e-02 2.991349608383369468e-02 9.170111083203494329e-02 6.283875936664597150e-02 6.940235866151407869e-03 1.338602195376501283e-02 4.187320720980903382e-02 6.174620749487326477e-02 5.127997513889754472e-02
1.439671433146507418e-01 4.468621775204574542e-02 3.371538086512917975e-02 2.833304062546967289e-02 1.094339849959053562e-01 2.584366651351407279e-02 8.851640655514846426e-03 1.806878101512699938e-02 5.602759132731410796e-02 4.015154293197331636e-02 6.414866468774653441e-02 4.509327496882854780e-02
1.381117239474010661e-01 1.662527812714829911e-02 7.631355942885277056e-03 2.933264168640839151e-02 1.404606298145288368e-01 4.747448685178334848e-02 1.300912185405958717e-02 2.112804268532902582e-02 6.631550158141220896e-02 4.812471649664550738e-02 1.990121823077749610e-02 1.238953108156730654e-01
1.583730625245034773e-02 2.667102373292579848e-02 1.287793924390199796e-01 6.931063428744323185e-02 2.768064645944889879e-02 8.537054803953626758e-02 1.398569946988273138e-01 5.137553114595135896e-03 1.200183533976043743e-02 1.298432742980542565e-01 3.705021804368795885e-02 9.750911800796470061e-03
4.938482008151159897e-02 4.829128801563074835e-02 7.594534285276435814e-02 2.747418600730144878e-02 4.549901038171680345e-02 1.334237598658111201e-01 2.421108297388533531e-02 3.642325936803445657e-02 3.623593028588535658e-02 2.932770135232034767e-02 1.429106188585898066e-02 7.221215614811522798e-02
1.196368105505716053e-02 1.299349175637729559e-01 6.881764477564930593e-02 1.136277364412241822e-02 2.245364587669754913e-02 2.081772219807402624e-01 3.689257083273359689e-02 1.523236581607487726e-02 8.961074485581609073e-02 1.572376190855556966e-01 1.048904386952055449e-02 2.360762223073656092e-03
1.243618170286543007e-01 1.099535087301708493e-02 1.300567199408033704e-02 9.357315849524226736e-02 1.328016696825839726e-01 3.582016310598173242e-02 7.487932407217891273e-02 1.838118509521508015e-02 3.556302927823481314e-02 3.511613040182595680e-02 1.784918262398435193e-02 4.316717204853921103e-02
1.198997561260038008e-02 6.542344664515051256e-02 1.470298484923065196e-01 1.628249921959747451e-02 6.408369586568895583e-03 1.999951648661061898e-01 5.304295563129610147e-02 8.417375013809173800e-03 4.262859643099677770e-02 1.193331187833336915e-01 4.722935009438494758e-02 9.081957616377417733e-03
3.337668429183435898e-02 2.474961176368846785e-02 9.800612624052773558e-02 1.174948489826496689e-01 4.136860315111649117e-02 2.532369411634288747e-02 2.656431204546604377e-02 2.628431337800746920e-02 3.232558705636034285e-02 5.615965254803907680e-02 3.569163442240439604e-02 7.367111550813941478e-02
4.761316702737310863e-02 2.449258623935054308e-02 2.942460017639508124e-02 1.641399016576681191e-01 4.234262902318688959e-02 1.983715774368529153e-02 5.801584354411366135e-02 5.692931531055490241e-02 2.580744738823532308e-02 7.850734026732107684e-03 2.359575954022656227e-02 1.576482436698009859e-01
3.509006867483438485e-02 5.353928807248667376e-02 1.388130548305585923e-02 2.701274346012169647e-02 1.416834083296755753e-01 2.528673619435428677e-02 1.058087009026207823e-02 3.190677479077238393e-02 8.694360083785070137e-02 5.171756961901612104e-02 4.195599502920714652e-02 1.032860345647831357e-01
9.603880951165671975e-02 4.050765445226318928e-02 2.297554081505665674e-02 2.452514255650497729e-02 8.392439371176664553e-02 1.884130618142582786e-02 1.214652238796895892e-02 4.700214552381057342e-02 7.258321920910140723e-02 7.800641686410304809e-02 3.152417856426519005e-02 6.866763051555851982e-02
7.614266962569855163e-03 3.352241408009918461e-02 5.557792186026050407e-02 9.021548013223340545e-02 6.859659506112067429e-02 3.370959579009870366e-02 5.274492926961862893e-02 4.063064795761755360e-02 4.314819265339085025e-02 1.397787162461520127e-01 4.666982002494683701e-02 7.821117063251484605e-03
7.343994309246811708e-03 9.001016697472812716e-03 1.251624503935106769e-01 9.029545940306855922e-02 3.765839853506992851e-02 8.351140523752505207e-02 8.079014172284308681e-02 2.846259106609020165e-02 6.010855429599362872e-03 7.337035420156731887e-03 2.015877184293444757e-01 4.273039868983107004e-02
1.329669243629778008e-01 3.942469673052402535e-02 9.002950493483249939e-03 3.330559798811187633e-02 1.063072311251768709e-01 5.840990099199355745e-02 2.538015310554932180e-02 1.078692186705179981e-02 3.050523409624893503e-02 8.322534650652087251e-02 6.317096143320154178e-02 3.495405180476310325e-02
4.904511697243853219e-02 1.363352634141324349e-01 1.634571714216809940e-02 3.761376736787163527e-02 4.576389168372687472e-02 1.160101688800898589e-01 3.495661605722953647e-02 5.770953051008209482e-03 1.279641963916311291e-02 3.126819021874863158e-02 1.106385367813123161e-01 4.781772820477168950e-02
6.494620444045577645e-02 7.309119189260944449e-02 2.262840193448729248e-02 1.879555932869762108e-02 7.426862869658660410e-03 3.052192461141742946e-02 1.219873348249442269e-01 3.229138122393156174e-02 9.043446308041833484e-03 2.515539810420094197e-02 1.743032276148534787e-01 9.259728225590931061e-02
1.144994609176985118e-01 1.224718091189531260e-02 2.015641034249571369e-03 1.446881241966976525e-02 3.090833982246830175e-02 7.756692645296439648e-02 5.052191066332965830e-02 3.448051569367326097e-02 1.548116521510523036e-01 4.215262620132513571e-02 5.876224099592574496e-02 6.473722582614788168e-02
4.057903469393153717e-02 1.804019913571622627e-02 8.905167838829983196e-02 8.129505310935294937e-02 6.227382321732295029e-02 1.174603475347535918e-02 9.740172612201457997e-03 1.378127378259118990e-02 2.963856247073776498e-02 5.003167336559741218e-02 1.564833104967458810e-01 8.104879064644521236e-02
1.311029553703906558e-01 8.611082640432042579e-02 2.712806764928800407e-02 2.606727574241236856e-02 2.726713027677831261e-02 1.832897036410153016e-02 5.755680072645406181e-02 2.512302182391860927e-02 5.983371290773576573e-02 4.399747179937909397e-02 4.301554010733488198e-02 4.382579167599165437e-02
4.226574188590240255e-02 4.451368642649626561e-02 6.002978379620178828e-02 8.629764498916736581e-02 6.451557755731714139e-02 6.542260872911979941e-02 4.043069159721077166e-02 3.267652365501714368e-02 1.617727756826361704e-02 1.117101811522272503e-02 4.539256009171484252e-02 7.206840379472126412e-02
2.217597424447691201e-02 1.055087924769457369e-01 1.390625439619554149e-01 3.192576256399720647e-02 8.255571009009007866e-02 4.402946130997519025e-02 1.309819145320861335e-02 1.121662140986262428e-02 2.572207639464339779e-02 8.507230288472744650e-02 4.602243868388747328e-02 2.540544809166500606e-02
8.127974568021051338e-02 2.520098187928752204e-02 1.699535581821836130e-02 4.811076282486292238e-02 2.150824458624585322e-01 5.456706030647217459e-02 4.049085586570283501e-02 1.672041729352355399e-02 1.793537630742371436e-02 2.336322282998849406e-02 3.959168163346413194e-02 6.904800930669899306e-02
2.755776011223656785e-02 5.655534931911154056e-02 1.012934524622804144e-01 6.536394857382420154e-02 1.116800629386011656e-01 2.064797424477742352e-02 2.134330949358486870e-02 4.904278685410030925e-02 3.263709719395444658e-02 2.474160714713732889e-02 4.061487047667864531e-02 3.952788684469871194e-02
6.952521316597005951e-02 3.973021245717486827e-02 4.267093320902325126e-02 4.025030712123228022e-02 8.513723560852697048e-02 3.975798220698212315e-02 8.703658360164477636e-02 5.027546341081862852e-02 1.274551361545700999e-02 3.646695701550543844e-02 4.226097663181360015e-02 2.715531537474146981e-02
9.637408025828859970e-02 1.772857276717084915e-02 2.536915071663507770e-02 3.922894476490523807e-02 9.407660948046944749e-02 1.236065832441180824e-02 1.087573347976110438e-02 6.880935205997655568e-02 1.456392688347155906e-01 2.369260631751088017e-02 2.840795735693817103e-02 7.680157692145993253e-02
1.947697018576272782e-02 1.040106890075110091e-01 7.377196734933882949e-02 6.455432742765186693e-03 1.115780861595275925e-02 2.244275839068392842e-01 4.741485932400981568e-02 2.252302502523542346e-02 4.394749823329374694e-02 9.867347232981993344e-02 4.442975928638952243e-02 8.413101310066322530e-03
6.917432847485630032e-02 3.603034909385171430e-02 3.568273337599705414e-02 1.871853155422135984e-02 2.362658915062731957e-02 6.795532402935292038e-02 3.842042357161281479e-02 3.877351213514664691e-02 2.560895327530583049e-02 1.218746050476069986e-01 4.091898114680116161e-02 6.712093549117351121e-02
3.982440479844372161e-02 1.891819898017284285e-02 3.441983023903939787e-02 6.228363699523525865e-02 1.061318751604449634e-01 2.531287789895397822e-02 2.523307171056061657e-02 5.954167397009470231e-02 8.374010883248365900e-02 2.526699893797075547e-02 2.688807120941516526e-02 8.514523369873489012e-02
3.540823107333705699e-02 5.966359089243943037e-02 1.048269018287336096e-01 6.876816107133544576e-02 4.944733531638646762e-02 5.802670988852097478e-02 3.658777180768933018e-02 7.943259277543314109e-03 1.586082067175684576e-02 1.307879794575385612e-01 3.428789518088239119e-02 1.799611707100867708e-02
2.203626325147682585e-02 6.391274926608632445e-02 9.319071677311700774e-02 2.176773448214224665e-02 4.450851310904778944e-03 1.223746997528220651e-02 4.610965107101361316e-02 9.460023875323506082e-02 7.125891001865732044e-02 6.661652506516910210e-02 9.414369555858083383e-02 3.556341776024819767e-02
1.347600099325535761e-01 7.374605827780623957e-02 4.104575970208221986e-02 3.002978816441033427e-02 2.291451434405934046e-02 6.501850143500099988e-02 8.568618088620183482e-02 2.849502270442155413e-02 1.766704109977786097e-02 3.257433533169359213e-02 3.234691785516636414e-02 3.481340030469246699e-02
1.560489213288926424e-02 2.982386489958982478e-02 2.437260373734449412e-02 4.304433930407650100e-02 3.909569513700580229e-02 1.508829699900063881e-01 1.925338748926129148e-02 3.230891152291971019e-02 2.326622829783148161e-02 7.645566569157018211e-02 1.162114454533642038e-01 4.793883463100098719e-02
1.013120776443802162e-01 3.734156938843780776e-02 6.236723618072832938e-03 6.151471085355062797e-03 4.603144152707663861e-02 6.137670602566941414e-02 5.711393877607439523e-02 1.853523516525405063e-02 9.621702006060528500e-02 4.994117160521206050e-02 8.938509935217914260e-02 4.983879078595382373e-02
2.523853800540892811e-02 2.465294214469195000e-02 8.227768612262366388e-02 6.130040495067363981e-02 6.368565708222358179e-02 8.918926290355957964e-02 7.162966373691670441e-02 8.487221564135517468e-03 3.593562760432327668e-02 3.953969576087985188e-02 5.917462001823522305e-02 2.575814381135925479e-02
5.714130571139584142e-02 1.232385453942498876e-01 1.938415062634184227e-02 1.781299499238939155e-02 1.167709751638361555e-02 1.918951253392648174e-02 3.998179794519051561e-02 7.145948930904470753e-02 5.700961050785457312e-02 1.722484310211384873e-01 2.580775410245739546e-02 3.117751630947405983e-02
1.182673218640204749e-01 3.759424510564575439e-02 1.339308419451533741e-02 1.243930552295485596e-02 7.200571691069035385e-02 1.491778278544700354e-01 2.356598070000774300e-02 1.517728184367484606e-02 1.393928757829606402e-01 3.527108664500205881e-02 2.303126035439850144e-02 2.816172907346007129e-02
1.739669858323766860e-01 5.427005215793381798e-02 6.524691675168564631e-02 3.418725451817890282e-02 3.034626101066962081e-02 5.658078250210179377e-02 2.488372623887175755e-02 5.285032170400581070e-02 9.393420804011107239e-02 9.640105037650016293e-03 1.516433537847709963e-02 2.141427841891149764e-02
2.267670019698496756e-02 1.215000701610534015e-02 1.598866627064235435e-02 2.011399478759991893e-02 4.119170184934316248e-02 8.383679790346532101e-02 9.567427808992255700e-02 1.269466142679241683e-01 7.752380620628124275e-02 3.727860453147041619e-02 4.775525210344491733e-02 3.531514557155482348e-02
3.646704373136400168e-02 3.216307914642868582e-02 1.405571543922230493e-01 3.846025313549766844e-02 1.857676917966607708e-02 1.639530902361104603e-01 6.347669585095291889e-02 9.849481241920055377e-03 6.804878773509482476e-03 1.073854428787238829e-02 8.217527234774439637e-02 7.653260389243081441e-02
7.194943316045944448e-02 4.092735455622302509e-02 4.087107494651998768e-02 3.923273078865496810e-02 5.989553601144850109e-02 3.727519189003623834e-02 2.128320165896242788e-02 2.288327792527674459e-02 2.542130913014345461e-01 2.099330830768900147e-02 1.591013602391003548e-02 3.882182629572048654e-02
2.204242265670315268e-02 2.430368446934044399e-02 3.597552708871432081e-02 1.335634420642996256e-02 7.697210208095155159e-03 3.033177018609857153e-02 1.738960172691894623e-01 5.629088945872826044e-02 7.702445511641355103e-02 1.503174346874960321e-01 2.267072887942862477e-02 5.010374306639938519e-02
4.528695567905283159e-02 1.467947707053681439e-01 6.803717398574229969e-02 1.981445096880297962e-02 4.174774090649974873e-02 1.263130043859048146e-01 4.923319633375851379e-02 1.063609612233356976e-02 3.615855617498288030e-03 1.350861177028695077e-02 1.239033279034519180e-01 3.019839250380447135e-02
7.021065373796940567e-02 1.694223489437584607e-01 1.218080149867515824e-02 2.085613484738940357e-02 2.121600692040941649e-01 1.958066134728549818e-02 1.729037026837654603e-03 1.486235350291678810e-02 1.261363322198250092e-01 8.863004413635973411e-02 2.299198009143723145e-02 1.195033678672517696e-02
6.713807529880347347e-02 8.081031445062812624e-02 3.073069633339458803e-02 2.334503343522144683e-02 1.441734982253272124e-01 8.200638150098811530e-02 1.110261759846793879e-02 7.249607807447263491e-03 5.386786799630017761e-03 2.148426833839002167e-02 1.491401413243018670e-01 6.174545957675443147e-02
6.055370070705053814e-02 1.573370210912694578e-02 3.758047381272998366e-02 4.013777351659937598e-02 3.171237846077937239e-02 6.677029535342927924e-02 4.348388192623050402e-02 1.031796514677628118e-01 3.551987209411279489e-02 1.711214557654771456e-02 2.662156223787608827e-02 1.209641721564795325e-01
7.408540459924001231e-02 3.607277808053711843e-02 1.094584511789918613e-01 8.309295752699827342e-02 1.144152196332852284e-01 6.003972415737500457e-02 2.340385155485753127e-02 2.210133032565532799e-02 8.629102541929058526e-03 1.324157631867661951e-02 5.741117809729671256e-02 1.715720331309872337e-02
7.793468211583753566e-03 1.969906364562207246e-02 5.562294322551290804e-02 1.166229869766516603e-01 4.816171019817685334e-02 1.081365595315464945e-01 3.007281142431787388e-02 6.249265535235042079e-02 6.180899439144429963e-02 6.077463904411962992e-02 4.484484700705532179e-02 6.759132755693067311e-03
1.605089356501456649e-02 2.850865202406871121e-02 3.943768697716877603e-02 1.924280582927881400e-02 2.166460591547362743e-02 6.406509875409743815e-02 1.719419129468119367e-01 4.962355636696338945e-02 2.515537595583082833e-02 6.621323979127156922e-02 1.280695423567322910e-01 1.589409905934508968e-02
6.147393950583367878e-02 7.850835968271990817e-03 1.170897971390205856e-02 5.716446488872388432e-02 4.551107176580139468e-02 4.588893598254106115e-02 1.837841717779457526e-02 2.714353957515281968e-01 4.007341353248088794e-02 6.040357808416602428e-03 2.613706061443024295e-02 1.390744170749680375e-01
5.936905511094743570e-02 7.137426450366692043e-02 2.133748839666044228e-02 1.529013043699570251e-01 5.124149785580661004e-02 1.059005156748070442e-02 1.169915297729996195e-01 8.752052551604512509e-02 1.343701020459315935e-02 8.265510854347993611e-03 6.192026797463190749e-03 7.179492832664806368e-02
2.172571694744586390e-02 5.529077080188937732e-02 2.349132725358278259e-02 1.947484617863645684e-02 4.250636517170856832e-02 4.919516355786249934e-02 1.058530075268524356e-01 5.353609604599506022e-02 1.766111879160086814e-02 3.013783397918499279e-02 1.425567158407926582e-01 4.752622803103129234e-02
2.434474921340409881e-02 2.937938317154077314e-02 2.661879026450551800e-02 7.070895241942634635e-02 3.286818173710889801e-02 5.491745888861074287e-02 1.940624856870624276e-02 3.071968434349672816e-02 1.087803588414319456e-01 5.442429559222483615e-02 7.166440555282088676e-02 5.634975416557901767e-02
7.069528237688152417e-03 2.849367728539806827e-03 9.065955816124666652e-03 3.090033588375557666e-02 7.499011814088676897e-02 2.982194050391715617e-02 4.148531299493380536e-02 1.288887958009106716e-01 1.812622745566518923e-01 2.429173540840681017e-02 3.825555582786520359e-02 1.573294909616770043e-01
4.169201064212491037e-02 2.489195897273177860e-01 3.637620888839413619e-02 1.935918605430927194e-03 3.770617379068087228e-04 3.592208214615485486e-03 1.191460366400259700e-02 1.156235289745831119e-01 7.288261410520724404e-02 2.091260117611185715e-02 1.301797794913490125e-01 1.414339463517512718e-01
2.656591337158847529e-02 2.307356556884785151e-02 1.972036411942780232e-01 7.025254050608599476e-02 2.129881620434005696e-02 8.019569014554929487e-02 8.697868681483722497e-02 1.634469093647510085e-02 2.795092981442044711e-03 2.073190190537517984e-03 1.325297530263085805e-02 2.827928117877300807e-01
3.318661500986735957e-02 7.426947446285289689e-02 8.682629605522790284e-02 4.969647041142930682e-02 1.042135783936988802e-01 4.370156383487074081e-02 3.421169534729803091e-02 4.280338072118333725e-02 5.635251066307970375e-02 4.427592259227378785e-02 1.416007155168578363e-02 1.034958386295726541e-02
5.850707430212367943e-02 7.674493436659987622e-02 3.684530922102920159e-02 2.460375361515202558e-02 3.417225913951079524e-02 5.742197092733983266e-02 2.965924972746814339e-02 1.818923050062117713e-02 1.225114369258305247e-01 6.825782763747725856e-02 5.360213820006017732e-02 1.373459135270208541e-02
4.240000646338817382e-03 4.715887050374249247e-03 2.009800278409258623e-02 1.429929490783568291e-01 1.213140345300203204e-01 3.285802284609530555e-02 9.337751906934353696e-02 1.028982241870374792e-01 2.236168705251828648e-02 2.044805646084282835e-02 9.504467511547448622e-02 3.120798310303471781e-02
3.216724676649503761e-02 8.569252233945966191e-02 7.045758361932465130e-02 1.714265273431342732e-02 4.221857452071343247e-02 4.001870696690410650e-02 3.733957145809824879e-02 3.349636940508615712e-02 1.061682832929578407e-01 2.283837390870312525e-02 4.154520967985744773e-02 4.988078074648268773e-02
2.866922330603263389e-02 3.118481883361777507e-02 3.575617646622030604e-02 4.270214899932726210e-02 1.785255159888487347e-02 2.495496469098900522e-02 1.278332136832700250e-01 9.923982194566308146e-02 3.122304265847604746e-02 9.447975962723234589e-02 3.483721388531715868e-02 3.317051004692497113e-02
2.923123468697986019e-02 8.464045918646771749e-02 8.962873527990064537e-02 5.596824250936734829e-02 1.111140072646332883e-01 3.247731108668643063e-02 2.612622834207733308e-02 2.250273347546448074e-02 5.723523888450080671e-02 1.768077917570821250e-02 2.022630612918885698e-02 4.699329473548110453e-02
4.943392961180947953e-02 2.260193359129665513e-02 8.121841682627240627e-03 4.789070645393441600e-02 1.395462914346012884e-01 4.218424033821389918e-02 1.579800321436435062e-02 5.545604528136240802e-02 5.787796754364589458e-02 6.721899620410332066e-02 3.557165631689521157e-02 6.384071722558276596e-02
2.565914231573222445e-02 2.876724442598115744e-02 2.926664009454670035e-02 2.498210782976669625e-02 1.065365940989351085e-01 1.354556825658821129e-01 2.998842803401191581e-02 2.831191070637794488e-02 4.322543802869312918e-02 1.059212244921187429e-01 6.272865875775643363e-02 6.824097275024906817e-03
1.697220073052681591e-02 2.621255407324494385e-02 2.200193276696553457e-02 1.505928726782038846e-02 3.552700469572880881e-02 1.164134119630290398e-02 1.465330984776392620e-01 1.038086344401811523e-01 6.213874945004251027e-02 5.548778200821233991e-02 7.246999520579140708e-02 5.199157287331022254e-02
1.149297598952015581e-02 2.020792026419454199e-02 6.913690550794913958e-02 5.692657879108238561e-02 9.076150546695174737e-02 3.197628586247446003e-02 6.488506055043816168e-02 4.795753115704631808e-02 2.710863225595622206e-02 2.403769664139256829e-02 5.794811607250278940e-02 8.729698724315894387e-02
3.602271373982970926e-02 3.613985313398351829e-02 2.113748582036193910e-02 5.862478472641890342e-02 4.500030001694466791e-02 1.116603345446449680e-01 7.072743581470000707e-02 2.631733543206199455e-02 3.356650314899353726e-02 8.506948118824295135e-02 4.402005197821756699e-02 1.709275983068100219e-02
2.494960590932250588e-02 2.792090238086975332e-02 4.948723238016757009e-02 1.169247885362587058e-01 1.124863955122987480e-01 2.082961101195660372e-02 3.546299406702572987e-02 3.071714021529817207e-02 3.814810908210111706e-02 8.579411182301809047e-02 1.790944649100427791e-02 3.943817075227239177e-02
3.258701809896625418e-02 7.359165512903226292e-02 2.831763083699894920e-02 1.452734432958858665e-02 4.175758028003558053e-02 2.075312312143001714e-02 3.773066190157336325e-02 1.773950232702317664e-01 2.740537987575848017e-02 3.361319939618258312e-02 1.391713268922656344e-01 1.963364359685297600e-02
6.675851283043331141e-02 2.239872729358358128e-02 8.914714699574831369e-02 3.480240093187278450e-02 1.542982378687966089e-02 3.220273757705025691e-02 8.614685932752340347e-02 1.235055878898984882e-01 5.635853727356380377e-02 2.614667976620908482e-02 3.537644624072782545e-02 1.434221159651611829e-02
2.571779231663874274e-02 1.809340563660694762e-02 1.117184060195302794e-02 2.151675817743118127e-02 6.061089035848359757e-02 3.460830813390734784e-02 6.552475668824367383e-02 8.400281833325907999e-02 5.156849767672010143e-02 1.679976055843456495e-01 7.254594024359883875e-02 1.670618658177904642e-02
1.507434793865809752e-02 2.266202819865610618e-02 1.951531058525566298e-01 2.780170474494571276e-02 2.601086675672455162e-02 3.837032814624970894e-02 4.921693117017864050e-02 3.730176119254412226e-02 1.288477069940327513e-02 2.453933964527173217e-01 3.424138451152866636e-02 1.675879067625957522e-02
4.692015583905596865e-02 1.556134818903326389e-01 1.385593249879417746e-02 1.034164315435759200e-02 5.029797719653680138e-02 9.255237458164998487e-02 5.396111635281201913e-02 3.700516814428491535e-02 4.492910927949166772e-02 4.876037074899498835e-02 4.238642415804757396e-02 2.169097291664138713e-02
3.594092315343137833e-02 4.288001820423315014e-02 5.858573524772016372e-02 4.065061394313652932e-02 1.719142256985085881e-01 3.866076780332607793e-02 2.155874448010384678e-02 1.650354733514820815e-02 1.368343199275522948e-01 1.818887623129422995e-02 2.961125705668559219e-02 2.388124627002372047e-02
5.791619290315537516e-02 6.871921705818108406e-02 1.050287765887944133e-02 9.417630216765214557e-02 5.149525066489453462e-02 3.449168896417734720e-01 2.129497961877226814e-02 1.297719281945534583e-02 9.344966543528262018e-03 5.537398839256437583e-03 1.004401172444226165e-02 9.174126637484059099e-02
8.059830436603646064e-02 1.142003649417529521e-01 6.266249810545297672e-02 5.876883202835067599e-02 3.064739639867253285e-02 1.267739246626855068e-02 3.544264169199461828e-02 8.672063904576391910e-03 2.216023953015170203e-02 1.540252689845795775e-01 4.372160799337033998e-02 1.436578558164162620e-02
1.147918365141453456e-01 3.280737196569979974e-02 1.806681835086049182e-02 5.793356873489701603e-02 2.790678754822639718e-02 6.588279608423848466e-02 6.467620432410722819e-02 1.591666455815403391e-02 5.888250730141450506e-02 5.601211804313632747e-02 3.787193115327077558e-02 3.322983544405219702e-02
4.125387448836952131e-02 2.472151910549054421e-02 5.083659657013309130e-02 9.868287309074971758e-02 3.479975230970526467e-02 3.029947048035898718e-02 3.279452060548483650e-02 6.248534027061897200e-02 3.095769184624000761e-02 3.559559130150488637e-02 9.053008771471390825e-02 4.041310538122826201e-02
3.862756601343343699e-02 1.068801048473093235e-01 3.895346617371264059e-02 1.390571912811008545e-02 1.338877070466812542e-02 6.241472551032648669e-02 1.018137593781453937e-01 3.523103287187506760e-02 2.297862717652515013e-02 9.487167257261952535e-02 3.924098524713926645e-02 3.884029586665357914e-02
6.304368360219936296e-02 2.458342631589125957e-02 6.605096741832691687e-02 1.333365320924488340e-01 4.117133950605379733e-02 3.001399593835191171e-02 6.192136782425695235e-02 4.515995332902660725e-02 5.151089466936887434e-02 2.562678043967614103e-02 1.857632207321876366e-02 2.842536445725408339e-02
1.963964457648056244e-02 5.149056857676446303e-02 5.400451576198823239e-02 5.436473025823267829e-02 7.896040199671395740e-03 1.998072745707818801e-02 8.043292392630910226e-02 9.223423789426438146e-02 1.864917209752142008e-02 7.286994997089479842e-02 1.036339439702236020e-01 3.205651563509971658e-02
2.327457281430779790e-01 6.170427191643922116e-02 1.038616657884392815e-02 2.274362507601188771e-02 2.136707094358668568e-01 5.117497992484108110e-02 6.009829546442051890e-02 2.636348990278675544e-02 1.902264246781928611e-02 1.469061411506758855e-02 1.016815308606099089e-02 2.103099939136054281e-02
8.662548956358358254e-02 4.394615677279985200e-02 3.894408561276331560e-02 1.332714631644029042e-02 2.492337173446020765e-02 1.396386582243083069e-02 3.564412430321296787e-02 1.286117575603938912e-01 7.514353316091719470e-02 2.248439007402506032e-02 1.751795682083354122e-02 1.333168044004556241e-01
1.719351967479186560e-02 4.929023842721621911e-03 6.908084417206724129e-03 2.804333552578756536e-02 4.742479368946166118e-02 4.809706351135514812e-02 4.354832743857362659e-02 1.863387792900996279e-02 1.508393404894451395e-01 1.251614635135482601e-01 1.412619553031391195e-01 4.909394122023736512e-02
3.093036138421700193e-02 3.730699325203936517e-02 6.424195810887614599e-02 1.994967079976628366e-02 7.287674415304217293e-03 4.935099169495279006e-03 1.465042772713913595e-02 3.178137478193033411e-02 1.335160686655685325e-01 9.277988900368001890e-02 2.299825595170613135e-01 4.600961834104322357e-02
6.459323777894424023e-02 7.407721365042693740e-02 1.568702806334297817e-01 3.489328648147323186e-02 2.705013916978387181e-02 1.701775813873001447e-02 2.329031138431796738e-02 1.814915634631445590e-02 1.740644354069885089e-02 7.555390882613009784e-02 3.841289868514666944e-02 7.054143661169923196e-02
3.029715194438886011e-02 1.171627566409571969e-01 8.898098141211271961e-02 1.060275823053073718e-02 1.390960295755491183e-01 8.558496170833712613e-02 1.060004052544276029e-02 4.555816449447904967e-03 2.405038772881387676e-02 1.575625260115389448e-01 1.493465717693342326e-02 2.268196470546766583e-02
3.686649622888830968e-02 4.922614302514932705e-02 3.316703039331025948e-02 1.716001383456048496e-02 1.332921345055702866e-02 2.669112694492157059e-02 1.337408383049506488e-01 6.946506727504248024e-02 9.813437751034892464e-02 3.922772695255389436e-02 5.971007062645945773e-02 3.014121429689393949e-02
6.392519338105641380e-02 6.011136831019382731e-02 3.130639387618231601e-02 9.592794537588412995e-03 9.730199705662028950e-03 6.705057031292660508e-02 5.923315440978225294e-02 1.966402484176612772e-02 6.224476198515819375e-02 3.910370027975215018e-02 9.126385501849694493e-02 8.952705549752715264e-02
2.705482774471254168e-02 2.885396743658044313e-02 1.014031162094096022e-01 7.170941050891296853e-02 1.430916769110115484e-02 1.120868306414261606e-01 6.049978986791803431e-02 7.265697053387451358e-03 7.890389061234973078e-03 7.630857273659878703e-02 1.218171232831729567e-01 2.331786451723403056e-02
1.676069368345611821e-02 6.838075865721542079e-02 3.242701577307305350e-02 2.160506627166598401e-02 1.593167179987314136e-02 1.176921894640177435e-02 2.171950991178007301e-02 1.801083359536804485e-01 6.566558292407725927e-02 4.390792975053874059e-02 1.833619004726169122e-01 2.425882814669274440e-02
6.728048677559483881e-02 4.514399292877665365e-02 1.079305651394524002e-01 8.693123769441752149e-03 1.173623438108281972e-02 8.836551148962090707e-02 1.250260850098524612e-01 1.024041426167158521e-02 8.808699152241583619e-03 1.903865172925092025e-02 7.986188500214354280e-02 9.311707791390542999e-02
1.797826424227005893e-02 8.102151697549750398e-02 4.756993691081465303e-02 3.964084091115004788e-02 4.285873167233188868e-02 8.706669215413276319e-02 4.017591755907798379e-02 3.318927924314379191e-02 1.223776355556049911e-01 8.158578036573188585e-02 1.863096270616525219e-02 6.202834716034785235e-03
4.254874976591245528e-02 5.126743521654793245e-02 5.639731874689284108e-02 3.159325957394089335e-02 9.740336062514474980e-03 2.850545687337717113e-02 6.349346846511196019e-02 4.908187936872104168e-02 3.467779181549540679e-02 1.296078875125050711e-02 1.064753752262955905e-01 1.181066261597854272e-01
1.122212951506052908e-01 1.320385684432708873e-01 1.045190371495940268e-02 1.238844260374946313e-02 7.988813071081046768e-02 7.570366721841541302e-02 6.786856066206352345e-02 2.012102767825501431e-02 6.490107908195924535e-02 3.283110316768896031e-02 1.728564505101564189e-02 1.625507449016120806e-02
3.567897939847548827e-02 9.881759680452975592e-02 2.410988380574992027e-02 1.374616368791540394e-02 2.887697966539675559e-02 3.983117263749517273e-02 9.530572166574838300e-02 8.757498210145463202e-02 8.772651759264282756e-02 6.097723666096034612e-02 2.339732835857271515e-02 1.457227371381332112e-02
1.280503298092742701e-02 4.286911644639401775e-02 3.881551457923818754e-02 1.583599649743100413e-01 3.478890620996472755e-02 3.780570381077573427e-02 6.249362962986469705e-02 7.851223668063814221e-02 3.108859103667232712e-02 3.740753348584242854e-02 2.101806998296312443e-02 4.364880883107835619e-02
7.572549295218003462e-02 1.846390930299462996e-02 1.131640478191930574e-02 7.959928999961062013e-02 4.295580061319210358e-02 2.984395893934607344e-02 4.187432954649530220e-02 1.194182350951702581e-01 4.655322557234326669e-02 2.086090753113863105e-02 4.339117365345782767e-02 7.012608962284480607e-02
