-1.298258757340738079e+01
-1.324251146467154250e+01
-1.296646786855164990e+01
-1.266405460447945686e+01
-1.330745203353190753e+01
-1.293116306680997063e+01
-1.248550947241265519e+01
-1.330382371757763060e+01
-1.259949608176905222e+01
-1.285204198844215995e+01
-1.318311593300330387e+01
-1.293372399259955152e+01
-1.318013483544036468e+01
-1.303032523135559551e+01
-1.281066395868337082e+01
-1.318183348671333555e+01
-1.307546846556277487e+01
-1.337223915598893242e+01
-1.317173031729992516e+01
-1.303853184568992418e+01
-1.265670491749974502e+01
-1.313956226885014722e+01
-1.315966095945637093e+01
-1.266521032742162589e+01
-1.289122084193449602e+01
-1.326397839569417059e+01
-1.307518765319606935e+01
-1.273076637229113395e+01
-1.316194817287501806e+01
-1.289522460007938065e+01
-1.288442829366139186e+01
-1.293612221622898595e+01
-1.283726032320315902e+01
-1.351647396072303664e+01
-1.317792269744219347e+01
-1.275322126521796484e+01
-1.375682244554228362e+01
-1.249157725422985088e+01
-1.275903411009646682e+01
-1.308028824526909517e+01
-1.263378200305936438e+01
-1.303523247457223100e+01
-1.284321358908035293e+01
-1.265074310705257687e+01
-1.308246030004411509e+01
-1.329613614077279315e+01
-1.278809352196034332e+01
-1.314471121015081501e+01
-1.293063082951521103e+01
-1.283694378521488666e+01
-1.344446245131443085e+01
-1.328455717497259769e+01
-1.287951962996244681e+01
-1.252394918812460389e+01
-1.299490534907770112e+01
-1.289096198069884913e+01
-1.300597519019328629e+01
-1.252633185886703870e+01
-1.337465507660918362e+01
-1.302548411859148381e+01
-1.322484823117788721e+01
-1.306052424875441353e+01
-1.319583030455475736e+01
-1.345101112305970403e+01
-1.315770427046469493e+01
-1.305052364485423411e+01
-1.306170644755469823e+01
-1.318603988228545632e+01
-1.251093540853106489e+01
-1.299104211869016012e+01
-1.325628322337969323e+01
-1.292375615474681894e+01
-1.324203154859830178e+01
-1.327111189869867047e+01
-1.320565347327975303e+01
-1.339932494485663561e+01
-1.256273631689248660e+01
-1.310525793202402056e+01
-1.297112124082254603e+01
-1.300301615950614398e+01
-1.266279623413533884e+01
-1.271417548160737354e+01
-1.317365967323454790e+01
-1.279372842369169128e+01
-1.304506178750742862e+01
-1.303415889056037180e+01
-1.343176335330021587e+01
-1.268047012234129411e+01
-1.263011390568202152e+01
-1.320894557612530917e+01
-1.276850812622223152e+01
-1.291719389767000159e+01
-1.331159328331814606e+01
-1.288245681229087580e+01
-1.294504216644500971e+01
-1.241237497798389988e+01
-1.303084280817974694e+01
-1.305531675585632279e+01
-1.311900664984825227e+01
-1.256610588208007684e+01
