1.758282363694395611e-01 -4.813020877953076010e-02 2.369371278011991877e-02 1.843259375060174732e-01 1.157315666261223702e-01 -3.824897429624306983e-02 3.675172103785480371e-02 3.856506723024040184e-01 4.068550374874660980e-01 -1.176649110145663590e-01 2.070695614201947254e-01 -5.282059211895941964e-01
-9.657750222522282213e-02 3.031356519937246641e-01 8.438124313509501317e-02 3.693195209901642406e-01 -2.421138485767653503e-01 -3.859801392846652912e-01 -3.077101687333409497e-01 -2.903331717002885504e-01 3.898248941603035811e-02 1.424669406673483851e-01 7.192299365698718860e-01 2.741820700615331743e-02
3.159791867912846719e-01 2.094388114228566689e-01 -6.823815801057289687e-02 1.564083105976749322e-01 -1.679381330824862573e-01 8.331848676224214989e-01 6.014449354910667012e-02 1.718484982326054789e-01 4.001171498260504972e-02 -1.999551228723491780e-01 -3.533618116226145411e-01 -5.658807516774061463e-01
5.819296205575864578e-01 5.996013157074764344e-01 -5.841621376080474715e-01 1.624736149110870276e-01 -1.162022601958338647e-01 2.218271852244494899e-02 8.837412686587908794e-02 -3.488955657256857523e-01 -1.315126042397000428e-01 -1.484516081610217642e-01 4.029778341236288641e-01 -1.135301439399140494e-01
-1.209206412734301905e-01 -5.018129993905097175e-01 2.159856898543447146e-01 -1.325769542341602714e-01 3.445353335700126474e-01 2.772809706365035320e-01 -2.100586463565450868e-01 1.805321824403081643e-01 2.768886154245717712e-01 -6.255418322556527411e-01 2.345736507147536121e-01 1.516591446660794061e-02
1.443172220996307743e-02 4.414698059243636619e-02 -3.276950119053027022e-01 2.531419709589408096e-01 2.052745620486285394e-01 2.176099752768651252e-01 7.517094789240832964e-02 1.400639523090607685e-01 -1.056474597058846138e-01 1.108883707120394135e-01 -1.224577824968800244e-01 1.620950675236678892e-02
-4.874664560343132114e-01 1.920436876141383975e-01 2.264330992193630820e-01 -9.617847842254265145e-02 -3.016704303874589987e-01 -1.871394539561890558e-01 -1.549391410510778944e-01 -6.831688413736347609e-02 -2.430370794713907767e-01 1.500220481645413162e-01 3.252312385201533429e-02 2.123716455887759286e-02
1.699795184348850893e-02 2.484816939538396219e-01 4.026483699093829083e-01 -3.706823237284740946e-01 1.095829184326841364e-02 -1.258489952358763375e-01 3.634288581434484966e-01 -2.284363533273531255e-01 -1.753404420629305072e-01 8.275716882330235169e-01 1.161126297639139202e-02 -3.084102737059396526e-02
-4.811913995119791732e-02 -1.472086011931118543e-01 2.808748529876284317e-01 -4.711411760012881311e-01 -2.605657889756067824e-01 3.449690286398009453e-01 -4.104121989571820062e-01 -7.505286414687384333e-02 1.604805493698233942e-01 -2.213077545905993426e-01 -5.626200491869997045e-01 -4.045412886088147197e-01
-3.604554968070721177e-01 -1.435572859800543777e-01 4.261295865764508362e-02 3.958658664651854009e-01 2.151763615841443822e-01 1.657972847275913375e-01 1.659866961482028003e-01 -2.647938151225561199e-01 4.651038302193535312e-01 -9.486424367184080608e-02 3.309935928181764742e-01 1.724694201797612736e-01
1.617758514511084267e-01 -5.816138263434685041e-02 1.020689920238947584e-01 -1.238840392877112867e-01 1.080925383776381449e-01 -8.462524826538027345e-02 -9.418712260602857267e-02 3.166652937364167752e-01 9.297953217950410965e-02 -3.100179823275934776e-01 -1.238772269048393215e-01 -7.294986120703433885e-01
-3.428829366589801197e-01 -2.504160686815238290e-01 6.336082941620460041e-01 -3.024858042745626197e-01 -1.290107379606489635e-01 6.459903070724468677e-01 -1.761497639999891063e-01 -4.670278005590631359e-02 -6.714489476582360394e-01 -3.558061022537969964e-01 2.425826783286400279e-01 -2.623638709652129641e-01
2.617763038547229471e-01 4.745268208288703354e-02 -1.053776648030446406e-01 -3.488623682732118758e-01 1.897459468445636399e-01 -4.729534972989857255e-01 -2.306052848617877182e-01 2.873870604453442335e-01 -4.844383724112954343e-02 1.299998836911070987e-01 2.845167260440465973e-01 -3.411747189501149191e-01
2.879759653856520801e-02 1.855476163623408503e-01 4.974214799711955404e-02 -3.588503020240027541e-01 -5.487147440378435936e-01 8.514349403726574617e-02 6.133736917797145451e-03 1.300924088083068864e-01 6.712730176821997408e-02 7.348687038234508195e-01 -7.187310557177311043e-01 -9.716484453879999095e-02
-4.238677462682962083e-01 3.622068310662376195e-02 -1.836060845438082512e-01 -6.105997716829807825e-02 -3.686344411436240365e-02 -3.587531159269696096e-02 9.191126563067947286e-02 -3.825044393519581865e-02 -1.121201765895278868e-01 1.651741071517643378e-01 -2.390374827577463890e-01 -2.782369139417815718e-01
2.797507864832012303e-01 -2.193655074738407318e-01 1.874335555769495454e-01 -3.316759068778349362e-01 -2.506049249117947575e-01 5.516435330678634008e-01 1.305714868938776842e-02 2.894213775408638334e-01 1.301414160378337459e-01 3.558723272311756225e-01 8.967335227532427511e-02 9.871101925388263421e-02
5.628117784778876587e-01 -1.482902994379649009e-01 1.454759987934551579e-01 1.116337240359557420e-01 1.043905039968692494e-01 -2.974865253502926299e-01 3.215794564095432739e-01 -2.111967326873860906e-01 1.801886046449046319e-01 9.372092239082817355e-02 -2.139943867960822921e-01 6.059726557046652973e-01
3.178945896130401239e-01 -2.428498438391429315e-01 1.477862502421318502e-01 -3.827246909838720179e-01 4.506744618700813665e-01 3.378765491662066855e-01 -2.645625670471216662e-01 3.467533416527646128e-01 4.326893128365496416e-02 2.010159973630853136e-01 5.206497215406014067e-01 -3.470561203409114892e-01
5.258296406025803060e-01 -6.346384998459276838e-01 9.934148193077144140e-02 3.013489116354569619e-01 -2.311566463971034546e-01 -7.156885782848094735e-01 -1.930686717708729183e-01 4.474738979926418114e-01 4.806743303056280614e-01 -3.488743855495249346e-01 -1.751143935873164248e-01 -2.714571012426353347e-01
-4.601250296342849211e-01 -1.907576732433753919e-01 1.135936399817759901e-01 -2.954047700097613971e-01 4.374543765717012200e-01 4.244115421921577230e-02 1.014367208406218197e-02 1.839840921648224492e-01 -5.594004707983403213e-01 -2.670223529330935652e-01 -1.755555025586156281e-01 3.867439664006615541e-01
2.531738467723969599e-01 -1.754090190658242066e-01 3.395839575202293514e-01 -2.301359039691270869e-01 -2.956814404597433166e-01 -1.793643904197978201e-01 4.457650455416122259e-01 2.850184805072152328e-01 -3.224245374202288628e-01 1.362246803731465838e-01 -2.476504234278221195e-01 -2.117786588782190338e-01
-5.448166399814936139e-02 3.854612558215451679e-01 -3.618288035627225674e-01 2.557271964344947635e-01 -2.894180280644814696e-02 -5.061783333339348045e-01 -2.025504032018178580e-01 6.689217868933454436e-02 3.323168292471143648e-01 -2.053668758720809395e-01 -2.087759016346330820e-01 1.861058023900223971e-02
-5.072521069518252240e-02 4.329909978954035732e-01 -4.347045295809364579e-02 -4.779968010807675860e-01 1.080995440743582475e-01 -1.154192354460779335e-01 -8.907352243843626172e-03 2.313904110074978260e-01 -5.262823061858078466e-01 2.553620711570733781e-01 1.404868568436953291e-01 4.976777403784839460e-01
2.906306944697956834e-02 -9.336924809645975876e-02 -1.271836983821362788e-01 -3.873013584075479243e-01 -1.425540912879294519e-01 1.865633811300405551e-02 -1.212915098161012617e-01 5.050287953810033148e-01 2.841638488693301046e-01 3.923559993107288979e-01 -2.089176219761484654e-01 1.966322639381252180e-01
-5.896473022439253746e-03 -2.987857868957025098e-01 -4.899310030963844875e-01 3.559354531680206102e-01 5.766040170109298924e-02 -1.560060801179249945e-01 -1.778136781315083070e-01 -2.463608610505400032e-01 -5.317994353797101947e-01 3.468305906692913942e-01 -2.683180409433206237e-01 9.429636537305134680e-02
-2.361431664120076102e-01 1.949345038951506848e-01 6.870485120321422057e-02 6.875076983289514498e-02 -5.301736488213345394e-02 -1.262548016532055511e-03 -7.328765520276342080e-03 -2.418454587795808575e-01 3.372788930845923017e-01 -2.171389070630119489e-01 1.117100434034631745e-01 -2.944520826525816037e-01
5.203388121258591958e-01 -2.251040609788182781e-02 1.491422319487976239e-02 -2.203645488964137145e-01 -3.079288978272756161e-01 -1.591615018651233726e-02 -3.142814267730417166e-01 -2.713918444401876018e-01 3.518487640035160569e-01 4.069360222109110747e-01 4.302674282320502752e-01 6.068597170261805784e-01
-1.780430004618939188e-01 8.531166036964243915e-02 -2.179303326902558846e-01 5.899485219251388718e-02 4.111195402218307260e-01 -1.514859621187882588e-01 1.824745198664385823e-02 1.184926946424745275e-01 1.679192057722450893e-01 8.535928664487377193e-02 -5.882791885988919445e-01 1.297309921960578816e-01
-1.127657999406382477e-01 -4.188026785260479667e-01 2.868409748601261633e-01 -8.239682053533851913e-02 -4.432431677284186244e-02 -8.716326743895905227e-02 -6.030712594148562172e-02 6.527921071447548296e-02 -2.881053662122161629e-01 1.717179773093746031e-01 -1.298572819769077957e-01 -1.461684916954093250e-01
4.510014354018905269e-01 -1.111945450168463079e-01 -1.551620874864068633e-01 -2.755385928708314891e-01 -5.265629548493182543e-01 1.383113578269739574e-01 -2.676573195463958013e-02 1.777629992005239357e-01 2.798194164222180813e-01 -2.852731236239287871e-02 -6.584355226128556920e-03 -1.428166191721806366e-01
3.518958946560616918e-01 2.426817666837437909e-02 -8.480480704515719337e-02 2.677007455971726069e-01 -8.372265947073982417e-01 3.204672770562223827e-02 -5.187500093501017373e-01 -3.222850002692168037e-01 -1.632112702557422523e-01 -1.232476064363536572e-01 1.429604160507033928e-01 -1.260064540577934822e-02
-2.485580777630859439e-01 -7.578028946921664399e-01 -1.014810482222443938e-01 -4.349631171787395750e-02 -3.345099383969137308e-01 8.719168952161421293e-02 1.956320916466511017e-01 1.540198469020345462e-01 -2.773362171539722199e-01 1.091497234422035001e-01 5.858978234189137213e-01 2.024906044785954595e-01
-2.282069602880671885e-02 -1.096481117158289581e-01 -4.299966919076729788e-01 1.758656321304704340e-01 -6.269824182323172623e-01 9.921331747226122544e-02 4.374910319804499181e-01 3.943964180144614029e-01 3.972584023694882283e-01 1.708122688411084777e-01 2.910145284587632997e-01 -1.489046817038830184e-01
-2.478485014993935670e-02 -2.448274716268361573e-02 -5.544962357920683038e-01 5.087931456160621480e-02 -1.958327692064673053e-01 -6.307378087055838523e-02 6.316983034682213116e-01 6.501510585434618072e-02 3.545050150315905146e-02 5.857201086933863654e-02 -5.327247774851241041e-02 -7.595314338125478404e-01
-8.524203279223567520e-02 3.189706824055240642e-01 1.463078123573479661e-01 -2.708646697949014873e-02 6.044205201833966479e-01 5.062237793931505941e-02 5.875336342913688448e-01 -9.183687181648646225e-02 -5.345509970193300653e-01 -6.664444388020360766e-01 3.165788246069012879e-01 3.808892667780414132e-01
-1.387635576506400905e-03 -3.176297080666244943e-01 1.873430621900512572e-02 -5.233983643439338307e-01 -4.103395797315652349e-02 4.657088230632396714e-02 7.234152393657863334e-01 -3.062951987902324258e-01 1.647406265556839722e-01 -1.151596679033522197e-01 4.472419455585870812e-02 -1.571171341885667372e-01
1.314086620257553517e-01 1.519319563797967565e-02 5.534700447855875893e-01 1.111120225003499745e-01 8.588396436102761419e-03 -1.818296436835735164e-01 2.296753073771833908e-01 1.250214998978056435e-01 4.817795333555723869e-01 1.857404519627330053e-01 -3.554648164926576832e-03 3.696187397024931487e-01
-3.461478904131720657e-01 -1.413062957781172635e-01 -2.394788455805980931e-01 7.509187366041043810e-02 -1.321405512420775578e-02 2.709090584782459787e-01 -7.538538245142054617e-01 -3.784857680979772376e-02 -3.208006162154269925e-01 -5.159271527802599365e-03 2.426866664917903260e-01 2.358121167876273405e-01
2.161673534516736217e-01 -3.687732974525358420e-01 -6.269966373722301034e-01 -1.042856077525147196e-01 2.918832775114731937e-01 2.578262844560177958e-02 -4.794357202751884373e-01 -2.070597020929187265e-02 5.876320146131586847e-02 -2.761132171482604813e-01 1.952791608070637841e-01 5.639526112724884133e-01
2.616295098131609098e-01 6.857396106230845279e-01 -3.190556978974466995e-01 1.210930076695715257e-01 -3.919637888935671999e-01 -6.701399553519870045e-01 -2.720853597477023711e-01 1.122921773664402184e-01 6.191241230576108867e-01 2.982253102113722326e-02 2.938122124620838604e-02 3.179382237775811304e-01
3.621955923961283630e-01 6.723130261801973928e-02 -3.890755828337195688e-01 -5.223631904990727604e-01 3.318107128135280859e-01 3.358431505340236239e-02 1.867806538173390207e-01 -5.009381372752668149e-01 3.529193819194328952e-01 -4.680472489364133626e-01 2.106849954178147133e-02 -4.936553990996260799e-01
-4.633211616174094383e-01 -5.348457977273248787e-01 -5.341475856868295458e-02 -1.975495879489281570e-01 4.212048932580057803e-03 3.978374774165512329e-01 2.425746052462716129e-01 4.014088752572285146e-01 9.779968690735911518e-02 3.845852978345168927e-01 -6.066660102303020330e-02 3.933316991408626340e-01
1.557644371644449077e-01 -1.300280163395002297e-01 -2.582464741339429715e-01 -8.467607212648732562e-02 1.985003454818752566e-01 4.875174275585145711e-01 -1.846632365355106720e-01 6.368311849502574784e-01 4.752972352622507612e-01 -6.379185195400072228e-02 -5.582106667016646373e-01 -1.558138725510609390e-01
1.738499419959023962e-01 1.973961825880568288e-01 2.585073571150902638e-01 1.639085204376035387e-01 1.894018501415306588e-01 1.955269517200255991e-01 -3.389105469440205631e-01 -3.375294503296695781e-01 1.991325053353618091e-01 4.750735248076271705e-02 1.163494270712166490e-01 -1.984997131988535390e-01
-7.622284407533613804e-02 1.477475423674624311e-01 1.297309277383860704e-01 -2.383618265175159179e-01 3.716118025146545462e-02 1.191887394459861284e-02 6.131939916480583924e-02 4.980698499998170714e-01 5.980703332518819137e-02 3.693248384844223242e-01 -5.276665450951885383e-02 -2.731018652505458055e-01
-2.833994339199355506e-01 -2.937349348800045723e-01 7.977471833074692986e-01 -3.009105028215289246e-01 6.409920860930275188e-02 7.750534370183956856e-01 8.533027195373228679e-02 -5.049148350319582201e-01 6.473014497470682693e-01 6.735683690841785809e-02 -2.929625601595320927e-01 4.980982253942142779e-01
8.486495439927595197e-02 4.087577673004570977e-01 3.284603702092176447e-01 -3.591284267777888894e-01 5.772988286125622093e-01 1.959035961993675912e-01 3.197627999383994002e-01 -4.935172401425367422e-02 8.917459747037913276e-02 -2.355987455537553732e-01 1.231267820149680448e-01 -1.512787298378749645e-01
-3.004798242281762621e-01 -1.697290391924126396e-01 -4.080530582418195884e-01 -3.479891250689782882e-03 3.874707675014398001e-02 -5.773575059514707980e-02 -2.246949776023684786e-01 6.071831832652162531e-01 -3.048017423490645417e-01 -7.106831682135635875e-01 -6.859570515979422634e-02 4.629352913071826947e-01
7.916965705520009888e-02 2.572566504869808757e-01 2.192589353782678496e-01 -2.047833488360286183e-02 3.730613874339451796e-01 -2.163744972794902008e-02 -3.188464444832903033e-01 3.602256100808953754e-01 8.924979451017145404e-02 -1.631465858012546288e-01 3.040563719379423824e-01 -1.351269543476718571e-01
5.568508897301834709e-02 -2.864662479421471453e-01 4.797704466431539777e-02 4.596965035056756466e-01 -4.190347594344320803e-02 -1.067345800018686640e-02 -3.859195236674817786e-01 2.892224680898897171e-01 -3.730986189430927219e-02 1.602565869919241603e-01 -8.555756516369113565e-03 4.289222151523863769e-02
-2.193393008438134784e-01 -2.182237029648053939e-01 -1.351529574471546473e-02 1.052273681629111030e-01 -3.792514557117333540e-01 -1.997128137094419109e-01 -1.367526379022787064e-01 -5.069655782015314305e-01 -1.830404566145948653e-01 -2.206721785733882224e-01 -4.416903451263984870e-01 -2.494506531797263393e-01
3.230052533343681642e-02 1.322094106879548037e-01 3.178075289233449341e-02 6.604534431031335029e-02 -2.476923887976526795e-01 -2.328539490174011128e-01 -2.642839428148643921e-01 -4.461836433566394866e-02 1.393782084826132063e-02 3.777468368799854481e-01 9.005198895207301713e-02 3.225533789817335295e-01
-4.006487544295797010e-01 5.861616030618723716e-01 5.833143494670666174e-01 9.896853290662398217e-02 -1.788513415730299261e-01 4.340066213986949056e-02 -2.427724334404830209e-01 -2.086731710503082204e-01 2.034725634019044216e-01 -1.321443558910178340e-01 -4.083810759255940837e-01 -1.815062821940321633e-02
-1.554452791451042259e-01 -4.236925922924493215e-01 -1.757495993367488851e-01 -2.459338973679984011e-02 -3.781274688490012664e-02 6.588001284831723758e-01 4.313577547058600886e-02 -2.234421801444751512e-02 3.378431128792042104e-01 -6.044425551639797528e-02 -4.656870405954359193e-01 -3.474021008856871262e-01
1.268253427079591711e-01 4.026836695021525636e-01 -3.664847498993033942e-02 2.909669022267637462e-01 1.402500901940620104e-01 -3.256794243093248387e-01 -1.177719129068868359e-01 -1.866020914729760727e-01 1.915663143748970731e-01 5.106449858615742521e-01 7.443829598634754685e-01 -6.545058262862895049e-01
1.744231595792300471e-01 1.036647946117947305e-01 -3.805183945714893379e-01 1.240405102387635017e-01 -2.361021032983434687e-01 -1.871315179234337156e-01 2.370264827462715759e-02 -3.004529725576833843e-01 -9.853908041686894326e-02 -7.039023149031294058e-02 4.759175914807118324e-01 8.997520841412028764e-03
-1.064820706958521379e+00 1.913848493969010078e-01 1.951889858399638578e-01 -7.363168551652454763e-02 -2.366192461599136987e-01 9.619671251606763673e-02 3.610424623704988067e-01 9.779371038615429501e-02 -2.367361700717809658e-01 -2.319166670832575605e-01 1.542575434315271443e-01 2.752175348861072429e-02
-1.204037831279022724e-01 -2.572655198155939654e-02 -2.486447053825030507e-01 -2.695723389450928043e-01 -6.545009895117389620e-01 -3.784297788631499904e-01 1.962382216744130159e-01 1.738054085157175188e-01 -1.408067653019968446e-01 3.384601496330910120e-01 -1.966781610778743639e-01 2.092642518334601742e-01
-5.816612645631622502e-01 -3.322646270273303948e-01 2.228518855218750427e-01 2.972635196228781695e-02 3.038409975524005713e-01 2.216829485356617002e-01 2.585579003256292530e-01 4.754140269436366029e-02 1.740829298172164030e-01 7.052033614739670886e-02 1.280854185955841995e-01 -1.200716032776162484e-01
2.245393366968892190e-01 -2.167647938423114262e-01 1.193168898946632139e-01 -1.923619993648860715e-01 2.125702370867813829e-01 -1.946710418372789297e-01 5.709740790820189843e-02 3.358354989140329150e-01 4.590889825450467088e-01 6.859139002910637217e-02 3.291238651585007280e-01 3.651748512262185664e-01
5.333125591998325588e-01 -6.515415575509277135e-02 -4.148827952366180433e-02 -1.947717607423003483e-01 -2.194085600328960495e-01 -3.439947212926762754e-01 -6.961411880999476276e-01 2.258507797686825636e-01 -2.849126458922723870e-01 2.202882063675491442e-01 4.517060093473773130e-01 -3.517161065139753212e-02
-1.219901625449930499e-01 2.360685880690907221e-02 -1.638629984570451337e-01 1.819554688060091574e-01 2.232236558799030324e-01 2.736719852939890063e-01 -3.508417690038954095e-01 3.036604275240383788e-01 -4.054113175834205829e-01 1.744285448925377846e-01 -6.818041217934748266e-01 5.182748046659436669e-01
-4.194733244984951703e-01 -1.464766754477624111e-01 1.294572358310781823e-01 -3.049544376558139258e-01 4.128152131901421940e-01 4.313303370891636290e-01 -2.780003731666638722e-01 -1.673493761829884241e-01 5.602191361692363536e-01 6.761079594680018123e-02 3.325179044096460840e-02 9.959061515471337445e-02
2.405070467044392868e-01 -7.877804599589046664e-01 -5.906877028148015130e-02 -9.686120017962447648e-02 3.025356301400873860e-01 -5.203692326325696227e-01 -3.987694905270208201e-01 6.661449135728302329e-01 9.715803633702994879e-02 -4.945022280337738052e-02 7.380946341913431630e-02 -1.682147424598666452e-01
2.560229863103841152e-01 -1.385787999662275449e-01 2.585894583575237271e-01 1.402166207409926701e-01 -3.961475125275066844e-01 -3.476819347036418095e-02 -1.031366659246368694e-01 4.143771991743924049e-02 2.313046005934384433e-02 -4.041325306750924717e-01 -1.770367871045829267e-01 -1.513757135899772566e-01
5.616738235083622299e-02 -2.675155351742385390e-01 -4.414535435139561037e-01 1.070418738211426773e-01 1.026035567195929810e+00 1.235845412629403978e-01 -1.380978657640727081e-01 3.744035318801841594e-01 -3.112933608749385850e-01 -1.391172705755300276e-01 9.489298368479294477e-02 4.116048546638533256e-01
3.206921623638319119e-01 -3.853166974090707630e-02 -2.185220638125161263e-01 3.813795690087831147e-01 -9.858787355072048952e-02 4.828371681399042936e-01 -3.979617358898852042e-01 3.415919989747681074e-01 1.297231639629540245e-01 1.889487708991386683e-01 -4.178389153050803273e-01 -2.612536317220218174e-01
-2.571881093227152970e-01 1.211770795106745235e-01 -5.272340435412540272e-01 -2.860558695386950512e-01 -4.488898746436589260e-01 -1.801608409274610134e-01 1.027044231675892372e-01 -7.978685666587695749e-03 5.814825618534251624e-03 3.116114496677228618e-01 -2.706764622046384586e-02 4.446329170017327415e-01
1.490387366171284089e-01 4.496553852531668394e-01 -8.695044939151236330e-02 2.125219764261380428e-01 -2.904705601537715398e-01 2.315221222885004426e-01 -1.244411731146472799e-01 -3.471705119505864023e-01 8.034790585760685777e-02 2.187940421805409930e-01 5.203808972370456420e-02 6.137381988553435724e-02
5.908173068525347793e-02 -4.041071358237243727e-01 -3.242984078021297206e-02 3.794063771916660333e-01 6.410513395749172227e-01 6.144365374854233730e-01 1.229797647725008464e-01 1.966346933262493046e-01 -2.248413612211834500e-01 -1.330140359816326945e-01 4.400755397570543237e-01 7.973502230951194647e-02
-2.860785112523797375e-03 4.582041301055821414e-01 6.211432445562489746e-02 -8.672082214663866251e-02 -1.288953049759214986e-01 9.027533806681210526e-01 7.448588724546163428e-03 1.733964398462719270e-01 -3.596108109564339489e-02 -2.590256860530847360e-01 -1.583700586772572860e-01 4.313023588943996622e-01
-1.628654220338131287e-01 -1.644489644160073982e-01 -2.743778716515336003e-01 1.302142927408158572e-03 4.838776739844016239e-01 -2.577269028433247788e-01 -4.080376109535377438e-01 -5.639906339968907972e-02 -4.276922494464592273e-01 3.152326794779213293e-01 -1.643863672910723592e-02 1.515608595872752484e-01
1.422062079436650084e-01 3.049666984802179570e-01 -1.920988401541885715e-01 -1.949439258667293728e-01 1.208308910764475386e-01 2.182988277893894158e-01 2.431514866364892780e-01 4.007673911393655475e-01 -3.808121329460932847e-01 3.037055745000927787e-01 -1.253171069624634537e-01 -9.032651852733049325e-02
-2.313657493686638034e-01 -2.481091424808819501e-01 -1.633484380045044371e-01 -2.117228883080847224e-01 -1.062352106062146861e-01 1.416509973335527417e-01 -2.600405137892983776e-01 2.424845918727502603e-01 6.478462166634979535e-02 -1.966852629240117556e-01 -7.475606345084774215e-03 3.797687455421521197e-01
2.451293306379129927e-02 5.776835445620050191e-02 3.345343928913533937e-01 -2.019636849243931498e-01 2.160734822145890521e-01 3.863922721314633907e-02 3.583602010893612716e-02 -1.677542288597539122e-01 2.977201760657839369e-01 -6.037221271907921433e-02 -3.528214217988150936e-01 8.363927695033933352e-02
3.615486945237886829e-01 -2.481394461373098992e-01 2.028242803225786539e-01 -2.393568139657536453e-01 -3.034933647489096997e-01 1.945096766017253287e-01 4.238448543922778144e-01 1.772888731196062828e-01 4.213577028272712938e-02 5.192608465221604935e-02 5.084389897591498064e-01 -2.484497855569706981e-01
1.792105019437162938e-01 -2.202531004551493143e-01 2.817394125287554507e-01 -2.407662576379464292e-01 -3.457192662246486720e-02 -4.299748391738953956e-01 1.598794302875502227e-01 3.662231385569302833e-01 -3.115408330151777094e-01 -8.037579307074750601e-02 4.616978014447170042e-01 -1.659016155949571691e-01
2.267522250650239324e-01 -4.198278006740870372e-01 -1.210089508560284882e-01 3.900079517786808059e-01 -2.074981637225035425e-01 7.127694889459329497e-02 -1.343066125854347759e-01 -1.002242724778547589e-01 -6.256618128541875656e-02 -8.353075683297454812e-02 -1.717263970193547984e-01 -3.621077059620224081e-01
2.706852795923966326e-01 -2.428658535877498692e-01 -2.019382034651407976e-01 3.662924291059597715e-01 1.073228524380841348e-01 -3.052029373783173363e-02 1.481296962718408883e-01 4.307177028398010421e-01 3.654420248242821745e-01 -6.050793784414888465e-01 -1.589030919035648859e-01 -1.364540507146587145e-01
6.531569361267031137e-02 3.426535756328390470e-01 1.007430752113382261e-01 -2.346297772077321486e-02 2.877346641031601204e-01 -1.851511952958376506e-01 -2.389106072904658429e-01 -6.274334674313439275e-02 2.771958871134828639e-01 -2.491243290428017329e-02 3.146865462299429372e-02 2.683246052099863554e-01
5.976779884274918686e-02 2.546018133563936470e-01 -2.657210724024082205e-01 3.173609675447491146e-02 2.794647117815132753e-01 -5.038281905448587228e-01 3.234933347661645420e-01 -5.633311501076674332e-01 1.324484167078004704e-01 -1.598282433296377703e-01 1.667158804107648495e-01 4.941203687719891713e-02
-1.347796818288852505e-01 -3.139023728989695505e-01 -1.458319381293138317e-01 -2.124138724665703970e-01 2.243795123829487870e-01 -2.648234054557188979e-02 1.449100877587280456e-01 1.598569860399029208e-01 -2.726049749370025310e-01 -9.637510001431098816e-02 2.897616109582784039e-01 3.898660800733897563e-02
-4.606339682954072590e-01 2.361541521575841740e-01 -2.511683715282296281e-01 -1.579715597000050376e-01 1.682274879164197615e-02 -4.857666593009677403e-01 -5.285545410873675187e-02 3.666591486300107561e-01 -8.409265473862000823e-03 -2.427410006797423719e-02 3.302894338415587328e-01 -1.758552677486015792e-01
5.283666545736191988e-01 3.187102597105383461e-01 8.191890218244882171e-02 1.443620409021297291e-01 -3.910471572371262416e-01 -1.210409772566722192e-01 8.679628077833373423e-02 3.279902631747032560e-01 3.591992078204968020e-01 -2.829218711889625593e-01 -1.696406486048320783e-01 -8.692143526101354933e-02
-2.365531203760771750e-01 9.575985159106638334e-02 -4.009512957002670519e-01 1.643895152549268990e-01 3.520703694655623051e-01 -4.709951453417938749e-01 3.164963617171491772e-01 -7.792091821175404220e-01 -9.485758439785066387e-02 -3.830237263935256098e-01 -1.116653728603978490e-01 -3.027702191219185379e-01
2.281331389692768108e-01 -4.724461172885129345e-01 -9.794990611612134149e-03 4.545733401501062532e-01 2.461294178478726224e-01 3.394420179943256621e-01 3.715529478859297963e-01 -4.051932280988614909e-01 1.847821445023897502e-01 -4.468977336646354215e-02 -4.200407010797559959e-01 -1.452142613585246933e-01
7.956924200963982896e-02 -2.307270960797662140e-01 1.728067363250750110e-01 -1.151845672731745818e-01 3.497918626336367076e-01 -1.581049784116450585e-01 1.758443086104601039e-01 2.357860856642842728e-01 2.319847922211719093e-01 3.241131895171018851e-01 7.781392158004327153e-02 -3.755591313564172751e-01
4.659084683157785900e-01 -2.327062612899872818e-01 1.371556026571627562e-01 -6.259594468524972699e-01 5.801798637555889010e-02 -5.258128261987565083e-02 2.556837799104271225e-01 -1.055176541117177902e-01 -1.192401257416300792e-01 -9.133249473105518879e-02 -1.284047839642473710e-01 -3.929700002706584122e-02
3.120021102626908873e-03 -9.247485998628669768e-02 -4.044963304266577242e-01 -1.358505828832730911e-01 1.428623794037338227e-03 1.257056640034854601e-02 7.397254063746595831e-02 7.495456496718649886e-02 -7.437672715492392450e-02 -5.375929816549133156e-01 -2.998622824257321517e-01 -2.940210622960652553e-02
-2.801788047968812798e-02 -1.102756941179493799e-01 2.007584577746780730e-01 1.844054667168273931e-01 1.176738889608169997e-01 7.125523870005404103e-02 1.841580812062726044e-02 5.742087088317873733e-02 1.691280746702321092e-01 4.602345795712230458e-01 2.218778312309213283e-02 -2.544977283371865906e-01
-9.319921987046059231e-02 5.097544646338256769e-01 -6.279575619298755074e-02 1.568263234084009139e-01 2.143391016524971715e-01 -4.255350415640666850e-01 3.872457742543410353e-01 -3.274786096712309358e-01 -6.173261458792379114e-02 6.600373009106898226e-02 -1.622482995385586269e-01 1.543407237730953785e-01
-4.481225095423954086e-01 3.624856254174571579e-01 5.382245591141207042e-01 -1.267382122780924270e-01 3.191662200048312470e-01 5.725665021058929938e-01 -3.398128250460616950e-01 -1.830208680913748137e-02 4.038045613375227938e-01 -2.994653868848835554e-01 -3.804578343644748339e-01 1.821789307466973040e-01
-1.242836882898559585e-02 2.064144005394617232e-01 -1.024726998199392003e-01 -1.854071500279897700e-01 1.837364933957878477e-01 -4.534146531428472349e-01 -1.745709791217172902e-01 -4.278710703848952884e-02 2.363628672639686290e-01 2.653761275788882323e-01 -9.026360549283983514e-03 -4.386932567067255428e-01
4.264239244518422955e-01 -5.962886696042998813e-02 -1.225815287594167885e-01 9.858422876473320329e-02 -5.085301131214350345e-01 3.436941638282648426e-01 -3.422563778386161770e-02 -1.422862021179343295e-01 2.323441876638097647e-01 2.114979966177735482e-01 -1.243326737169962587e-01 -4.970886503188637340e-01
7.489230394663418111e-02 -4.405597776286004214e-02 4.094885978404670390e-01 -2.459637754097081797e-01 -9.270546522123734867e-02 -4.121081032389457000e-01 -7.478549487570343990e-01 -8.584511784438052240e-02 1.526675524810418849e-01 -3.919779965601610239e-01 -1.895776215015123334e-01 2.723002178389009598e-01
-1.761247975198799720e-01 -1.242312479309614637e-01 2.950854379391389393e-01 2.608083850038100393e-01 -1.635867054654064068e-01 1.732370944799904444e-01 -3.243946453975251609e-01 -9.135951404533183828e-02 2.617466758150126527e-01 -4.480183667207700005e-01 2.899782914642100584e-01 -1.377933624722487566e-02
-2.295280282483764533e-01 -2.493760433763815565e-01 -3.207542199302753638e-01 4.647349477651569610e-02 -3.563191776146884537e-01 -4.584387497816397872e-01 -5.582560633137406692e-01 -2.361897411268398250e-01 -2.217223801511371273e-01 -6.436854254333123082e-01 5.627674775275163244e-01 -1.857437129408754384e-01
-3.219858082216331407e-02 1.438929807868837008e-01 8.819666925800177804e-02 3.627760049136369291e-01 -4.535925175553520150e-01 7.427647691387192497e-01 2.769562638175365743e-01 -1.812566075707527369e-01 -4.111688674757425499e-01 -3.209990664221592516e-01 -1.142013442601747149e-02 5.394781032052404363e-02
1.762700273936781137e-01 -3.349500949084461277e-01 7.893573195774429563e-02 -1.533969729697904072e-01 2.952401181755499593e-01 1.433888191991765926e-01 -3.680151293912289900e-01 2.534349242406711000e-01 -1.591846666958886269e-01 7.111664163605137257e-02 -1.053498172483629813e-01 -2.932740927545212095e-01
-3.703690108972135797e-01 1.408178605578074560e-01 -8.092011070472516360e-03 -2.847491747006669072e-01 1.103701118866582190e-02 -3.914859774828301497e-01 4.594297031334646508e-01 2.423905186304168291e-01 -5.517085868381910174e-01 -4.716401331358129057e-02 -1.232749133457256702e-01 -1.518667173705626483e-01
