1.554211803232695699e-01 1.739306866035067733e-01 1.740916509360030950e-01 1.493122208570676901e-01 1.567753080841932378e-01 1.842148050379770474e-01 1.673800978810963680e-01 1.202806555978067071e-01 1.282339480366936346e-01 1.887710374149852988e-01 1.549350358406525463e-01 2.466533733867496969e-01
1.885496959839954023e-01 1.385027746730821407e-01 1.515716879436462272e-01 1.313118324364605516e-01 1.952159160565181129e-01 2.183571664217359709e-01 2.072293643442790212e-01 2.053019079811101710e-01 1.680362434196682464e-01 1.383341063956189110e-01 9.417768011959307128e-02 1.634116242242940609e-01
1.320517324860823183e-01 1.394063953468919759e-01 1.777456724111396991e-01 1.610594161897982990e-01 1.836595109552361105e-01 9.445607240931214177e-02 1.485844459268234607e-01 1.503067454367081612e-01 1.637264093721713387e-01 1.953262643986362068e-01 2.119653763016322023e-01 2.417119587655680579e-01
9.477454500988724551e-02 1.013780062364596918e-01 2.567744189207600281e-01 1.542114667004593209e-01 1.808489449920853698e-01 1.697007315668908889e-01 1.533609817683845855e-01 2.106582674764935215e-01 1.890220224019176776e-01 1.774299912999783291e-01 1.339994740487403524e-01 1.778411495779421148e-01
1.843532828818927050e-01 2.252013007825418578e-01 1.480661591418483969e-01 1.830336489850887816e-01 1.212504188461518695e-01 1.279329378707641518e-01 2.001363294675413962e-01 1.412751745380277091e-01 1.310717830758830194e-01 2.541217184223472647e-01 1.364240984210303154e-01 1.471331475668820610e-01
1.656259347264484871e-01 1.677953633853890014e-01 2.162252481954815009e-01 1.424522608079797914e-01 1.400081674559849332e-01 1.475766872576603772e-01 1.601818790788249458e-01 1.568604890054340062e-01 1.859215961045493082e-01 1.608605810471518960e-01 1.840517026837526771e-01 1.724400902513423817e-01
2.238047022334513914e-01 1.331403592827056781e-01 1.229108783282266693e-01 1.690030853662378152e-01 1.960417814119243540e-01 1.810724954795800978e-01 1.772413506191382049e-01 1.663343767299628739e-01 1.852464645655551023e-01 1.432511518218131386e-01 1.449321090494177233e-01 1.570212451119873953e-01
1.697611653422379796e-01 1.363368534909618068e-01 1.323531628145206418e-01 2.221451258813847973e-01 1.781256947321515904e-01 1.894837326908183350e-01 1.350915060031284420e-01 2.048650684134547539e-01 1.927929750751352644e-01 9.272642440023956545e-02 1.603945835313009827e-01 1.859237076246673115e-01
1.612246411638922350e-01 1.546703463008129997e-01 1.170645120203565870e-01 2.110051807880344854e-01 1.768175696927731799e-01 1.141164182822749229e-01 2.014956816181853738e-01 1.571405562604977768e-01 1.200302062023386324e-01 1.708479664694572131e-01 2.216660692028712687e-01 1.939208519985063939e-01
2.249534927974843057e-01 1.960320591552162928e-01 1.678629030895968377e-01 1.306741612555794296e-01 1.456270772496879307e-01 1.526718496946007919e-01 1.625895488205946482e-01 2.114127961912871667e-01 1.322502933617131782e-01 1.849585111798451864e-01 1.392000998802328526e-01 1.517672073241597974e-01
1.411079709350373801e-01 1.513480445545056785e-01 1.521614039518140726e-01 1.721757813237499435e-01 1.459689569936407083e-01 1.735943756999085430e-01 1.692251353972152872e-01 1.159969087689457085e-01 1.446390529786958368e-01 2.020496771278317283e-01 1.748011837540187907e-01 2.569315085146354205e-01
2.038226735206004336e-01 1.712703424411763653e-01 9.733071167430742965e-02 1.960071263508810224e-01 1.665727491272902538e-01 9.152633256924219696e-02 1.667802253864625051e-01 1.698757248702395528e-01 2.381197842036278378e-01 1.979221605342262325e-01 1.262704832501398977e-01 1.745016860718075768e-01
1.369820369883866795e-01 1.427962572563027388e-01 1.778237826540936262e-01 2.035764532703490115e-01 1.407187613963159223e-01 2.249497908635273991e-01 1.858069777794714161e-01 1.298188334940873490e-01 1.713198666987623964e-01 1.450357304036632156e-01 1.309852793107279534e-01 2.101862298843131527e-01
1.519323229435211586e-01 1.412355048675622005e-01 1.518060202770633027e-01 2.027063037652805100e-01 2.329180563025280148e-01 1.500424695853459500e-01 1.567808596714432290e-01 1.512881034715888307e-01 1.323308350548222934e-01 9.452693972578984916e-02 2.605163226051386838e-01 1.739162617299158942e-01
2.060814406467800786e-01 1.536940749286424268e-01 1.749871973633708722e-01 1.634328932694750769e-01 1.601696165209527956e-01 1.589601615402224666e-01 1.443680247310408782e-01 1.605093472328760207e-01 1.666349216278114054e-01 1.381070825225966803e-01 1.809924960147529793e-01 1.920627436014797351e-01
1.458587828923444407e-01 2.089297337290528245e-01 1.573361574549710651e-01 2.191717001352898042e-01 2.066524468796610559e-01 1.174599572022274330e-01 1.693150967463933620e-01 1.513438361387668407e-01 1.537741513816665850e-01 1.372198069613814464e-01 1.706609280090333747e-01 1.622774024692107409e-01
1.035662673485083507e-01 1.991652344043431944e-01 1.646361169906924160e-01 1.528913688367862234e-01 1.703092054967564606e-01 2.136579971572612757e-01 1.428360771346950386e-01 2.107495441009912540e-01 1.571390478628080234e-01 1.673411677972412026e-01 2.135800726470809541e-01 1.041279002228359674e-01
1.481277586106796162e-01 1.981638267185228952e-01 1.634558356472131102e-01 2.255938958529170035e-01 1.212977804058508052e-01 1.332296320420738034e-01 2.147015675380773980e-01 1.411717493263510981e-01 1.688555479522187708e-01 1.481633753396182085e-01 1.209451146621509654e-01 2.162939159043282822e-01
1.134939422370170176e-01 2.439579044478161207e-01 1.433332597441140388e-01 1.177610004889953765e-01 1.848607006854465218e-01 2.522095505113174929e-01 1.784582446559036251e-01 1.010194748149854521e-01 1.006262646961305074e-01 1.957161836533491961e-01 1.878665590058820611e-01 1.806969150590447548e-01
2.176212923795779464e-01 1.802902222274626598e-01 1.502024309756654075e-01 1.958467799672439225e-01 1.137896015365907065e-01 1.413708503050658816e-01 1.549356731752777883e-01 1.415751566727297961e-01 2.257112737790013257e-01 1.945858395151257025e-01 1.662099594320655960e-01 1.178609200341940999e-01
1.352110150409208678e-01 1.791455711250196370e-01 1.337444831012951640e-01 1.850118851720353730e-01 2.061446513570911465e-01 1.806970226574218241e-01 1.049993638021772119e-01 1.265476093687309400e-01 2.097719005334992004e-01 1.516989776544671320e-01 1.962998328996237718e-01 1.907276872877194940e-01
1.593907457172739628e-01 1.240883586786361154e-01 2.054342237545225269e-01 1.357421297799105420e-01 1.583053558854985166e-01 2.274819110214716944e-01 1.842889969521881444e-01 1.438930463473996335e-01 1.241565036111544479e-01 1.849084194967895722e-01 1.886338119298886506e-01 1.636764968252665264e-01
1.729616405605062246e-01 1.214079278990642941e-01 1.703710028492277373e-01 2.370889467011094709e-01 1.556329948261360729e-01 1.874515813540890141e-01 1.699406323084585724e-01 1.427968859228720966e-01 2.447476620129403480e-01 1.429202158907281195e-01 1.335780847434426821e-01 1.211024249314250623e-01
1.649409265863663876e-01 1.841687038426923495e-01 1.820883771040219257e-01 2.208344341170284941e-01 1.858549839942027215e-01 1.697099164852104158e-01 1.861571594091272486e-01 1.127239161445639237e-01 1.156138349751366645e-01 1.282585649842744591e-01 2.005707515894135096e-01 1.490784307679657028e-01
1.460295554793495931e-01 1.906150850264851093e-01 2.145943274610508378e-01 1.106349822573085284e-01 1.348154898710342553e-01 1.771890144053008542e-01 1.721599568145954773e-01 1.854014454000031398e-01 2.209526241552073611e-01 1.197978445240135276e-01 1.792830713574719848e-01 1.485266032481787069e-01
1.946362522895565550e-01 1.391136397601789587e-01 1.476058768792678777e-01 1.568020412522367901e-01 1.698196773513533930e-01 1.616673719223804262e-01 1.690511739173736205e-01 1.899073887985256726e-01 1.304268424163022022e-01 1.867534994646350976e-01 1.554057335193829992e-01 1.988105024288072398e-01
1.139155450848436391e-01 1.853287055554189711e-01 1.819958865483675137e-01 2.048263876837720376e-01 2.178275369519027116e-01 1.768363628757981254e-01 2.190629200118329734e-01 2.141039842019318296e-01 1.386313669164617179e-01 1.290497986305800260e-01 1.202474138483992233e-01 9.817409169069288288e-02
1.837482435258408764e-01 1.585772166598853894e-01 1.935004277302505571e-01 1.556745797607421156e-01 1.206911905283257064e-01 1.816193728800824525e-01 1.673359025955496460e-01 1.474046507273008566e-01 1.383140194578423854e-01 1.562112691267402709e-01 2.422215097265870420e-01 1.547016172808527434e-01
1.731257681128618442e-01 2.112163393652210230e-01 1.292595462605103940e-01 1.581895005164920265e-01 1.659334867416047687e-01 1.683302918936672166e-01 1.606799905149559060e-01 1.544023601346381502e-01 1.911725114300248107e-01 1.395494108727556859e-01 1.718558096697864745e-01 1.762849844874819216e-01
1.158899198582338946e-01 1.732995047251555953e-01 1.857383887239234255e-01 1.962215737640367053e-01 2.330776161991131024e-01 1.485076433669002549e-01 1.623694902103345605e-01 1.432624963473661805e-01 1.297631350152225471e-01 1.630207838685282240e-01 1.730892911761883757e-01 1.757601567449970370e-01
1.145136838783815253e-01 1.525146415207445649e-01 1.572345426363523924e-01 1.285344205048507549e-01 2.680547128714493854e-01 1.517374509412955930e-01 2.148034080633514642e-01 1.937008991139019809e-01 1.693323375328527614e-01 1.689023874022576310e-01 1.400866952331117909e-01 1.405848203014510578e-01
1.940489427604423778e-01 2.593442417749529105e-01 1.747241920746392119e-01 1.654850378770486297e-01 2.046628013539255886e-01 1.535569752435003432e-01 1.321640489037667621e-01 1.456297627084303659e-01 2.051199159403037653e-01 1.427993026224999018e-01 9.252149853960139891e-02 1.299432802008880783e-01
1.755299283161742274e-01 1.835704437908080022e-01 2.301330263312130753e-01 1.531539109798665255e-01 2.593017169192512461e-01 1.566002395897440891e-01 1.100350926601050272e-01 1.180638570329366616e-01 1.292755697129882864e-01 1.468550450541519226e-01 1.406703834323637103e-01 1.968107861803964631e-01
1.502361174989088610e-01 1.562459711953371744e-01 2.350959382726645064e-01 1.527780584796918917e-01 1.903128547349898225e-01 1.632121618952769027e-01 8.827902932112216550e-02 1.343468065217435781e-01 1.620943861802266739e-01 1.482742354937351681e-01 1.582047539635226541e-01 2.609196864427821283e-01
1.902636723484670278e-01 1.433543610674144486e-01 1.597902748932606698e-01 1.813765683241378435e-01 1.155047339151523689e-01 1.466721387207975402e-01 1.137859090031238668e-01 1.863715007508016663e-01 2.406424303808208376e-01 2.633210229838293115e-01 1.327979998759458435e-01 1.261193877362478677e-01
1.612051375936364717e-01 2.007035087589592870e-01 1.615635621072428196e-01 2.266588731297731196e-01 1.695134296601082668e-01 1.329858373555012629e-01 9.320443538880422707e-02 1.968182648201632912e-01 1.508236314986072801e-01 1.689633372563751346e-01 1.620619743110913447e-01 1.754980081197386466e-01
1.723007637854076513e-01 1.856100986199272773e-01 1.221373400612396354e-01 1.652574175364703024e-01 1.912661607059667479e-01 2.075736653212436056e-01 1.643725049518135473e-01 1.672805624741629527e-01 1.269321651788480887e-01 1.625338822894385749e-01 1.918454043948652210e-01 1.428900346806192823e-01
2.047539851407174649e-01 1.763363011808654346e-01 1.854497970014786223e-01 1.534226072930797991e-01 1.386279483407401591e-01 1.257676615877463822e-01 2.604845333345315872e-01 1.628065948724622125e-01 1.990027390107865779e-01 1.576575140107226991e-01 1.117025988315385188e-01 1.239877193953287382e-01
1.313814344348973595e-01 2.148939637491212307e-01 2.435756065424398431e-01 1.781896366743528082e-01 1.214359905635104264e-01 1.482880007588898708e-01 2.288562206413943256e-01 1.611091238988822116e-01 1.546424635548320492e-01 2.040174789911079201e-01 1.270665491923312906e-01 8.654353099823958173e-02
1.197307091254743161e-01 1.041961048346447816e-01 2.128187366877629660e-01 1.599633070464969165e-01 2.170472633744567892e-01 2.534699114527650954e-01 2.067512457195798958e-01 1.523002853454988315e-01 1.025478418835694960e-01 1.615546283132671679e-01 1.755103384989427084e-01 1.341096277175410634e-01
1.190558166444193322e-01 1.356492808696337371e-01 2.032655398319149764e-01 2.188797841636783703e-01 1.189531861804114937e-01 1.331670516864021936e-01 1.400422537065483808e-01 2.146446846936919672e-01 1.287883962156332052e-01 2.113518664297926730e-01 1.609664153554657418e-01 2.152357242224091083e-01
2.248927815301041133e-01 2.376464644244699609e-01 1.767713632497778797e-01 1.993993047806379149e-01 1.693933889539718241e-01 1.249593183955367420e-01 1.373382052734565817e-01 1.309182530689147195e-01 1.539808395004776675e-01 1.354281258228657858e-01 1.761827873653594168e-01 1.330891676344250762e-01
1.553832354756892187e-01 1.840005069197480636e-01 2.045248756455811390e-01 1.860683825282999915e-01 1.386516988739790179e-01 1.229167138923035751e-01 1.971370078163190986e-01 1.023413286379983578e-01 1.023751978703519444e-01 1.751654793591422843e-01 2.450500317658438620e-01 1.863855412147442103e-01
1.563319463414825083e-01 1.454708953931980187e-01 1.415662208369875552e-01 1.523111191381130158e-01 1.473290683978669691e-01 1.498053857530865784e-01 2.170811212702434823e-01 2.144572424157337731e-01 1.508486446507889267e-01 1.628861660374856246e-01 1.618918471942314419e-01 2.000203425707827165e-01
1.825326568647684944e-01 1.496456744627434887e-01 1.568262852225449366e-01 2.051925316719661885e-01 1.704025784400008958e-01 1.755391645350161678e-01 1.623714705942476133e-01 1.182012933663032089e-01 1.560705534487475399e-01 1.353664066149784795e-01 1.773576074872525998e-01 2.104937772914285965e-01
2.126029154840844981e-01 2.103016119673091211e-01 9.554960384282026875e-02 2.225243044203702725e-01 1.661386447296906710e-01 7.979581945553071431e-02 1.525711988072463998e-01 2.536156999520329247e-01 1.019371602561116308e-01 1.615662366785412529e-01 2.256152418121811221e-01 1.177815625940816652e-01
1.703085871922577765e-01 1.199239633534505689e-01 1.399691952485467850e-01 2.341466405251781402e-01 1.183570922467139241e-01 1.398474903066828368e-01 1.485663633584077548e-01 1.825637595678779590e-01 1.697109287757146978e-01 2.129748621349603077e-01 1.644599366872651625e-01 1.991711806029422271e-01
1.921038310161659046e-01 1.794282305741677908e-01 2.084728621447460850e-01 1.590876186391334546e-01 1.418095879594728492e-01 1.656539726545190050e-01 1.780993792847765378e-01 9.604686647857624271e-02 1.761672429215594415e-01 2.495681403443984203e-01 1.466504433892201475e-01 1.069118245932657030e-01
1.705990950248618687e-01 1.364863471165055353e-01 1.510752870306595330e-01 1.815647654072619910e-01 1.310301684304641667e-01 1.757756999421973276e-01 2.217918975154472838e-01 1.308634550411172381e-01 1.632238035753480476e-01 2.013713967543319106e-01 1.416004820930696351e-01 1.946176020687362951e-01
1.629421815431546794e-01 2.093665908798897357e-01 1.578770387850901291e-01 1.160114920585748749e-01 1.676166732231906265e-01 1.760484237033809185e-01 2.173281393310821374e-01 1.421549972517382743e-01 1.668428748345351931e-01 1.505917184915013529e-01 1.693456129220386464e-01 1.638742569758231682e-01
1.666987812098728317e-01 1.694978772825835311e-01 1.338994125880660635e-01 1.259864520117254527e-01 1.895187732166596362e-01 1.644710779100279630e-01 1.549787849829054875e-01 2.061952297675676560e-01 1.597669907320169447e-01 1.625329185127791232e-01 1.978740082938195699e-01 1.685796934919761014e-01
1.630647780435342531e-01 1.571470413572889080e-01 1.631290718653309324e-01 1.614137287046022440e-01 1.993130663783744261e-01 1.983769727879562961e-01 2.015924843441544712e-01 1.772896892700035476e-01 1.627662584614315011e-01 1.280654497659715618e-01 1.520116480107487344e-01 1.358298110106052614e-01
2.270014434703290784e-01 9.591563657511660568e-02 7.962235992085586744e-02 1.458031972275840582e-01 1.971099555012814086e-01 1.589752625334087677e-01 1.987459873679118250e-01 1.901884124080498728e-01 1.315004689426963469e-01 1.815316160137610546e-01 2.204226268080568540e-01 1.731830332309476916e-01
1.776879006553418183e-01 2.134622899403511020e-01 1.789684353565929864e-01 1.702405725151435179e-01 1.556445031945944690e-01 9.203784133258714750e-02 1.475257075427612863e-01 1.667288211366248496e-01 1.213704043786728304e-01 1.590731480369833584e-01 2.212239574907213513e-01 1.960364184196259074e-01
1.544841321949214363e-01 1.298224149115583259e-01 1.902862348301165851e-01 1.389527626553009321e-01 1.516693996930491561e-01 2.271360070051186009e-01 1.901281488231101879e-01 2.076651739506840677e-01 1.523465237998446464e-01 8.995645507910851602e-02 9.168420767642740388e-02 2.758685393807605024e-01
1.405409696527739616e-01 1.512557868291181107e-01 2.143139369957376417e-01 1.507934783015604518e-01 1.886843285670772030e-01 1.861772924856138212e-01 1.583159947514360399e-01 1.991859815932938149e-01 1.792116592956570775e-01 1.612902511892819191e-01 1.142247266384583126e-01 1.560055936999930615e-01
3.013572031454446742e-01 1.312321546341652101e-01 1.269447475877602538e-01 1.719309265490410188e-01 1.918037065813812392e-01 1.451583743339479593e-01 1.186056493239302095e-01 1.460350548215806898e-01 1.902802175450590272e-01 1.916949894267026555e-01 1.374739298888149608e-01 1.474830461621714495e-01
1.636927061414343576e-01 1.585445265712754626e-01 1.847124005871066954e-01 1.869547906731842124e-01 2.365921895884183779e-01 1.987894639134689667e-01 1.279178565667678513e-01 1.344491717748079462e-01 1.691152232570433400e-01 1.258927782615645863e-01 1.736867436581787660e-01 1.396521490067503812e-01
2.442825376836785523e-01 2.090667457595783707e-01 1.468396334801561898e-01 1.635767417255694633e-01 1.365232858639540414e-01 1.389416962458940585e-01 1.433129284792100111e-01 1.664872022641511184e-01 1.523601121216286158e-01 1.599028232711688369e-01 1.557186723946659135e-01 1.829876207103450780e-01
1.572975540182289245e-01 2.120070324370512127e-01 1.694058785299558390e-01 2.086735820205879999e-01 1.589314107228499418e-01 2.057581927252282727e-01 1.789757491996393224e-01 1.332683134100279831e-01 1.267540110127006736e-01 1.760925012290552039e-01 1.433142793403354154e-01 1.295214953543394054e-01
1.126163028315918802e-01 1.620717887680633296e-01 1.683478683409957988e-01 1.858919510007697173e-01 1.850261657271334848e-01 1.999165436719548827e-01 2.487037575196904271e-01 1.418270572626449400e-01 1.985908412779555376e-01 1.351456798071464238e-01 1.093436063558802518e-01 1.525184374361733541e-01
1.654290613677709965e-01 1.668993515587921250e-01 1.831569932824235469e-01 1.408967968472026877e-01 1.275990460885767230e-01 1.357764586676455387e-01 2.044658197085958973e-01 1.398924883529621410e-01 2.117379227066840675e-01 1.523878602679194783e-01 2.542343903808801930e-01 1.175238107705461887e-01
2.284315775868180354e-01 1.840267751811126562e-01 1.546352495067284394e-01 2.167782766986940668e-01 1.171069802009454819e-01 1.096313001018369426e-01 2.109520151858499670e-01 1.864945010735307718e-01 1.064492129554074351e-01 1.604835444432173852e-01 1.709804316616018449e-01 1.540301354042550308e-01
1.389915634532711552e-01 2.607898187120888389e-01 1.680848233189135010e-01 1.620678972409509422e-01 1.271896832020475709e-01 2.242256437095528077e-01 2.036069085785076060e-01 9.244703175815620344e-02 1.335232749059409307e-01 1.654939853478137324e-01 1.533520287361233581e-01 1.702273410366309525e-01
1.352829363598294643e-01 1.722634895527753729e-01 1.274534426836487211e-01 1.412944835847537162e-01 2.136374879871346666e-01 1.660465548245533829e-01 1.696893798740825854e-01 1.538684285782883632e-01 1.548542359763888099e-01 2.095288385944923115e-01 1.847533746250007158e-01 1.713273473590529727e-01
1.720285618702471209e-01 2.081972715425480791e-01 2.408479114502086182e-01 1.466079834695179218e-01 6.890194829177101465e-02 1.465912336542152250e-01 2.014244983117246535e-01 1.357816136156894671e-01 2.121361080285382450e-01 1.948241408621202153e-01 1.475392757638092633e-01 1.251194531396098986e-01
1.320726318622412743e-01 1.731685636775606718e-01 1.955562392538462424e-01 1.328844658737273476e-01 1.716787416737397542e-01 1.274706793480574196e-01 2.199871601460771653e-01 1.365518467316606810e-01 1.420504568440636994e-01 1.469298871576478205e-01 2.228615325364050048e-01 1.987877948949729190e-01
1.837435453664013063e-01 1.499737499487090731e-01 2.246222379779562739e-01 1.928673414725108892e-01 2.139379657986382188e-01 1.794408530029127091e-01 1.439928854932822355e-01 1.601271681007907510e-01 1.570949765632533857e-01 1.258782234983309711e-01 1.488294617273849818e-01 1.194915910498299538e-01
1.470166317438433845e-01 1.261001316454453125e-01 1.792338644805472336e-01 1.530895986047590418e-01 2.093841095477932679e-01 1.484945317912426399e-01 1.821228273818976673e-01 2.189167710452637472e-01 1.592974627370152274e-01 1.426218057285920104e-01 1.668381147907643802e-01 1.668841505028368644e-01
1.828667970119349506e-01 2.369271048192267415e-01 1.936952109245992926e-01 1.304767790156406426e-01 9.385655119357297349e-02 1.071818614927830815e-01 1.710780549053110278e-01 1.669443506544223688e-01 2.162808248169594272e-01 2.018791989417796084e-01 1.302266631461809210e-01 1.685866030775889923e-01
1.759909117263542822e-01 1.319201540958929719e-01 1.630597255306877880e-01 1.989910867678166273e-01 1.865012647803897528e-01 9.050779085666207924e-02 1.669388414242259366e-01 1.659256275311169482e-01 1.792394266954204229e-01 2.160578045225628463e-01 1.941078757333951077e-01 1.307594903354713511e-01
1.788100385310968654e-01 1.789226718365092839e-01 1.988833585728275177e-01 1.475981332444920580e-01 1.010528090859969669e-01 1.861678459083616621e-01 2.121098007448110612e-01 1.678817194005908786e-01 2.162354554554746233e-01 1.247940116298114077e-01 1.422115464618046998e-01 1.453326091282234889e-01
1.467896410262615192e-01 1.345448575399545432e-01 2.008967365708727304e-01 1.988371498281826244e-01 1.610884048661844203e-01 1.493756017561969629e-01 1.325447966291246060e-01 1.289297363951220909e-01 2.286261532988278777e-01 1.439028704959957050e-01 1.847328522913293525e-01 1.897311993019468734e-01
1.873499907492944261e-01 1.935427881581311960e-01 1.772366242633305333e-01 1.914049926332729856e-01 1.675411376405981367e-01 1.449701403792881260e-01 1.962342482032869428e-01 1.337717476445713094e-01 1.463689964989058345e-01 1.919661076142712142e-01 1.548019917468189122e-01 1.148112344682304942e-01
1.689812219411765959e-01 1.593713542266105287e-01 1.319365698417523103e-01 1.945886420541417527e-01 1.495732235309513714e-01 1.561587606050895694e-01 1.687180624436179777e-01 1.888191289134442952e-01 1.323855209709449698e-01 1.737625714242516106e-01 2.171251096133011982e-01 1.585798344347169597e-01
1.406539000929799554e-01 2.033966821120842539e-01 1.571315375168391704e-01 2.000167655209938167e-01 2.167651039345598329e-01 1.458013198956731316e-01 1.170653683014483970e-01 1.495570931081504629e-01 1.759356892927362304e-01 1.607998256220874445e-01 1.261229355794497020e-01 2.067537790229972972e-01
1.526989137968993160e-01 1.816240026116492934e-01 1.408023328149340947e-01 1.930402631078009246e-01 1.710767980457587600e-01 2.248911048185125716e-01 1.404888454196258352e-01 1.184600642416423349e-01 2.090545377871472765e-01 1.711709594061527062e-01 1.153060247817620232e-01 1.813861531681146833e-01
1.339732594322047832e-01 2.126109059282542124e-01 1.668406787773950017e-01 1.136634266615777766e-01 1.781706847299738272e-01 1.544524271654110215e-01 1.670723405841357534e-01 1.708911360268273727e-01 1.640040798890643470e-01 1.596144047452806580e-01 1.799270309055380213e-01 1.987796251543390846e-01
1.400477967758110565e-01 1.963932734538776370e-01 1.979572361389449753e-01 1.262490689986015546e-01 1.501293291670640073e-01 1.797313172987302921e-01 1.455023132345064085e-01 1.046942552808049764e-01 1.262239380402405964e-01 2.537196405607234362e-01 1.905219647487877421e-01 1.888298663019073453e-01
1.649769374282810674e-01 1.357347731598188556e-01 1.610952287844068520e-01 1.779116992005230491e-01 1.430437691669006195e-01 1.944201009395187529e-01 2.073747344993289721e-01 1.776837743269846781e-01 1.427622071835789042e-01 1.784617778976793356e-01 1.705028001876762733e-01 1.460321972253030287e-01
1.468958863019358962e-01 1.351431930615566435e-01 2.007714215736119967e-01 1.531955286436394448e-01 1.344661015932377690e-01 2.312211532307399953e-01 1.361339641477194995e-01 2.346689539960982729e-01 1.543123798747030595e-01 1.714105805960256801e-01 1.458411927061691871e-01 1.559396442745610845e-01
1.826945214624728919e-01 2.003993211408561237e-01 1.850823891862564130e-01 1.871125706406537303e-01 1.378012834824797195e-01 1.639971385961401240e-01 1.463856926194930796e-01 1.432695915053125990e-01 2.010214722764998574e-01 1.744882976492589388e-01 1.254100004609532970e-01 1.523377209796234477e-01
2.213929609901432449e-01 1.318685927188386342e-01 1.904836935271368714e-01 1.809647729981682662e-01 1.536670543848928094e-01 2.278841057978415185e-01 1.594650302519497465e-01 1.118190782323075227e-01 1.616936715861448937e-01 1.640057693037412223e-01 1.181843768632746539e-01 1.785708933455596170e-01
1.136406050423074826e-01 1.269978973651752774e-01 1.613004593299054157e-01 1.618415326218355654e-01 2.253028287728049972e-01 1.925464976648074145e-01 1.597152472132580825e-01 1.265961048789579213e-01 1.327016697046934368e-01 2.128649481084388673e-01 2.014500469422256246e-01 1.850421623555890127e-01
1.687356977307845618e-01 1.412944715947551111e-01 1.970787877592060922e-01 1.216792404139438177e-01 1.109074117686021377e-01 2.016757578264805340e-01 1.268545525261440265e-01 2.432523614691466662e-01 1.626730500256038658e-01 1.833411253084721859e-01 1.597774332905604888e-01 1.827301102863002347e-01
1.426396925395174708e-01 2.361067053657808223e-01 1.661713267977808772e-01 1.178734657462482405e-01 1.377954011433443204e-01 1.238805239217200538e-01 1.271938359776175753e-01 2.276809389014700646e-01 1.510819917756044961e-01 1.659261539831840548e-01 2.255255067330908525e-01 1.781244571146400890e-01
1.670760073703683457e-01 2.000483736583821004e-01 1.579811451049785431e-01 1.805062878918348712e-01 1.400592869282698549e-01 1.940814569398773282e-01 1.555648309891339287e-01 1.435967110479275666e-01 1.426341024206456698e-01 1.313635462818464883e-01 1.630688999806289285e-01 2.240193513861080399e-01
1.140535726867457911e-01 1.834397945567415589e-01 1.537063736505089873e-01 2.418577225649097828e-01 1.592028202998901354e-01 1.560558241922806455e-01 1.312289806194050223e-01 1.720154781167423652e-01 1.776544913017530924e-01 1.727214630943197937e-01 1.812932992887301142e-01 1.567701796279737936e-01
1.483914665473148320e-01 1.632656589987482032e-01 2.060018311130131785e-01 1.710165621802560709e-01 1.516054741092500990e-01 1.499665075525581370e-01 1.410495737857169751e-01 1.389982067074523597e-01 1.622819455514189213e-01 2.226902343094779302e-01 1.893363852740623243e-01 1.553961538707299139e-01
1.803538049881633076e-01 1.918274611662735274e-01 1.505328642402859463e-01 1.475460099875319231e-01 1.632741408372421210e-01 1.694745443787497308e-01 1.741724694499530712e-01 1.735642510248137371e-01 1.493723573693870599e-01 1.181621989707306308e-01 1.702661866810672997e-01 2.114537109058010345e-01
1.678874020090534991e-01 1.187911377119933443e-01 1.745376937911409243e-01 1.472988137163187272e-01 1.461996240492097476e-01 2.271902214428923872e-01 1.319519485579487283e-01 2.067745588028829795e-01 1.783245949672312425e-01 1.574626910003866231e-01 1.873637820259743125e-01 1.562175319249680672e-01
2.431536121461218003e-01 1.216276299698166585e-01 1.079308337443868060e-01 2.022527334373032393e-01 1.346889044672766045e-01 1.046647057096299349e-01 2.221111452100277828e-01 1.714326366306921368e-01 1.153616178372893486e-01 2.083961914784659697e-01 2.163019776089660506e-01 1.520780117600258330e-01
1.595391297552573862e-01 1.329334053505619173e-01 1.754558722318381170e-01 1.809086690844790013e-01 1.426462871949766009e-01 2.214517067587787880e-01 1.846932514564548489e-01 1.644560875340122796e-01 1.328201409193459914e-01 1.237975711873461060e-01 1.588665933740472103e-01 2.224312851529020585e-01
1.186807389349653907e-01 1.710792189056073442e-01 1.810600542063937612e-01 1.543134515957395314e-01 2.367501888055352222e-01 1.290850512376195969e-01 1.589701679634529519e-01 1.868249924513291083e-01 1.322034260196672251e-01 1.252305319405300488e-01 1.797059826727617771e-01 2.260961952663990693e-01
1.482995964638436914e-01 1.550250057491516231e-01 1.105320418293000984e-01 1.782203432913700980e-01 1.722445081908608455e-01 1.976194568519549222e-01 2.507751921320418020e-01 1.540407605342726249e-01 1.301829874563353862e-01 2.073134725171842940e-01 1.743869448929126764e-01 1.213596900907717852e-01
1.926578873088400368e-01 1.761640227582317864e-01 1.225006406639383150e-01 1.362316561673628246e-01 1.866318122368481047e-01 1.475828301332143266e-01 2.107437795433852179e-01 1.738485214410654955e-01 1.359007191896474120e-01 2.268149117162702177e-01 1.354748321718193815e-01 1.554483866693769922e-01
1.705132514806192434e-01 1.690164635011280336e-01 1.710147581388070104e-01 1.369807013145350472e-01 1.746972855770173305e-01 1.917072164998111505e-01 2.072933092345473904e-01 1.604111616863457546e-01 1.672141832664185146e-01 2.162186105256078961e-01 9.155434132030980388e-02 1.433787174548558085e-01
1.709186853533397332e-01 1.561685334917358725e-01 1.446626208233407485e-01 1.355345038272721403e-01 2.343412882288440080e-01 9.391629750294724910e-02 1.170981061265629897e-01 1.939520378504206999e-01 2.193538769348613304e-01 2.091803636967458080e-01 1.704212615026950983e-01 1.544524246612330454e-01
1.467375958483350951e-01 1.990344378469237618e-01 1.587340561299150909e-01 1.750495823655772720e-01 1.249679544365521477e-01 1.445074834952942422e-01 2.100921158337968331e-01 1.388225930507105965e-01 1.767395335742646678e-01 1.556168985204920974e-01 1.730535327225848907e-01 1.966442161755532769e-01
1.958121620670379426e-01 1.359609221528540468e-01 1.585161484810750088e-01 1.899434075690552004e-01 1.610751579969590397e-01 2.080701553753890876e-01 1.041372527286607563e-01 1.177856393143995872e-01 2.295437577612212121e-01 1.613176464583168102e-01 1.604797057666698112e-01 1.773580443283636066e-01
