-4.651808223724341329e-01 2.301333526692495024e-01 -3.889718083548804883e-01 -2.583989846892898457e-01 1.762074273354246878e-01 -1.730257718689737656e+00 -8.728274605436400213e-01 -6.426045579894231752e-01 9.965845059108155990e-01 -1.017289378523890786e+00
-1.436681582521130096e+00 1.538621747045351373e+00 1.415531920111471109e+00 8.450420412961298644e-02 -1.286422268545434899e-01 3.225245544749947291e-01 -1.141072865716695306e+00 -3.225335828710611946e-02 -4.071764543249919988e-01 6.769507124940211951e-02
-1.224727392624661126e+00 1.925673454507840221e+00 1.588060274827346185e-01 -5.102130573646314060e-01 1.974392714225028378e-01 -8.383380440505001641e-01 -9.883577955273328275e-01 -9.008822728735984553e-01 1.204962972747647409e+00 -1.055298308342713876e+00
-5.726060278302357309e-01 -1.477418863801757798e+00 6.813062571756177688e-01 4.242578733254264711e-01 -8.968924092300829820e-02 8.747792475782968369e-01 8.159157155365640013e-02 1.925684030472372132e-01 -1.369137736685414497e+00 2.931096489271525773e-02
3.701841867338662162e-01 2.227130122135414364e-02 -1.328527236740244755e+00 -1.836860250855488541e+00 -1.445977821564824461e+00 4.610714598110915441e-01 1.124181731228149461e+00 1.139126023307534208e+00 2.287976939375731544e-01 9.897214410519532546e-01
3.796427948391776774e-01 -7.590986102962071769e-01 2.232582452123232919e-01 9.687739790659031236e-01 -2.114836031208043310e-01 5.320166953934204468e-01 -4.029063208672203356e-01 2.247912787985276051e+00 -5.667792475145720932e-01 1.930963872911465984e+00
-1.211262923265142288e-01 -6.594324118783104205e-02 5.478439016760822122e-02 -2.241947073246410405e+00 4.518442092899379037e-01 8.952760733840894325e-01 -2.928113535987846294e-01 2.429440272583966443e-01 -8.358311284531949603e-02 1.125439563003754140e+00
1.115188668975225283e+00 -4.309451662440318964e-01 4.331106251808186647e-01 -1.687950156349112385e+00 -8.942679682691070386e-01 7.662482748113387254e-01 2.913549253102842296e-01 -1.815200514048027847e+00 8.112877545740231067e-02 -1.963315128323634307e+00
1.984035974363282939e-01 -5.168529019956127346e-01 2.093065528438475820e+00 9.327460570566100673e-01 -3.731267337814614948e-01 -7.284186120012757504e-02 -6.521965724377424278e-01 -3.733880796376758959e-01 1.007149617497708149e+00 2.061342667581642196e+00
2.549713751103288573e-02 -1.078111790946082171e-01 -7.400086595245249921e-01 1.039839308074193669e+00 -2.120611861145199339e-01 1.432053313426736585e-01 -5.020328402291449610e-01 8.806108824154086356e-01 -3.513687639037819666e-01 -8.194141896812090486e-01
-1.338554491455875572e+00 7.442076125631859052e-01 1.797821013685051150e-01 -1.023273178842125208e+00 1.982447949565025735e-01 -9.009756417214708213e-01 -5.752485064269016179e-01 6.824341854210858038e-01 3.036074279443282897e+00 5.984506775918403410e-01
2.276264059383696914e-01 1.226793815071308691e+00 -1.038487955483753611e+00 -7.507126370834832363e-01 1.542489381693688877e+00 1.169454584455141694e-01 3.362715741326909313e+00 -1.413502079909534581e+00 1.723307039281991360e+00 -3.514863352598016771e-02
-4.762263629867461434e-01 -2.024163700541214139e-01 -1.166713180868653721e+00 -4.783177055780076237e-01 -4.067229194777940982e-02 1.692473271277243008e+00 -7.984201336067070498e-01 2.327743734486862059e-01 6.065530537981096426e-01 -1.935053817318244662e-01
-4.276682379286966817e-01 2.735371142840886893e+00 5.318676459730639072e-01 3.751248326689121115e-01 -7.575925349064202008e-01 4.457962501502455988e-01 -3.482259938590464565e-01 1.654731256789908178e+00 1.093410982914275298e+00 2.065536750206837802e-01
-1.129709029248662899e+00 -1.698991991501575427e+00 2.061269341705854463e-01 2.082729925722917930e+00 9.026167026976175123e-01 -5.604658952837765495e-01 -6.309950413881324494e-01 5.036812618940667008e-01 -5.258338256312964365e-01 -1.801019966460567778e-01
3.017899410985389053e-01 1.637134732586600638e-01 8.719507347635878647e-01 1.714848752720603831e-01 -1.415974815258720154e+00 9.308269699286318977e-01 -5.065530894409874252e-01 1.659750171099685576e-02 -7.930622397040903993e-01 1.068717442096231540e+00
4.621907598672027606e-01 6.613365410235330089e-01 -1.849088692076183760e+00 -1.248489344485208541e+00 -6.944086147113059937e-01 -9.763951191934466811e-01 -9.737402816722229293e-01 -4.000374138785621203e-01 1.440195866944088188e+00 -3.298047715574082273e-01
9.090125013896712680e-01 2.062647392063781115e+00 -2.013919784560470050e-01 1.368211649547753206e+00 -1.364666159969332826e+00 3.562614792483281834e-02 8.269881456057212588e-02 -9.372944358239968521e-01 -1.531886670671972261e+00 -6.624416472768206166e-02
2.463380658136697376e-01 5.329137102708489393e-02 1.825318635968752601e-01 -1.678271683419995386e-01 1.861652662642452771e+00 6.702483211295056087e-01 6.717727036982806821e-01 1.190402825373477746e+00 1.509291489217478091e-02 -5.744844594170843699e-01
8.680641463849381179e-01 4.062822157297528158e-01 1.882172633566949971e+00 -2.955483505414757128e-01 2.065443582872642792e-01 -8.719236382289474729e-01 7.834410976870253007e-01 -1.938660121874746789e+00 -6.872161311308464526e-01 -2.917423938742219391e+00
-7.538437538822267969e-01 -6.796073244345771647e-01 7.092165731992053912e-01 -1.631221388022894514e+00 -5.910889129904651762e-01 -4.182461744389761038e-01 -8.649432356104758135e-02 2.398495656619832050e-01 -9.780475234736991652e-01 2.008704652296573745e-02
-3.700236647888343611e-01 2.892345467672632342e-01 -3.017214694166683309e-01 -1.854687332240686048e+00 1.495866426292853484e-02 4.789856297518347850e-01 1.291148350172608428e-01 -1.049895898403516048e+00 -4.137546744292023848e-01 -6.287216348245440178e-01
-3.836649198935015298e-02 1.151301298916161064e+00 -8.575891555352630480e-01 -3.381128570281389245e-01 7.402856534326837101e-01 -1.104905355991570998e-01 -2.885579616805953457e-02 -8.836264742561940055e-01 -1.475964166017132317e+00 -1.044319267989958444e+00
1.479138031248822260e+00 -1.671703809146719844e-02 -3.444292497076105186e-01 -6.643987534629750558e-01 8.306905918015611290e-02 -4.513647660255332150e-01 -7.156516897987972303e-01 5.027124316483536637e-01 -8.021010881239285517e-01 3.008894939757841280e-01
8.512416952456146602e-01 4.350786286548807835e-01 -1.022762044250314251e+00 -1.099444041943776984e+00 -6.491458924545874254e-01 -1.151627143932330427e-01 6.100952594671052616e-03 4.574360892966145564e-01 7.380005816949849473e-01 -1.542266068612369034e+00
-2.397498801288612813e-01 -1.169968421173048556e+00 1.097251906119247167e+00 4.483269548170663171e-02 -1.237122281390570441e-02 -1.652073173748245249e-01 4.367881136273188414e-01 -1.582680454062717901e-01 -6.271043634669608569e-01 -9.344099408641699522e-01
1.953055501463418220e-01 -1.136778051404006229e+00 1.213897266258101848e-01 -2.197520255011758961e-02 1.580237208161761275e+00 4.867258532023376882e-01 4.045777268033542984e-01 -3.037156081559829190e-01 3.566565641025269962e-01 -5.962980354616619350e-01
-2.736759160237425825e-01 -2.923668930322718573e+00 -1.699579872442897113e-02 1.007767700941744338e-01 7.629906687002133703e-01 4.986725629717358999e-01 5.290131029095990201e-01 6.194773909989753635e-01 6.202276459088701399e-01 1.195105139563240430e-02
-1.095040621467191500e+00 3.208789940142223740e-01 -6.470759906818375207e-01 9.405625470805455413e-01 -4.054699146818617206e-01 -2.990201154456315069e-01 -7.267742417683911160e-01 7.631474252991780061e-01 -1.561433362127782276e+00 -7.061494492172500081e-02
-8.262053376326906895e-02 1.256105354605693281e+00 -1.003724300388926682e+00 -2.508947120605598435e+00 -1.664299117607652423e-01 6.870433901901731311e-01 -8.394519046127922879e-01 4.967793987700538927e-01 -1.015659897626206121e+00 -2.149198482087701922e+00
-1.065817874597270176e+00 -5.236256015137510239e-02 9.258921256424903698e-03 4.363937216141133141e-02 3.370710117326686794e-01 -2.218386929074726496e-02 4.853416451281386546e-01 -4.118713186947995930e-01 -3.566777127862167385e-01 -1.009900487190499074e+00
2.137618145943496639e+00 1.214681601932525501e+00 -6.279971872102392549e-02 2.076892171998036274e-01 -7.260407753893094451e-01 -6.808231618774788219e-01 -2.366181235531973570e+00 1.458772492098651785e+00 1.045532902219540095e+00 1.614365993689709233e+00
7.300131495755458610e-01 -9.862525764564473718e-01 4.045729121943097417e-01 -1.127378251804207032e+00 -9.622699981986252427e-01 -5.541900688855079249e-01 1.983168731804398455e+00 -1.039757940865255303e+00 1.038182663994754229e+00 4.504400147778425678e-02
-1.400406401293950720e-01 1.079837629428723744e+00 -7.256736683630169438e-01 -2.742208844826945935e+00 -5.124929133079911825e-01 9.485713818140724118e-01 -4.986982796712540744e-01 -2.997830569953701119e-01 9.671774307255810721e-02 3.908975946766574672e-01
-4.063922790773789040e-01 2.647496602031783053e-01 4.614150111174089020e-01 6.489712740835421045e-02 -2.304025944585862629e+00 -5.823533637246822714e-01 1.269465344074297841e-01 1.585424554194626856e-01 -1.717558452985388229e-01 4.729598579906097444e-01
3.278965016917896325e-01 -1.624610011239396579e-01 -2.015514781696219782e+00 -7.320243545432821852e-01 -2.636211092783637966e+00 -3.297352184523091867e-02 6.845051414440032067e-01 -2.817123389682081869e-01 -5.590203088022780570e-02 -1.053844956158878299e+00
7.664163002849974093e-01 7.839404819991121487e-01 1.661140706498445141e-01 -8.369814195824024639e-01 -1.031198067990057199e+00 -1.815423771298151356e+00 -1.250782073342484368e+00 -6.419228929818630858e-02 7.490066537014791193e-01 6.083958199510437481e-01
1.091290221877627920e+00 -1.255417281345735159e+00 2.514359967068940271e+00 3.055318637078053290e-01 -6.994809731571739464e-01 -4.810125002006135353e-01 2.957138473336473963e-02 -6.181777168790039134e-01 -1.807813705263370041e+00 3.723863985925856407e-02
1.892458586881091420e-01 2.728831523283115623e-01 6.163893529004302874e-01 -1.320508286948833820e+00 -5.325625398579914016e-01 -2.129974734464663122e+00 1.143933306405144901e+00 -1.353299479871295619e+00 1.845907996750229207e+00 -3.710658493642531308e-01
-1.285836280258568776e-01 2.872776266440056903e-01 -1.186302636163171220e+00 1.642792727550675957e-01 2.544463922275741918e+00 3.253772947473249078e-02 2.212182593764376648e+00 4.013288074087156820e-01 -8.302353652476541779e-01 8.017754318825244253e-01
-6.110935311361175293e-01 -1.522262019966735824e+00 -1.494989910715519357e-02 -1.674558036018239271e+00 1.749313704322504215e+00 -6.237549580885030087e-01 1.719169830677615307e+00 9.448023658481321529e-01 -1.484242046588528929e-01 1.213554522240975597e+00
-5.020512636643360560e-01 -8.901801479927646810e-01 2.090455204329216832e-01 -4.458708173572104028e-01 1.258946366974241116e+00 -6.324706154992590923e-01 6.699242072689497451e-01 -6.034093794515475728e-02 3.815646292950033991e-01 2.011851139227621710e-01
2.537100379610030543e-01 -1.025139564554281790e+00 5.698712928798594923e-01 -7.608140147219925042e-01 6.268352922887829859e-01 8.754972898095867428e-01 -2.811831561860213657e+00 6.373331239107953294e-01 2.446388965025925177e+00 -7.657018690309048692e-01
4.277506728644944745e-01 -3.535374790668173728e-01 -1.683161462265981623e+00 -3.708789474066260805e-01 -7.388580617839490827e-01 -2.166340147027261964e-01 4.435706441719592386e-01 2.649638800446823053e-02 -3.020154273004397316e-01 -6.784839778856063264e-01
-2.357110813205748334e-01 1.254341723179205559e+00 -9.075812564553504824e-01 -1.785203182568737779e+00 6.538320877249014229e-01 8.009813291458391937e-01 1.262417378782326960e+00 3.848691493802873786e-01 1.756014660824131712e-01 -3.281153929142477388e-02
-1.372395813817310017e+00 -4.459191126908115810e-01 -5.863249080523955659e-01 -1.393422382878576560e+00 1.724423255949671496e+00 1.451133853562059040e+00 -1.687865434210660487e+00 8.867728279093066712e-01 9.841742602791393457e-01 1.026178590581703132e+00
2.990289147723168117e+00 1.800853881240121190e-01 1.784720972184507426e+00 -1.067861943546816184e+00 -1.002856656497775195e-01 -5.528643604727030425e-01 4.152789949329067642e-01 -3.719602152027378095e-01 4.247511381187422108e-01 -2.237999956876409069e+00
4.341008625852598168e-01 4.122013904468710410e-01 4.633195923673618100e-01 8.105325317355921433e-01 -1.303690189811000044e+00 -2.377782734886620952e-01 -7.171551981293188271e-01 -1.624266000764007956e+00 9.678864826237862928e-01 2.052406733326888610e-01
-4.151094971521048782e-01 -1.705193892726844171e-02 -7.378564732207903987e-01 1.704480686135221024e-01 -2.574082075427649441e-01 -2.418698478146517061e-01 -1.336105699363975940e+00 1.809954302615264909e+00 -1.072981156366301925e-01 -3.923510661399225996e-01
4.613232567773933868e-01 -2.717343331601766443e-01 7.640399282598768771e-01 1.842039666774749396e+00 2.045888641899913818e+00 -1.448259748308152961e+00 3.336288168790124686e-01 2.426197829300812125e-02 3.927407047086475256e-01 9.476470624085460148e-01
5.894307129477160956e-02 6.120470593822507910e-01 -4.908298288993191427e-01 6.991364884687573111e-02 1.629559067719051457e+00 -4.169865900804222703e-01 1.158594375946211175e+00 -1.970308925749708395e+00 5.954221367794002573e-01 -1.835126305932050783e-01
5.022243109418029761e-01 1.668111514391121375e+00 2.580460915281702627e-01 7.475877503601806584e-01 9.305186828651614839e-01 7.842835555935502301e-01 7.038259781114866165e-01 -2.445349494742706520e-01 1.890767867814247272e-01 8.519829576064075205e-01
-5.229840639251462919e-01 -1.087163192660390409e+00 -3.662570489411031555e-02 8.845340673422715794e-01 7.906711983274802291e-01 1.909227423056197193e+00 -1.365221213784326704e+00 -1.167040173557414295e+00 -1.399434454201442746e+00 -1.938431986675061757e-03
-1.227400177478514820e+00 1.403115655822145369e+00 -2.132941898674954873e-01 -2.824702515790266766e+00 -7.941866452003547294e-02 4.254575003430113300e-01 5.334167722306838444e-01 7.119960736478583296e-01 -8.821643852909022421e-02 -5.859659305780975380e-01
-1.072820007665735043e+00 1.362228053487134494e+00 1.176551456686401265e+00 -7.773474883391032764e-01 -1.045504517739354711e+00 -1.014801087685822945e-01 1.716830766617934101e+00 -7.433470631701061260e-01 3.153333591312468820e-01 8.196333411994554119e-01
-2.126342287373097939e+00 1.321906575499561143e+00 -2.214540419517969649e+00 -5.998731599488080213e-02 -2.879031413844204690e-01 -2.621213677665037989e-01 -3.809076480751111826e-01 1.027889749063467750e+00 -8.485129839998154511e-01 -2.504711898077686683e-01
9.477003969674521744e-02 -1.255881560852678547e+00 -5.347040855715136098e-01 -6.144406445270957917e-01 -1.467228971877568178e+00 -2.436613194809390259e-01 8.558067987369591956e-01 6.942615409262267168e-01 -1.835095638869288226e-01 8.037936786526680422e-01
1.728448658197128951e-01 1.415817130534070323e+00 -3.792778343751871950e-01 8.325200720384691166e-01 -1.575639138979058607e-01 7.257449315533716083e-01 1.776869019779295567e+00 1.051218421946895076e-01 -1.325912449357740330e+00 8.736626084494542033e-01
1.033063148999132430e+00 -2.228130693485875502e-01 -1.321799390681556385e+00 -1.426824060488192991e+00 7.266659424800254730e-01 1.394931979372195929e+00 7.979715565673729527e-01 -3.025668476272831975e-01 -2.949021607821974422e-01 -8.177105322738174031e-01
8.183173093093050465e-02 3.091992068094027712e-01 -9.767231482119966834e-01 5.300734145484955473e-01 6.473541196134320330e-01 -9.351928563881484191e-02 -1.770971007241747497e+00 7.640258750421832779e-02 7.505864436778511006e-01 1.925231999421308030e-02
1.555104587564097196e+00 -3.377404934529446012e-01 -3.804867867084772981e-01 1.099016208504875469e-01 1.216314366270810243e+00 3.913859217139050717e-01 1.463409963787779988e+00 -3.594697085229267564e-01 1.687914434051364321e+00 -3.988664252512555963e-01
5.526890438794584970e-01 -1.678195876692563093e+00 -1.147219194561400979e+00 1.490954909543311446e+00 1.074435843537624446e+00 2.626187362002266878e-01 1.298986311982298414e+00 1.060356032366130519e+00 -4.714381451565992087e-01 -1.313712690721376308e+00
-8.161083986246071564e-01 7.619355715592963652e-01 -1.097525620021724713e+00 1.113402830401659660e+00 2.717668987082385024e-01 -1.017922229268097167e+00 9.204552867417629125e-01 -6.899019311529405174e-01 6.073638365468403411e-01 -2.121936481754923554e-01
2.372074631004601031e+00 6.196498709648532444e-01 -9.006149853031555907e-02 -1.404786504649159495e-01 2.938683217069464892e-01 -1.320186619744169398e+00 8.653739989719629877e-01 -6.450757251125439629e-01 1.517666415027248750e+00 2.642509560357274023e-01
3.712848027999320899e-01 7.256037607693004432e-01 -1.482719272040629477e+00 -1.513675062534272087e+00 -1.963863886953328419e-01 5.819905704550070585e-02 3.338518236137958395e-01 3.739681389473276663e-01 -1.880091133995671182e+00 1.585633082761780666e-01
-3.775699696843167613e-02 4.943576556193618465e-01 -1.402553248344321768e-01 1.107881908756602973e+00 7.097039014956647573e-01 -9.672263191391122783e-01 4.614507541236131383e-01 -2.505529753948141369e+00 5.322422850973487218e-01 -2.510858135346654141e+00
1.127505766124847764e+00 -1.671184719397222684e+00 3.721117768735973663e-01 -1.467826971682564263e+00 8.602592381778043640e-01 -5.360246399763552994e-01 -1.372558706106384419e+00 -1.070058092948215744e+00 5.799133061295491665e-01 5.073458190519241073e-01
-1.330390925065985996e+00 -1.399149672008245471e+00 -4.878136255933834264e-01 -3.145695806679694062e+00 -1.043245728998025701e-01 -5.116218111321179512e-02 -5.868666223522976955e-01 -5.959681171423829582e-01 1.699043873401441251e+00 2.937147068801208571e-01
4.761131110765158825e-01 5.813836105955519917e-01 -1.437445248255717400e+00 1.225728777806897263e+00 1.946778129316700245e-01 -3.519206263170127080e-01 8.168059879729654416e-01 -8.898784984237351203e-01 1.465382429021708344e+00 -4.643225579668293634e-01
3.449254125159182394e-01 -1.012782923023678588e-01 1.401322125983523181e-01 2.752429385373140192e-01 -1.245241277226243753e-01 8.602021010157704373e-01 -6.599056393681557164e-01 -3.401036123867902106e-01 1.265529278796603485e+00 -1.236777915059646960e+00
-6.650308570066169045e-01 3.153837701372649294e-01 2.600190358841644733e-01 1.356189721843221063e+00 1.192192620660982527e+00 6.269156249650394974e-01 -1.851007133133670379e+00 1.011801597798114516e+00 -1.396906846770833210e+00 -1.942190358151929752e+00
7.442657439484207105e-01 -1.141649365723844900e+00 -5.935512428613479718e-01 1.344364237597606371e+00 1.624938577339277934e+00 -9.241437759231901916e-01 -6.509340570912206525e-01 -1.324237516207080301e+00 2.092431895236828224e-02 -3.231887207198705370e-02
-9.120268871927593723e-01 -1.326488950432446745e-01 5.482784154753906902e-01 6.197377848869604078e-01 -1.405613370222395797e-02 5.304625122255680614e-01 6.316582078080870133e-01 1.319737071056402422e-01 1.269697502702188840e+00 1.620798751443072172e-01
1.743038754533841606e-01 -6.911287474922835905e-01 4.813877097386279336e-01 -9.273755930639838718e-01 4.357412186451840169e-02 2.221964496911509879e-01 -9.129348879877279277e-01 2.269474264419616638e+00 2.671192772063105125e-01 -6.424672078691477939e-01
-2.298737147091837185e-01 9.234955567053411141e-01 -1.518165956387435012e+00 1.115054234445080672e+00 -3.819599599298595938e-01 2.024627442728581528e+00 -5.750565841811127177e-01 -7.645055757268137686e-01 6.871653907348067303e-02 4.989307657213637448e-02
-1.036302960245599092e+00 -3.174808318415694441e-01 1.096393960492287212e+00 5.822696084252685367e-01 -1.025968809787264208e-01 -1.011936971412747521e+00 6.977729772660776764e-01 -6.854744003886168446e-01 1.179001020805943434e-01 2.266922559855587771e+00
9.211939338315183745e-02 6.876805282727649349e-01 1.987542190506193851e+00 -4.861938212458367103e-01 -9.469693396282792275e-01 -1.176721094163183823e+00 -2.001311153755954420e-01 8.893930543233412589e-01 -4.559114973707757978e-01 5.329843065714554573e-01
4.837780573732945039e-02 1.381209423589319529e+00 -1.459995258673391083e+00 -4.847512572460666580e-01 1.032347008369609354e+00 1.302322957897798839e+00 1.288044329591212733e+00 2.137903179229623529e-02 -4.814248054022730594e-01 -3.345373764390906918e-02
-1.324006218207743002e+00 8.751462407943142452e-01 -2.176340928889166637e+00 2.408900581608275637e-01 -1.609052064633554435e+00 1.329873261001882356e-01 -1.097073285116759278e+00 -2.583236476426915007e-01 2.023232493690602762e+00 -6.430080569110391275e-02
4.125843098540429299e-01 -5.856649719659020592e-01 8.043156112854488171e-01 1.983031143738698043e+00 1.897767659540033236e+00 -5.537441660333233262e-01 -9.326251418960321837e-01 3.782728193079977208e-01 1.377692695451514293e+00 -7.064431723024398035e-01
-1.554368527509557119e+00 -5.870745912360335605e-01 -8.314402928855267258e-03 1.322532112515985459e+00 -6.384946564819112824e-01 2.689036341488446058e-01 1.824126546183403530e+00 -8.675031788441494029e-01 3.768973212334899570e-01 3.536328216063086005e-01
-9.293190375331996655e-01 -3.827633026866129051e-01 6.959610807023476620e-02 1.923372778263606198e-01 -1.901584875991785051e+00 1.807179463948696441e+00 7.861206923171987215e-01 6.614942976021354060e-02 1.177873221884359278e+00 -1.938707893107570746e+00
4.116157406622782400e-01 -3.686360760673729198e-01 -1.722306792385702279e+00 -1.199012005869120934e+00 -7.637560249629344877e-01 -4.901038072263045886e-01 -1.257802896986238261e+00 -1.262223645968730268e-01 -1.373685641571793070e+00 1.223464443811574265e+00
7.220055294198876594e-02 -5.028400120126086392e-01 -1.532017527538308554e+00 6.147067041652293229e-01 -2.165175092790850853e-01 -5.280291519815889512e-01 2.923454538036871497e-01 -7.105428205040515977e-01 1.179204828037486052e+00 1.721563867203314668e+00
1.950893377679161211e-01 9.044991441780411146e-01 1.493521765218632336e+00 7.284128304709498458e-01 9.014574147065622378e-02 1.729052702383964357e+00 1.472249432040525496e+00 3.631181911686582886e-01 -9.908212051597439229e-01 -2.778740534784003846e-01
2.085265033077563945e+00 -6.370184282708737933e-02 4.244421838949872239e-01 1.291903459911296348e-01 -1.323390949914664105e+00 -3.637691086494387327e-01 1.030366509143399063e-02 -1.119327074685167567e+00 -4.211057165940093050e-01 -2.841197881179117757e-01
1.077196907125994807e+00 -5.518480167985858609e-01 1.256915198499667374e+00 -5.078415902541614235e-01 -8.945026607982208278e-01 9.840857414738032327e-01 3.386808187410277893e-01 -6.081942948573189067e-01 -2.538398310001617753e-01 1.578924978812652757e-01
-1.014423055047004585e-01 1.496073385117908883e+00 -1.038748875039976038e+00 8.393603719062701085e-01 -1.082768951897160159e+00 -9.958611636550422919e-01 -1.124616758669236605e+00 7.271906095168764184e-01 -3.263001817602417254e-01 -3.688725780967079260e-01
-2.122996612531288463e+00 -1.460908206474217597e+00 -3.369413293450503888e-01 7.149251728827905605e-01 -5.229564788808103160e-01 2.554487474329040775e-01 -1.511942247146050411e+00 9.260227011784886650e-03 -4.709572934967072300e-01 -1.472129968406379552e+00
2.829088911190574818e-01 6.875202201964400461e-02 1.483422462109614592e+00 -5.510927793118317597e-01 -9.163218624730690154e-01 9.752932656594942573e-02 1.865810057671730027e+00 2.467098441746593096e+00 -1.053224828056638085e+00 5.246095887647999056e-01
9.846812825964531557e-01 2.081616336551806778e+00 1.056285810887779286e+00 -1.174225910933620609e+00 -2.128994466949354791e+00 -5.948299331148655389e-01 1.241579059666378271e+00 -4.195166687640935477e-01 -6.399946417413024391e-02 -4.212041811951887094e-01
5.221935920215796667e-01 -4.900865227588685480e-01 -8.242478259128480089e-02 -9.189826804459961807e-01 1.909460829983769647e+00 -1.700668131740099565e+00 -1.094183653313246518e+00 -9.445527350542741729e-01 2.542602519924584970e-01 1.079656012402939291e+00
5.423990041271070650e-01 -2.618836903482641421e-01 9.146214026632463190e-01 2.710138461337055493e-01 9.462297964331161104e-01 -2.510344935504116304e-01 6.448149356003203270e-01 1.228735469201822084e-01 -8.853262967301703812e-01 1.029141193166031476e+00
-1.667376353799288280e+00 4.727188705290764625e-01 -4.580734663576029320e-01 -1.804332271267227450e-01 -9.566625259317339536e-01 -7.691140859308034372e-01 2.481141311432659424e-01 1.520695534688776496e+00 -1.857510606909835271e+00 -2.701334036809929229e-01
-1.560649647291912689e+00 7.093466871845723887e-01 -9.478228771012622289e-01 -5.186289308291021360e-02 1.602573997539883832e+00 2.050917257520913584e+00 -1.918498729866435326e+00 -9.315678017441502146e-01 1.065673164540490575e-02 1.510243055634459264e-01
-9.901997824464336961e-02 -1.630479752301441584e-02 5.295785608148205759e-01 6.300750075215947321e-01 1.405916913262236889e+00 -8.347542479522390702e-02 -7.132340597432634821e-01 -1.843448406184983179e-01 -5.457502796656293897e-01 -6.622476265029991760e-01
-6.046377143635891516e-01 9.768267387437439275e-01 -6.795094928938604228e-01 1.039156803994806699e+00 -7.433007836393463741e-01 -1.370470377215717572e-01 -1.146106040471048138e+00 1.738766706548936281e+00 -5.549152278771445346e-01 -6.820813405458707734e-01
-2.459396724526282940e-01 9.649965687106321424e-03 -1.442585519748386114e+00 -9.144709878018730809e-01 6.364516275942595502e-01 1.394222237905787254e-01 -1.077573715260031317e+00 -6.287055989571181946e-01 -1.531022472929296496e+00 4.831341334010034183e-01
9.768991207696213486e-02 1.562289486042407749e-01 -4.268983584108723139e-01 -9.701654994765657181e-01 -2.083964937141161045e+00 1.573566622773059143e+00 -9.229527562803251373e-01 -7.024214616219086604e-01 1.212262441082490927e+00 3.072182873390073149e-02
-4.439061941471803552e-01 -7.735407404860606961e-01 1.098829862570523286e+00 -6.004201451356121488e-01 1.223025700209903421e+00 -4.328186113887680930e-01 -7.019860958533044037e-01 -2.459086344109642081e-02 1.244756843417552217e+00 -4.177494363491542351e-01
