4.289813641157398938e-01 3.520061933837082546e-01 4.032903472136098455e-01 3.915440445978052297e-01 3.879924536476894725e-01 4.880530707932336787e-01 4.611026603896785092e-01 4.318438263069210858e-01 2.091870759598056517e-01 4.459989635918103490e-01
4.821013982263737674e-01 2.461544732803600255e-01 2.637145437617784971e-01 4.058720725860151535e-01 4.167210803361089400e-01 3.894129799902625866e-01 4.756661126939968343e-01 4.337137532190659117e-01 4.577409724613769049e-01 4.289026134446626282e-01
4.663519825547320363e-01 1.415035575870486895e-01 4.190394779673369818e-01 4.708658266687408833e-01 4.564181053714329028e-01 4.868537968093225032e-01 4.731392479318047850e-01 4.516512516204831962e-01 1.782267037555002598e-01 4.559500497335944869e-01
4.583089866332665796e-01 4.786539681993138839e-01 3.079768769144716756e-01 3.497997989385379092e-01 4.040898333674641796e-01 2.940777005674249933e-01 3.859271799083914267e-01 3.970494375047756708e-01 4.848095435390595287e-01 4.393066744272994262e-01
3.819541143273900707e-01 4.434138807644286695e-01 4.927712666241516049e-01 5.001632876890327317e-01 4.928815231898253657e-01 4.056940781965879816e-01 2.814300638811707000e-01 3.154344382316124906e-01 3.994561911988921965e-01 2.868011558969080221e-01
4.153369468287460009e-01 4.816399254476971814e-01 4.471950513736386856e-01 4.089388930883189888e-01 4.674016691572595583e-01 4.343161942002015108e-01 4.602782401765805886e-01 1.892308346284237719e-01 4.569689873611115227e-01 2.386932577380208587e-01
4.203877599019023581e-01 4.419276102771868553e-01 4.408659515251719396e-01 5.070971823350982621e-01 3.703467396394909406e-01 2.957920941296598993e-01 4.273827165464996192e-01 4.124726520435770261e-01 4.186526107171802957e-01 2.650746828842358571e-01
2.303969963732763193e-01 4.228164767289365189e-01 3.903588213088411973e-01 4.865189643105537476e-01 4.506442830579645564e-01 2.515346220887305639e-01 3.594574471420411976e-01 4.888551880048197518e-01 4.284862940000180309e-01 4.909309069848227791e-01
4.407289558697083387e-01 4.659590095030403667e-01 1.756266210304672781e-01 3.943763885965584359e-01 4.824857883386512447e-01 4.861038176922325982e-01 4.968935978326949887e-01 4.821458627451248313e-01 3.919134020987252165e-01 1.837665562927942309e-01
4.317504695958918615e-01 4.330456566838319921e-01 4.464115447300194273e-01 2.638544485151767538e-01 4.154554020323330543e-01 4.077323269862946908e-01 4.308975558861108945e-01 2.832685480814286505e-01 4.231021678004072695e-01 4.644818796885058498e-01
4.800596676087348635e-01 3.007592616860376156e-01 3.909080814897705758e-01 4.725061528249145382e-01 4.486183890535968555e-01 4.893971074392278187e-01 4.832911387835534534e-01 4.260585701613761600e-01 1.028332897828846959e-01 4.055683411699091412e-01
4.382523531309185927e-01 3.646449444985002675e-01 4.906631369858209801e-01 4.834693340425861852e-01 3.900618727281295328e-01 4.565433812118998014e-01 1.042588826067536029e-01 4.955312819245478728e-01 3.319703217743456558e-01 4.446044371966880182e-01
4.493855702038067612e-01 4.607004012296899154e-01 4.911237640020867934e-01 4.667210783829060516e-01 4.229131288078584738e-01 1.638682904908491667e-01 4.506212461853955076e-01 3.888603237892008790e-01 2.946058542446939876e-01 4.112003426635151282e-01
4.686161432076234590e-01 1.250108471677995881e-01 4.401066838076601040e-01 4.712281220701319273e-01 5.001481404825942612e-01 4.641143311774431068e-01 4.650902181181585937e-01 2.638017418118258073e-01 3.487286458319432403e-01 4.531551263248169703e-01
4.840280196961093129e-01 4.972897428637301220e-01 4.234379890629448306e-01 1.626941859675881674e-01 3.536006289976016959e-01 4.480339842525548066e-01 4.328738026112051163e-01 3.250819536549172106e-01 4.310386970867623457e-01 4.419209958065888899e-01
3.868443602176772633e-01 4.045165766560473442e-01 3.259090197239422615e-01 4.061828524441107313e-01 4.825280267055394590e-01 3.418382757600666455e-01 4.548935843865675732e-01 4.315771546451201979e-01 4.622087436538941385e-01 3.035014058070328868e-01
3.240719273847537107e-01 2.607589916153372211e-01 4.826066794469463517e-01 4.813954213222054745e-01 4.822886679096011209e-01 4.878971877907528065e-01 4.772967933167421295e-01 4.304501225799460262e-01 1.618300782071328547e-01 4.114041304265754206e-01
3.457979331806780854e-01 1.952156074844081657e-01 4.212233111923236462e-01 2.258709852475626056e-01 4.761473351651921426e-01 4.384004446129202148e-01 4.579567047302489646e-01 4.896678093913635621e-01 4.982574026949663781e-01 4.514624663003337091e-01
4.603735755229895199e-01 4.677998860349002475e-01 4.512168612844140725e-01 4.473549527767622380e-01 2.067597316372790373e-01 3.887468327922345979e-01 3.807503876082246608e-01 2.866923355224995640e-01 4.351486815779530004e-01 4.751567552427452545e-01
3.529668588192316214e-01 3.747237027519904617e-01 1.937137509832966009e-01 4.278925370619180990e-01 3.972961922698931003e-01 4.512264739176555794e-01 3.280356585916422985e-01 4.951305087290154838e-01 4.599088093596127025e-01 5.191055075157475773e-01
4.411825664698653671e-01 4.230425515791094160e-01 2.526563320222810494e-01 4.712057978590950547e-01 4.386235192905914015e-01 4.231201729417636281e-01 3.790046601653732639e-01 3.289400681714187979e-01 4.468740915677780756e-01 3.953502399327214478e-01
3.984023919263965929e-01 3.188842761512016288e-01 4.081071647212363707e-01 4.845004264893496004e-01 3.874021301902784153e-01 3.024881725705832469e-01 3.631719861942778738e-01 4.606658671407195538e-01 4.391792550066149770e-01 4.371983296093456817e-01
4.033225406360991805e-01 1.972744625057269441e-01 4.471183836647126819e-01 4.254318554305966948e-01 2.723904525825094902e-01 3.928029961880117327e-01 4.168152045002756489e-01 4.766130361672355487e-01 4.926475278050136963e-01 4.755835405198147181e-01
2.078460648317155823e-01 4.143308411016071724e-01 4.463937018553234548e-01 4.594967051358921362e-01 4.144423844794939416e-01 4.325054264896446843e-01 4.437666865605905953e-01 3.417306367625824737e-01 4.529186403169827013e-01 3.865689124661655374e-01
2.792776799451581193e-01 3.443620383241987604e-01 4.676503005016331427e-01 4.801661773873556194e-01 4.687091249352108302e-01 4.278339327250557655e-01 3.958517103680467830e-01 3.315698529415346818e-01 3.311666923176093680e-01 4.734124905541992057e-01
4.470649343717398860e-01 4.652062704103230306e-01 2.348827071719312154e-01 3.880380012333525808e-01 4.081668992529735029e-01 3.971535974974392813e-01 3.256755414026379913e-01 4.018672287433856516e-01 4.559568491839260385e-01 4.759879707322837716e-01
4.225948959839090913e-01 4.829205925286845225e-01 4.314536491539554541e-01 4.206974282532446874e-01 2.258983051510632667e-01 3.748894349249042302e-01 3.851469978845301623e-01 4.249069388351962018e-01 3.801642343380743916e-01 4.513275229464434601e-01
4.544389290620197697e-01 5.225835684676994886e-01 4.407452126371105838e-01 4.117963194493381440e-01 3.199453087255880179e-01 3.635123785364690052e-01 3.739583389127604796e-01 3.433858170402382393e-01 3.437470876183482682e-01 4.258870395504298356e-01
4.700607614690199831e-01 3.868365060629502805e-01 4.296890161133505304e-01 2.637225366390517078e-01 4.205020560266753415e-01 4.276441619897698443e-01 4.337955543091818189e-01 2.760344853398379872e-01 4.727047034646902346e-01 4.190102185854642780e-01
3.989998526753158470e-01 1.752274039990646126e-01 4.494070788937701844e-01 5.029761966136185869e-01 4.175007930799902178e-01 2.890730624554582739e-01 4.350435094384068613e-01 3.644422569052854222e-01 4.698696826941751725e-01 4.974601632449126010e-01
4.689106144026803369e-01 3.995640680866799910e-01 3.763208365149595114e-01 3.702531073740705780e-01 3.563657663156805100e-01 3.827467783354677744e-01 3.175754638080565684e-01 4.200542543756113911e-01 4.376209939559470019e-01 4.705881168308501117e-01
2.230056919125547044e-01 3.632340808590914794e-01 4.683400924685601208e-01 4.739937897695541968e-01 4.966352684337297929e-01 4.829524465949853185e-01 5.133906517473973974e-01 3.175240111310579372e-01 3.466603726287179610e-01 3.142635944543522575e-01
3.395517644081304520e-01 4.717556292994636302e-01 4.371336796846414519e-01 4.928030283299955072e-01 4.837875185385422938e-01 4.530938384313797918e-01 1.378943938107948797e-01 4.618833897236669372e-01 3.331982604717925733e-01 3.888984973016022528e-01
4.032361784816196337e-01 2.743341748311545203e-01 4.525538697238685182e-01 5.099491835488700886e-01 4.387678301352179178e-01 2.698561831792704035e-01 4.255252082645529788e-01 4.331638930704449497e-01 4.120601899104150423e-01 3.805532888545868908e-01
4.259239542713711968e-01 3.627571273607694824e-01 3.301654773105951457e-01 4.029469309746092076e-01 5.026349944245761536e-01 4.526767376200148685e-01 3.955951073164154508e-01 3.715460429226779548e-01 3.999582437714347960e-01 3.557953840275305812e-01
2.928576397761432637e-01 3.794629008092603173e-01 4.909949161448002308e-01 4.595477333364561545e-01 5.061822508483468930e-01 3.853942461233614836e-01 2.585720334614563520e-01 3.949773265162239144e-01 3.937574881359818812e-01 4.382534648479641248e-01
3.280999969030481966e-01 2.901373696995089846e-01 3.938653648739166568e-01 4.728453613092836183e-01 4.854369537150106106e-01 4.998126838807309125e-01 4.843067808302786159e-01 4.181666082502620840e-01 2.915154446994128179e-01 3.358134358385456153e-01
2.539663010784427577e-01 4.606508950164433513e-01 1.150088423279602423e-01 4.168015042463241726e-01 4.774147818594277060e-01 4.732453006492206016e-01 4.579555203128218288e-01 4.676994548671562502e-01 4.929616043622801480e-01 3.842957952799288535e-01
4.008326970405800549e-01 3.520734654105780459e-01 3.439074933460676275e-01 4.803922705319469966e-01 4.654831201759419002e-01 5.066748278142603201e-01 3.549007246105671531e-01 4.804230478921410752e-01 1.803045194216172931e-01 4.350078337563031972e-01
4.906754776579667077e-01 4.762751310227555379e-01 5.004040655931952797e-01 4.408925142115320828e-01 1.264448394836508727e-01 4.290990567183973758e-01 1.748133232880031696e-01 4.159429658985915323e-01 4.914551753510530419e-01 4.539974507748545385e-01
4.706932661544037666e-01 4.995435758734306231e-01 4.609263917689073731e-01 4.964580243240286350e-01 2.332741636306764343e-01 4.587385162236159442e-01 2.741516963267747187e-01 3.482947461346643792e-01 4.376032648084333121e-01 3.203163547550639811e-01
4.562744251725358580e-01 4.747183177657174902e-01 4.232070744978390642e-01 4.373773944780045553e-01 2.441734625026008021e-01 4.436940608448749490e-01 3.634771320921397209e-01 4.021726635883467460e-01 3.641410666746552893e-01 3.907644023832769764e-01
4.530512393351973088e-01 4.911497465292181119e-01 4.165029451605274380e-01 4.581866398590991318e-01 3.468164993342854885e-01 3.228025627969876021e-01 5.196574711512812472e-01 3.985015243140846986e-01 1.211183685848155889e-01 4.722130029345012470e-01
2.995513216148187885e-01 4.057492324216094293e-01 4.833024711239138904e-01 4.416469050308460265e-01 4.513157936997742592e-01 3.973761436303978600e-01 3.106752756834990636e-01 3.741422471713469200e-01 4.128177972255095418e-01 4.234228123982798353e-01
4.304114674309093003e-01 2.620886483409549661e-01 4.651643700961153316e-01 4.976512294371599476e-01 4.073388401575420703e-01 3.650806644210557450e-01 2.895246798172077529e-01 4.114210072282835640e-01 4.357455182100900548e-01 4.355735748606832103e-01
4.932696273248640129e-01 4.812882090600972274e-01 4.819561873095025151e-01 4.884224364736680646e-01 2.303003684466488621e-01 3.049000605047593182e-01 4.954973419503191367e-01 3.680888449499376547e-01 3.156590591672059909e-01 3.406178648130077091e-01
8.136913112670576820e-02 4.080819700209420420e-01 1.732388065696486568e-01 4.688423998186226349e-01 4.611875012355715064e-01 4.887780499619752139e-01 4.695684431634452038e-01 4.901649914108711648e-01 4.501638906808034246e-01 5.086048160114187144e-01
3.756337676087957989e-01 3.762600852397131046e-01 3.560670545521054109e-01 3.177336429150918740e-01 4.818839914664275192e-01 4.599314901021346325e-01 4.729603989502976225e-01 4.872020463271061752e-01 2.924732587573434239e-01 3.798542640809962623e-01
4.405800282044782801e-01 4.051749388185152956e-01 4.337170428938549871e-01 3.718404780783848285e-01 4.183644191859266503e-01 4.383497463084508050e-01 4.713726128016884065e-01 1.508275893953380797e-01 4.199419199491164489e-01 4.498312243642552111e-01
4.111614002787721822e-01 4.615690674376853320e-01 4.130525978736410697e-01 2.828662485656681103e-01 2.599677333315255634e-01 4.984093022398285999e-01 4.503053190965128905e-01 4.569762860742794253e-01 4.167541742470284305e-01 3.489378708550657238e-01
4.164301697578783878e-01 3.673908577012111043e-01 4.549283174763432136e-01 4.178034091312021747e-01 2.319447266915101724e-01 4.438844044493110430e-01 3.379635585704057754e-01 5.038209950566239215e-01 3.924516786780788968e-01 4.333818824874329789e-01
4.107451678211837542e-01 2.739497448879129049e-01 4.306900485764492137e-01 4.029643262722814034e-01 3.636762053311591858e-01 3.825301958038626604e-01 4.051193417405637986e-01 4.693286164332924892e-01 4.540178087541775209e-01 4.069785443791126278e-01
4.711219061173986256e-01 4.753832158873992908e-01 3.904234793172278728e-01 2.761666015421845310e-01 3.306508656359969378e-01 1.345367460865598830e-01 4.737023417406212022e-01 4.837811062477079815e-01 4.986548934051528992e-01 4.655788440197447531e-01
4.668486073473420706e-01 1.774122085307540675e-01 4.201210068536530562e-01 5.156320700822139003e-01 4.437972295161114467e-01 3.926875271753976770e-01 3.411254110146505480e-01 3.442849583665356095e-01 4.366318287044727575e-01 4.614591524088679231e-01
4.829116597029941005e-01 2.709699358909497535e-01 3.388006512325774100e-01 4.778722150809847635e-01 4.868135673827028720e-01 4.418653895247491858e-01 1.898133647090007037e-01 4.645641207062589650e-01 4.353137581074739693e-01 4.110753376623091371e-01
4.889151861508513330e-01 1.804205570692684890e-01 4.924739042122740496e-01 4.205321387995797355e-01 4.431756983169296560e-01 4.351416085290578106e-01 4.105435247454058967e-01 2.444043369911980124e-01 4.482677780133885181e-01 4.361252671720470264e-01
3.843108501127934784e-01 4.788378805553972217e-01 4.713365771674389304e-01 4.764098820465077488e-01 4.892994638937623320e-01 4.263933692244971096e-01 2.712741625874058871e-01 3.277182064858792376e-01 4.060601987349330422e-01 2.683594091913949486e-01
4.296066234650334215e-01 2.779762992229252161e-01 4.596617044089738591e-01 4.133448007214985953e-01 4.615798365766060063e-01 3.950672021218634145e-01 2.165898144382281121e-01 4.396630183981775630e-01 4.961079398604131829e-01 4.104027607862902882e-01
2.416083072246281438e-01 4.265797523271300795e-01 4.844635682700180190e-01 4.911950417862108731e-01 3.862736989205012295e-01 2.459327545029774131e-01 3.686253533638379487e-01 4.554630117439144588e-01 4.476540988971191570e-01 4.522044129636629828e-01
4.092052955281126891e-01 4.056824292769446449e-01 4.650614501395363698e-01 3.452162110038183296e-01 3.301778721739510036e-01 4.245194453155994307e-01 4.932414152183530742e-01 4.141241573220744154e-01 3.150642500365168353e-01 3.977074739850942064e-01
3.144005494216008390e-01 4.665756063282973098e-01 4.751289996530159709e-01 4.496539346489181743e-01 3.522949789676368959e-01 4.060603699634619534e-01 3.258312052228300448e-01 4.575690959238325473e-01 2.959403657932258569e-01 4.565448940771857367e-01
4.588815004535956033e-01 5.030579576294630373e-01 4.774515528471797166e-01 2.480517166109925120e-01 3.266802307090593827e-01 4.131162454991866850e-01 2.790312198741315419e-01 3.277274748266260085e-01 4.651700801130858043e-01 5.008320214366730472e-01
4.674782297807482112e-01 3.625871221449517567e-01 4.687238019409327716e-01 2.749684442729678491e-01 3.964459393883920102e-01 4.675439778898333731e-01 3.160003776282254151e-01 4.491052511928650404e-01 3.585610077173572718e-01 4.385858480437240248e-01
1.697123329106118572e-01 4.050948551330220693e-01 4.666036357460848216e-01 4.756075065302242666e-01 4.594056604345077566e-01 4.985920886140572938e-01 3.932833592942575618e-01 4.583619977749556762e-01 2.612479267988367937e-01 4.120906367634340484e-01
3.355475194174067921e-01 3.047126356922896795e-01 4.771952994685092486e-01 4.861380611224016546e-01 4.334267805179409794e-01 3.839936785643568995e-01 3.315378278656865296e-01 3.637959265565695599e-01 4.895888794755338114e-01 3.940633913193045679e-01
4.054526821420965099e-01 3.487304287542480896e-01 4.080833839495663917e-01 2.689528131090569429e-01 3.310962549517606490e-01 4.603054003781721359e-01 3.755267788357795067e-01 5.128223624722691998e-01 3.791073197592935151e-01 5.099225756477601124e-01
2.871794670141467054e-01 4.847971867718307015e-01 3.894613512471257755e-01 4.716547473591562456e-01 2.676516670503445994e-01 4.357441318893716664e-01 4.818325015125866639e-01 4.736983115324406302e-01 3.704315848591118177e-01 3.375490507638919668e-01
4.809243689855385306e-01 4.868625802826175852e-01 4.518754688766442595e-01 5.135904851469261789e-01 3.654409683921113206e-01 3.222257690098377925e-01 4.117714024984269194e-01 4.266362856395052860e-01 1.569421021301308228e-01 3.837305690382742940e-01
4.121893932831285356e-01 3.985210994841302812e-01 4.874085470897427941e-01 2.759461236972416964e-01 4.141545702939359863e-01 4.543429113097455785e-01 3.878745609065930577e-01 4.698527089403202184e-01 2.479876909904717985e-01 4.517223940046896646e-01
4.033663819977368337e-01 4.360028589749048722e-01 4.159248642115864758e-01 3.888452102668342736e-01 4.181002986419534162e-01 3.271154390478631102e-01 4.547141808431919285e-01 4.343904922318675421e-01 2.481564182986761846e-01 4.733838554853881941e-01
4.717567003823531779e-01 4.121423773198528151e-01 3.896180808358414849e-01 2.719290840291240241e-01 2.915846296209250177e-01 3.535142557487442883e-01 4.934706637436618859e-01 3.325428038412029386e-01 4.845797087179807838e-01 4.988616957603236868e-01
2.979450406443644450e-01 4.667253082331567215e-01 4.562049523978187748e-01 2.903332608189997943e-01 2.399237765321723947e-01 4.728099338315021605e-01 4.750952891059422867e-01 4.898755264848003721e-01 4.209208301972677257e-01 3.901660817539713833e-01
4.796102416588559070e-01 4.494281513435647302e-01 3.897345893581550813e-01 3.619183762916413083e-01 4.244224010016026671e-01 3.925039191778662007e-01 3.875122606616112630e-01 4.123890058238748324e-01 2.789636096333235615e-01 4.235174450495076126e-01
4.099836523264748234e-01 4.516518101108632499e-01 3.450265107249930185e-01 4.623796744350054944e-01 4.181850247296729495e-01 4.289409941980039664e-01 4.686776266134851099e-01 1.280040267914570318e-01 4.194178942926385378e-01 4.677327857774037367e-01
4.281032152773287525e-01 3.218985670743851335e-01 4.848171756541423960e-01 3.474528580864047478e-01 4.420182497005947786e-01 1.600606173969070234e-01 4.552382121782377888e-01 4.783951587560253405e-01 4.473626495729880470e-01 4.346532963029841046e-01
4.720131451618824192e-01 4.495423226986833831e-01 2.841621425615079577e-01 3.692245510097703631e-01 4.411470758623206034e-01 4.933543495565030357e-01 4.437310021757088774e-01 4.844692401757469402e-01 4.364712979297098450e-01 1.258848728681667695e-01
4.331317509165001911e-01 3.892608108911235210e-01 1.648127915386300157e-01 4.601513333123292138e-01 4.862735561930195960e-01 4.906717783817516332e-01 4.486055731458979401e-01 3.141805083055134729e-01 4.388162565070959920e-01 3.740956408081298479e-01
4.201331113625456082e-01 2.503889059660729388e-01 4.848693005432628822e-01 4.627814860195503810e-01 3.719709229419512209e-01 3.148342704596019392e-01 3.209258587613864067e-01 4.508132546626907322e-01 4.751237708488639799e-01 4.481591184340824041e-01
4.697104606832541163e-01 2.532609045840944484e-01 4.961231867020599040e-01 3.816061574911348009e-01 4.932688333390867763e-01 4.367524440168805699e-01 4.836525230037891920e-01 4.411076346389740110e-01 1.223424541110144231e-01 4.221754014297121049e-01
4.372116489231810954e-01 4.831542665367831169e-01 4.177483570018567516e-01 2.514176445261361303e-01 2.997156224460089113e-01 4.760662322122639067e-01 4.841008308991728848e-01 4.153030569606628308e-01 2.673334079107086980e-01 4.679489325832309476e-01
5.037602394831799391e-01 4.687648895467954047e-01 4.215080452152323298e-01 2.119465169723066811e-01 4.517673103221540032e-01 4.119907029844103175e-01 1.721912477201520963e-01 4.693879603827193492e-01 4.352572315202989373e-01 4.534258558527595184e-01
4.750558741881405478e-01 4.759173554663657657e-01 4.585166193798041467e-01 4.336122344316339361e-01 4.960847789445724243e-01 1.751769053464587445e-01 3.573645752584513335e-01 4.003600519479423303e-01 2.366212923261600265e-01 4.912903127104786272e-01
3.155337080985460840e-01 4.111434616101982131e-01 4.779335586102628763e-01 4.631408759862033486e-01 4.344829926919004937e-01 4.062528620303993421e-01 4.479921258207311130e-01 3.775471354921240974e-01 4.540847373015616251e-01 2.118885423580778860e-01
4.259857230524777272e-01 4.603513908200435045e-01 4.892719290937254106e-01 3.672013818839328092e-01 4.221477464440916982e-01 4.453868876266796617e-01 3.974478009261870337e-01 4.589213443615144938e-01 3.151990650655873694e-01 2.180867307257670917e-01
4.584377325815883752e-01 3.821225309862493758e-01 2.788074203502430848e-01 4.054452257486412803e-01 4.473144692641680686e-01 2.769823787769224444e-01 3.215153816398215181e-01 4.482559961078632638e-01 4.976762561792249517e-01 4.834426083652755834e-01
1.369501631902042826e-01 4.085406184505734895e-01 3.508532932500362245e-01 3.625921000155607477e-01 4.729677015888480440e-01 4.405680029410738996e-01 4.402405422998040274e-01 4.845191049999428845e-01 4.626482880001542286e-01 4.401201852638016998e-01
3.118262668161111972e-01 4.479016855354915894e-01 3.033265866555180379e-01 4.519388261858223732e-01 4.641426586636321905e-01 2.934295495458383307e-01 3.896002282660133154e-01 4.602547255699177553e-01 4.549753486592246210e-01 4.226041241024290906e-01
4.139683109572399600e-01 2.115534156853688952e-01 4.607037630426669139e-01 3.574053201349867148e-01 4.762801741420452650e-01 4.721838519133185752e-01 4.634608904429534104e-01 2.995523463729515834e-01 4.089031102857734745e-01 4.359888170226922099e-01
4.932368467702167858e-01 4.752721314783232009e-01 3.968973451958485166e-01 2.391839511239064187e-01 4.004934554712013539e-01 3.368743201373172180e-01 4.506042664748654558e-01 3.299948844492146538e-01 4.034895646257262714e-01 4.739532342733739911e-01
4.387261848329927494e-01 4.292011594104349625e-01 2.581503483585829151e-01 4.659810574118690152e-01 4.871232469481853178e-01 4.640020822245538024e-01 3.217955338260473086e-01 2.001056780812286440e-01 4.897609473171465888e-01 4.451537615889511468e-01
3.881254730618790560e-01 1.916853195582479130e-01 3.900566068168924705e-01 4.913038094013165158e-01 5.030908513327124743e-01 4.534390891930330514e-01 2.337825780628489669e-01 4.386102355569204692e-01 4.399920281950667755e-01 4.699140088210785882e-01
3.810458414879598354e-01 4.649090202652061410e-01 4.554587107741354668e-01 4.648442730953381563e-01 1.147008875898470892e-01 4.823602854148224539e-01 4.826367759660660783e-01 4.839094550177822085e-01 4.159092341603822796e-01 2.542255162284652314e-01
3.838735402233514615e-01 4.428425086433263602e-01 3.592733946416360458e-01 4.061266797635338932e-01 3.403347485000630113e-01 4.438834331919739862e-01 3.981947484794025605e-01 4.322617850577926690e-01 4.713346474911679351e-01 3.218745140077503564e-01
4.786317530139675425e-01 3.086119106469363826e-01 3.969077408776086613e-01 4.068455579056849958e-01 4.639761449835794194e-01 4.620166466786732595e-01 3.810289112320530691e-01 1.770781971424874590e-01 4.839862647957348663e-01 4.409168727232799512e-01
4.870193166782568195e-01 3.489989734813330746e-01 4.624691375823410944e-01 4.216970312639073404e-01 2.561644503568873965e-01 1.916728520876108122e-01 4.928963815269968851e-01 4.747144429524399190e-01 4.447945535494847724e-01 4.195728605207335038e-01
4.202171662749031311e-01 3.922474999759190117e-01 3.464871539199549932e-01 3.490494915692312627e-01 2.290306733457661836e-01 4.169105120121132102e-01 4.656633029214828357e-01 4.528018086654245211e-01 4.662440076946062772e-01 4.613483836205942157e-01
4.627778731261845691e-01 3.261418656890777701e-01 4.425512013455249472e-01 3.110630279379231755e-01 4.658312883824823891e-01 4.519478049736060932e-01 4.685317405909075195e-01 1.533260422427419889e-01 4.464044778007026926e-01 4.714246779108566265e-01
3.827931412599017702e-01 3.905517989895289088e-01 4.749309036264602879e-01 4.468503344649635278e-01 2.615852297350849121e-01 3.573965057017527425e-01 4.622440983151270832e-01 4.536063415841516955e-01 4.739796741417094394e-01 2.960619721813267380e-01
4.164821281650579743e-01 4.423441874090773274e-01 4.730994424370169593e-01 4.731750366830154153e-01 4.894554038287249331e-01 1.447317420480773165e-01 4.536594315039211844e-01 4.517337483762326467e-01 2.503538001928078405e-01 4.049650793560656270e-01
4.614685788721766824e-01 4.702278464843625549e-01 3.260201131958442855e-01 4.449091485662343137e-01 2.881535388079925486e-01 4.516194305487156724e-01 4.674304109749440883e-01 4.122450898626768279e-01 2.395581955109599148e-01 4.383676471760957760e-01
