1.720126860077796915e-01 2.413302916432550349e-01 2.011395903874330371e-01 2.137006303441290889e-01 2.325650800134742013e-01 2.365479494688296769e-01 2.252031396178484912e-01 1.908501047197840306e-01 2.322094780342183751e-01 2.158826525087827186e-01 1.908538807249531011e-01 2.449414341076695256e-01
2.464592390521280207e-01 2.098199314201570076e-01 1.943999083716926590e-01 2.235189906291475126e-01 2.223393461292428874e-01 2.017387430720865016e-01 2.181349453361539348e-01 1.904952831627686471e-01 2.304262044701881063e-01 2.256738190294786117e-01 2.443550521831208133e-01 1.871895206798425693e-01
1.981321727371382624e-01 2.559784080189241862e-01 2.084660516433637922e-01 2.271831079955043409e-01 1.853524999109883165e-01 2.298143520421594421e-01 1.961570663024626571e-01 2.109834144894280061e-01 2.292571307603336883e-01 2.065702169879927996e-01 1.867304684225811751e-01 2.637375211266511088e-01
2.257450204736038968e-01 2.102080097733836916e-01 2.304272428163404163e-01 2.059174594064204500e-01 2.276309414298950395e-01 1.775245073920823091e-01 2.414328967503273637e-01 1.883474275077045568e-01 2.256021200595259291e-01 1.891669309711570268e-01 2.668486863931477382e-01 2.095975171659223424e-01
2.022747147005914126e-01 2.177580307763188616e-01 2.328243344021057593e-01 2.052449068616465921e-01 2.161925144412526201e-01 2.059495870217518954e-01 2.115834134644933584e-01 2.442505455276913484e-01 1.770369707478159083e-01 2.625486537307333834e-01 1.926070804091564170e-01 2.281847811212121546e-01
1.862201395989487307e-01 2.126566012127444061e-01 2.320184155957122074e-01 2.298423400253353788e-01 1.761089316894544066e-01 2.250717882594739094e-01 2.303192369335309575e-01 2.018775398606749427e-01 2.321678811995362413e-01 2.324079218953709614e-01 2.239308187023326402e-01 2.119267958966531418e-01
2.330064392282450714e-01 2.100518082167000256e-01 1.928206232531342879e-01 1.975277705218969893e-01 2.541091852051732269e-01 1.802398831748781016e-01 2.391640920119492419e-01 2.200853129862281876e-01 2.339685869370705940e-01 1.976820283162313840e-01 2.588659198806109729e-01 1.826243342623335986e-01
2.125867818940703480e-01 2.159479862515843729e-01 2.022647335852721107e-01 2.073428384869623331e-01 1.914592595032014177e-01 2.185742887904068010e-01 1.972827008045613673e-01 2.500673079072622262e-01 2.188982817245895551e-01 2.123270277000219863e-01 2.230103363504251091e-01 2.433915514459961960e-01
2.128062292511020415e-01 2.419574857417770564e-01 2.061839209662580941e-01 2.099127131853801009e-01 2.165210466600799577e-01 1.886274849689530408e-01 2.411162338432755181e-01 2.112325989427647210e-01 2.092021337178072704e-01 2.259524724095214598e-01 2.113069847433220183e-01 2.166265591254095679e-01
2.097783543988671895e-01 2.086645131774025330e-01 2.354606267950156429e-01 2.211941164750261812e-01 2.194301410182943057e-01 2.155588016161283649e-01 2.028414565949790971e-01 2.288434620355022098e-01 2.228556436340716485e-01 1.916992430882261123e-01 2.212906461500105670e-01 2.126806994246718263e-01
2.217555472759921986e-01 1.912605020645234688e-01 2.592649384645860366e-01 1.997090568502306596e-01 1.943476544260353822e-01 2.445296635575462396e-01 2.160383522412314961e-01 2.517034715570931058e-01 1.778401888748908088e-01 2.304456691593818607e-01 1.961633078330128066e-01 2.157460147511357507e-01
2.247595327869242599e-01 1.902098825018409822e-01 2.078430006747450931e-01 2.138482904966949316e-01 2.253105078888338608e-01 2.223078329089358818e-01 2.209502770631275315e-01 2.009567050204035255e-01 2.232490965230808366e-01 2.352850545472946475e-01 2.252729737957669398e-01 2.011004151826476238e-01
2.241237261549189341e-01 2.240577575570638635e-01 1.911535750244248710e-01 2.058108699426385579e-01 2.289861921169723813e-01 2.151655507859778216e-01 2.192248184413278511e-01 2.503916323422999413e-01 1.944281456424888921e-01 2.239588768034489197e-01 2.262725446820550712e-01 1.897663876186586329e-01
1.982500684225830812e-01 2.260431196655973696e-01 2.194049083382181575e-01 2.420803736536606687e-01 2.006371620272656420e-01 2.011707929899550773e-01 2.303350311759189417e-01 1.803097117022255391e-01 2.386820865130322156e-01 2.031111574371541328e-01 2.375208279315519366e-01 2.167712579341547763e-01
1.994135832735701441e-01 2.195880907028697759e-01 2.023529843031178499e-01 2.326654655828443163e-01 2.156701435118571486e-01 2.269723501442104663e-01 2.234351085567127249e-01 1.877411346333502651e-01 2.546971894053394747e-01 1.978688366221453832e-01 2.282857575490991608e-01 2.048656013110922713e-01
1.842841397173643203e-01 2.016999016828809332e-01 2.018732814425830968e-01 2.598585605452505276e-01 1.963074943588102861e-01 2.332235338723777363e-01 2.303010747884591536e-01 2.092323925048648614e-01 2.171402985664855623e-01 2.175488740155385459e-01 1.986867801410594492e-01 2.459668894423117091e-01
1.959697973003589055e-01 2.420943366350803705e-01 1.912030099396845040e-01 2.250076366199875999e-01 2.156672366954995035e-01 1.966036491279850862e-01 2.205245777244451699e-01 1.909719387576920280e-01 2.332433232301461823e-01 2.300803394051760542e-01 2.162477127851257230e-01 2.359937783017247437e-01
2.068262982914215176e-01 2.523378820830759484e-01 1.890204880553508771e-01 2.333505853820304898e-01 2.008841408930773231e-01 2.132809811670672018e-01 2.097974996079589316e-01 2.343938145220227087e-01 1.995151440547223431e-01 2.246817732789512523e-01 1.952679409123018184e-01 2.347901395349436260e-01
1.813802932568394366e-01 2.490032117495369901e-01 1.878596169080423428e-01 2.334516580845213685e-01 2.291156460480761048e-01 1.855144617985849953e-01 2.211314970390452772e-01 2.372897871456823293e-01 2.042105140803599228e-01 2.470702682765465730e-01 1.818493151401148200e-01 2.420303900618220594e-01
1.826601730435347681e-01 2.283942072867942985e-01 2.058660494892758375e-01 2.044506360077767704e-01 1.992184644810820748e-01 2.209608985652901647e-01 2.049442456982753236e-01 2.370026829354175135e-01 2.216381639042475094e-01 1.996184320523962386e-01 2.539653366776168375e-01 2.362153487514180583e-01
2.074018676588343379e-01 2.432017028827072880e-01 2.188573577608321774e-01 2.003722020471603305e-01 1.779989618064489187e-01 2.420515701312414558e-01 2.185115312542879884e-01 2.211189606608940095e-01 2.235161818248463939e-01 2.145749883919143841e-01 2.177577437936547566e-01 2.078888846574882265e-01
2.297491285086658286e-01 2.312484404512935854e-01 1.918781305579954355e-01 2.311586710510342979e-01 2.321364257724125579e-01 2.308252946620520940e-01 2.058144595967598134e-01 2.465798942281408335e-01 1.811643910844293326e-01 2.300506479559022988e-01 1.905927124973904319e-01 1.951068106332611296e-01
2.194955444809158218e-01 2.193500228103554273e-01 1.804646037852968288e-01 2.410819843051104916e-01 2.110776322859133636e-01 2.225516032416212098e-01 1.976922191929335049e-01 2.419593666472310001e-01 2.198882025122634587e-01 2.102795752503021087e-01 2.035001444669373716e-01 2.256638178487772040e-01
2.280438226433531002e-01 2.184850009917977121e-01 2.056937210756841494e-01 2.076513340473633007e-01 2.208073230194328440e-01 2.011454984453266981e-01 2.359800689487414616e-01 2.240189298317951105e-01 2.245850203946606061e-01 2.215898917726796535e-01 1.887013980287527704e-01 2.142326953816141299e-01
1.985026100324021048e-01 2.135874714424227383e-01 2.292699551922151857e-01 2.047967845422030420e-01 2.296017983547402608e-01 1.887609211254214492e-01 1.994584026227203266e-01 2.435776920356415576e-01 2.068720381769902639e-01 2.568699874099318325e-01 2.049775106847520068e-01 2.182647211907426943e-01
1.890496372270203673e-01 2.072070159012448509e-01 2.274535212035765641e-01 2.034073590737253412e-01 2.113433922839567380e-01 2.258958298242311202e-01 2.425140826100739277e-01 2.092234241732122413e-01 2.294600337354762709e-01 1.886234290209478359e-01 2.126170707360832968e-01 2.469978202861125571e-01
2.056258314713952373e-01 1.995547164555229736e-01 2.079268674153074981e-01 2.268541799206554854e-01 2.249257624331477134e-01 2.422143908008371482e-01 2.171784028597740501e-01 2.161780228949039540e-01 2.055787154688894225e-01 2.235359532385093329e-01 2.021114985900889782e-01 2.191156750796840191e-01
1.937652250386870667e-01 2.200335574562995999e-01 1.896089523844298741e-01 2.365013096462990905e-01 2.063295243808201118e-01 2.450828299073170291e-01 2.154344622929673381e-01 2.151907356291747064e-01 1.979137664892734738e-01 2.233393488921078529e-01 2.059953525507893235e-01 2.446296158550879674e-01
2.470349518397406130e-01 1.993584641948114855e-01 2.094777886123164734e-01 2.209403350169830138e-01 2.191225121811325449e-01 2.136183354853354033e-01 2.280136786703865770e-01 2.078830498691847661e-01 2.150125334535895605e-01 2.017032627855354643e-01 2.160260865244330308e-01 2.122990679340196196e-01
2.213828602137179469e-01 2.224685265650046262e-01 2.089838132663808801e-01 2.509905132064814137e-01 2.280575016614571071e-01 1.895714144728573580e-01 2.290614621314240318e-01 2.001122148386924593e-01 2.128136743481277848e-01 2.238233451095769377e-01 1.996075755658455186e-01 2.057489861999109715e-01
2.073051769321015425e-01 2.100090567109080542e-01 2.037232170813924603e-01 2.181721622297885521e-01 2.469918370705861954e-01 1.932461475651495730e-01 2.236209803801190443e-01 2.067428929790978420e-01 2.072202276210107497e-01 2.426686275354084654e-01 1.754385348636638420e-01 2.621092896725920607e-01
2.422168888718787827e-01 1.996087347854156591e-01 2.521557813409518456e-01 1.798984251133153855e-01 2.177358740511592672e-01 1.953732018443161689e-01 2.322757543802333458e-01 1.944633750076092404e-01 1.879072905002238669e-01 2.309033244308683341e-01 2.448529243939882583e-01 2.210790891359696309e-01
2.250647351722458445e-01 2.070312475388219053e-01 2.069934524775619844e-01 2.251952380135650300e-01 2.130299613409114001e-01 2.244789299342340727e-01 2.355644674592320409e-01 2.087076139975439781e-01 2.356770736653064358e-01 1.976538101755093424e-01 2.208737334196991531e-01 1.911689632088511559e-01
2.340362286476180831e-01 2.033802210619927442e-01 2.052547317344117217e-01 2.380510640793571386e-01 2.543110128326135921e-01 2.189253853162310137e-01 2.073592398599329312e-01 2.231351502964981637e-01 2.229702166534340835e-01 1.948968422160095026e-01 2.095573489228026720e-01 1.831429827978527380e-01
2.203252232720056825e-01 2.330943100941479385e-01 1.828138133805858878e-01 2.277642215823230121e-01 2.248119152648037911e-01 2.247248803778422732e-01 1.984417376672314159e-01 2.454809831845326806e-01 2.005996557954696780e-01 2.204152235240926239e-01 2.046847914478757691e-01 2.098201046793045643e-01
2.059049597736215265e-01 1.955107831296987730e-01 2.313658373026626358e-01 1.949193589028860307e-01 2.071156619060629256e-01 2.306759030217424566e-01 2.390926821526780377e-01 2.126523390811007330e-01 2.299405188573476477e-01 2.291810458821692265e-01 1.820771497537144179e-01 2.357573971218075159e-01
2.320191535550478190e-01 1.981886519322084150e-01 2.033406089741920664e-01 1.946012199002716825e-01 2.050220269342087343e-01 2.353952585594658309e-01 2.104849304474824268e-01 2.062766626903438372e-01 2.384866483264996007e-01 2.326954332226826294e-01 2.169698428871639773e-01 2.188221037662601565e-01
2.015833356487044536e-01 2.072728635719395807e-01 2.360268224049594521e-01 2.070577711636625018e-01 2.081350630252959688e-01 2.364372341939782185e-01 2.062117484043783922e-01 2.054864456499998771e-01 2.058485762131712637e-01 2.396550943554402457e-01 1.846636250182932537e-01 2.563270467600581859e-01
1.940144169890213599e-01 2.508284349225601284e-01 2.618337608717084541e-01 1.772960860284209517e-01 2.298246401552035967e-01 2.030650553787571588e-01 2.140402165203573182e-01 2.169969452326867276e-01 1.940527594708309767e-01 1.962372263683961893e-01 2.550523655460343875e-01 2.067895530671302606e-01
2.021391785577687228e-01 2.208856449631780849e-01 2.397137267285166518e-01 2.210632784017128039e-01 2.267682081226880808e-01 1.960842638403949290e-01 2.231501821763330062e-01 2.007886140324053048e-01 1.996455748765636196e-01 2.053951609132405043e-01 2.321009815839334411e-01 2.239690390752798466e-01
1.948416947932889998e-01 2.084772696794331137e-01 2.108726110101036832e-01 2.367729410420342240e-01 2.317898371444350458e-01 1.788345510592835030e-01 2.348911843219687323e-01 2.327322179798793078e-01 1.985502592644758091e-01 2.060044138876065967e-01 2.027154015903707973e-01 2.599543696947688165e-01
2.183877167194371860e-01 2.048623828216715181e-01 2.329786949763493209e-01 1.877700408343212501e-01 2.227374622279922889e-01 2.050228690265149534e-01 2.464550737233160704e-01 1.790055765454624803e-01 2.275068873985363338e-01 2.343504398377680431e-01 2.292947826492394148e-01 2.064650844790240636e-01
2.070355012505659398e-01 2.304358210298189658e-01 1.921428435695606840e-01 2.345991858166440458e-01 2.452534639571679054e-01 1.919280006429600338e-01 2.636963983306191417e-01 1.748109310142787198e-01 2.115570466396009541e-01 2.163891897947395337e-01 2.033800595986679227e-01 2.269282322632212856e-01
2.364266815271723055e-01 2.355414062622158966e-01 2.069131772080881337e-01 2.106075411605949077e-01 1.980315095830784411e-01 1.812718146260971219e-01 2.536236015339490280e-01 1.798179490206898712e-01 2.608002058007416468e-01 1.781593865378999220e-01 2.337175466729253803e-01 2.270305657448718484e-01
2.033952263142436712e-01 2.290673265284914883e-01 2.128296347639836439e-01 2.371847574037559969e-01 2.222513321775172468e-01 1.989891118952684390e-01 2.294874165254799370e-01 1.903270545718922235e-01 2.136670550636468879e-01 2.307564785276477182e-01 1.917300796514621875e-01 2.329294873623514173e-01
2.293255395809653263e-01 1.971980689832082967e-01 2.204706453485656137e-01 1.884852792252570963e-01 2.467080831206847069e-01 1.842419837616466882e-01 2.114766133206635590e-01 1.701545097630707548e-01 2.926288232545591894e-01 2.154570145340508613e-01 2.361638437944918179e-01 2.128221897888552261e-01
2.290631430741399133e-01 2.277763580877482374e-01 2.084178682202564026e-01 2.144369491561327612e-01 2.238824369139998938e-01 2.020137661958854858e-01 2.185704834434313015e-01 1.915718549564519313e-01 2.506476445729637903e-01 1.942579670356091581e-01 2.224580418307403329e-01 2.092629016973384382e-01
2.205762192840291236e-01 2.306816884735023720e-01 2.018642462003883697e-01 2.388067827555851730e-01 1.900446179970479155e-01 2.381735629408268662e-01 1.960532011572669320e-01 1.914242681722758410e-01 2.248571064087004912e-01 1.951210601213863860e-01 2.468038210944019650e-01 2.205968993908799802e-01
2.265309392640621200e-01 1.997733642743334814e-01 2.333059982015155132e-01 2.141756558435999325e-01 2.191236274166731834e-01 1.791904899317270927e-01 2.415233832900742228e-01 1.912219069481959632e-01 2.437889545475803443e-01 2.157005159634919345e-01 2.252544615751347346e-01 2.050090122259646819e-01
2.091922627007839763e-01 2.269762773508425258e-01 1.886091799017708126e-01 2.261934796788165336e-01 2.129605145457504067e-01 1.825221109175868273e-01 2.384766263244106899e-01 2.329294778691807233e-01 2.353100324542030108e-01 2.070930537378883884e-01 2.179800582621757576e-01 2.151472387199272196e-01
2.298440935538707264e-01 2.116293652684110294e-01 2.202470536013661495e-01 2.175335354924600451e-01 2.162332458003822233e-01 2.188161805841416507e-01 2.364482008285189452e-01 1.987061497011200217e-01 1.875640338893935222e-01 2.241843266997338158e-01 2.240679309885028891e-01 2.058316715209482506e-01
2.357182915183767546e-01 2.196010966148649601e-01 2.323129850236469451e-01 1.989828496497997035e-01 2.370588092305061234e-01 1.973705658286329934e-01 2.465353638872029018e-01 1.887267751718820774e-01 2.333859394710822155e-01 2.087239695983410248e-01 2.069296865561915388e-01 1.895639504340052017e-01
1.973684130485200416e-01 2.167978244159129153e-01 2.107523886298148519e-01 2.245303292112998672e-01 2.044049842171433151e-01 2.322099971622166859e-01 2.532576589146581791e-01 2.068056131945085196e-01 1.998533049001767203e-01 2.374287621795717895e-01 1.975068280909675622e-01 2.122334121885130209e-01
2.085946435072835170e-01 1.892776541130020973e-01 2.591748535963719346e-01 2.018525499422375025e-01 2.179386023053652699e-01 2.523013095880712875e-01 2.128882166472235715e-01 2.122988557702395751e-01 2.019626029164296455e-01 2.209551916546577677e-01 1.901741182518324469e-01 2.281793041190163795e-01
1.977734794876401248e-01 2.487107438863558340e-01 1.896234095563940625e-01 2.386766442783172515e-01 1.890334466662910717e-01 2.437448287403384539e-01 1.893556235692443745e-01 2.138931969770626884e-01 2.404508281525980784e-01 2.213089696916450688e-01 2.097040038523864669e-01 2.138189754285763633e-01
2.324144871815872759e-01 2.349487882824442819e-01 2.277067559895072368e-01 1.875952108701721688e-01 2.080847142639584701e-01 2.224734645448107340e-01 2.056780088532393636e-01 2.019139332325744496e-01 2.187994778837862586e-01 2.085155582269964669e-01 2.524526523573005221e-01 1.933765807060492392e-01
2.149337756398548849e-01 2.083143402208701700e-01 2.484599470420488510e-01 1.982411005255762249e-01 2.011624160828125452e-01 2.098976108525891782e-01 1.749729636298553437e-01 2.477704413228325464e-01 2.024549637806314639e-01 2.406213345582422225e-01 2.147839542334607499e-01 2.350150595787336150e-01
2.062783829961227500e-01 2.541091906444572501e-01 1.998160817302515047e-01 1.789035671336063060e-01 2.330608876167172827e-01 2.143678545850083716e-01 2.535904966470732269e-01 1.860186558852668093e-01 2.569409653712745323e-01 1.861558468950823275e-01 2.199873097627961238e-01 2.111202226533520077e-01
2.304673832759238372e-01 1.992112886726414289e-01 2.120592885228574365e-01 1.943652748834114596e-01 2.125027331323978697e-01 2.140300009479237930e-01 2.172170799740060498e-01 2.264654259054001140e-01 2.384785832827957253e-01 2.096881340453478348e-01 2.126839705170704697e-01 2.236457295139221146e-01
2.225406577562687171e-01 2.284396076818332733e-01 2.058717344030387975e-01 2.219620446044872075e-01 2.198683006782742866e-01 2.420264846511793466e-01 1.804771507842921341e-01 2.408665358652186117e-01 2.055367007273579683e-01 2.146969346178476956e-01 2.035632568198139369e-01 2.070767667750095242e-01
2.300915505746230771e-01 1.970701317607264635e-01 2.374121481442386383e-01 2.196559017913114198e-01 1.923062285371619773e-01 2.073284031972406349e-01 2.539375065327507119e-01 1.859161060615408811e-01 2.352369681665561207e-01 2.052501035727997691e-01 2.208208110631078580e-01 2.096172473502312394e-01
1.958991244586980318e-01 2.111407942980211006e-01 2.104041752680333166e-01 2.150654687316773395e-01 2.158179633767990380e-01 2.105035031555136382e-01 2.116532321554095708e-01 2.563139365162417915e-01 1.978174535917407995e-01 2.263002456018915198e-01 2.179976861298277557e-01 2.228857537213941586e-01
2.142820913912167058e-01 1.882931084835188507e-01 2.238280382513493927e-01 2.223109921978439207e-01 2.326438449816408682e-01 2.116244433761282351e-01 1.917533088669003682e-01 2.033364098666976538e-01 2.142441423559445224e-01 2.182429834892527787e-01 2.017753833404625774e-01 2.735478480843838711e-01
2.585219841005274022e-01 2.043491549075611702e-01 2.438429585933815924e-01 1.982267054953852914e-01 2.393740340853512116e-01 2.169793503041911598e-01 2.094506716398735480e-01 2.032138488523825559e-01 1.996825867735867455e-01 2.041635547578982413e-01 2.143398068464829886e-01 2.024495640714715217e-01
2.269287392568633821e-01 2.127425047891529919e-01 2.086959785969783043e-01 2.266639827212403036e-01 2.105568252261550422e-01 2.129882940733719698e-01 2.086761706207578559e-01 2.261351745975322958e-01 1.906298989204975314e-01 2.580566955389237416e-01 1.963412984712618048e-01 2.141805421304868173e-01
1.920516437975736401e-01 2.457425122027540876e-01 2.067868094131847523e-01 2.240055921803296990e-01 2.199666746358601710e-01 2.339267422994117107e-01 2.058088292735011093e-01 2.020600832475537012e-01 2.143550640985646127e-01 2.046013164124573513e-01 2.194790931779860566e-01 2.228299757204998954e-01
1.818275593821106206e-01 2.266742496602607015e-01 2.499651259572003292e-01 1.971252694717665344e-01 2.110712192684834621e-01 2.178187438442347190e-01 2.256755226097046374e-01 2.240238138574317805e-01 2.189691036357117870e-01 2.061726360051421014e-01 2.220233159602245376e-01 2.114510849761150613e-01
1.974022050080115331e-01 2.241798729273637991e-01 2.027709174491169886e-01 2.256463997724777737e-01 2.244660121900638461e-01 2.199850284416852431e-01 2.416179849895487841e-01 1.929735578306658039e-01 2.201047400458674141e-01 2.137523672538963193e-01 2.175419825680237618e-01 2.106038790330432564e-01
2.336214351407755185e-01 2.040306326475652132e-01 1.953560103169471596e-01 2.433035624799464169e-01 1.944737000031001584e-01 2.284032494943106228e-01 2.308719310208974251e-01 1.991846781872444738e-01 2.173475022013886260e-01 2.478277428113541681e-01 1.997659505413004188e-01 1.999987089129267037e-01
1.913310756861845152e-01 2.477094441431673677e-01 1.816086350501475710e-01 2.483576713902249933e-01 2.114653313310546623e-01 2.348369741722760584e-01 2.479248953294098667e-01 1.805866875917803982e-01 2.479342031301519089e-01 1.817546669999255682e-01 2.207489537783632050e-01 2.069598766516594912e-01
2.355238962007479009e-01 2.071846785368593458e-01 2.371041294472904237e-01 2.300624414347654523e-01 1.845138338596352678e-01 2.137223983245188363e-01 2.245189516346955128e-01 1.850746790942430775e-01 2.266541978676366864e-01 2.234812950716587865e-01 2.149974733979375385e-01 2.104039217031659081e-01
2.120058796018274294e-01 2.109440636180043294e-01 2.232129181421624031e-01 1.994484830350745919e-01 1.893123798609126218e-01 2.317488563064245832e-01 1.940891636768743711e-01 2.367614476854129346e-01 2.185668287664364606e-01 2.236780861409541632e-01 2.204334801053722259e-01 2.319398510998396390e-01
2.112667009955869479e-01 2.202436147808193578e-01 1.957596912035396430e-01 2.130575616979338838e-01 2.174392159983469242e-01 2.357364660650316801e-01 1.792120916846127732e-01 2.157890444400381025e-01 2.033071692932345575e-01 2.172055837441910220e-01 2.352936407257989471e-01 2.500128822547397212e-01
2.233823431522917735e-01 2.265215887640862347e-01 1.933367902201839905e-01 2.306920716699198959e-01 2.112739718375399589e-01 2.061758191452319755e-01 2.048818816719586156e-01 2.244505164389300755e-01 1.978518285584315306e-01 2.449001546262631612e-01 2.070725596498620980e-01 2.211335047893886463e-01
1.958662660723045346e-01 2.093387894054220266e-01 2.303678724003100087e-01 2.180709290234404685e-01 2.171452104371119907e-01 2.430647256876537765e-01 2.114427502198251430e-01 2.008523020029168993e-01 2.283308059352685271e-01 2.028448007769156625e-01 2.154322138968070011e-01 2.182245224685092633e-01
2.168653037385902538e-01 2.082872561325991578e-01 2.163295872614791893e-01 2.210443835459206530e-01 1.866573832683049994e-01 2.175213062278771869e-01 2.054459136956089671e-01 2.238125090170772491e-01 2.139599044321679744e-01 2.191960040209849636e-01 2.076066440363233956e-01 2.555107059822435689e-01
2.566484478894739407e-01 2.099970702579961046e-01 2.300098616598187928e-01 1.858661393979899601e-01 2.107288880868460612e-01 1.956506421586262368e-01 2.161800838517675405e-01 1.847988308560429283e-01 2.327974666435627393e-01 2.090968134559217928e-01 2.550940318942790941e-01 2.110330211677738932e-01
2.396066889345479511e-01 1.981193657968668975e-01 2.085694661153204288e-01 2.393293776970279452e-01 1.989024696551298654e-01 2.199493148805197751e-01 2.019363227516687009e-01 2.139617668804793260e-01 2.293310455698994721e-01 1.881568178085626097e-01 2.431933830703283395e-01 2.123175415464685356e-01
2.401849833900693842e-01 1.967675551376549259e-01 2.052501096961170390e-01 2.338834696842773120e-01 1.913364947715604225e-01 2.322868128760613160e-01 1.944910358129439687e-01 2.098071172905297543e-01 2.244964489429424892e-01 2.044683918332319272e-01 2.475551616456521942e-01 2.133661776088432993e-01
2.348716187804437416e-01 2.339914293929023503e-01 2.036943190948070637e-01 1.992003653972440613e-01 2.247171626072722861e-01 2.323884862583183442e-01 2.377307242894541872e-01 1.943894822861715332e-01 2.064980038488273550e-01 1.961685644668235695e-01 2.322460643844569406e-01 1.975187711748946640e-01
2.430207974793807402e-01 1.742191057429006151e-01 2.190366638112951625e-01 2.242594588518637966e-01 1.982900542757826123e-01 2.171955550715485572e-01 2.151380562836069932e-01 2.420675480688927184e-01 2.153958481209994613e-01 2.391203852722791068e-01 2.025247035014084707e-01 2.045942380340750599e-01
2.143651261799669472e-01 2.039808475604124871e-01 2.069912765042641323e-01 2.191092046997859533e-01 2.072486213867731908e-01 2.186664779053269503e-01 2.196399645265160183e-01 2.063117890752601546e-01 2.104970168660094121e-01 2.373559911653995713e-01 2.164348716219305635e-01 2.290175152529733416e-01
1.954081305601309271e-01 2.461786830573291229e-01 1.977758945929049272e-01 2.447007542693993842e-01 2.057561414926285248e-01 2.209732942824960689e-01 2.127635257809283864e-01 1.962750339040792436e-01 2.500339997693742933e-01 2.097420338691698416e-01 2.233270914513287853e-01 1.920528935468860665e-01
2.289316841635199440e-01 2.081702143672541361e-01 2.263831562504149131e-01 2.348818724599868735e-01 2.288342458305707428e-01 2.078325952942693677e-01 2.000392175760671298e-01 2.021994012652435779e-01 1.854320289231864982e-01 2.178240865472430010e-01 2.114900771501927457e-01 2.412184321975651968e-01
2.198851511033650952e-01 2.304657726913554583e-01 1.853875313614203879e-01 2.176594165805728898e-01 1.932875782584310975e-01 2.154083860828612806e-01 2.320005777995591545e-01 2.242567196121773021e-01 2.559890214501980288e-01 1.971167865373194827e-01 2.133209434892921197e-01 2.094797570880932713e-01
2.442936004336230260e-01 1.955698395844346349e-01 2.180650391713177261e-01 1.860531484155426019e-01 2.255212606324612234e-01 2.311982613299987943e-01 2.181102063719105311e-01 2.236044711232050008e-01 2.388899496344748519e-01 1.854869825402914174e-01 2.121135508966953409e-01 2.153298640004627784e-01
2.639036312611352519e-01 2.012498486364496242e-01 2.391128927733416898e-01 1.798482261184771169e-01 2.268840886408883262e-01 1.779825233833553233e-01 2.339257413883288617e-01 1.890424516656135645e-01 2.582645937093894228e-01 1.971830372585759439e-01 2.247693065864571349e-01 2.099767978734638774e-01
2.047188595877630080e-01 2.255317025585147905e-01 2.130369787538218262e-01 2.239861535161477846e-01 2.024602570688438519e-01 2.271224712107299260e-01 2.111289138908966911e-01 2.148873992833027491e-01 2.075869504704154767e-01 2.312356085135091888e-01 1.907036240625587797e-01 2.386234818811272529e-01
2.217213318985869208e-01 2.008025248955203068e-01 2.107113042867617136e-01 1.905958290798138166e-01 2.413149074802868610e-01 2.392926002956945186e-01 1.982949445479406381e-01 2.349156006858132972e-01 2.196168065974176131e-01 1.915806276512246609e-01 2.475889671124895663e-01 1.985798922483639206e-01
2.277440096517399371e-01 2.195953850450811096e-01 1.986764133776218744e-01 2.008619553518921907e-01 2.416767869166924487e-01 2.157888056279349820e-01 2.409352806360368082e-01 2.046594116849699829e-01 2.221459970251615235e-01 1.879937525602878023e-01 2.586612558173290721e-01 1.784662136356523765e-01
2.272372488640257981e-01 2.129251831820311580e-01 2.095053703465540873e-01 2.063781748747121059e-01 2.029394220889937372e-01 2.160395479001940289e-01 1.915846154049554995e-01 2.611169970157431464e-01 1.737615572754624693e-01 2.621888570219555459e-01 1.935694034449305934e-01 2.428124013845235629e-01
2.241201370321688202e-01 2.021168795236323867e-01 2.347178851101075769e-01 2.226961940581387023e-01 2.066220840879915144e-01 2.014070366642505827e-01 1.834043671879696247e-01 2.293599030541013106e-01 1.929121338994236601e-01 2.449825331008725071e-01 2.307587544659547851e-01 2.211307948842777260e-01
2.086192495110065215e-01 2.200809626679743614e-01 2.279623931890361055e-01 1.891114466523377280e-01 2.472823818969531739e-01 2.073528736343146772e-01 2.086432553240364085e-01 2.124397407037507401e-01 2.163256546621920018e-01 2.137923160904892927e-01 2.010814388437965339e-01 2.393155985047629719e-01
2.238416103019913728e-01 2.169324014255890609e-01 2.387752086004558405e-01 1.893424765224080153e-01 2.211011727515995728e-01 2.124454388488833112e-01 1.959958204382307723e-01 2.006408442332761888e-01 2.247905456587614426e-01 2.466900453086080247e-01 2.196608989146904278e-01 2.027280790929100185e-01
2.155705230726528976e-01 2.213737402859152770e-01 2.318807599274718134e-01 1.985208512079606191e-01 2.217005241063069731e-01 1.840688350418283881e-01 2.480360821738134824e-01 2.210614442344874531e-01 2.001825938523851822e-01 2.445593854317725524e-01 2.021776802302495957e-01 2.048252320664969151e-01
1.859339331820013541e-01 2.489020200836378205e-01 1.941245276936185982e-01 2.425673087560959451e-01 1.937823141285540673e-01 2.302687996197486375e-01 2.040553060027365528e-01 2.216969376489506816e-01 2.015403939616983164e-01 2.436548280092085683e-01 2.076549071940748670e-01 2.213747693093823521e-01
2.409522728138092929e-01 2.181620466510328371e-01 2.305280806416778461e-01 2.065917412524528873e-01 2.817681597507625257e-01 1.869366166263249363e-01 2.194126110865650403e-01 1.956993549402363530e-01 2.003782521566113417e-01 2.215306531576589355e-01 1.987587777604580830e-01 1.980202349495327752e-01
2.161319142212254907e-01 1.822505764531681949e-01 2.203970149747481733e-01 1.986905290438177318e-01 2.651337722844523959e-01 2.020573953211930451e-01 2.378108225677157406e-01 2.209237919307133480e-01 2.107152303392319515e-01 2.159076492267034131e-01 2.097554616284753037e-01 2.151769186697108649e-01
2.158969955055836665e-01 2.199109804621283415e-01 2.213516808362386290e-01 2.141169977558832760e-01 2.334314922176363716e-01 2.027673724773764175e-01 2.157290072844040285e-01 2.159830428378017864e-01 2.195205705587372214e-01 2.137631941282148451e-01 2.157021604683192484e-01 2.009218564253081318e-01
2.041681624864847833e-01 2.442662510317218649e-01 1.956476329216338961e-01 2.068061962457028169e-01 2.165187305672452156e-01 1.972295893720050486e-01 2.158972977332314913e-01 2.331613008734186032e-01 2.158018736384819392e-01 2.203941157555374952e-01 2.101976665550940870e-01 2.314482058411606868e-01
