4.532240566786965297e-01 5.247541300746769721e-01 4.851275205510516830e-01 4.979523689859586821e-01 5.164607054105352368e-01 5.202622640639663620e-01 5.093383944569089827e-01 4.742146496594054073e-01 5.161492333338462135e-01 5.001742310488702659e-01 4.742086397766136496e-01 5.281338059594723466e-01
5.295419844003322885e-01 4.940466262217450555e-01 4.780302605774484626e-01 5.077350241955331800e-01 5.066019824568994689e-01 4.857504219225464159e-01 5.024471831709879099e-01 4.738239416712930474e-01 5.143770131053686523e-01 5.098394599438926811e-01 5.275504980879497374e-01 4.702556042459951069e-01
4.819754500884076975e-01 5.381540606872865506e-01 4.926508750261255898e-01 5.112418304600624408e-01 4.682072745002803793e-01 5.138519566901409430e-01 4.798603651021070560e-01 4.952555408178882512e-01 5.132630375535668366e-01 4.907485686459622243e-01 4.696794194971293801e-01 5.451116209310269412e-01
5.098415059167753505e-01 4.944707519715377253e-01 5.144139480850822288e-01 4.900431916282286249e-01 5.117171368453928837e-01 4.594689043719537014e-01 5.248623993725446413e-01 4.714306176969218498e-01 5.097321235062541867e-01 4.723090991893447166e-01 5.478704315174017792e-01 4.938398898985832397e-01
4.863240267610898782e-01 5.020716054346984203e-01 5.167466602552791555e-01 4.894023401439734355e-01 5.005133779077257650e-01 4.901222364267593945e-01 4.958557426844933946e-01 5.274923877529977823e-01 4.589794819942286108e-01 5.441137882352461430e-01 4.761026469913913761e-01 5.122757054121384046e-01
4.691919835331925803e-01 4.969096816263057770e-01 5.159526307322008787e-01 5.138565544906972260e-01 4.579233219588649262e-01 5.092263435345372180e-01 5.143401453885503294e-01 4.858966763626585417e-01 5.160976258697287378e-01 5.163369987771168068e-01 5.081036206661022625e-01 4.961644170600086334e-01
5.169050419120801987e-01 4.942098201901096721e-01 4.763122298146483802e-01 4.812388892570287346e-01 5.365262203313507783e-01 4.625630445257541412e-01 5.226673339169816135e-01 5.043476186544010309e-01 5.177497755590929618e-01 4.815038031553457998e-01 5.407901463716867640e-01 4.651860763115783226e-01
4.968307667892950530e-01 5.002229202362362681e-01 4.862514207293364699e-01 4.915370773011543126e-01 4.748133052812369970e-01 5.028405606176327147e-01 4.810128847536503938e-01 5.328172141718400256e-01 5.031972744339572312e-01 4.965670671029467909e-01 5.072396603574218510e-01 5.266698482252747393e-01
4.971235941582707873e-01 5.253717096865316849e-01 4.903628643681940957e-01 4.941800188024475515e-01 5.008448857751172101e-01 4.718240178687808095e-01 5.245793230318296363e-01 4.955410173614601121e-01 4.934650701929640393e-01 5.101432639953034087e-01 4.956143787630091224e-01 5.009498559960917641e-01
4.940592407388244567e-01 4.929016394841170268e-01 5.192573096099091234e-01 5.054813137796830835e-01 5.037270779361068263e-01 4.998892462902368439e-01 4.869282916185777577e-01 5.129381795825613821e-01 5.070994279622578205e-01 4.751535784790726913e-01 5.055764231887392990e-01 4.969882713299395016e-01
5.060079858005706033e-01 4.746580403621469824e-01 5.411721669965769976e-01 4.836311360189343711e-01 4.779536455523163418e-01 5.276946863484693884e-01 5.003528310718319272e-01 5.342811494963214392e-01 4.598484723577654920e-01 5.144655464617369223e-01 4.798782582120922346e-01 5.000560813212362454e-01
5.089502029758099511e-01 4.735196620835833148e-01 4.920605140933946853e-01 4.981282650783512844e-01 5.095014588237742892e-01 5.065699045436993231e-01 5.052314896318867987e-01 4.849646077421952417e-01 5.074654771855713342e-01 5.190924698159874451e-01 5.094261757261671075e-01 4.850897722995566874e-01
5.083455752895420510e-01 5.082585631781086910e-01 4.745592941110085561e-01 4.899540141994078724e-01 5.130446069310334867e-01 4.994668959183896639e-01 5.035130411250139382e-01 5.331480444918315076e-01 4.780431548622087190e-01 5.081912443678568980e-01 5.104155594335960666e-01 4.730600060920016059e-01
4.821166170146279351e-01 5.101973458778810144e-01 5.037094828204446983e-01 5.254566925241368480e-01 4.845868046413847052e-01 4.851688877181588588e-01 5.143568464899541670e-01 4.626499609421669823e-01 5.222776060412679389e-01 4.871935268234269256e-01 5.211957870128870463e-01 5.010904420936912462e-01
4.833386486877681021e-01 5.038793475888379003e-01 4.864036521097533372e-01 5.165871670519266434e-01 4.999940300099984247e-01 5.111092339174488908e-01 5.076579794238760268e-01 4.708670765666451707e-01 5.370758847088870080e-01 4.817102574384676261e-01 5.123756572045681246e-01 4.890010652918331813e-01
4.669952093346927402e-01 4.856862534091331285e-01 4.857698873117343163e-01 5.417045787998946427e-01 4.800500204126278980e-01 5.170895036813311085e-01 5.143164274100223698e-01 4.934553372536466531e-01 5.014541876487499383e-01 5.018387801130648196e-01 4.825689981522689465e-01 5.290708164728321616e-01
4.797045959900151368e-01 5.254932016218661905e-01 4.746023900712383337e-01 5.092122420733857791e-01 4.999724268665815541e-01 4.803656483766092222e-01 5.048100476307442186e-01 4.743297983629368164e-01 5.171048018019479553e-01 5.141089183122643513e-01 5.005535084243679655e-01 5.197424204680565207e-01
4.910234154205532775e-01 5.349058832504374195e-01 4.722380092601594082e-01 5.172424706950805584e-01 4.848548080515955871e-01 4.975868416063380373e-01 4.940468291137629087e-01 5.182488057734879749e-01 4.834347616298885209e-01 5.088854596221789039e-01 4.789496711748632007e-01 5.185830444016268359e-01
4.638035939329803181e-01 5.318777960034710706e-01 4.709654598661468516e-01 5.173252229579810013e-01 5.131587465828011396e-01 4.683885521806439578e-01 5.053752276907869101e-01 5.209566395266695960e-01 4.883214292468028850e-01 5.300749976261595053e-01 4.643339864660209204e-01 5.254183479195575490e-01
4.652177917838895005e-01 5.124933828921367507e-01 4.899822382155331613e-01 4.885793481933972116e-01 4.830923501123121633e-01 5.052195142643447490e-01 4.890658954992759266e-01 5.206860741379414348e-01 5.059075201611968886e-01 4.834810053289875231e-01 5.364009589577716230e-01 5.198739204532188962e-01
4.916071882559985284e-01 5.265377965034276908e-01 5.030766720761914446e-01 4.843105497767485890e-01 4.600189720757972278e-01 5.253896891812290804e-01 5.028254989559320931e-01 5.053759728774724902e-01 5.077619460023037323e-01 4.988928993387071742e-01 5.020763672061822058e-01 4.921264477500427170e-01
5.137138273161631075e-01 5.152401996630864289e-01 4.753150818042093384e-01 5.150876927468690525e-01 5.160745890868172481e-01 5.147563188083865704e-01 4.899745501145612581e-01 5.295987996944557796e-01 4.635571701195988492e-01 5.140588853544416637e-01 4.738883254436103698e-01 4.787345598478123243e-01
5.037751089218761580e-01 5.036390032224795643e-01 4.628277297219240971e-01 5.245336154482471702e-01 4.953592571607784434e-01 5.067930598963765743e-01 4.815285708240606977e-01 5.253675377610144137e-01 5.041743717936008062e-01 4.945415700496837430e-01 4.876100465995946709e-01 5.098501286004072375e-01
5.121585218176132326e-01 5.027954458430295981e-01 4.898789968354163582e-01 4.918799677070093135e-01 5.051004483278793700e-01 4.851460650030402499e-01 5.197375360060039196e-01 5.082437787990352618e-01 5.087799804078942945e-01 5.058303055630373191e-01 4.719088223657075254e-01 4.985401313242915355e-01
4.823746182495217694e-01 4.979039701343303537e-01 5.133292488299843193e-01 4.889512607847386061e-01 5.136268819156678545e-01 4.719647672859851872e-01 4.833245258050453685e-01 5.268172951429652695e-01 4.910681760702488297e-01 5.390022534752898498e-01 4.890885080338391866e-01 5.025484942723874582e-01
4.722713479961668237e-01 4.914182200496473030e-01 5.115693641814140769e-01 4.875201393255133575e-01 4.955985953554580270e-01 5.100531691459646577e-01 5.258706893860849441e-01 4.934573344529658012e-01 5.134957393464559816e-01 4.718028989535985596e-01 4.969200274437943765e-01 5.300224743628881852e-01
4.897750432686961974e-01 4.834772719868239421e-01 4.921039008263856651e-01 5.109475415244106866e-01 5.091004954619358092e-01 5.255781871579190412e-01 5.014591878063270336e-01 5.004704480261343846e-01 4.897477915263532822e-01 5.077698160216608247e-01 4.861533368286754531e-01 5.034169795646824541e-01
4.773199076092277116e-01 5.043208132461226567e-01 4.728498146279105918e-01 5.202104559392930483e-01 4.905045025629061195e-01 5.282506378838344174e-01 4.997278996680111773e-01 4.994760501759131222e-01 4.817606692746226327e-01 5.075622903616514581e-01 4.901665747339284951e-01 5.278503839166273082e-01
5.300826150526245506e-01 4.832811967429567757e-01 4.937498212027205957e-01 5.052255295213647912e-01 5.034398438973162193e-01 4.979464799525668006e-01 5.121390644891745669e-01 4.921174803598835079e-01 4.993420139099347677e-01 4.857416703192264373e-01 5.003363791394593862e-01 4.965979054127689918e-01
5.056319856713870076e-01 5.067204051626394978e-01 4.931938196165144839e-01 5.336984711056047548e-01 5.120980603673920273e-01 4.728225779051714595e-01 5.131416054778268343e-01 4.840598880524863978e-01 4.971294245460191052e-01 5.080432938393184550e-01 4.835477878291352671e-01 4.899126804265190316e-01
4.914949211208917701e-01 4.942600065145863475e-01 4.878187415894631451e-01 5.024709913768410363e-01 5.300332223390523678e-01 4.767934130281358263e-01 5.078560931507427600e-01 4.909392922412587068e-01 4.914180406043771043e-01 5.260288550940387386e-01 4.571642328692525625e-01 5.437221900713344880e-01
5.255056027504130256e-01 4.834992554372262719e-01 5.346948331826336664e-01 4.620903010543604972e-01 5.020200007111249585e-01 4.789869084135908728e-01 5.161829067009134908e-01 4.780571737815541011e-01 4.709266553173503400e-01 5.147486916444262706e-01 5.279884405756517518e-01 5.052992304307093452e-01
5.092630054229807524e-01 4.912408151038831217e-01 4.911942570275407149e-01 5.093867237847946594e-01 4.973266568558571965e-01 5.086873934215863091e-01 5.193385903183553864e-01 4.929510592172915984e-01 5.194437208028441777e-01 4.814576132906680517e-01 5.051528291905315049e-01 4.745573355636207302e-01
5.178399632224415239e-01 4.874518764066405052e-01 4.892832522775347193e-01 5.216009051751275827e-01 5.366738556113553882e-01 5.031225045763845216e-01 4.915259095944798373e-01 5.073467035523103741e-01 5.071602251325398880e-01 4.784790997216055164e-01 4.937867223342650158e-01 4.657289823952918684e-01
5.046013665141586557e-01 5.170056983501595260e-01 4.654530803573507791e-01 5.118561714033447174e-01 5.090077220560256244e-01 5.089117562439942066e-01 4.823297970372033561e-01 5.286436736580004681e-01 4.845762925184847747e-01 5.047025994912157643e-01 4.888255562421635059e-01 4.940862861278922380e-01
4.900578751229047181e-01 4.792131630502360906e-01 5.153309053148533714e-01 4.785902067310651153e-01 4.912641682269316412e-01 5.146358145425420361e-01 5.226715550803200383e-01 4.969178403273745714e-01 5.139713519000820297e-01 5.131944320005983329e-01 4.646214041586961274e-01 5.195312835443929300e-01
5.159264462864144862e-01 4.819787351227307060e-01 4.873966171219451526e-01 4.782039179535400031e-01 4.891084140899474297e-01 5.191607635219070982e-01 4.947654244416184177e-01 4.904186778550245762e-01 5.220801175517987280e-01 5.166066403465359169e-01 5.012353102366675639e-01 5.031189354718661466e-01
4.856062706449742472e-01 4.914768030004159627e-01 5.197924661514174982e-01 4.912680835489147135e-01 4.923796456973414948e-01 5.201897891474717150e-01 4.903827955328366461e-01 4.896541330790583624e-01 4.899981069397316147e-01 5.232139775999478104e-01 4.674912468610605276e-01 5.385466817968401765e-01
4.774697238500114627e-01 5.335093330757819663e-01 5.433960780910633837e-01 4.591569221844055693e-01 5.138748268871359270e-01 4.870817918800149915e-01 4.983578289105856651e-01 5.012512613930202310e-01 4.776486616448968880e-01 4.799037957958655065e-01 5.373483785380673838e-01 4.910013977491413661e-01
4.861706753432946115e-01 5.051436584027022558e-01 5.232483610315394884e-01 5.053204815423357754e-01 5.108722163136363292e-01 4.798085189255605898e-01 5.073834357532176487e-01 4.847391100202715353e-01 4.835771209736329790e-01 4.895017963976323605e-01 5.160381763759621654e-01 5.081964489202250856e-01
4.784800238002773209e-01 4.927146034571314726e-01 4.951170568241113346e-01 5.204944001377819207e-01 5.157283198175314221e-01 4.609920017370922052e-01 5.187063091543335780e-01 5.166415927131231545e-01 4.823983659694199844e-01 4.901765401976512226e-01 4.867409840862702008e-01 5.418098021053379121e-01
5.026864039299796527e-01 4.889984710757293018e-01 5.168908592641776600e-01 4.708744695409669001e-01 5.069670576721267974e-01 4.891363494097749620e-01 5.295345280019920775e-01 4.611997207421375533e-01 5.115651355968107161e-01 5.181808761793865736e-01 5.133212954961446917e-01 4.906448330907794420e-01
4.912407054734262424e-01 5.144670858183466589e-01 4.755860923637632576e-01 5.184168739205029519e-01 5.283837010052601091e-01 4.753718388083351676e-01 5.450988872099742366e-01 4.563769645899494742e-01 4.958497414205697007e-01 5.006594856306844088e-01 4.874820230177995817e-01 5.110666007413575684e-01
5.201023694948041509e-01 5.192471319261811047e-01 4.910199087357046133e-01 4.947771824037575095e-01 4.818292778497462736e-01 4.636120604647293586e-01 5.360469921718051811e-01 4.620452181094538147e-01 5.425151169097781612e-01 4.602149996420464295e-01 5.174844893158526693e-01 5.111052529761557217e-01
4.874954671168775233e-01 5.131332270913844251e-01 4.971339164168497859e-01 5.208864690919856599e-01 5.064837451943440261e-01 4.828885184186032520e-01 5.135412825395678782e-01 4.736639196433259369e-01 4.979697785114690634e-01 5.147721794855346644e-01 4.751834908055408979e-01 5.168480056845091708e-01
5.133016521278905842e-01 4.809307076008968451e-01 5.047132156105678114e-01 4.715684006066138134e-01 5.297550326459155023e-01 4.668198101529255073e-01 4.956885655552745185e-01 4.507818747680938376e-01 5.698918131214694149e-01 4.997304678871308248e-01 5.197281662057541274e-01 4.970902937174873637e-01
5.131385841836708650e-01 5.118981661974050246e-01 4.926538700498009904e-01 4.987653178197586357e-01 5.081144293152966007e-01 4.860468043634346702e-01 5.028813165961242282e-01 4.749900824058255200e-01 5.333982606675409244e-01 4.778898789398624003e-01 5.067056432684189371e-01 4.935176461929016711e-01
5.048387293157687861e-01 5.146774802493940815e-01 4.858963125093606061e-01 5.223974989342933251e-01 4.733530248566478749e-01 5.217975017717551012e-01 4.797560959650277179e-01 4.748147505491555620e-01 5.090182247189345421e-01 4.787533040340392620e-01 5.298232186309921321e-01 5.048738584646138561e-01
5.106830263070782916e-01 4.837153979523404201e-01 5.172068125083638668e-01 4.984460227939742638e-01 5.034007092884837942e-01 4.613705824189239246e-01 5.249418759713744276e-01 4.746053684782023385e-01 5.270357083077038540e-01 5.000160257304483435e-01 5.094141541356829173e-01 4.891643161074216706e-01
4.934547244135449318e-01 5.111099541106600697e-01 4.718102975080687989e-01 5.103347950511010200e-01 4.972662233920839281e-01 4.650794493447277800e-01 5.220046955507591235e-01 5.168375304441824580e-01 5.190617167711510938e-01 4.912870502890206992e-01 5.022915266415539648e-01 4.994620364831152681e-01
5.139033869061665483e-01 4.959399175392993908e-01 5.045461365997175873e-01 5.018657060496656275e-01 5.005495333754461651e-01 5.031383308761017137e-01 5.201619016022345221e-01 4.825540645971915787e-01 4.706651202347552632e-01 5.083584707338898445e-01 5.083048410411444840e-01 4.900125904443862201e-01
5.194481666051069535e-01 5.038888173550591931e-01 5.162214095861075158e-01 4.828889298591990120e-01 5.207434573794640364e-01 4.811818380790195970e-01 5.296007500407329260e-01 4.719148369612182203e-01 5.172832999297765078e-01 4.929099390279865212e-01 4.911259179121467700e-01 4.727926372641316211e-01
4.811565331415558755e-01 5.011030741125126475e-01 4.950105467381802349e-01 5.087377634398942972e-01 4.884957931498346562e-01 5.161123362459705266e-01 5.357418428811727695e-01 4.909111100634910851e-01 4.838058445287135578e-01 5.210994739002076104e-01 4.812983182793229009e-01 4.965273635191260748e-01
4.928412128759188660e-01 4.724700063814365469e-01 5.410856581144639632e-01 4.858774911421282483e-01 5.021972751471428520e-01 5.348864902269776511e-01 4.971251690755356112e-01 4.965665173608675431e-01 4.859812468422279874e-01 5.052222699700290587e-01 4.734915727603173918e-01 5.122550901029396808e-01
4.815998332223672684e-01 5.316131800099187510e-01 4.728911090343637103e-01 5.222769979016501640e-01 4.722472482689427653e-01 5.270248629769952453e-01 4.726111461625543964e-01 4.981583352431869782e-01 5.239401089297908154e-01 5.055639971951300105e-01 4.939504258597324782e-01 4.981227551953598121e-01
5.163046452588848645e-01 5.187501125937881152e-01 5.117300153537333030e-01 4.706644403251743491e-01 4.923138369350968935e-01 5.066919950242255721e-01 4.898522565651298177e-01 4.859314613659478921e-01 5.030733872042268962e-01 4.927252578175205233e-01 5.350247730682533565e-01 4.769378184880121441e-01
4.992209978393707948e-01 4.925462608849285884e-01 5.313452658205370938e-01 4.820309624185482589e-01 4.850899000307374309e-01 4.941302051081620794e-01 4.565390228909557147e-01 5.306684934088832239e-01 4.864859235329968556e-01 5.240525706914025417e-01 4.990918505392783477e-01 5.187985468341992368e-01
4.904612310839059353e-01 5.364939276048752426e-01 4.836906923931008628e-01 4.610569103862584006e-01 5.168638304638748515e-01 4.986513370116023580e-01 5.360104560016897279e-01 4.689680212706321960e-01 5.390755879813031726e-01 4.690885265304621798e-01 5.042722333067457541e-01 4.953672459655463767e-01
5.144690236657568638e-01 4.830894828478872749e-01 4.963494365468624769e-01 4.779737658350157736e-01 4.967833921664326358e-01 4.983228199682020465e-01 5.015013970150205003e-01 5.106114101977865527e-01 5.220953500953283699e-01 4.939422830587461011e-01 4.969816695464340239e-01 5.078799690564994584e-01
5.067833146638938135e-01 5.125433902202778391e-01 4.900612947158451971e-01 5.062054965193556466e-01 5.041618406067336355e-01 5.254043982736227303e-01 4.628483451284990391e-01 5.243557063980303079e-01 4.896822493159069811e-01 4.990114261464744239e-01 4.876642726017172969e-01 4.912782654096282675e-01
5.141337268755030721e-01 4.808759519565594664e-01 5.211084354599442303e-01 5.039178415382569165e-01 4.757734758745820747e-01 4.915094984686347868e-01 5.363869149157217686e-01 4.688679953168575221e-01 5.190399880322316140e-01 4.894031789960008316e-01 5.051011096989319604e-01 4.938818828667422833e-01
4.796215203921206927e-01 4.954359214675542744e-01 4.946730131068189928e-01 4.993896355480795801e-01 5.001385382774983235e-01 4.947672665900862965e-01 4.959251249573903841e-01 5.385309043709889387e-01 4.816509837526022908e-01 5.104529406999637198e-01 5.023003562647284648e-01 5.071137945721824192e-01
4.985051122576623639e-01 4.714228758553547505e-01 5.080271772808541142e-01 5.065572352749935225e-01 5.165486339554304918e-01 4.958533184753087797e-01 4.751740972748531577e-01 4.873979040228811899e-01 4.985040758212703205e-01 5.025172832442081905e-01 4.857255860341070930e-01 5.537667005030806333e-01
5.404743869575956428e-01 4.884619955245079193e-01 5.270633510097825214e-01 4.820763793547081510e-01 5.229267154781140903e-01 5.012400494934171613e-01 4.936639576375861926e-01 4.872481252946098129e-01 4.835944555331924688e-01 4.882182880217855736e-01 4.986069719751197726e-01 4.864253237195449442e-01
5.110770773219361907e-01 4.970574159885612908e-01 4.929586637032529195e-01 5.108338150740092676e-01 4.948441801564654186e-01 4.973087776613962507e-01 4.929194179308786228e-01 5.103062610841359037e-01 4.739908597747509722e-01 5.401105046852112679e-01 4.801031617929975570e-01 4.984898648263739185e-01
4.755203700609341722e-01 5.288788257189541708e-01 4.910032277263779443e-01 5.082074692455867959e-01 5.042691728065403778e-01 5.177820173951037663e-01 4.899584292453094680e-01 4.861106081097930631e-01 4.986646274227177766e-01 4.887474621520438989e-01 5.037664274413968801e-01 5.070913626752289183e-01
4.643229583615566813e-01 5.107568121041704545e-01 5.327710561379412901e-01 4.809051417695807684e-01 4.953664704337293889e-01 5.021198672536382190e-01 5.098652152318223774e-01 5.082511008910814976e-01 5.032661148548536190e-01 4.903707800501859171e-01 5.062719240401341025e-01 4.957325588713127340e-01
4.812240816884547634e-01 5.084009444900938757e-01 4.868423403353805967e-01 5.098203024438960895e-01 5.086685128246676291e-01 5.042808212700946591e-01 5.250338104793057514e-01 4.765009822967201103e-01 5.044108754880842760e-01 4.980659801979157586e-01 5.018611720638259666e-01 4.948901764215791754e-01
5.174876449677212609e-01 4.881583119823386108e-01 4.790405558488484150e-01 5.266255316196197800e-01 4.781255477323861358e-01 5.124902172489621544e-01 5.148849627733825818e-01 4.830821819660129357e-01 5.016649788682926436e-01 5.307980849305824478e-01 4.836758756531852055e-01 4.839661064086529518e-01
4.746963044590492009e-01 5.306797009689095956e-01 4.640750603991652401e-01 5.312442092401397087e-01 4.957057865863460644e-01 5.186285120764371204e-01 5.308206360495562048e-01 4.629134318942699777e-01 5.308815228861483160e-01 4.642122096459792568e-01 5.050068022714095939e-01 4.911358235225860569e-01
5.193148363553572455e-01 4.913863223680859926e-01 5.208105532768478874e-01 5.140318677243639334e-01 4.672957460321931489e-01 4.980218205030572109e-01 5.087147687935316132e-01 4.679404851555580835e-01 5.107768154827160290e-01 5.077153275061164761e-01 4.993106706498696701e-01 4.946807861523310201e-01
4.962817484003327895e-01 4.952334633482036175e-01 5.074076625995083134e-01 4.833577490929612530e-01 4.725271588772446130e-01 5.156931318597605118e-01 4.776837635769804469e-01 5.204493420503611967e-01 5.028771144504111668e-01 5.078785134700785076e-01 5.047223059093335351e-01 5.158880463648166659e-01
4.954803697632255144e-01 5.044820862956762575e-01 4.794609143150251884e-01 4.973454851462028037e-01 5.017249246871819945e-01 5.194855586915966272e-01 4.613910687135945321e-01 5.000748098107041795e-01 4.873404192500849219e-01 5.014149797006165477e-01 5.190411862419098687e-01 5.327581973841726271e-01
5.076248876437428059e-01 5.106643392951762950e-01 4.769105808471464369e-01 5.147192982417628793e-01 4.955478527491952168e-01 4.903708616109463403e-01 4.890151871819917728e-01 5.086665666658636287e-01 4.816900304932558163e-01 5.281001917426102477e-01 4.912962281050379798e-01 5.053939754233092163e-01
4.796054834139469314e-01 4.935699251378684038e-01 5.143851496812972268e-01 5.023782705525765557e-01 5.014519836183312096e-01 5.263970171706388035e-01 4.957023461381247498e-01 4.848568617269879977e-01 5.124360424355609567e-01 4.869280836449098593e-01 4.997596279047156198e-01 5.025292085750636684e-01
5.011371496774573719e-01 4.924908492777696489e-01 5.006331112489713631e-01 5.052964358546123691e-01 4.696572715313104829e-01 5.018242479985384197e-01 4.895838701586167074e-01 5.080339456170557266e-01 4.982692791085587825e-01 5.034766552975740161e-01 4.918009286117873136e-01 5.377962556177708908e-01
5.387081703072111871e-01 4.941574068934581621e-01 5.139143037627641464e-01 4.686704200136028731e-01 4.949644839390279216e-01 4.792123560062839238e-01 5.004541023874494732e-01 4.675100312553434612e-01 5.165925977272485259e-01 4.932512573098006836e-01 5.373020234143653928e-01 4.952628469835103076e-01
5.231457616046861769e-01 4.819748110670925567e-01 4.928242885020385211e-01 5.229060207268868554e-01 4.828061201139089986e-01 5.042467871409800351e-01 4.859833238587355497e-01 4.982685521749486979e-01 5.134066704644038026e-01 4.713147272960199752e-01 5.264944830204040249e-01 4.966284540298956385e-01
5.236671067766345278e-01 4.805219309310297393e-01 4.894173705549640374e-01 5.177440767700460800e-01 4.747599594108570797e-01 5.162272431275856110e-01 4.781333471217913411e-01 4.940557149207532306e-01 5.086904787901163072e-01 4.885847584977247027e-01 5.305241821689256065e-01 4.976738309295968277e-01
5.186813960838754234e-01 5.178469730648254110e-01 4.877686040051156247e-01 4.831228646781656755e-01 5.088695340624916907e-01 5.163311526574144716e-01 5.213475298409550041e-01 4.779540830200107449e-01 4.906935798967034246e-01 4.798636125597306457e-01 5.161937701900103370e-01 4.813268999406946080e-01
5.263201852501586675e-01 4.557626756369731469e-01 5.033124792495143884e-01 5.084536727782378307e-01 4.821552293249135035e-01 5.014787775417504090e-01 4.994233113497607013e-01 5.254416078617382135e-01 4.997002047108485279e-01 5.226761907697355936e-01 4.865416895216346793e-01 4.887339760047279547e-01
4.986659830698957352e-01 4.881048567769220026e-01 4.912076059274529394e-01 5.034238535460708874e-01 4.914783728250124994e-01 5.029867912172309996e-01 5.039492116781907338e-01 4.905156004397681624e-01 4.947697947791835915e-01 5.210484281348591873e-01 5.007595968108156104e-01 5.130899047945916003e-01
4.790654094690759979e-01 5.292610779220622286e-01 4.816271112929350062e-01 5.279042690749309319e-01 4.899392969329552372e-01 5.052451052951345556e-01 4.970739187507628998e-01 4.800259680410063345e-01 5.328218001963610506e-01 4.940041236982435358e-01 5.075116941743447185e-01 4.755202251521892243e-01
5.129864432240431871e-01 4.923587878918054273e-01 5.105091960443273180e-01 5.186732781889031862e-01 5.128337749473395046e-01 4.919634503502775535e-01 4.839035862029588686e-01 4.861848370266599328e-01 4.682405159106236558e-01 5.020331980697243512e-01 4.956879473822401461e-01 5.246249847610812145e-01
5.041821176895230350e-01 5.144532204794518560e-01 4.682500520151834378e-01 5.019530534764964358e-01 4.767978863798552069e-01 4.996547863296507130e-01 5.158825487969058710e-01 5.084437559356118630e-01 5.381915056543975506e-01 4.808452595506166327e-01 4.976299425892001249e-01 4.937158711030940061e-01
5.275396002796219896e-01 4.792327963779530187e-01 5.023698493931501030e-01 4.689833186974575741e-01 5.096483668236443387e-01 5.151822045127053551e-01 5.023815933956630175e-01 5.078369353799188080e-01 5.224481140944895463e-01 4.683730091310797095e-01 4.963926589533594891e-01 4.996115529610047901e-01
5.452335471501665864e-01 4.851640444820981557e-01 5.225931076735372827e-01 4.619979773739868456e-01 5.109895344258073013e-01 4.598934142809794623e-01 5.177360414391148913e-01 4.721647131614367110e-01 5.402345224464788487e-01 4.809561658020525265e-01 5.088453601376222712e-01 4.941915716266946923e-01
4.888731280237623711e-01 5.097174868945089088e-01 4.973573407212539266e-01 5.082166992413232887e-01 4.865381704863176449e-01 5.112768548461226192e-01 4.954244372330716129e-01 4.992149392934121521e-01 4.918117620832431203e-01 5.152386218876727764e-01 4.740823229616432655e-01 5.222482363276211847e-01
5.059856507163631445e-01 4.847476334950419075e-01 4.949972756526554440e-01 4.738801740314561028e-01 5.247136305376803866e-01 5.228683672895463319e-01 4.821242361923421815e-01 5.187425348447405327e-01 5.038851336089278377e-01 4.750259778651470532e-01 5.305875132935435889e-01 4.824418724725628715e-01
5.118526004780741268e-01 5.038363766488302975e-01 4.825487445052333846e-01 4.848004480845811703e-01 5.250560505306791637e-01 5.000995815775874931e-01 5.243662369612924756e-01 4.887616791832870011e-01 5.063635718080516934e-01 4.711071488900633319e-01 5.406427190210822964e-01 4.605648423112871370e-01
5.113341429447589848e-01 4.971656183867866341e-01 4.937284952104342706e-01 4.905492510265636597e-01 4.869586856508770767e-01 5.003280937439030795e-01 4.749300684113948456e-01 5.428194601652677198e-01 4.552214001258843012e-01 5.437428177467247270e-01 4.771196604744858960e-01 5.261023061129052047e-01
5.083274091837810538e-01 4.861455187662925836e-01 5.185423595985736434e-01 5.069069897427459503e-01 4.907257219454568831e-01 4.853916843357731770e-01 4.660102654703268676e-01 5.133680860095866105e-01 4.763673681330879983e-01 5.281029784748689782e-01 5.147564586369148820e-01 5.053551597025867093e-01
4.928792635904524766e-01 5.043765789103183961e-01 5.120810068043211150e-01 4.723627702073222023e-01 5.303161323363435597e-01 4.915663989985051829e-01 4.928958185592009489e-01 4.967555101126629458e-01 5.006530882766596635e-01 4.981228184835487793e-01 4.850880445070379632e-01 5.229025692135366166e-01
5.080530307779627108e-01 5.012532647624293736e-01 5.223620284450329887e-01 4.725814495261893011e-01 5.053832284191523971e-01 4.967048599708367984e-01 4.797273986876123830e-01 4.845569183504959687e-01 5.089112307033136773e-01 5.297502456163940554e-01 5.039146630424606865e-01 4.868016816981308170e-01
4.998782286554400711e-01 5.056550566237756339e-01 5.158481203861983166e-01 4.823782815855912620e-01 5.059809278357063622e-01 4.668039323052240452e-01 5.309836473981460747e-01 5.053411627874959677e-01 4.841364169468902467e-01 5.277964879985761470e-01 4.862120676665019903e-01 4.889856698104346200e-01
4.688617028508036411e-01 5.317762518596040877e-01 4.777287511354640359e-01 5.259152139839367024e-01 4.773649616927354566e-01 5.142887796872278594e-01 4.881583350270475297e-01 5.059523484289354389e-01 4.855491604114716697e-01 5.269413724236308161e-01 4.918443834572556184e-01 5.056187390418843686e-01
5.243506667791342224e-01 5.024503954663366301e-01 5.144212425943829325e-01 4.907598130211803245e-01 5.607888094407667001e-01 4.698160449701639929e-01 5.036422777653999372e-01 4.793130857840989245e-01 4.843265262955861461e-01 5.057174179581503948e-01 4.826333566120750707e-01 4.817803633127121787e-01
5.004279065438931307e-01 4.647638646013484975e-01 5.046146246406751912e-01 4.824678151864026932e-01 5.463683851395202407e-01 4.860862718542962035e-01 5.214280767177050802e-01 5.051816979806059704e-01 4.949694677816727229e-01 5.002155378515613648e-01 4.940184889367396637e-01 4.994578627655669179e-01
5.002203691157217635e-01 5.042170144952984323e-01 5.056355397617375846e-01 4.984507278664536134e-01 5.173372658001460511e-01 4.868544466522852776e-01 5.000668278831655877e-01 5.003164680775229467e-01 5.038393213939076354e-01 4.980899590867310378e-01 5.000360468100761846e-01 4.849360130569345118e-01
4.883064403395347974e-01 5.275069164141886757e-01 4.793367655234787028e-01 4.910145537878849442e-01 5.008186751210857990e-01 4.810429606608124242e-01 5.001841165676538248e-01 5.170720600094245167e-01 5.001276104066255668e-01 5.046797029534744183e-01 4.944872665504788101e-01 5.154229316653513582e-01
