-1.057402344296666108e+01
-1.064088753603213178e+01
-1.065150437689663043e+01
-1.092536637149235368e+01
-1.031371611762409124e+01
-1.080071521746969054e+01
-1.083795883914336855e+01
-1.115840866649806173e+01
-1.115914282656674139e+01
-1.046925939743735157e+01
-1.087298537775520657e+01
-1.111153012881369406e+01
-9.802018258829129138e+00
-1.059744498484064401e+01
-1.058609238013795739e+01
-1.016643042324697888e+01
-1.070745983599045559e+01
-1.079524064448875365e+01
-1.047728175377559801e+01
-1.072218832354087148e+01
-1.072670656120905441e+01
-1.045851493001115884e+01
-1.115470997390785435e+01
-1.073611104620609957e+01
-1.065474305061187010e+01
-1.017017755707470528e+01
-1.053426735344165799e+01
-1.076337146606934603e+01
-1.106925582546558928e+01
-1.029447841166228983e+01
-1.012932334861513262e+01
-1.051006692205885251e+01
-1.096325419220540631e+01
-1.111969790467962227e+01
-1.053632220711247669e+01
-1.092960477468986014e+01
-1.071278086794794504e+01
-1.115170316304941167e+01
-1.084279602101701734e+01
-1.065721855786383720e+01
-1.101540342077019297e+01
-1.073059266860765071e+01
-1.079525085354296010e+01
-1.069593222036104052e+01
-1.043497655192600604e+01
-1.055401059889548065e+01
-1.100340495150355657e+01
-1.020284063321493484e+01
-1.071155548474548524e+01
-1.071308945339745833e+01
-1.052805248755675116e+01
-1.065989791298889422e+01
-1.066455799641713575e+01
-1.105176672203215560e+01
-1.096161932666186267e+01
-1.084532329952530105e+01
-1.021694102029021067e+01
-1.055080291838543438e+01
-1.026620386641940641e+01
-1.017543708530144286e+01
-1.050390732855958120e+01
-1.056016819503682136e+01
-1.048346321978464779e+01
-1.038380865767675942e+01
-1.061757423327419936e+01
-1.054980450467762942e+01
-1.076240426747590284e+01
-1.114861119192222105e+01
-1.039709615691051070e+01
-1.062686306472451392e+01
-1.083169980802142440e+01
-1.060633824894259014e+01
-1.048388477341266700e+01
-1.040209585396800307e+01
-1.056672842024068082e+01
-1.061504374146653973e+01
-1.061630723586389635e+01
-1.036298814957165604e+01
-1.051476313163792931e+01
-1.080891335814309784e+01
-1.042268037938589664e+01
-1.101009690614765013e+01
-1.079017387629136415e+01
-1.036806738721883825e+01
-1.054516188043586311e+01
-1.041514079890066746e+01
-1.040695012440974487e+01
-1.056652582327865098e+01
-1.098638958017417089e+01
-1.060956995898336253e+01
-1.062935563343575751e+01
-1.097999889470275825e+01
-1.029266591915904883e+01
-1.085449780543789977e+01
-1.104432287529293966e+01
-1.086370095702626770e+01
-1.042736734140696164e+01
-1.026120038833853521e+01
-1.054032395113037524e+01
-1.122860997947499584e+01
