-1.372733705386030145e+01
-1.403437751587739690e+01
-1.349839338252915510e+01
-1.338834010859572921e+01
-1.291701112630114245e+01
-1.229874259355500143e+01
-1.252384628018675983e+01
-1.217754987938728561e+01
-1.492061938901194829e+01
-1.181256628382989149e+01
-1.301827221894318676e+01
-1.238396541228754621e+01
-1.215656761049610424e+01
-1.309260838045166864e+01
-1.149181744428286400e+01
-1.285416782245440537e+01
-1.502504238590297092e+01
-1.406312932535593241e+01
-1.208337922826961375e+01
-1.297285216525864904e+01
-1.341855242556446370e+01
-1.288811192107852399e+01
-1.402775912552813509e+01
-1.164397668583066547e+01
-1.323956060216275965e+01
-1.239175101574549487e+01
-1.253860587176173169e+01
-1.271679027337714452e+01
-1.352181705773191744e+01
-1.332222544931010688e+01
-1.250620910062886537e+01
-1.319809244933395753e+01
-1.389544925103851192e+01
-1.315168678120956969e+01
-1.345225219583218568e+01
-1.299844181907843677e+01
-1.399920044283202536e+01
-1.244307960226509380e+01
-1.259268055424614907e+01
-1.250473753496401841e+01
-1.366864663496502530e+01
-1.301329586732508226e+01
-1.188610186482355680e+01
-1.516516976650331827e+01
-1.251332600124584538e+01
-1.435537216211607259e+01
-1.168442229677044075e+01
-1.325741875499134892e+01
-1.181655379007448659e+01
-1.252932635658647342e+01
-1.094391826139186286e+01
-1.318321604653625556e+01
-1.439225796002253333e+01
-1.249518866185464816e+01
-1.459067826668812451e+01
-1.373551319763529932e+01
-1.300794781518441745e+01
-1.397743674926333668e+01
-1.280787557081224470e+01
-1.280430374150732575e+01
-1.269505515470972412e+01
-1.328432849333489507e+01
-1.280481984546876006e+01
-1.204336297665105526e+01
-1.363074692548586775e+01
-1.358166467494724472e+01
-1.230239223794253611e+01
-1.278751970565245699e+01
-1.238045923583065999e+01
-1.100128585296808659e+01
-1.274890592453638938e+01
-1.319471418232753912e+01
-1.218011789411694856e+01
-1.422452576617660114e+01
-1.219916225058453030e+01
-1.335065107002707840e+01
-1.383847551088934047e+01
-1.175226788751216134e+01
-1.177976434056908595e+01
-1.562627991830642138e+01
-1.349615549959418104e+01
-1.268514578229519962e+01
-1.510842928085643599e+01
-1.341575615152503431e+01
-1.343230191852980049e+01
-1.245303953440006950e+01
-1.169302386526284998e+01
-1.496491321079623305e+01
-1.252021253177523263e+01
-1.544754330937698938e+01
-1.088891575384288224e+01
-1.246685455629072869e+01
-1.158582480733703512e+01
-1.327871111878037880e+01
-1.208475113901994646e+01
-1.224755225388725677e+01
-1.403406338362107064e+01
-1.100968116889274384e+01
-1.290822483881453131e+01
-1.444349460846441069e+01
