1.371430420265290495e-01 1.691391157643049037e-01 2.273970416555712026e-01 1.810684388209866935e-01 2.645476287887091327e-01 2.141824208027204579e-01 3.210211240918252051e-01 2.809699838074788403e-01 2.244060162466408326e-01 2.374327944141910729e-01 1.679695922218885917e-01 2.120980876346110766e-01
2.254400418085431013e-01 2.822327767263876908e-01 3.031544022542596584e-01 1.897617847953141368e-01 1.933287665258327792e-01 2.143258025570343173e-01 1.722371569773409328e-01 2.806149066005051984e-01 1.830344135121853288e-01 2.440264764626926819e-01 1.788540028812966032e-01 1.589468592194877850e-01
2.963364397178999132e-01 1.330582539434838341e-01 2.708911371867221418e-01 1.705825912619101381e-01 1.428122103866755754e-01 2.330995083211569174e-01 3.176901024873039492e-01 1.682718727773623024e-01 3.005071937398363091e-01 1.539019050688073820e-01 2.491080905286687519e-01 2.247646330135009141e-01
2.094185622822637427e-01 1.592624661217553472e-01 3.105739281021393516e-01 1.610546702617895176e-01 2.878026425255544862e-01 1.382458644143733373e-01 3.638940501513072689e-01 1.823111057778134259e-01 2.271509015245074814e-01 2.042796794013491679e-01 1.688459207487924552e-01 2.449277241160188467e-01
3.333048075674777677e-01 1.575813939439317524e-01 1.907268086369653393e-01 2.057000315239153887e-01 2.214576379405646389e-01 1.549125563665740279e-01 3.166115089804710792e-01 1.965282629511616030e-01 1.698733393550166115e-01 3.514097226127144702e-01 1.236001890289703115e-01 2.495021357551400754e-01
1.814182229128154800e-01 1.699628475191972687e-01 1.937314069083575230e-01 2.253162349238180262e-01 2.404099694452402070e-01 2.041822339303299427e-01 2.005615502110164317e-01 2.907500765246243124e-01 2.494991039213415029e-01 2.325234647683875056e-01 1.620844080762787742e-01 2.645419072212454870e-01
3.046026219194366003e-01 2.518036972176360688e-01 1.494224813118549267e-01 2.738970039280125834e-01 1.666955741881747666e-01 2.557263620526368797e-01 1.246753975144974241e-01 2.154430025533626836e-01 2.580555151035469619e-01 2.666238318698355148e-01 1.552793044616782026e-01 2.264146332210030255e-01
2.508634694264948450e-01 2.807684262286511134e-01 2.069556538733959283e-01 1.221236779247229232e-01 2.287416249584725558e-01 1.937138092386297694e-01 3.074304914058371696e-01 2.653026015281937378e-01 1.379770846767062187e-01 2.578133701877946549e-01 2.711197740732433914e-01 1.356355347404993306e-01
1.877881894036750599e-01 2.090870799127258206e-01 2.066418598133699935e-01 2.462314796955772933e-01 2.753310123909931129e-01 3.127940356349263040e-01 1.456247891886273405e-01 1.826789723478783045e-01 2.135566926845713365e-01 2.139496441201716448e-01 1.754071406960019397e-01 2.549091454981195493e-01
2.006388363730766400e-01 2.508048058435758398e-01 1.906306223529644073e-01 1.705625280096209340e-01 1.819648818424911274e-01 3.526860806513709701e-01 1.371275492282962860e-01 3.524479062706203925e-01 1.508727098018656232e-01 1.401869741445506690e-01 2.552051310073543133e-01 2.937708048551319062e-01
2.694650924845244377e-01 1.550533587333017549e-01 2.546553154505019623e-01 2.055480164069467264e-01 1.518915773133639735e-01 3.088598835452989189e-01 1.252520778442017813e-01 2.749922606502920863e-01 2.073850894653907484e-01 2.100416948317956611e-01 2.312783978810368790e-01 2.461929772565536745e-01
3.666217808499536712e-01 1.995552597838531617e-01 1.317277915564784574e-01 2.515804503312614737e-01 2.368288964871299029e-01 2.249799945111706501e-01 2.663513673460200515e-01 1.986957865190177308e-01 1.438600181906643516e-01 3.273003293450371110e-01 2.079619585123728687e-01 1.192381324374020002e-01
2.111160797145424928e-01 2.260871815253301942e-01 2.040390504451951581e-01 1.903126958300896676e-01 1.589291389472345106e-01 3.541954302790080722e-01 1.317629147348391150e-01 3.490544897101857114e-01 1.313106884916298567e-01 2.685741061116938555e-01 2.152830705067007855e-01 2.258815924987502555e-01
2.490404274000460050e-01 2.381690848331124155e-01 2.053588416314860721e-01 1.919512065283807689e-01 2.950668304509675433e-01 2.161217724187768641e-01 2.338683310306381158e-01 1.814133994708739539e-01 2.637931774328875489e-01 1.834741949666655603e-01 2.396740946195267674e-01 1.262603925990457843e-01
2.356114789025177958e-01 1.799424915939925040e-01 2.098440716610024126e-01 2.042584008413530772e-01 1.589372273764428356e-01 2.927942013805772681e-01 2.938225676130522546e-01 1.584922713310884246e-01 3.303469503774224547e-01 1.450929188608463816e-01 2.076501259602756277e-01 2.246454995461175663e-01
3.188392710209755343e-01 1.540153693699485016e-01 1.964793189581625632e-01 1.999540950828471719e-01 3.264475636948834802e-01 2.819388504315505917e-01 1.953609975877141636e-01 2.780467332726940799e-01 1.599857542092041063e-01 2.308316284367223636e-01 1.842613035321430948e-01 1.304150594844976085e-01
2.063877614497273971e-01 2.081230787637055324e-01 1.800607648731242516e-01 1.799972771747765932e-01 2.589558553825063725e-01 2.524046022242310561e-01 2.560639870546128627e-01 1.717586077564119129e-01 2.828649761294374509e-01 1.728220173592821263e-01 2.894342778698204555e-01 1.648244439946714990e-01
2.018477105966878793e-01 2.366339592929284363e-01 2.202435167974048924e-01 2.099684026703360906e-01 2.582871546312866529e-01 2.218273424764163060e-01 1.919206665719543070e-01 1.294293757919948717e-01 1.917968264676448431e-01 2.216547377163574639e-01 2.956897368837651530e-01 2.406928898117034477e-01
2.873284926794485439e-01 2.221271812924788813e-01 1.929084201522327791e-01 2.474934640198649949e-01 1.287656344155356791e-01 2.306941049413844536e-01 2.106067426708408685e-01 1.940684733704796106e-01 2.500924039022788814e-01 2.351747953672635727e-01 1.970321951551208817e-01 2.204903421034596911e-01
1.706990689784419757e-01 2.144358932589003619e-01 2.440594306475910302e-01 1.994191973029450504e-01 2.043669240647852658e-01 3.104904552249396765e-01 1.595874722243615373e-01 3.178124961764839940e-01 2.046882770674420815e-01 2.122980505036542731e-01 1.838719335103025654e-01 2.032410327412515205e-01
2.054385701850021673e-01 2.597842518686308000e-01 2.263314957262730909e-01 1.958051620909026791e-01 1.799582535927373994e-01 1.906165344988075827e-01 3.188866354776598300e-01 1.295224593200048346e-01 2.716011314672999166e-01 1.768138024122203056e-01 2.830257174983688562e-01 1.969459841158496261e-01
2.712859592070464010e-01 2.587483390667257854e-01 1.539489901023572416e-01 2.290056787895999313e-01 2.693749119747635978e-01 1.399131938183491852e-01 2.796916183527576871e-01 1.950281873297445012e-01 2.513308411800775910e-01 2.432281612798126436e-01 1.800144161192643311e-01 1.605771109814519149e-01
2.503777157657547381e-01 1.972089132471171180e-01 1.989686291808834551e-01 2.329753174473541133e-01 2.426198681565500392e-01 1.800941957053766029e-01 3.175225531572399285e-01 2.074627618957361197e-01 1.691233889195246365e-01 2.053332462809263903e-01 2.197791383302255264e-01 1.903936585650494451e-01
2.362584966587853441e-01 1.814321158278917601e-01 3.687770433512651547e-01 1.181066038820641068e-01 2.185548931503284165e-01 2.126992260393310574e-01 2.818627325711351994e-01 1.292107969477932772e-01 2.291433740797509944e-01 2.038656732025110052e-01 1.815999001104035837e-01 3.051161093870595753e-01
3.382399532396665465e-01 2.581510954933533553e-01 1.961449535461603777e-01 1.744138313212329205e-01 3.165258651582721350e-01 2.289626874921383004e-01 2.049738181696125483e-01 1.470154404168362572e-01 2.478462443585664476e-01 1.338013903287419426e-01 2.191100724610870465e-01 1.854083711980909488e-01
3.364038781010338930e-01 1.272631045578126452e-01 2.422403988793163376e-01 1.884780165449138345e-01 1.644990624436104831e-01 2.197245470342691354e-01 2.706999665966035584e-01 2.262381882451971749e-01 2.565991083633330505e-01 1.929732452630200379e-01 2.453631642038540672e-01 1.692092238542252380e-01
2.069125002931348489e-01 2.649943691198965445e-01 2.073606412702742041e-01 2.266640887537575422e-01 2.330058988530044894e-01 2.294694884644659927e-01 1.312991130384293381e-01 2.020464374521368511e-01 2.071868061485094281e-01 1.828300978418027078e-01 3.012826351865734997e-01 2.264504822931761585e-01
2.507384537233144362e-01 2.115875980018195601e-01 2.827813593824782812e-01 1.545484187911355667e-01 2.326930235708709882e-01 2.697709719478005863e-01 1.568026484529009557e-01 2.189366437045140168e-01 2.028758070947679903e-01 2.289910085884563906e-01 2.566094097356120263e-01 1.553346902036455701e-01
1.748303348453087991e-01 2.557659016782941608e-01 2.098115660172433783e-01 2.002954403226664404e-01 1.398122384502423488e-01 2.379731836288920543e-01 2.107155672267077839e-01 2.248927941464974045e-01 1.655667675394299487e-01 2.695018819080577943e-01 2.179318150763679685e-01 3.213718682310851560e-01
1.662828161838405816e-01 1.998937625509382143e-01 1.889175184488693093e-01 1.990270763501983398e-01 2.658117393292933062e-01 2.685008753693632344e-01 1.642188815111226552e-01 2.286230438146339694e-01 2.198194781922156449e-01 2.301245040162132327e-01 3.221456489800341716e-01 1.711856396970720118e-01
3.197424743038527750e-01 1.471972141534202139e-01 2.042304239938973753e-01 1.937827325381275279e-01 1.468381925609442140e-01 1.854178666168850576e-01 1.443707134658108182e-01 2.725251316424796011e-01 2.243205394476690262e-01 3.198187076492735037e-01 2.095158797040245768e-01 2.912837597507974552e-01
1.527658943028640248e-01 3.164736548420002960e-01 1.685913998460461249e-01 1.755530953119155690e-01 1.860601803140098931e-01 3.617840984041878483e-01 1.605159768364241013e-01 3.031280038507385144e-01 1.901778139615768193e-01 2.195561412548723279e-01 1.537236167181440238e-01 2.780364111628846335e-01
1.858798385424561828e-01 2.191815647181742099e-01 1.770249909408659339e-01 2.686708001395054501e-01 2.337320924223389718e-01 1.717082206628656460e-01 1.884612397136578854e-01 2.894548457189726753e-01 2.533545094292896649e-01 2.184750764886862762e-01 2.189878342493102314e-01 1.869226713091172165e-01
2.745997939651989572e-01 2.507766078626774142e-01 1.965199851529816910e-01 1.584835948787395865e-01 2.371549050406994152e-01 2.869809076662024894e-01 1.204123157265041266e-01 2.549675550974824234e-01 2.485847038734523839e-01 2.536524656928136889e-01 1.585675061646792394e-01 1.976635500953475011e-01
2.039049900035649621e-01 2.631091465129970497e-01 2.208569499745558495e-01 2.662368638220312111e-01 1.987636411789467372e-01 2.416726079737316901e-01 1.679479699512014812e-01 2.660728209087604434e-01 1.705252086644833964e-01 1.559790633716186536e-01 2.221664248694664723e-01 2.383816193332844724e-01
2.655167225385912100e-01 2.221433774329173438e-01 1.647446640415324293e-01 2.155525915528178349e-01 1.717148290244152609e-01 2.843170591834673910e-01 3.401230685566370981e-01 1.269349381543390387e-01 2.898423108564376349e-01 1.474911752468636705e-01 1.869106915925304868e-01 2.399386174511123626e-01
2.082584195123970416e-01 2.366336954954567084e-01 1.703094420662673025e-01 2.471632302650207114e-01 1.830709778418459777e-01 3.641937036630442104e-01 1.235333548923501779e-01 2.845252634881511034e-01 1.535705392807052427e-01 2.818159194615346697e-01 2.011031947442775969e-01 2.008490253529750247e-01
1.630207627182646557e-01 2.356453131699523529e-01 1.673860675217515581e-01 3.218944566340719571e-01 2.217184694985625537e-01 1.856462520309672959e-01 3.378333517594526714e-01 1.895913433706932771e-01 2.784117210380011587e-01 1.617081867905949821e-01 3.092660205059055145e-01 1.049055787250572080e-01
2.045904790718344468e-01 1.449414025225033154e-01 2.584351678213268610e-01 1.714061544959158967e-01 2.858926992375843135e-01 1.426075078987421030e-01 1.899067619862804535e-01 2.448277094514930974e-01 2.467809182326342332e-01 2.844938063273772522e-01 2.285588972726537160e-01 2.292287544473677052e-01
2.262013925460369390e-01 2.222681617964298306e-01 2.781302813742444480e-01 2.296733956272880850e-01 2.782682408894510684e-01 2.183899290200258803e-01 1.182693860001090419e-01 1.673810207216245571e-01 2.116312501119852474e-01 2.173898189560602989e-01 2.232029800158902844e-01 2.363549323914923006e-01
2.183536187896792380e-01 2.085284209849666004e-01 1.733147224347278970e-01 3.272986530463986576e-01 1.475660346310157522e-01 2.065997538782357312e-01 2.623421953337904955e-01 1.989589184382291320e-01 2.401922064491775477e-01 2.505993320934234436e-01 2.245223100459609877e-01 1.660801610349417201e-01
2.580531613876529407e-01 1.714912951261495233e-01 1.736716060885670487e-01 2.613232319841438667e-01 1.553741080676182273e-01 3.091563136908563880e-01 2.046509207354329229e-01 2.177219270826157849e-01 1.854257788624846803e-01 2.370948578250755556e-01 2.072026579094966292e-01 2.384543935216257848e-01
2.463517442658690881e-01 2.596853875612794571e-01 1.677001314252702657e-01 3.349314092344556348e-01 1.524733581026833651e-01 1.904486888776891762e-01 1.667527810518659170e-01 2.444190305749336378e-01 1.761688671504883508e-01 2.670225224338554915e-01 2.576869683584940840e-01 1.741899336292591915e-01
2.452405389664598090e-01 2.070822525005486803e-01 1.999796592587396726e-01 1.927495692728127819e-01 2.997288392621400566e-01 1.517932725389097293e-01 2.312311965039914319e-01 3.176125735827242669e-01 2.058416534304932377e-01 1.747365531988152310e-01 2.705560882930025390e-01 1.404640512120988449e-01
2.886306163449686157e-01 1.521904163562914636e-01 2.457621088790293840e-01 2.159110180700326287e-01 2.547922540812407877e-01 1.273205656517443496e-01 2.080498032055937696e-01 1.372820601801978957e-01 4.019244927003652323e-01 1.473781009260994035e-01 2.889364957116847821e-01 2.157121852646768922e-01
1.887818412823099035e-01 3.225043630443147902e-01 1.729220220648009509e-01 2.139123156967803197e-01 2.101942272267975365e-01 2.649242663910600371e-01 1.880357391728312011e-01 1.899526204428294007e-01 2.613488585809474740e-01 2.988483413572443070e-01 1.130410888345526055e-01 2.204084889290760518e-01
2.888417492276534881e-01 1.587236462501402934e-01 2.650614610945772887e-01 1.981608469174873377e-01 1.769735514976806534e-01 3.379198376096920753e-01 1.504095258751009800e-01 2.092162974770017114e-01 2.022671592836205734e-01 1.982363965040770115e-01 2.063364918067580878e-01 2.406017022774971925e-01
2.601388164879647191e-01 2.588622556981668432e-01 1.734874851748635927e-01 3.187535830230006084e-01 1.618049966350171287e-01 1.740418925333037936e-01 2.449018167061121076e-01 2.674965801301771307e-01 1.831053235171122839e-01 2.743328263429366531e-01 1.587389480581178902e-01 1.623051564492196397e-01
2.783521519679733047e-01 2.739783659759655876e-01 3.452529049889874746e-01 1.251687496123235765e-01 2.088907950520532686e-01 1.291400018737745015e-01 2.308765836811957073e-01 1.900883935489707521e-01 2.186504952721866346e-01 2.140132196518557406e-01 2.337973312541178073e-01 2.046556088182107658e-01
1.824567261694171605e-01 2.573414099774999908e-01 1.136003846055635008e-01 1.832251003933347000e-01 2.043692008852335262e-01 2.753332262222856763e-01 2.715530515456754390e-01 1.661055746346194739e-01 2.453410252988692530e-01 3.080328885935434968e-01 2.504558572465491184e-01 1.890717806197279305e-01
2.108109929323225828e-01 2.480029794862219084e-01 1.460559114665097302e-01 2.980874010059441082e-01 1.641853186176467916e-01 2.853520364473225435e-01 1.387498543004064555e-01 2.808700209238915169e-01 2.531426596104850435e-01 2.548605747828228685e-01 1.231655451848492344e-01 2.550185248063346344e-01
2.295206325227697464e-01 2.297431837250604458e-01 2.661630107787253952e-01 1.611611815643313739e-01 2.618181892152132151e-01 1.667949002143923609e-01 2.862139362482267746e-01 1.973774507695512104e-01 2.393219480642486963e-01 1.675281430946900241e-01 2.332058260409633488e-01 1.798971513632582897e-01
2.715814409828989362e-01 1.843084533991367069e-01 2.596193235324377735e-01 3.200609230301610375e-01 2.065742922665603221e-01 2.847188737960151816e-01 2.493025418716476316e-01 1.235521516402103281e-01 2.304168773151108462e-01 1.294163726781348833e-01 3.060397547272292740e-01 1.164966540225266523e-01
3.258498050179943761e-01 1.437216947690160562e-01 1.804578111471339119e-01 2.373893523122933558e-01 2.245655316931334800e-01 2.563084080982236945e-01 1.756613584037750586e-01 1.692648719539860125e-01 2.002253320821192339e-01 2.513822304856928036e-01 2.561636373218735829e-01 2.075512681830506412e-01
2.130795587185926043e-01 2.016969614008944922e-01 2.138442883853116927e-01 1.806068141561320284e-01 1.634918564063727042e-01 2.347102364714319656e-01 3.775148849220946734e-01 1.508453578234832948e-01 1.865416647812739859e-01 2.830360521797142259e-01 2.180749457918119971e-01 2.145832147027044723e-01
2.916274654343770645e-01 2.200999864496939185e-01 3.002628188671501164e-01 1.629446436313632396e-01 2.488166068266399467e-01 1.891116940366776022e-01 3.090901227245787530e-01 1.413556318375558674e-01 2.950726659775074756e-01 1.556825373450382577e-01 2.781922498519256437e-01 9.419829330632681352e-02
1.754222507097608907e-01 2.219860663872747775e-01 2.459084891386268401e-01 1.832943101975689215e-01 2.246027905181220141e-01 1.925019862546271388e-01 1.859153943292135569e-01 2.845748666868611054e-01 2.029909339895146769e-01 2.753275572045685293e-01 1.724409887976768863e-01 2.467010684888161220e-01
1.584571183357914304e-01 2.119933361309555286e-01 2.318602880172078995e-01 2.188203048472675549e-01 1.658630687055009378e-01 3.483613888350541310e-01 1.593172766539791840e-01 3.398596575178736701e-01 1.122729769810427575e-01 1.955893244179175150e-01 2.111667646386425068e-01 3.237304135978849584e-01
2.249948502467531974e-01 2.280227619320538412e-01 2.874890513213130827e-01 1.350671228394210166e-01 2.065692220446595229e-01 1.793448121964100750e-01 2.565271666026555653e-01 1.560508828513443025e-01 2.891756972023374339e-01 2.759217940392044710e-01 1.784751413767934891e-01 2.154718336878775620e-01
1.607378289554687867e-01 3.019108539602268770e-01 2.323760812029080358e-01 2.323623179781358072e-01 1.678145881747649948e-01 2.288491570213921356e-01 2.220505560684720991e-01 1.451775852778365294e-01 2.310566558843318297e-01 2.519061308629186868e-01 2.250099810176856008e-01 2.205155479750766645e-01
3.640141707814610883e-01 3.062125197307585811e-01 2.136801513032308697e-01 1.869106260353712301e-01 2.908677898153493868e-01 2.334757426843350192e-01 1.917470400931393648e-01 1.864337739643685266e-01 2.233070939800478605e-01 1.280136043538645796e-01 2.079234963173982320e-01 1.317772340579632939e-01
2.573160487181926914e-01 2.206085358130815965e-01 2.399597286647766614e-01 1.899548004090831910e-01 2.554309179105950789e-01 1.986985549175057097e-01 1.629757954786046348e-01 2.175964420830640011e-01 2.305131164842664226e-01 1.624293473689877587e-01 2.433636197735431217e-01 2.287393804044101364e-01
2.307338506717584448e-01 2.096679800872969235e-01 2.138976434730534282e-01 3.144381117271192738e-01 1.761757750864659522e-01 1.514848989249714672e-01 2.377652970883662453e-01 1.968555068103207684e-01 2.213022593172276342e-01 2.319920518257255204e-01 1.509336516950280926e-01 2.919244519257691017e-01
2.396166003996305915e-01 2.274518400723209988e-01 2.482845834301596610e-01 2.490412394169799204e-01 1.713363157930339609e-01 3.178626633193666340e-01 2.788689254348932778e-01 1.749893764340885727e-01 2.333882687483674612e-01 1.430906799638395899e-01 1.641689353732464496e-01 1.873040581327514997e-01
2.612888301632721455e-01 3.008809630939379698e-01 2.060644719343366627e-01 2.308069727566103846e-01 1.383426134253283313e-01 2.883561538480487463e-01 2.380028503333279088e-01 1.608831146707925541e-01 1.471113564934264928e-01 2.136562985028902795e-01 1.785820562706991466e-01 2.802457951044256546e-01
1.940040293355512202e-01 2.123548560766209126e-01 2.832698222952461653e-01 1.823245865406478150e-01 2.126866058596960651e-01 1.313591445764002996e-01 3.577957875682680200e-01 2.253553754925891606e-01 1.633156335937697434e-01 2.320606473384443091e-01 2.560619951899573143e-01 1.900687042163361207e-01
2.035435975361931660e-01 1.592484764979074097e-01 2.579440825676518889e-01 2.567117161115577972e-01 1.962071748918531033e-01 1.988190606987372544e-01 1.759512535085968887e-01 2.849753934565301683e-01 1.629789452281899809e-01 1.662540576693398997e-01 2.801875209247423060e-01 2.865596563469548497e-01
2.302819811584614074e-01 1.937277790419266732e-01 1.928945108448333334e-01 2.623264207440504370e-01 3.027363144127297456e-01 1.673877450543730661e-01 2.131367499484145278e-01 1.730491476523698946e-01 1.621101395062776451e-01 2.552246730539528552e-01 2.667449106632687195e-01 2.014756774976229903e-01
1.944487298917477458e-01 1.754270260812165194e-01 2.218697865754583887e-01 1.538630001445704942e-01 2.895119935465267358e-01 2.904944137328855369e-01 1.865487828870200926e-01 2.711659754957642665e-01 1.753077469613275319e-01 2.511086714921421104e-01 1.790035161328967783e-01 2.367193499810847646e-01
1.251580878505265115e-01 2.938134489541855410e-01 1.569363647461373412e-01 2.551128621646583938e-01 2.380809731644930038e-01 3.078314832239278931e-01 1.462696571712389926e-01 2.385301351076044851e-01 2.035040339246913799e-01 2.160803572465247457e-01 1.081000437659068170e-01 4.151561876354787350e-01
2.287335754032597257e-01 2.198467156549029078e-01 1.410592913274620885e-01 2.444831549465071030e-01 2.305606697646840897e-01 2.295043447123782110e-01 2.299025694557045307e-01 2.709652110891717647e-01 2.082106172594939131e-01 2.075916043657695942e-01 2.278482871288180778e-01 1.711681808162273666e-01
2.660592597651879054e-01 2.818623225920977582e-01 2.005079450732024926e-01 2.675315475593403880e-01 1.527206900661703670e-01 1.381115679549682618e-01 2.787328586019917620e-01 1.961430483171014427e-01 2.466921070766377455e-01 1.619923666699562004e-01 2.974206075863596865e-01 1.578406625453269152e-01
1.914782016989428626e-01 2.418315795685924974e-01 2.305289860194167928e-01 2.608484622060451841e-01 1.955443497989732271e-01 2.424028832281156787e-01 1.965329128157195793e-01 2.573346515573681770e-01 2.296618611371578911e-01 2.080362430855504929e-01 2.092678666894712269e-01 1.454919125842156491e-01
1.850861573300249807e-01 2.031333606075531317e-01 2.700420086430006528e-01 2.103922953012181407e-01 1.691072645828892163e-01 2.217788125792718723e-01 1.757179090448378611e-01 2.032218029819117533e-01 2.598946879584895786e-01 2.498180056771491797e-01 1.976736619583145671e-01 2.631201945469858194e-01
2.002524888459422947e-01 2.157508959618081590e-01 2.813156901311746894e-01 1.717717004214055487e-01 1.688640407132288301e-01 1.878006580991101737e-01 2.330131329211395930e-01 2.293325419934483522e-01 1.588923057622503854e-01 2.489013782519057527e-01 1.939964779318151811e-01 3.397435941022440842e-01
2.100293771012512745e-01 1.845572341306315478e-01 1.600371430447295740e-01 3.083665096848114962e-01 1.342621627364753156e-01 2.410688473604504500e-01 2.069443515689741164e-01 2.271240698309372197e-01 2.355571127095189843e-01 2.515848673692515081e-01 2.577393808386825858e-01 2.082282459657062157e-01
1.608606401563093258e-01 2.819768835869152501e-01 1.551147470428157205e-01 2.788991802617246663e-01 2.112789003639980734e-01 1.829583792051477642e-01 2.172848091485719835e-01 1.773732976474319267e-01 2.093609835675497299e-01 2.448495936824073571e-01 1.639362749532805030e-01 3.589801399441209795e-01
2.197341836304371188e-01 1.932751753540348227e-01 2.998099178822146160e-01 2.842771882510512493e-01 1.720684609145863020e-01 1.930964627364717967e-01 2.141278913442981047e-01 1.065677344059304532e-01 2.714786578689901142e-01 2.021658450341351498e-01 2.436495209724195421e-01 2.414379572334146296e-01
2.206062539344862128e-01 2.422055359019818221e-01 2.989140939662125462e-01 1.652698571890064139e-01 2.361662034833350576e-01 2.416500854646912722e-01 1.282954577934676821e-01 3.359892958755688053e-01 1.805748464592187574e-01 2.154926689987923250e-01 2.137439744038620582e-01 1.626458996453566397e-01
1.863192396061983391e-01 2.520237261321376376e-01 1.515820830763550120e-01 2.453714841096564792e-01 1.932966812626836506e-01 3.125024845827723552e-01 2.179735547018034070e-01 2.802203773783414897e-01 2.298498592477766223e-01 1.652388936717135159e-01 2.247660150556377301e-01 1.688570727746872835e-01
2.808294598403878739e-01 1.660014404230244767e-01 2.448043637811326001e-01 1.731462383718065934e-01 2.188450039622897858e-01 2.104586188002101621e-01 2.147872136692450251e-01 2.520110684006863777e-01 2.248269549606773388e-01 2.482170995754328369e-01 2.021115550264977467e-01 1.730530322529786058e-01
1.902372112886816791e-01 2.288757105080815590e-01 1.960189275742181270e-01 2.579594876690862737e-01 1.805856089790529861e-01 1.876965524918495221e-01 2.791564982595544642e-01 1.788199902758134119e-01 3.606544466594985288e-01 1.233403920668000586e-01 3.308158794286047422e-01 1.504284124587387528e-01
2.227604437220941369e-01 2.464489469602520466e-01 2.235800269302584131e-01 2.344021658011385123e-01 2.480552196654642605e-01 1.993754442736944410e-01 2.076089558934279544e-01 1.756424783709740201e-01 2.703606640019011742e-01 1.881737613599408221e-01 1.752188485169800802e-01 2.119051236520927139e-01
1.254997483899487065e-01 1.989266887219727498e-01 2.709165715967600807e-01 1.687009380050134011e-01 1.784194536177808044e-01 2.167872584982591666e-01 2.037439512541818765e-01 3.407108633365281136e-01 1.949615832022207063e-01 1.829267151068445230e-01 2.687818509009347601e-01 2.971627572488620417e-01
2.061188042736904202e-01 2.054992936535529335e-01 1.619775857863412771e-01 1.735886658683961636e-01 2.371769631827162494e-01 2.359744616354206570e-01 2.137741031279165871e-01 1.665511742032329823e-01 3.994494251015271447e-01 2.096386476095252471e-01 2.007058940969058958e-01 2.273886947303803696e-01
1.692872923862810963e-01 2.021048625410778732e-01 1.942612412251444598e-01 2.693518050750126069e-01 1.362086535922385488e-01 2.753116278400183914e-01 2.237901139454858135e-01 1.729196478698915018e-01 2.712382743588002687e-01 2.331827635755833183e-01 2.946007043689409244e-01 1.884366117329759338e-01
2.186772838948051467e-01 2.286800835576234536e-01 2.507631053018404277e-01 2.241612997341643765e-01 2.151708246470152575e-01 1.823394844700760298e-01 2.338179689897329772e-01 2.692932585834078019e-01 1.064406372660794131e-01 3.549591515810265885e-01 1.552518180045904528e-01 2.095916691171698099e-01
2.081816808232620497e-01 2.302007678706091409e-01 2.374462535338312252e-01 2.417635940362025393e-01 1.833971302995840713e-01 2.428304714686413401e-01 2.162044407302516624e-01 2.601067132201704823e-01 2.380708237452206499e-01 1.600129132965552314e-01 2.516684956381846638e-01 1.440789804771054339e-01
2.337924605656941379e-01 2.617982283351805162e-01 1.773143726404244336e-01 2.440584046390665562e-01 2.499886448468339184e-01 1.940969525044765609e-01 1.752734626575739307e-01 2.172227158898067112e-01 2.389838929731768480e-01 1.820515693866356366e-01 2.649486705620857085e-01 1.699080600439741850e-01
2.077657258624825698e-01 2.460654537354894367e-01 1.940601399752434619e-01 2.557989238561665379e-01 1.123188613854267243e-01 2.602031792397690446e-01 2.848693079201007339e-01 1.305194029272846168e-01 3.175678942452487830e-01 1.313620047248015565e-01 3.033978775228712843e-01 2.283533143488641337e-01
2.182428016506215707e-01 2.582664274637740398e-01 1.495784417996628146e-01 2.446023274580450824e-01 2.363144857542908150e-01 2.708343921552832101e-01 1.394341343860076021e-01 2.243849906007906458e-01 2.606693039153307745e-01 2.273272791854687724e-01 1.778502738926854010e-01 2.134973604734859420e-01
2.926577702802445335e-01 1.779089915402095601e-01 2.540712079630377818e-01 2.818321957243791198e-01 1.565852037202029867e-01 2.491955158963797545e-01 2.591464328934272587e-01 1.403954486690249526e-01 2.891751856185216796e-01 1.556048168737344528e-01 1.650729819962436784e-01 2.228495871818610696e-01
2.350651646172713383e-01 2.630008087930055249e-01 1.881528631201709878e-01 2.014004019604709594e-01 2.325068508320986271e-01 2.676344937649429157e-01 1.495920695987522642e-01 2.315927603766937681e-01 2.881989473503137611e-01 1.996516689604777572e-01 1.841130458861144903e-01 1.761400713901093429e-01
1.811352905767900368e-01 2.674535071393231433e-01 2.014859073019065749e-01 1.872708276919470838e-01 2.029562066375423801e-01 2.355416782807973897e-01 2.174267524358534931e-01 3.010167184512678173e-01 2.108802991435886343e-01 1.873798559200993974e-01 1.812314348325630153e-01 2.359540474188196457e-01
1.889433077699362029e-01 2.429744008948470091e-01 2.530750616054523450e-01 1.918699727258922627e-01 1.598868713681989018e-01 2.413041968550979355e-01 2.601447795031625043e-01 2.277705169461215762e-01 2.180992267969648624e-01 2.407249853125487116e-01 1.081793125261166638e-01 3.051859199182339055e-01
1.938852039654657133e-01 2.936897436141824302e-01 1.922337854459158224e-01 2.589004278085932920e-01 2.579479001458949705e-01 1.689738897679975149e-01 1.884571105537364843e-01 1.729532212771749122e-01 2.582890495562200073e-01 1.841652742428568357e-01 2.670910311423848049e-01 1.836158726480192904e-01
1.927228944134857791e-01 2.238649010598743605e-01 2.684245764810733181e-01 1.976068441592420122e-01 3.304898385048236076e-01 1.413697982502203354e-01 3.178314983621206569e-01 1.234822810396206949e-01 3.320017735292644656e-01 1.434518597656958827e-01 2.315251625570766969e-01 1.739239458776737357e-01
1.889225302866073819e-01 2.034275463126346828e-01 2.308969802188840514e-01 2.052231895856590493e-01 1.980739450364162324e-01 2.292154888098164311e-01 2.031226288815473346e-01 1.878926942788821663e-01 3.288241653734825243e-01 1.260398872060876363e-01 2.897208683229550163e-01 2.385036079977275458e-01
1.947544216583124155e-01 2.949459809410236999e-01 1.619170408759093571e-01 2.361650577651615290e-01 1.900605679229854794e-01 3.104646730030711788e-01 2.034288494509058631e-01 1.893243894850734355e-01 1.538195483791040818e-01 2.425990398524861535e-01 2.490739400396743408e-01 1.993090900867612314e-01
2.207272020000052570e-01 9.212198032077002774e-02 4.342308786579314184e-01 1.037816856238967106e-01 2.433400898039100035e-01 2.148290233229050994e-01 2.747078987538315031e-01 2.891324250930627504e-01 2.159205425901917497e-01 2.492017754999682477e-01 2.183285034529375002e-01 1.593734661061974034e-01
