-1.454922533887512415e-01 1.377245124609682569e-01 5.544142393858811357e-02 -4.080507198326912416e-02 3.027406287417024333e-01 -1.446029557826566947e-01 1.390699935819525619e-02 -6.766955879233788052e-01 2.893234967069659158e-02 8.902695551068340318e-02 -3.381372933466248454e-01 -8.587577602683606204e-02
1.567619994667752981e-01 -1.868797786366586389e-01 2.446785138148807881e-01 -5.925077961043332536e-02 9.431933694246825983e-02 3.030368848881631050e-01 3.315702522507729677e-01 2.878658144812029640e-02 -1.733484744194945248e-01 -3.020491194388422174e-01 -4.656131978601164567e-01 -4.908274989501921759e-01
-2.803986058384260183e-01 5.229893249751745021e-02 2.226271064566048563e-01 2.893855555424518222e-01 -1.587337648966530013e-01 -1.439176717734806932e-01 -1.150678077774902608e-02 -2.175415882630555575e-01 1.624903389817113630e-01 5.013679487763156306e-02 -4.658838560922762273e-01 -4.576975472145288770e-01
-1.883270948441964354e-01 -1.621503989047082261e-01 3.317509636862806532e-01 -5.252517730123372752e-01 -3.382705337452313749e-02 -2.001596662926814416e-02 1.644842328058724046e-01 3.820788624259099930e-01 -8.436957260166762229e-02 1.363520438262026402e-01 -4.561722549949621675e-01 2.481549925886211150e-01
-6.256782998725307632e-01 -1.056299634071649896e-01 -4.867821488749691783e-01 4.007807205722646593e-01 4.281470615812085767e-01 1.242829618684068715e-01 6.798039345469698569e-01 2.099775943658868382e-01 -4.109991753522410640e-01 2.267782618998087640e-01 2.779621026209769252e-01 -3.509614264183032462e-01
-9.820961322867026444e-02 2.103016539578255462e-01 -2.885328948993953202e-01 1.024576269435687054e-01 5.506604638175956884e-02 -4.284890385739280605e-01 5.601459442005832789e-01 5.396134590512104978e-01 -7.234412590332668647e-02 7.689002634312989970e-02 2.738127413305014302e-01 1.053264475129869621e-01
-2.836305620182727472e-01 -1.350305566905530275e-01 3.296893960073598584e-01 6.084431203862791238e-01 -7.640094101442510555e-01 -1.838606782560091579e-01 -3.622689352944345742e-02 -3.173490132161567723e-01 -1.056439174180864443e-01 -2.092937739300576305e-01 3.236969447620313134e-01 -1.230206536781340010e-01
-4.043367394403828419e-01 4.005421008612715106e-01 1.804367932480545333e-01 -5.497911442990105479e-01 -3.031904429666111844e-01 -2.198166388340432598e-01 8.756923704604858971e-02 4.148986379103165589e-01 -4.376808264101259560e-01 -3.311217621640663578e-01 2.392530246649758885e-01 -3.364762767515250275e-01
2.038201482989544788e-01 2.408114063074079103e-01 3.566650114721143378e-02 3.070841364853273414e-01 1.517390282504167964e-01 2.839623157206812298e-02 -9.298594817577973681e-02 6.434466968054287639e-01 -1.040355546962405675e-01 3.637760444356744616e-01 2.039069439280797869e-01 -2.930040083567921408e-02
2.226240811708831702e-01 1.590092121027485705e-01 -6.127700875860261909e-02 4.205417483723672967e-01 -1.208534294697867773e-01 1.385611938243470342e-01 3.875826740555293193e-01 5.101921486674781958e-01 6.635742402475066637e-01 -5.458461149539097640e-02 5.210266046888009095e-01 1.349426587434302549e-01
3.251984494092450828e-01 -2.894660688723919573e-01 8.616023314050326454e-02 -1.158851354808796141e-01 -5.609457746738830131e-02 -1.668314951065347773e-01 -4.084200952933401130e-01 4.231656254326240235e-02 3.576676823528483068e-02 1.272786831405381125e-01 -5.475448369570962842e-02 2.353521603173701071e-01
3.668238977743990548e-01 -2.094077803198399756e-01 1.548809814058248191e-01 5.874868046533998633e-01 3.113526629758535114e-01 -4.441198241606414410e-01 -1.565540975218757958e-01 -2.984742548853535071e-01 -2.293587829375295650e-01 3.923122626727310047e-01 -5.468982732650908007e-02 -1.565580086897940815e-01
3.930321698838864508e-01 -2.893958258839650632e-01 4.840892429405286301e-01 -3.969869673200636384e-02 -8.535942486893478565e-01 1.342072463474369703e-01 2.573745716881493117e-01 2.037496048666320170e-01 -1.677703554177597256e-01 9.424879897218069527e-03 -2.886914107983057365e-01 6.392635106113934151e-01
4.503417934583641563e-02 -3.247066072263848358e-01 -7.250174715255305880e-02 -3.716411650388411203e-02 -2.667076133523567649e-01 -3.784824105815989270e-01 1.288181732808828528e-01 4.161810387180669424e-01 1.635576555424721468e-01 1.719461632911113702e-01 1.566564364370697238e-01 -4.842105788263599275e-01
2.278699076356831554e-01 4.053958993016627543e-01 -1.585344480306477566e-01 2.080711003149200711e-02 2.336885405349887757e-01 -1.756888126210559842e-01 1.876122521775042476e-02 -3.729545520834923189e-01 2.877458303303055964e-01 -2.559172622141547837e-01 1.319794394983594410e-01 4.800810701645869538e-01
-1.570086205080082897e-01 6.486550011665609405e-02 -1.122884062507145536e-01 -4.218965495536808885e-01 -1.817046942696619663e-02 4.682804125982906879e-02 4.464094169693381270e-02 2.555292886466384861e-01 4.434516437626064289e-01 2.435600363034347016e-01 5.168430862438097018e-01 -5.277562231748490068e-02
-9.215159729114456855e-02 -3.796824450663805611e-02 -9.029323142304414296e-02 1.136093519294325282e-01 2.736773771600702898e-01 -5.086673806871824244e-01 2.212718197062139291e-01 -1.489152995483258857e-01 3.092294174495469616e-01 -2.961138874282419065e-01 -3.517324390925501976e-01 4.733969901727708846e-02
-7.198631278003291001e-02 4.159757661202560519e-01 -2.802739611823948720e-02 -1.490813939996353532e-01 -2.884414484088372865e-01 2.747327236313709675e-01 -4.511522084432885715e-01 2.894489068577549840e-01 -5.976319338210552834e-01 -2.504264504337018749e-01 -8.903727235177044674e-02 5.069776275305599711e-01
-2.251898455305306468e-01 1.578365333656568670e-01 6.679610269719269411e-01 -3.450621756284133479e-02 -1.517666036918427219e-01 -4.424599555309449150e-01 2.929641231319685124e-01 9.341693654117355639e-02 -6.711515751894180370e-01 2.985489463957288758e-01 -3.155432701123468409e-01 7.568817244887217355e-02
-2.336315821089031061e-02 3.072947915260850205e-01 -1.610539951789871638e-02 -7.090601262214175915e-02 -2.706688524598417911e-01 -2.208113188694830475e-01 3.384093833437394894e-01 4.297929080291038040e-02 -4.960882882869100396e-01 1.212740331265352994e-01 -1.759133449804713145e-01 3.876444917348817465e-01
-5.107309532844288569e-01 2.632273353684215153e-02 2.541781182884407242e-01 1.560602304925826356e-01 1.847897453797709144e-01 -8.077960402884626356e-02 1.435828811155316631e-02 -2.640497287721028652e-01 -3.338411832894634945e-01 2.797010761402792256e-01 5.881375312259029542e-02 3.278855726002991022e-01
-2.140133282652560698e-01 -1.488884104243715090e-01 -7.463399015607360965e-02 -4.158981570859339449e-02 -3.711535549756596608e-01 2.472324139561566381e-01 2.402694235184740512e-01 1.556366546878671098e-01 8.603743847870416739e-02 1.145605265093884578e-01 -2.675844201535682032e-01 6.407467642459828694e-01
-3.505436506910983852e-01 3.836425705355844817e-01 -2.403436823809032910e-02 -9.004638242490246858e-02 -3.581747397077716388e-01 -4.311353584855646959e-02 -5.346380748349518347e-02 2.361997999490564326e-01 -5.273703481993308184e-01 -3.472343784538039491e-01 -6.759954744066216936e-02 3.897239273450767705e-01
3.302206304429073924e-01 7.736099620717559189e-01 2.137220295839939721e-01 3.325630704563525830e-01 2.823170415067930983e-01 2.745095808150609940e-01 2.211871202255773494e-01 -6.146891391564216489e-01 -5.932201545288642297e-01 4.042684329022402934e-01 1.781344848274971360e-01 3.572793822009515674e-01
-6.667619415995588994e-02 2.000078712283161544e-02 2.062908554047187815e-01 -5.646508540184819180e-01 -2.508441225820732257e-01 2.435517854187865261e-01 3.141853334429095534e-01 5.258127953392212062e-01 9.594016916603353984e-02 5.385791464826635844e-01 -4.646961660340009903e-01 1.064817084433986316e-01
4.562730216085001400e-01 3.308927643667550766e-01 3.999028288927447550e-01 -4.233368851786118991e-01 -1.169633035517089192e-01 -5.332217798818857935e-01 -1.649471725964650470e-01 -8.932454244477959493e-02 3.453816731620554803e-01 -2.811475832212878556e-01 -5.366887458069902195e-01 3.103858281896291690e-02
-1.003532224726175620e-01 -3.715450609134851034e-01 -4.338549370138282124e-01 5.854017843470866733e-01 -9.985451353812956066e-02 1.774006172301995365e-01 -3.308466785146442213e-01 -5.168253774257510619e-02 2.625001801250124722e-01 -1.084160432874816532e-02 -1.866783581839250306e-01 -4.185935310852675201e-03
1.087478039934519358e-01 3.162758848653406119e-02 4.226810640694414478e-01 3.260850973351829829e-01 -5.011178747038851772e-02 8.271459225235725521e-01 -5.281046467851143733e-01 -5.586349274792038466e-01 -1.403380954779034351e-01 5.517555159509659329e-02 -2.632251762795547179e-01 -1.270485425890190700e-01
-2.257725572445721252e-01 1.398927211633379034e-02 -9.538286230958954726e-02 -3.282938252883885188e-01 -1.582332684365619566e-02 7.124216466124975999e-02 -3.459308014900008832e-01 -1.992838349101630491e-01 2.568765470927024674e-01 9.712622711528216823e-02 -9.632980829731410677e-02 1.385010079338145905e-01
5.847693261255094976e-02 -4.532939092797307334e-01 2.144874240011986621e-01 -4.388886834377814794e-01 -7.749862370834356695e-02 1.878510292184429886e-01 -8.254538644143641357e-02 4.251564589947042228e-01 -3.916106079672722617e-01 -2.956998355924918553e-01 3.562332734551870717e-02 -1.324993917528196896e-01
1.332016814707256136e-01 1.413552508705007427e-01 -2.465199219700937028e-01 -1.892354964307946530e-01 2.164540347828216860e-01 1.713448452969970892e-01 -2.966316496509356360e-01 1.198713590165028098e-01 -1.356120175692211993e-01 3.152414990979383602e-01 5.610097636661497411e-01 -1.262979364181287256e-01
-3.254487026733564048e-01 -3.581274249597302117e-01 -1.684989462092688073e-01 3.632734981744039082e-01 6.509112992635600614e-01 1.896722697882748665e-01 -1.458433167237429065e-02 1.909722406219735436e-01 4.004604878089485509e-01 -1.251178875533549562e-01 3.922381708189658367e-01 -2.115746115808587180e-01
1.014517409815506727e-02 1.808969374046303369e-01 5.546539814149902270e-01 -2.087692347306145946e-01 -1.168499137014584882e-01 -4.652913539111934726e-01 1.878557648815620817e-01 5.650672739306196179e-01 1.349429169153104346e-01 -2.145738005347929463e-03 -1.596091532359324439e-01 -6.004599968553618883e-01
-6.501298757666802430e-01 -3.751138870671252845e-01 9.961421786735559503e-02 -1.731353539669499564e-01 5.191705897807123021e-02 6.434348183744033334e-03 1.581224599738741410e-01 -3.605827691062205020e-01 -4.658341142031607873e-01 3.985258154814943499e-01 3.358125656319227992e-01 4.007946380066571557e-01
4.556864240148497669e-02 1.902211692034229407e-01 -2.146752474463226867e-01 4.792811246981863449e-01 -2.937182192600298197e-02 1.866239210016073791e-01 -1.695930030800618937e-01 -2.384712932831796750e-01 4.663402465634592930e-01 -1.118192110866885886e-01 3.494218126996361251e-01 3.128427113712302643e-01
-1.841165292755941318e-01 3.480824101727959530e-01 2.090893816114158810e-01 -1.097574700238042184e-01 6.760334481902865456e-01 2.450411776961372301e-01 -3.277739044319494255e-01 -6.947084074852176439e-02 -7.216700779473951555e-02 -7.048310805915218580e-03 5.033909257574372548e-02 4.848510363703931736e-01
5.947266624704404814e-01 5.344942487398574027e-01 -8.420736831096261588e-01 2.555846826137050942e-01 4.056826527344460365e-01 -4.672582016678966665e-01 9.377920673451865807e-02 -7.169489773245220354e-02 2.220391961034178518e-01 -5.243271189908311342e-02 9.180539273869051664e-01 -4.163750479058640486e-01
5.116523319867756214e-01 -4.642993607974574971e-02 2.599585817450174585e-01 9.017393166010664318e-01 -1.808674894960939084e-01 2.681826611610160227e-01 1.218840144434320399e-01 1.465099866087930802e-01 3.159347515390090178e-01 -5.643444170786972303e-02 1.859551844980796842e-01 5.893981938400634224e-01
3.767845273809689033e-01 2.410220506493451209e-01 9.144191721483126145e-02 -1.194599976096450689e-01 6.858416616740391214e-02 4.657743249352165327e-01 -1.413349708819348627e-01 -1.403128431559053924e-01 1.910423109418364629e-02 4.495305197518525975e-01 -1.840334310955421895e-03 1.198282121348471091e-01
7.221925957052928446e-02 -6.103887564073987582e-01 2.660353183807420002e-02 -1.617366218278101786e-01 -4.807485997610869838e-02 -2.304235524197948137e-01 -4.728616086385408757e-01 5.433025063874499239e-01 2.756142877908819289e-01 -3.500726546154148688e-01 2.424548454630088001e-01 -8.508939463850957730e-02
-4.959545415845173499e-01 3.499884016101592610e-01 -3.558376855634672320e-01 -5.102450863180558321e-02 1.397693073693865307e-01 2.157711161853988757e-01 -2.828690085333905868e-01 -4.266869547708962984e-01 8.705728401449734644e-02 -1.073377015925970276e-02 -6.831455677076424260e-02 -1.153877734864002663e-01
-3.584399396506882107e-01 -2.485916193986872635e-01 -2.187052201190354261e-01 1.526778284670400054e-01 -6.996692795781985774e-01 -2.694368686514950206e-01 -3.520525764376942202e-01 -1.686190166927298562e-01 1.955965553745360463e-01 4.270689579586363360e-02 3.607859689955313781e-02 9.969778959607318580e-02
1.406561650547787645e-01 -7.576149857046271530e-03 -2.108132758013660790e-01 4.286340499356144917e-01 -3.179520438128352056e-01 5.627422632283163306e-02 -1.108687812558128843e-01 4.462019463717617485e-01 1.390227439041602786e-01 -6.260128830081032603e-02 -2.737920963643807326e-01 -1.849858958152168220e-01
2.052331107278426436e-01 -2.921541598706399179e-01 6.231757456245904381e-01 3.084216915634578962e-02 -9.625344107834682417e-02 1.263229123535783982e-01 -5.967578408560685332e-01 -1.275784990849135048e-01 2.573879178612538121e-01 3.502051635653865014e-01 9.579374376532687196e-02 -9.387453318625972598e-02
-7.648018867159520617e-01 -2.631018033411225074e-02 -1.644502460004892697e-01 -8.243065469733652090e-03 -1.892809834042939732e-01 -1.785366175005041189e-01 -7.046360777224966454e-02 1.057444634046656590e-01 -2.290160316195903600e-02 -2.219981686119991415e-01 -5.814854594618340533e-02 3.292498998552325640e-01
2.510274923968203176e-01 -1.470502969785556224e-01 1.919523246582373333e-02 -2.200933280960426230e-01 1.823512209704245546e-01 1.349823651421638571e-01 2.333836316715478532e-01 2.151049123168321253e-01 -3.233496281478975137e-02 -5.914853354762535098e-02 -1.771144917334415703e-01 2.195967100407737183e-01
-7.237011263559431362e-02 -2.041112231163031421e-01 2.374791222561749016e-01 3.644788982165699243e-01 -6.767382227970430986e-02 -6.067232829006694583e-01 3.034968459998055659e-02 -5.331619275066389330e-01 2.009343650066955089e-01 1.623059060540689713e-01 -1.153134910768446042e-01 -3.484257506736774396e-02
-4.901736238438639259e-01 -3.189482858480236632e-02 -4.546096514247550124e-01 -5.181811928736381745e-01 2.177001630043718938e-01 -2.325042750329848473e-01 -2.366444373248619837e-01 3.543524780659198514e-01 2.769040333120039721e-01 -1.627492212631947988e-02 -1.294773112056654130e-01 -5.634103146712166055e-02
2.560196299531630193e-01 -1.313828656539360873e-01 -4.894615940908848550e-01 -4.211837334801835642e-01 -6.265065989888132791e-02 -3.563602370085831167e-02 3.225423354364164163e-01 1.443702320411029139e-01 -3.405029133417032949e-01 4.644625688702135879e-01 -3.511253678019471969e-01 -1.319263596229938440e-01
-6.170346939713443613e-01 -1.332701354024407869e-01 3.632352509271237206e-01 2.517322871193802269e-01 -2.750827564876893172e-01 8.536261286942434245e-02 -1.523314515738621588e-01 -2.403693994573249670e-01 4.801137440180460597e-02 1.069264547560548478e-01 5.880252119262606714e-01 6.158504376311541018e-01
-2.010250466762720806e-03 9.993035186952173299e-02 -4.426084512944981064e-01 -2.436394658778351652e-01 1.019382929357054712e-01 2.040994164748972661e-01 -1.221244895148375226e-01 2.554715362089104991e-01 -6.306585962456107142e-01 1.036229968225265141e-01 -1.426043689346179477e-01 5.805348923926211269e-01
9.739765004134234849e-02 2.971540942764410165e-01 -4.747670351093467855e-02 3.479324605583378749e-01 -1.641155719045758743e-02 -5.471470119423799128e-02 6.536103428958384143e-01 -3.460805467711614014e-01 3.102019446010297887e-01 1.596585558599347421e-01 -1.601068629544064592e-01 -1.990472190450823797e-01
-1.489508062781287057e-01 -2.409995849367460585e-01 8.016817125094165275e-02 -3.866357813050591563e-02 7.415136489523535546e-02 -4.584149220789653367e-01 2.193233185443846101e-01 -7.435880904036246131e-02 -1.439900909516339811e-01 1.714002030354253026e-01 -6.172017220130164850e-01 2.022343476427827247e-01
-9.838595523578506918e-02 1.217543328401279878e-01 -4.252161708869735962e-02 -5.109667131002296747e-01 -2.502955312769237009e-02 2.716334174100885623e-01 3.179277138970448280e-01 2.204531131799780750e-03 6.146866058546621714e-01 4.269650014266361260e-01 1.217599828994889721e-01 -2.268133123300060672e-01
2.675640202076174923e-01 -2.858695284000106751e-01 3.514478646303171305e-01 7.090735473664848409e-02 -3.759727352859554284e-01 -2.341069844007433454e-01 -2.415548132389875313e-01 4.488167937330896362e-01 2.291967649803198226e-01 1.209327336578127909e-01 -8.737629375835209711e-02 -2.924239538734972887e-01
3.391047065050218356e-01 5.143821739638293478e-02 -3.282815456261856807e-02 2.648188022904092720e-01 4.820908264576751617e-02 2.098646476229732716e-01 3.958733206253126080e-01 -1.412925712310024728e-01 2.084616031173756878e-01 -8.654886574376484398e-02 -2.322411478146806929e-01 2.092059038020386841e-01
-2.681511072256983486e-01 -3.337876697761817391e-01 -3.378837061646527418e-01 4.471348532603977577e-01 1.086767959611904394e-01 -4.166917981597861864e-01 2.251403829222705655e-01 3.148696786995389685e-01 -5.132638080837513828e-01 3.882341021434067563e-01 2.011345215947540066e-01 5.412012372006133054e-01
-3.718516824001920074e-01 -1.292425417758637229e-01 8.531857296883844644e-01 2.933312381855777140e-01 2.318019464505128857e-01 -1.694083501015459514e-01 4.124623578332956009e-01 -6.991424784095991163e-02 -1.110477460662816357e-01 2.969491768229671202e-01 -8.437746382874873607e-02 6.400881312100276110e-01
-2.102904241359154769e-01 3.514013190284614452e-01 4.896958473696715330e-01 5.948578157868640304e-01 -2.552791900553008086e-01 -1.161518969612232444e-01 -4.186918744172930112e-02 1.955850323201342722e-01 -2.909399461364836070e-01 4.443940910985878512e-01 -1.667792024147543850e-01 3.688351234310442706e-02
4.754190328360208273e-01 -3.400796291102722302e-01 3.665190565167853465e-01 -1.035979452007536605e-01 2.245026611372165914e-01 4.095755937982136219e-01 -1.945324667085863157e-01 -2.436344107389678548e-01 -5.807954469359475347e-01 1.939189461147516613e-01 -2.915106846206338420e-01 -3.046837981055105504e-01
-3.686431225754382979e-01 2.511653301290438511e-01 1.187778075478696793e-01 1.637251845382935167e-01 -1.365578307642770495e-01 5.718342966250136161e-01 1.248997391003855845e-01 -6.185623403762513517e-02 3.312777125958985547e-01 -1.661370431558101823e-01 -3.853071865913455518e-01 -1.402994800295744894e-02
2.371138503902668060e-01 -3.761887737368114215e-01 2.081862788329961189e-01 -3.367556817177207867e-02 2.662846542507120440e-02 -7.795961310057787641e-02 -1.956855898581887632e-01 -5.275384319338678463e-01 -8.085507643280535894e-02 -8.751407642347577842e-02 -1.184843337360643074e-02 -9.386745331737292308e-02
-2.855180936219027243e-01 2.025545491424484701e-01 -5.983531940760140611e-01 -2.768397206539414124e-01 -6.204489147274815375e-01 1.069444545517521244e-01 4.404960574639175119e-01 -2.073610118576401928e-01 -4.089713842229574306e-03 -1.097032325625046517e-01 -2.407107874468482900e-01 5.131872211000877010e-02
-2.070497173369098207e-02 -9.013041472496487183e-02 2.452911864929442076e-01 -3.533861951309507643e-01 -4.602546770883822469e-01 1.509982869588858967e-01 1.691980255436062730e-01 -2.588913345350459805e-01 -3.474589437506974687e-01 2.272532928709513900e-01 -8.244122630831672571e-02 -1.094614786611835117e-01
-6.965031393570750851e-01 -1.787563046354763707e-01 -3.560226146080923693e-01 1.104854786805496286e-01 2.006782436236752842e-01 2.416836788166054073e-01 1.453329289950296976e-01 1.137679534955516603e-01 2.510348711124613663e-01 1.686683476686038630e-01 4.432746925987353648e-01 2.694271652625595537e-01
-7.197056242794500069e-02 -1.302856898864201973e-01 5.998887097738957452e-01 2.834096561350333277e-01 8.262045088386460456e-02 5.458751322689689989e-01 3.951250795715450792e-01 -2.291334029839460218e-01 -6.211389265903854984e-02 2.376351368534242170e-01 2.219100150390135584e-01 -9.352336235824688926e-02
3.432172927308368982e-01 1.091631525828806182e-01 1.134484510424002557e-01 4.510816770882149218e-02 -4.667605903558912916e-01 -3.152961260151531664e-01 -1.751676329531206555e-01 6.806649747777371307e-01 -3.124132469912159205e-01 1.675850473388629525e-01 -4.468528188512354560e-01 -2.309401665213106358e-01
4.312148548728335640e-01 1.224526811711639830e-02 -4.230143559086172768e-03 5.091037088994031512e-01 2.203809697325760653e-01 7.391291959161808145e-02 -3.422948209242018258e-01 -2.386562041938392331e-01 -5.872445506908609281e-02 3.365552326977659936e-01 -4.816026033835696385e-01 -2.840341767811314089e-01
4.167436627874706034e-01 1.067256740670743526e-01 3.048645934798093760e-01 -3.788042093455692982e-01 1.027609561219391537e-01 2.078671444536467627e-01 -3.095526305293402336e-01 1.459341898500758350e-01 -1.867983100173094269e-01 -1.574327738506105523e-01 4.973508044868142630e-02 1.247450793703213101e-01
5.169965825899246886e-02 9.835736968430608407e-01 -7.480544036106269445e-02 4.088669043133917602e-02 1.176102255293618067e-02 2.601537071257508105e-01 -4.822051585061361556e-01 -2.088852960616204013e-01 4.684470920091559076e-01 7.545337869703412637e-02 7.740801055968234978e-01 1.052398495094130360e-01
-3.359969660638786881e-01 2.424916015079726928e-01 5.837929752415075280e-01 9.797951536248580839e-02 -5.570227723786643770e-01 1.227210001262839523e-01 -2.615780157995145072e-01 -2.883451962814524427e-01 2.877465504625507098e-01 -1.085197562587449510e-01 1.046130611909728697e-01 2.411007700006531640e-01
-3.204679901823322824e-02 -4.337051795210785654e-01 5.193591603563058740e-02 3.571816957902149148e-01 -8.285615863789863936e-03 -6.891615403738876773e-03 -2.267041374098148140e-02 -1.785809134684097216e-02 4.370597542872315944e-01 -3.003286898784241488e-01 -6.214237791210004414e-01 5.127034141945490536e-02
-1.373214111596162412e-01 -1.548889864509597480e-01 -6.435970653060003877e-02 1.766850261404090128e-01 2.138874802158863969e-02 -1.434433206765812867e-02 7.703677190787032447e-02 4.285302110861993197e-01 -9.297175475801946476e-01 -1.019670786937045409e-01 1.161102222906517378e-01 -5.292853402583936884e-01
-6.944742732530821971e-01 -1.018952039866080211e-01 1.881093144487293034e-01 -2.052435136920204017e-02 -1.551030790223857092e-01 1.439744503497594197e-01 -2.068645618068924719e-01 2.054278743324335910e-01 4.322803360235380477e-01 2.661409081846805025e-01 2.708781291351525788e-01 -2.984440620854280635e-01
1.823988328503485523e-01 -8.192049315772462204e-02 -5.669035031646053602e-01 1.056144560771656721e-01 4.045239180900111475e-01 -4.122197174805333764e-01 -2.414393609152679088e-01 -5.316939795542628966e-01 -9.039100095490867903e-02 1.385843398227024903e-01 3.850491890557406482e-01 1.007140382205446230e-02
-3.071646097178479251e-01 3.727455224749746110e-01 4.273077983584776252e-02 4.761483157485530415e-01 1.198908572461955951e-01 -2.101393164094126076e-01 -2.840695930351512244e-01 -4.922252085951801526e-01 -2.118175598198951126e-01 -2.875398653135958216e-01 7.910876624112353483e-02 1.132137344519268049e-02
1.786294593537167685e-01 2.131401015099683716e-01 4.091349091326199061e-01 4.971327210169753513e-02 -7.533727429786342134e-01 -9.000301488514862724e-02 6.506274303685725124e-01 -4.184912867078266485e-02 6.270260011830038893e-01 2.100313619018887024e-01 3.767911968660649369e-01 -2.524781860351629770e-02
-8.776204975018224441e-02 1.550489331138726334e-01 5.107267183251585907e-01 -1.863208242757846411e-01 -9.462251083186794254e-02 1.788172135826320563e-01 3.232593463505956111e-01 4.977979142158771020e-01 -3.661135754504813433e-01 3.184133981929469503e-01 2.771605310442066261e-01 1.286582231365553941e-01
6.155764234332351537e-01 -4.624520713372990977e-01 -3.215256686454812107e-01 1.145265776088736365e-01 -4.904407490054296659e-01 -1.770584434038770943e-02 2.887411399703492254e-01 -4.457508267372005673e-01 1.767181405674176642e-01 -1.966156273954013101e-01 -4.461367024501732836e-01 3.107218655737075119e-01
4.463695898719076127e-01 -2.886541577921903357e-01 -2.330538262381843251e-01 4.956573005427824530e-01 -3.011329960127183125e-01 4.791083265590608334e-03 2.327589843526904872e-04 -3.567259940294105758e-01 -2.763575244349421034e-01 2.448518589498459019e-01 9.119573525789557988e-02 2.956917011254846517e-01
-3.930783278585085749e-02 -4.624393833804172904e-01 -2.259224857782148321e-01 1.599527375747079594e-01 -6.451163466069072261e-02 -1.145343758779606563e-01 7.372907080699941940e-01 4.319073911296839735e-02 1.561084543768662403e-01 7.458375834218197165e-01 2.090302537693934093e-01 2.014675941740861342e-01
-1.929122658277033220e-01 4.454630214352787304e-02 5.092355075636455508e-01 1.117749968881523587e-01 4.934333571483652259e-01 -2.974352369718119560e-01 -2.486923188204187007e-01 2.537238493392905969e-01 -1.014000715643182116e-01 1.939116047661741671e-01 1.335487727355933428e-02 2.852045604353312114e-01
-2.058053182903401834e-01 -7.404676602183776768e-02 2.244284907109060090e-01 5.866894339026973264e-03 2.359473759854524288e-01 -1.605994352572637229e-02 3.243086438301819308e-01 -2.380479996915894347e-01 1.216631620538492220e-01 4.662180537952782533e-01 -3.774737519643809880e-01 2.008490148161442002e-01
-4.787675639069798039e-02 5.415150439198914561e-02 -9.652663227602115148e-02 6.830456385526167962e-02 -1.477884311743823675e-01 5.512939489565212847e-01 8.509930177193944512e-02 -4.420432826849210461e-01 -7.896512211662693945e-03 3.873043698309677763e-01 1.679993866136357816e-01 3.905815033061157959e-01
1.297577416210697610e-01 7.436888802023703393e-01 -6.783750765015190975e-02 1.614287931279813348e-01 3.869373425066217620e-01 -1.316182699384191856e-01 1.780436677256518330e-01 -1.929921561731485491e-01 3.076071732698718031e-01 3.822963817385234275e-01 -1.044647539405471059e-01 1.398630079590566788e-01
-1.234562346729381754e-01 -8.610873237402158487e-02 -6.385005116304187656e-02 -2.204529014918804944e-02 -8.015345175453221505e-02 -4.379824109181973957e-01 -3.183219223588872882e-01 -4.373363684080573410e-01 -1.190624487702940243e-01 2.589448073714396559e-01 3.216173391271776594e-01 -5.305875509031240389e-01
1.946844264092627563e-01 -1.875107858987509757e-01 1.255878858492194272e-01 -2.284390150689140642e-01 1.066929769618753521e-01 -3.855485045969710839e-02 -7.247339973982952488e-02 -3.312018737294891713e-01 -1.136691231722040119e-01 4.949704826866886398e-01 4.070435969660661235e-01 -4.132202400489156519e-02
-3.340159905041876764e-01 1.999975382128898749e-01 5.162551562905245417e-01 5.016825189085323267e-01 -2.681597557964114920e-01 2.792466827214735159e-01 1.774595400359073316e-01 2.749134491868340802e-02 2.330902745674770515e-01 -2.503195036369589288e-01 -2.139257563180912980e-01 3.074959589806992508e-02
-1.247778441894156209e-01 -3.106416046047392743e-01 -1.037909630497441289e-02 1.167503823182475808e-01 -3.934489604339274152e-03 -6.434698190061582945e-02 -8.703816436113634425e-02 -5.029911140591460939e-01 5.370655805798564275e-01 -7.088617537271039992e-02 -2.050246346917163620e-01 -2.916554283704325679e-01
2.169470512641766546e-01 -2.945018070328768167e-01 -1.715918658004609576e-01 -4.089904323577044087e-02 -2.434012033091924876e-01 -4.291146477796914938e-01 -2.454560902754569507e-01 -7.287380685484802501e-02 1.026838620636128831e-02 2.885789474858544978e-01 6.733108532563515658e-02 2.631218206641833812e-01
-2.997814330807229144e-01 -2.404359015972329650e-01 -2.786291009378637495e-01 -7.503277075036559607e-01 -1.264910474074984748e-01 -1.367297319415437806e-01 -4.737646502649476288e-01 -1.668107304387613232e-01 -1.966785949697102687e-01 -1.927727160074984084e-02 6.723964284220286247e-01 5.485841676395313282e-01
4.217458622856921635e-01 5.032902053445184043e-01 -2.428491580815612116e-01 2.649832128149250399e-01 1.208355800108660560e-01 7.535789352957592557e-01 -2.792334150174357599e-01 -3.639158323178500742e-01 -6.319587020764783070e-01 9.009644953493360642e-02 -1.993228479917990292e-01 -1.627802819291560010e-01
-2.936681482448567655e-03 1.161104286133075314e-01 -1.938549301256532187e-01 -6.741671595152100294e-02 2.838846564296452213e-01 -7.808565826178174435e-03 -1.777101227388277194e-01 6.386122888608689041e-02 -7.626499958436865068e-02 1.873644793930855923e-01 -5.720066926387135098e-01 3.473637721700394976e-01
-2.433591604867047756e-04 6.634498712487634231e-01 4.100359416565453607e-02 -2.603078779263888198e-01 6.047631072089967169e-02 1.009623751269011355e-01 -2.719965407369899779e-01 -3.778788671174281855e-01 -2.988803959495075491e-01 -4.160839005706607613e-02 1.532041306382608131e-02 2.444595870881294819e-01
-4.726354567490777953e-02 -1.068268917353847186e-01 1.170093528047524700e-01 -1.711654975777209819e-01 -2.284211270410350103e-01 -1.778754030558889754e-01 2.523838122958334956e-03 2.399959171819196491e-01 1.498374906166902998e-01 3.786051642556137464e-02 -1.314360867658951604e-01 3.351904325384007510e-01
-2.602316262524401735e-01 3.503093440911499851e-02 -1.155046148333404993e-01 1.944990566509322560e-01 -1.605142780652369650e-01 -2.328756819134333855e-01 4.635502686886863177e-01 2.244729875894290252e-02 3.671510336622908766e-02 2.606490714751961146e-01 8.056265370364920630e-02 2.701169920134660063e-01
-4.668009507482600018e-01 -6.925872006324331753e-01 -1.040510932041194408e-01 1.956431458644048993e-01 2.588684110929404536e-01 1.012883395784946877e-01 -5.097547703279047271e-01 9.802361189517729001e-02 1.785028570765247180e-02 3.420835148978554428e-03 5.228046452705688990e-02 -3.910020190202757179e-02
6.493015366291085555e-02 3.247886163563192818e-01 2.380618792229642899e-01 -4.427280388488243346e-01 -9.007491838582513607e-03 -2.760533741104698735e-01 -3.655872547749992874e-02 2.630373016150462928e-01 2.284236863774321835e-01 -5.443334568995149975e-02 -1.881516315674340023e-01 -7.410074687912263092e-02
3.674497337354885040e-01 -1.378936246523514708e-01 2.319243238868241852e-01 -8.099515337108470492e-02 4.182688096374105879e-01 4.356181404762336506e-01 -1.383154395161215466e-01 -5.689245191082967917e-03 5.406523031801159229e-01 -1.713853389351221168e-01 -4.583290429213664474e-01 -5.317716574464336626e-02
2.253738077351848945e-01 1.633808276610639598e-01 -3.768980389930581213e-03 2.723956667694650835e-01 -3.126093848717667600e-01 3.164651650000737670e-01 1.613484873419042953e-01 -7.331155558546956219e-02 1.131697132308380482e-01 1.724318861319174279e-01 1.799417095787314846e-01 4.722898160180608595e-01
