-1.233059133278725739e+01
-1.847751163007524866e+01
-1.080471880176866151e+01
-1.804953205955739648e+01
-1.539414659757738058e+01
-1.154572618452873378e+01
-1.320563824597931024e+01
-1.399866936067118672e+01
-1.273196598625438725e+01
-1.664939766333085913e+01
-1.417631914709013685e+01
-8.596443022603770245e+00
-1.616859902168793184e+01
-1.329738875194871461e+01
-1.385915490139611350e+01
-2.411835633233004472e+01
-1.670203697624045702e+01
-1.823416096129933095e+01
-9.774690357528195150e+00
-1.870003778322063681e+01
-2.025673082841875328e+01
-1.040674307969365131e+01
-5.779005973503140936e+00
-2.048516833796753644e+01
-1.254383057610611374e+01
-1.830052537050288564e+01
-2.021025333192938689e+01
-1.154700730896341376e+01
-1.613044705275405022e+01
-1.589246131716093124e+01
-1.340274542657316026e+01
-1.702925019884886737e+01
-1.651117194566665702e+01
-1.570236000458570302e+01
-1.421132204637777896e+01
-1.588825661164695724e+01
-1.766441320675851401e+01
-1.928538164131171584e+01
-1.244523128697972325e+01
-1.362376635839987671e+01
-1.777205744370959195e+01
-1.242649315873079985e+01
-1.686531125162553479e+01
-1.588336623465008302e+01
-1.545389461112290519e+01
-1.541807071895816250e+01
-1.974514886736136177e+01
-1.627723573788843225e+01
-1.472701152277942782e+01
-1.279759288544941676e+01
-1.152825880094900057e+01
-1.420315424295744933e+01
-1.305100548787468462e+01
-1.851896355026900665e+01
-9.317442705486074672e+00
-1.173532235477042640e+01
-1.726919877200468889e+01
-1.444357817409059841e+01
-1.966906273353677648e+01
-1.485234743090277476e+01
-1.991683389758371447e+01
-1.641353807854906321e+01
-1.416073448657535927e+01
-7.015339232008170001e+00
-1.507975769005429534e+01
-1.369109654691653333e+01
-1.504110993481050507e+01
-1.688883082309017070e+01
-1.726603268879802044e+01
-1.739749764378528951e+01
-1.469500730902514007e+01
-1.013762175552459688e+01
-1.634198087496511675e+01
-1.499576143121085359e+01
-9.630224314769078475e+00
-1.425689848780483970e+01
-1.368598099711129912e+01
-1.461428106066029287e+01
-1.433741640608195134e+01
-1.682167738399810730e+01
-1.804432719782182559e+01
-1.827258269110449262e+01
-1.382201301254342951e+01
-1.469669497744305886e+01
-1.667587909585175865e+01
-1.327223774125657840e+01
-1.842009770517969613e+01
-1.515734152705358007e+01
-1.657403594068856734e+01
-1.644363291807730931e+01
-1.432958272187622839e+01
-1.843217445161744905e+01
-1.375939793987202364e+01
-1.505680071062871761e+01
-1.676775483510153819e+01
-1.962446811324542040e+01
-2.077652041831482421e+01
-1.848270485790142814e+01
-1.433878066774957105e+01
-1.217421878823976478e+01
