4.774588990345797201e-01 3.765086255143932498e-02 1.466904971326593241e-02 4.477774847999451135e-01 2.350401772688417434e-01 1.463565081070727567e-02 5.400284833841485499e-01 2.780909899610178523e-02 2.089906134358701928e-01 6.023357014183927660e-02 3.921466838999365101e-01 2.394951015374891315e-02
1.637529643389958323e-01 1.963805948339086838e-01 4.132674836485039083e-01 1.728905453291944283e-02 1.782936595542203816e-03 2.036318834475909015e-03 3.964375151267049424e-01 2.283917423506178768e-01 2.779356870595710016e-01 9.855148543329715627e-02 2.937098181551797138e-01 2.198284775567905247e-01
3.878048037417903271e-01 8.359352451757562363e-02 5.223916314109045000e-02 2.931583521170203488e-01 1.529516008623818535e-01 1.767995010547769585e-01 1.831162250474676137e-02 2.570303691168092097e-01 4.156466865381716613e-01 5.022746982840019248e-02 1.825408188094435058e-01 3.325071042655081133e-02
2.986561666819827487e-01 4.380400512143228231e-01 1.774988298568958844e-01 5.011933854366948937e-01 7.800391731344624019e-03 6.116081816962983149e-03 6.727802014773013317e-01 2.752664024271800347e-02 5.469662828504042590e-02 2.226965969837009784e-01 3.801390005356654334e-02 8.599106447191308400e-02
2.729072066386027950e-01 9.464306282083458088e-02 2.034331761418040618e-01 1.361475028894631178e-01 6.114360001968486280e-01 9.141774859061381486e-02 2.202404254703425046e-01 3.080686422418484754e-02 1.638002909787043826e-02 4.477954599845352379e-01 3.055108403643606862e-02 7.794714224501600452e-02
2.594533791310971171e-02 9.311519904620157995e-02 3.625331742045271310e-01 1.583922076033360826e-01 2.448379375376130429e-01 8.231733639286221982e-02 1.638430837099907056e-01 9.021153112577520727e-02 4.189986666316534714e-01 7.489159684770063663e-02 1.379873642330241013e-01 1.132543319454168973e-01
6.104466196086692081e-02 2.895008828561079217e-01 3.868599867718718749e-02 7.559060119874166407e-03 1.426215711940454767e-01 3.283185084176932778e-01 2.325926745614382007e-01 1.636813953183921186e-02 5.569441338895242399e-01 1.009515043176102828e-01 3.259310803281598723e-01 1.308461327696213983e-01
2.249879991376189936e-01 1.174527220259906912e-01 1.478877534278717765e-01 1.688268647053825858e-02 1.625892007273766621e-02 3.599054011041958878e-01 2.446351178685325922e-01 4.292749001585751678e-01 1.735368768638441417e-02 3.102358353695097160e-01 1.605792311295698993e-01 1.116001429195665751e-01
2.384604609546427390e-01 2.350353551845939803e-01 5.916633906865574610e-02 7.791248712542575561e-02 1.444369159459167051e-01 6.646956104793490250e-02 1.123159588018090294e-01 9.012379014579753600e-02 2.949533807432888066e-01 2.095839936987842766e-01 2.589995569660671904e-01 8.865684066926254880e-02
3.237715550995431957e-01 3.021859610578530586e-01 9.281973289344777611e-02 5.197419097930520288e-02 7.157410168720915178e-02 1.116088123890796452e-01 2.006345813270622169e-01 2.730868866797923067e-01 1.406556308821044488e-01 9.077373348635738026e-02 4.748022186464824490e-02 2.159671866207584223e-01
6.661089301085126868e-02 4.745951260508594616e-01 1.616184000105497232e-02 4.541533198440486085e-01 5.368349971118371172e-02 2.134706417263354181e-02 4.189277630714581258e-01 1.084949478066667972e-01 3.641259472642777717e-01 2.022019934230251045e-02 3.019911126929498979e-02 4.442554345011217598e-01
4.394620789341888850e-02 3.674038638646210386e-01 6.029473500897623156e-02 9.431547027895102742e-02 2.928456642034759638e-01 2.737372514696074025e-02 2.523034109374703293e-01 6.800907212430035154e-02 4.128402926640233894e-01 1.525093416291069259e-01 9.737894659169060718e-02 1.750340067329401728e-01
5.023275215732383447e-01 1.100916680901144612e-01 1.917037899913703602e-01 1.232151019162282396e-01 2.224419217666587234e-01 2.144283702056711538e-01 1.043773917933430856e-01 4.553693372623484475e-02 3.419503050303523972e-02 1.373191923125168246e-01 2.619062536422557819e-01 5.000468208112587160e-02
7.674540453726039213e-02 2.441674186585143444e-02 4.122938690896381653e-01 7.002848053277085927e-02 1.181875097816216663e-01 2.029792372237816112e-01 1.228340577570127649e-02 6.147437546508611739e-01 4.314829482711216718e-02 2.208178747443933498e-01 1.525573979221217513e-01 2.707330025000532769e-01
1.088735736032286211e-01 2.208213538225151373e-01 1.099607704324792878e-01 3.159701328577808610e-01 1.107371513738052982e-01 2.068176608132997196e-01 7.991376166369232315e-02 1.503515937108059752e-01 6.448109286888956126e-02 2.301592889130696928e-01 2.356052838068802696e-02 2.975484788800888958e-01
2.604670704061503098e-02 2.996664776983973266e-01 5.070230762344909992e-02 3.442376614929288925e-01 9.903663022298127283e-02 3.394377829086287490e-01 1.535588792234530431e-01 1.980214860708391922e-01 4.813320481240153381e-02 2.591455321418181801e-01 1.823106014778867190e-01 3.956733410607132795e-02
1.629340035483877293e-03 2.299701521227704160e-01 2.643732190734522924e-01 2.541187129980371218e-01 1.495660666735622590e-01 5.407659083370986997e-01 4.287810273210968665e-02 5.303640466176746671e-01 4.672037599901084082e-02 3.764613337138921767e-01 3.429853477687883068e-02 4.432740773919335853e-03
9.849188179667965615e-02 7.762086196566843344e-02 4.110071304020302407e-01 1.224628350776854092e-02 2.225460303567395326e-01 2.017593321701547093e-01 1.542853091259091536e-01 1.866101178119652093e-01 4.093038814111533974e-02 4.980987052171171464e-02 4.186264789680174125e-01 1.895735173603546042e-01
1.560356148729184489e-01 1.250940114884923626e-01 3.282147628290273955e-01 3.447913152647807400e-01 6.777509610623572156e-02 1.053368227150853903e-01 3.222040885255236103e-02 3.285602213898212165e-01 2.659056935200561633e-01 5.730783676014231803e-02 9.067499024952237197e-02 8.700329871622428102e-02
2.592923633834469666e-01 1.048523269136127367e-01 1.752334185451041859e-01 1.734091085650624475e-01 6.920484796001361016e-02 6.522973403173232265e-02 1.966915427199876498e-01 3.131633259951959736e-01 7.838054648760894860e-02 1.258551965457265290e-02 4.314667322515659542e-01 1.234906820368486535e-01
2.359916632949586035e-01 3.493551374514031194e-01 4.712570993112734086e-01 3.669020050379188241e-02 3.796259568734783405e-03 7.747341933236167634e-03 5.706985714113185226e-01 1.565684024254048942e-02 6.276501408070736532e-02 3.105748069255861443e-01 1.536722130117156859e-01 2.311669607252877789e-01
1.201815724969807209e-01 1.342119392808278633e-01 1.032340518051575590e-01 1.578030809366292864e-01 1.848897302230045891e-01 9.098584067128723252e-02 3.979825950869171902e-01 8.005818274262389844e-02 7.907765589632180514e-02 1.208882936317040857e-01 1.730186740958141456e-01 1.977065689734896214e-01
3.043526980744576949e-01 4.666147554237767142e-02 1.922284759220713179e-01 1.851072323639271766e-01 5.882207135962894129e-02 1.917421080392249511e-01 3.305244604010808968e-02 3.975449719030356155e-01 5.623571810405670474e-02 3.334934663522160503e-01 5.495560465955547091e-02 1.857065775844714273e-01
2.291799672805776636e-02 2.325272400381639126e-01 1.189308606183067663e-01 1.071869165702205723e-01 6.306500903537927416e-02 2.320722420570909550e-01 9.860672431994153830e-02 7.853694862857683867e-02 3.476041229785653552e-02 6.674552069209030991e-01 1.164050578008518078e-01 3.943258498321262628e-01
2.537498007912607489e-01 5.509952639777233180e-02 1.991867511962683857e-01 2.001396344128874294e-01 1.013856956056790187e-01 1.501821985796610304e-01 4.671348207958043314e-02 3.850396987734848175e-01 1.313105137092258623e-01 4.752565023471230776e-01 1.726570757596070094e-02 6.379295291039395466e-02
2.631602959286983290e-01 7.463783799660496376e-02 3.181716574574391387e-01 3.177722587540744437e-01 4.765788885949526210e-02 8.686985385247585068e-02 1.695346996206436307e-01 2.416429035393507369e-02 1.907047476702292688e-01 1.940731014383083319e-01 8.068847026235456688e-02 1.892243316876034698e-01
3.475254553969089194e-02 7.149401247817973593e-01 6.292142011073614816e-03 1.558340596921051202e-01 1.785801792060152660e-01 2.397298492240461931e-01 1.024135493629262095e-01 1.613554602791323622e-01 1.179099166976009527e-02 1.718212740101241198e-01 2.981855088087481676e-01 1.483682161180756021e-01
1.034735928712565700e-01 2.390365336901372623e-02 1.041820244701909814e-01 2.972573452843078612e-01 3.619463946233934110e-02 4.309968219199643569e-01 2.789986096136609292e-02 4.210541703200787467e-01 1.178094953919134463e-01 1.111357530586698505e-01 2.274539789910720866e-01 2.006959511234090443e-01
3.737835756358950379e-01 2.694961692098396880e-02 1.541325437305842705e-01 2.162471306237215285e-02 3.880998072809146993e-01 6.692419395034603091e-02 2.377004583516439673e-01 1.528035369083905470e-01 3.266904967497067380e-01 3.092823216447000423e-01 2.265843298291361080e-02 6.870051325200722536e-02
2.543880571024602355e-02 9.062285783487075697e-02 1.744298582873716474e-01 8.525133954425617722e-02 1.729213685952431523e-01 1.745083397879855502e-01 3.026274678719222400e-01 5.167189573935117297e-02 6.235159065592420224e-02 1.724593670247956678e-01 4.332145951373398973e-01 2.392057005544342974e-01
2.652119222042530478e-01 1.190583241120397873e-01 3.715492699370687851e-02 4.307290601267312891e-01 2.855824108905160030e-01 2.577737916120890205e-01 3.439318086671060981e-01 6.829228259236651277e-02 1.510101822584827141e-02 5.390306406536341521e-01 1.209593706487893661e-02 8.032043787464165918e-03
7.629484566625013842e-02 2.191188585473244355e-01 4.368136253854640882e-01 2.214997996977078332e-01 5.742015591237818045e-02 9.588092875163423817e-03 6.518115331229429321e-02 3.843786496034240496e-01 4.983418097213392767e-02 3.232948876650305059e-01 4.319206538173075288e-02 2.836167079788883827e-01
2.049778298905308160e-01 4.753059297547897882e-02 1.309413882185211410e-02 1.015729119005557846e-01 3.712081375132053052e-01 3.152541065579915758e-01 1.834247203681476646e-01 4.008657058436254639e-02 5.014420449911413113e-01 4.201935677041445522e-02 1.980045978081227676e-01 1.244251392695273906e-01
3.315531922363385564e-01 1.242257925822796427e-01 1.033521626523930259e-01 1.249491290317341630e-01 1.480651780699333009e-01 1.349014637972835995e-01 3.553772368251466029e-01 1.773232455877694208e-02 5.109392744845638219e-03 3.915738099998134630e-02 3.403637864528399892e-01 4.876160646331565429e-01
9.485136638738060622e-02 2.385753114186055512e-01 5.518921438044809002e-02 4.546690361402386804e-01 5.295655310780414404e-02 3.900003697873165032e-01 2.892861398450391475e-02 1.183878406511453853e-02 5.790753258740952703e-01 4.257643890219166283e-02 4.667926763692331615e-01 3.528303770021418151e-02
1.901876825094706361e-02 1.703478137101330780e-01 8.603180990887659974e-02 3.822241464234357178e-01 1.712761112987891132e-01 8.185427776299002145e-02 3.032752154241794354e-02 2.378822701482712909e-01 2.154132985013175808e-02 5.142369191003862694e-01 5.125712164400714893e-02 5.265992269116743785e-01
5.102275997109150668e-02 3.387556157543427093e-01 1.811002984786435066e-01 2.342601406022690458e-01 1.742251635196235549e-01 3.527624739349715655e-01 5.762166222294390350e-02 1.991893428259874921e-02 6.038841635313769302e-02 8.087353753269077572e-02 2.852610286388835847e-01 1.765305438308309438e-01
7.037953100799717969e-03 2.482187135570766701e-01 3.756788350146075817e-01 4.618307987177748541e-02 2.050628937966979259e-02 1.531068131419203726e-01 3.680341827548104239e-01 2.967282554961247487e-01 1.761835077882284994e-01 1.441248744052748935e-02 7.036811420125080319e-02 5.467262770565805008e-01
1.406116258553768428e-01 3.319714190793980335e-01 6.245846148040084395e-02 2.676079062816669740e-01 6.343800524819513675e-02 1.430595448474765441e-01 1.875629106722453143e-01 6.132911475996313116e-02 5.275138383695253674e-01 7.378179883235573555e-02 1.038001179177371336e-01 6.105705100496705562e-02
1.645926737498475123e-01 1.662028325905956228e-01 2.711685814761757504e-02 8.257476283211667711e-02 6.022743979738602593e-02 2.120086653803391896e-01 2.653097418856198986e-01 2.660212325785253906e-01 1.112201721269506088e-02 4.773464995478142736e-01 1.620239167638264921e-01 1.623974587637692923e-01
4.926107214099282317e-01 1.021317026347570017e-01 3.894001567507147238e-02 9.093388342156007165e-02 1.692795718009733608e-01 3.473355939061841674e-02 5.535149079081127521e-01 1.085164773066992459e-02 5.226968142973417025e-02 2.411975225222571795e-01 3.089602271081289264e-01 1.460884975184967571e-01
3.379342158129989282e-01 3.824037663964188760e-02 1.591428775623384695e-01 9.225759490090766624e-02 2.613416895946667207e-02 2.644365524437963799e-01 1.257293815768926182e-01 5.527245604928938266e-02 8.956077710857802965e-02 2.048381269330807886e-01 4.958626436507291291e-01 1.599625511721463056e-01
3.373421828405386014e-02 4.142120897938977864e-01 1.484264326130512769e-02 1.143262844169402326e-01 1.981515605670138291e-01 9.532874143597097616e-02 5.113042309499339355e-01 2.612879846311782495e-01 5.888681183990544799e-02 1.156101626127092469e-01 2.404129279083755122e-01 7.170071546385300976e-02
3.912635428797811010e-01 9.625204586430875786e-02 1.808350523068718019e-01 1.583688724061788067e-02 7.861359485231697031e-01 1.653540466658404151e-02 6.229259508770250697e-01 1.282876123361361732e-02 5.460193176720819219e-02 3.488749549039612541e-01 1.396241811999632612e-02 1.073268106776122666e-01
6.177722410414711041e-01 9.470863144710153780e-02 1.644484826244267395e-01 9.187848805242998518e-02 9.540197470806281721e-02 2.476404621574342657e-01 2.490995004041909877e-02 3.383026285690231977e-02 5.390722625234155574e-01 2.449848325801458337e-02 1.402067228153783540e-01 1.641984575558159964e-01
2.477530445897024175e-02 4.932605128140166162e-02 7.839699837042626851e-02 1.483152496453660207e-01 1.357968492001592475e-01 3.964899205641232438e-01 6.883469110626151688e-02 2.939989705987511304e-01 1.520051434476091534e-01 1.476174271021521434e-01 3.151537300775535816e-02 6.557672527227929038e-01
2.949573790222656533e-01 5.289700106656509970e-02 2.276826237340277143e-02 2.863266751820915390e-01 7.976287630575942811e-02 4.916553875165782239e-01 2.718722777564899079e-02 7.822494006152903578e-01 2.650725928292010369e-01 1.696234824868024793e-01 6.826868015526105400e-03 2.643004952750312164e-02
4.218582076896618682e-01 8.982683780003260232e-02 1.137047266804793455e-01 6.255276432542935527e-01 2.208067884422342669e-02 3.141733758411389688e-01 8.315175468399133019e-02 3.862511567724508654e-01 3.328911663442084279e-02 1.796242328608650407e-01 2.118928017632816518e-02 3.705998526134030718e-02
4.988502257618643299e-02 3.458951223801942643e-01 2.708155455439097137e-02 7.181213751910058007e-02 1.766283832110470964e-01 2.908900600867727615e-01 7.227835504392633725e-02 6.364647037045220723e-02 2.096005327903428250e-01 2.313832612452003112e-01 1.453809350005851320e-01 3.023634312969923355e-01
7.678465451854346591e-02 4.822704123420865074e-01 3.285420763346528217e-01 4.259158196932798929e-02 1.520911959197940311e-01 1.915051432842541368e-01 2.013433354580112244e-01 6.308514827430514171e-02 3.599072308170401385e-02 2.390146938412019972e-01 1.667527934584554228e-01 5.434968702454349987e-02
8.231028367912843202e-02 1.304494467786929401e-01 1.162189424620941464e-01 1.216269322019016275e-01 1.676189028605009623e-01 5.340573340087382409e-02 8.402026339946767897e-02 2.205921131829873816e-01 1.715650897061446745e-01 1.808690698170555278e-01 2.036036929491392977e-01 2.858620325455308864e-01
1.759486334110547112e-01 2.268049829456965927e-01 3.233529725135365074e-01 9.952138030789077494e-02 2.525535644304008898e-01 2.417113054668131589e-01 1.074443948470551330e-02 4.702299591454631861e-02 2.337013967112550883e-01 1.902518421409957194e-01 3.757403185919103161e-02 1.459148826165935775e-01
3.185365005049272114e-01 1.206941263913648421e-01 1.022512490570914451e-01 2.303068191940190607e-02 1.210471437341423540e-01 4.982626894932450090e-02 2.343651115743758673e-01 1.818001483347042035e-01 2.001721067873938054e-01 4.464376343087099186e-01 1.815951938732109083e-02 2.405928266547076033e-01
2.416197261700584256e-02 5.259544864517970986e-01 9.443545035185335612e-02 1.966634703876695978e-01 1.756821466174290081e-01 8.786850633930350096e-02 2.971862753910000099e-01 1.831692896577596930e-01 1.107493043384143450e-01 1.304043548870036963e-02 1.167134288092507993e-01 2.359328942577602894e-01
1.524684245395640514e-01 1.389126265256423742e-01 2.406793420527740812e-01 1.326286889484262488e-01 2.056180694161201250e-01 6.532822821452931306e-02 6.063212209907120620e-02 2.378847196010521470e-01 2.689027236171706026e-01 7.147343472494128991e-02 1.442859212364170363e-01 1.173372465216904331e-01
1.423827914386775195e-01 4.898552478074863492e-01 1.261842681496445351e-01 1.640654141314041026e-01 1.007234285327595312e-02 3.724122996717496581e-01 3.277838678133610656e-02 1.047208449782952022e-01 3.332465909985887764e-01 4.322526947923832630e-02 2.336861164833730076e-01 8.264095983991244510e-02
2.615298950397544342e-01 7.848070595267458982e-02 6.848929717082642699e-02 2.679158488115306325e-01 1.432227743522307244e-02 5.144800682244076162e-01 1.554794027418820168e-01 2.388978087403468009e-01 2.373781527014216797e-02 5.391155007163429547e-01 5.451278405322832615e-02 5.215203452944713186e-02
1.482063159948966702e-01 2.662131673524257836e-01 6.464141119961815118e-02 1.088963510713146232e-01 1.474412294741936635e-01 1.517959264665754149e-01 7.246235623328504960e-02 1.880861605365335143e-01 4.261297100329710097e-01 8.415082888047042964e-02 1.369531943300522359e-01 9.121672151879992030e-02
7.395897910432953914e-02 3.175361071443015271e-01 7.544298615222605475e-02 1.576594513305140666e-01 1.575472405378704754e-01 8.640682931587155557e-02 6.769619670296948832e-02 3.851342521371989291e-01 2.632708286545317189e-01 6.004129524988482264e-02 1.637635645429002737e-02 4.130809591691978477e-01
7.400292324496518526e-02 1.099025927439508249e-01 4.640390313039622905e-01 4.612207665264488055e-02 2.312926334102814174e-01 9.065521743457724546e-02 2.618587619269920341e-01 3.572558145255839979e-02 3.343405730220781746e-02 2.391815081750688632e-01 8.336234844416663681e-02 4.544168706120267909e-01
5.174527169598304166e-01 4.233957593724926860e-02 3.866543197314531444e-01 3.666138264888981618e-02 6.127410269113896767e-03 8.156634080472645598e-01 6.429587473911523299e-01 1.914972438921164893e-02 1.162231159480632547e-02 3.229358457390851256e-01 5.116164533446285190e-02 2.515905681526227344e-02
5.524700238047838274e-01 1.130690104503968493e-02 3.401571989974754850e-01 2.209914690602654830e-01 3.929846564663129205e-01 2.612581668504098190e-02 8.877948445203587280e-02 1.060107918124235105e-01 4.361293571262787883e-02 2.956314444715399947e-01 6.073494404460980101e-02 1.081519080255535503e-01
7.598321558328323400e-02 1.994136596771888537e-01 6.024260173830292553e-02 7.704803418391035219e-01 2.631511785030084538e-01 7.002726779664322776e-02 5.538981165165726001e-02 1.695375401516462099e-02 2.351629153106767622e-01 1.535906250556159924e-01 1.367009677385714883e-01 1.253059653537958729e-01
7.445479181091790855e-02 2.249041001028204839e-02 2.701405421478192959e-01 4.544264097585939965e-01 3.903043998996773567e-01 4.459149189388906392e-02 4.441057336810667021e-03 1.520796498273346495e-02 6.586462849214788640e-02 5.368186763409706908e-01 2.787834735564142519e-01 2.382514389575606795e-01
5.839053656737314135e-01 2.878394279454388194e-01 2.954503004945995340e-02 3.219958486738148662e-01 4.701713181074965858e-02 2.167779519350115924e-02 3.549692677152318510e-01 8.058410347192879186e-02 3.077497118252934261e-01 2.729718347368683198e-02 9.843124225695772112e-02 1.012494595449792839e-01
2.715564951724442344e-01 1.859609650651221080e-01 2.267054862178138896e-02 1.755549237180310806e-01 1.945454733277254267e-01 5.654043710850231719e-01 1.903752248830946001e-02 6.906112095681244886e-03 7.114603080395134893e-02 3.326092067960834675e-01 1.054214976556791111e-01 2.583932483730857488e-01
3.268510265379037105e-01 1.241914259146281591e-01 4.475601850752682770e-02 3.211913443637277044e-01 7.749123418973638544e-02 2.925008426726437571e-01 8.346588243376439065e-02 1.543512397239663048e-02 2.332351161965442732e-01 1.709581226536160958e-01 3.093481367404173898e-01 4.690940056540197911e-02
1.834367284853310742e-01 3.854727929416776333e-02 4.758916699848148718e-02 3.188946138695124555e-01 1.249479437129936421e-01 4.774123413947612415e-01 3.373942137589772822e-02 3.574912678169572117e-02 6.822167045421295706e-01 2.704003940333933875e-01 7.699240248573722967e-02 3.203715177673151920e-02
2.322950538775537255e-01 1.234073414725523204e-01 2.310915437342336148e-02 1.800052768145446458e-01 6.683363108615153481e-02 3.687310920292356520e-01 8.215857177311056136e-02 1.391418418269136856e-02 6.197660883932948339e-01 9.339521497154476548e-02 2.349903429457764759e-01 1.242239252503478386e-01
5.411680358169087546e-01 3.252386383831982336e-02 2.258740189139040247e-02 8.742505179874152099e-02 7.397626447110881853e-02 1.976935509174910788e-01 1.913844430238539340e-01 1.013659135317714344e-01 4.405571656905462041e-01 3.529880036168511065e-02 5.426168327031898331e-01 5.090025309457651276e-02
2.134939866550209786e-01 1.496477360080771535e-01 2.084284441568972357e-01 2.594070516968180126e-02 4.162305389513738102e-02 4.924625986715058801e-01 3.147512695398353433e-01 9.386635899670048300e-02 3.602608103647071680e-02 2.256290407875303217e-01 1.245707008877065813e-01 1.116984437914143730e-01
8.806829785228073582e-02 2.207102982007531633e-01 7.772338513813226157e-02 1.571476272060075008e-01 1.336734440255853418e-01 2.868514278800836093e-01 1.331072186051428796e-01 5.362132509815052683e-02 3.166074702366037941e-01 6.509441089783518652e-02 5.254547641754391263e-01 1.442009385006662488e-02
5.757482927954507002e-01 1.649713642128695576e-02 4.619923207019779321e-01 3.108747824245827046e-02 5.139266560578629184e-01 9.342058533783959007e-02 5.016370856298229403e-02 2.289880600011360290e-01 2.564442347556661339e-02 7.687936509976121824e-02 3.222276597244502216e-01 3.853808560281170303e-02
1.527969725240961030e-01 1.574054822064898107e-01 8.178607574810013714e-02 1.952382344746090292e-01 1.160410190942259834e-01 1.194699516450798971e-01 2.955637536818891409e-01 5.671234600806412257e-02 1.213198857807712694e-01 4.964353927455874560e-01 6.222886331632247053e-02 8.667552971161772424e-02
1.335853142168457464e-01 1.279402780320219035e-01 1.479411523365158077e-01 9.130192809684493579e-03 3.204017336388085835e-01 4.098814724511433694e-01 8.218401921439087709e-02 7.718632070282291369e-02 2.685038777499110796e-01 5.288631140392653640e-02 1.143224557966434074e-01 2.857148258996550227e-01
2.078438355598242193e-01 1.937566081447884836e-01 1.135249328187483558e-01 2.078495098172941091e-01 8.986885985311084124e-02 4.510003451550694265e-01 6.994864757160206004e-02 5.230423703874299557e-01 6.333127507307629092e-03 1.851446534853590578e-02 3.695854064670126005e-01 3.178699758914636797e-02
2.513093318895554540e-01 1.138803133664026135e-01 1.890475369319187526e-01 5.183570177639044291e-02 7.410264013596840060e-02 3.748554163506254699e-01 3.373971475453082375e-02 4.220787585172251083e-02 1.154182841056429487e-01 3.249796456395377953e-01 2.382518813942270386e-01 1.755842295020570154e-01
2.837229468196767468e-01 3.567800841022179814e-02 2.758079654706713582e-02 5.321534688497158161e-01 1.347157608664933601e-02 1.598869030992631779e-01 4.616720409113648782e-01 3.410998669468298661e-02 3.083586559749716960e-01 6.180354019438451252e-02 1.743708234367511711e-01 1.777937193843469321e-01
7.551773267609442064e-02 1.625996135357780370e-01 1.366537804063056305e-01 2.763227524429578974e-01 4.527680678824997501e-02 4.449381374629526875e-02 6.588231738363142798e-02 3.916569533951577697e-01 3.158242569537798028e-01 5.026543072043919425e-02 2.604634171897325934e-01 1.769431870009826879e-01
6.027344542858174142e-02 2.872700302424041618e-01 7.266087435682493101e-02 2.557763371115326922e-01 5.478936126724470029e-02 2.434144279402610522e-01 1.165329712473133356e-01 1.717009924274782995e-02 1.595171882015283815e-01 2.591276698913078658e-01 2.439286123696437492e-01 1.777557080269004386e-01
4.287198071298754798e-02 3.359559335863445129e-01 6.857706189918025275e-02 3.044802143840047437e-01 3.053751949506638974e-01 3.476070648314004696e-01 2.009896267417102950e-02 2.223839255147379290e-01 2.906538906137990375e-01 2.236455063336500668e-02 4.116062716201097926e-02 1.490778853031034523e-01
8.547619088912883356e-02 4.900961585917529284e-01 2.861417551739790441e-02 1.461770336457335340e-01 1.458456338875357416e-01 4.452084039894073364e-02 5.190701615289406989e-01 3.535085714275471025e-01 6.073297533164231932e-02 4.615206177002358079e-02 1.753145138120173474e-01 7.967375265237071347e-02
1.277408220814120199e-01 1.020573612210834979e-01 2.095906663437624162e-01 5.497931571626575309e-01 1.185562225808832887e-01 1.327200583838224479e-01 4.696401363668688961e-02 2.984171198690615742e-02 3.711022456596695385e-01 1.030177328397892389e-01 1.813693152060546765e-01 7.243443112909615789e-02
1.633784074234140987e-02 3.303984115631120044e-01 1.438752608453983117e-01 1.879131064120199146e-01 6.627388252105158584e-01 1.253068002658062549e-02 6.277895905574648605e-02 4.602421743108814356e-01 1.959952374715349249e-02 9.932696636894790265e-02 6.530230440795498081e-02 2.946209890842736434e-01
7.335235350247401587e-02 1.867049500969828746e-01 4.641322359793936259e-01 4.536774914865716879e-02 4.856240634996238092e-02 7.151400484063838436e-02 3.690734932079215436e-01 5.468450870220144255e-02 2.802544421068020042e-01 7.696843339178875698e-02 3.131879956671772547e-01 9.752850472010604621e-02
1.942092188364636651e-01 1.464447947954640172e-01 1.379534231386175536e-01 1.152480499073423037e-01 1.134876487412504881e-01 2.105317997712493061e-01 9.973900418639115861e-02 2.503853454295288383e-01 4.048244370398172004e-02 1.946816479683459999e-01 1.689014363846498001e-01 1.304284731062068936e-01
4.739305225176652092e-01 1.290706128004788789e-01 1.962990429715287255e-01 7.435309128437195270e-02 3.694208475899194658e-03 4.621033419315483809e-02 3.355713138910051963e-01 6.674651646960423623e-02 3.477277567620165599e-01 6.060728471392777816e-01 4.870742933460429219e-02 2.951818478468748105e-02
6.391744992956933935e-02 7.284502822883084927e-02 1.419990559449704759e-01 2.665587860336475212e-01 2.589233079826666617e-01 1.839592306936923272e-01 5.059771476942463014e-02 5.022906383778157346e-01 1.702624752650325757e-01 4.199012035084160460e-02 2.381195339464262928e-01 4.177693045458867604e-02
2.887848460444880291e-02 3.856643436144115838e-02 6.391832987463262894e-01 2.212244510864066691e-02 5.841304056586371640e-01 1.278076135412174741e-02 4.627720877922399390e-01 1.319612000932938733e-01 1.755856849461631120e-01 2.945105296369745496e-01 2.183187663309957630e-02 1.137129677659119154e-01
1.807110602876403072e-01 1.502010292680144507e-02 9.071993812289173842e-02 3.368357856436265951e-01 5.946583641691914612e-02 2.557540855612298047e-01 7.013351897228474463e-02 7.944744035354313338e-02 4.687119898687194808e-01 1.231382374369656418e-01 1.008378347448048162e-01 2.667224698619433121e-01
1.379530580191844769e-01 1.941371559612296849e-01 6.176607490623394758e-01 1.008794924757030476e-01 4.128875793006254735e-01 6.250393706297220631e-02 3.406040464248483723e-01 3.714308444812864513e-02 2.298893084307224166e-03 5.413553946626903368e-03 6.093329126578713728e-01 3.932469002784897555e-02
2.454425248683027305e-02 5.729608970485829955e-01 2.467625452867903621e-02 5.291912720729982089e-01 3.996245092858650289e-02 4.909471402627641479e-01 7.074357158269797829e-02 5.509620180312579940e-01 8.643467906586614971e-03 9.417561380421164696e-03 3.558057052171992862e-01 5.789159792581671793e-02
1.432981769330133603e-01 3.558857056000764851e-01 6.377440267509809635e-02 3.127515948423295611e-01 1.160539305689435585e-01 4.790889522809418932e-02 1.676760904563647514e-01 1.255849075707002882e-01 6.396459871139885400e-02 2.250408522790647847e-01 5.050552270726276632e-02 2.774943598008879908e-01
1.627070211487153042e-02 7.102943232257652798e-03 6.039268637827587272e-01 2.130192794267048509e-02 5.258248580082171275e-02 2.788525352551597392e-01 1.036210196066518763e-01 4.121000467743684559e-01 1.849496324893479260e-01 3.171278153723691151e-01 8.920358408218941049e-02 2.617920072724463920e-01
3.545174361937548230e-02 5.052520615289999295e-01 7.649364829985563774e-02 2.391574652287890290e-01 1.164356090510819813e-01 1.703521105527790527e-02 1.424351253701220954e-01 1.303574168890306306e-01 1.315711633289562976e-01 2.240796302176664978e-01 9.752552393641204104e-03 6.762334233904813141e-01
3.015951979479200573e-01 4.286597748360836818e-02 6.879544369629317369e-02 1.600704316066422772e-01 4.249541136240548855e-01 2.143389192640724264e-02 1.624723519119102844e-01 6.007885263102270140e-02 4.005735546536266511e-01 2.718446400744864988e-01 9.619716663475416651e-02 7.857179108275473556e-02
1.256706562195450683e-01 1.253594623895813998e-01 1.369228502715552076e-01 2.058857089075819546e-01 1.474382123879286188e-01 1.085941328350120694e-01 7.176262397439175933e-02 4.432142594284075310e-01 2.644596819762761730e-01 1.529547476376734993e-01 2.750982518473233523e-02 1.057645442220867815e-01
2.198888317668691306e-01 1.664422466737870143e-01 3.018655105009399042e-02 1.419028968392000989e-01 7.380810089607238444e-02 3.119098802196192122e-02 3.981183117405167060e-01 2.187770907398143838e-01 7.868585885799510293e-02 3.341334481922042521e-01 2.927087016655085042e-02 3.787694660932360846e-01
7.318181980664344166e-02 5.227076196071382963e-01 1.575928972019033369e-02 3.309824552328170522e-01 7.645447108066466546e-02 2.474430984585521409e-01 1.117533358475805705e-01 1.325298068582062005e-01 1.537027753816955222e-01 2.159224676761752754e-02 3.983988667082389301e-01 8.007708249233598530e-02
3.774797418268865251e-02 2.660632968770201279e-01 1.379306721519626966e-01 4.451432629596133866e-02 4.820321820339692476e-01 6.877602434885861371e-02 2.451938765944379206e-01 3.610993657493371534e-01 8.121520620322386641e-02 2.164342917064044358e-01 5.757446937608997478e-02 7.353949183272769086e-02
