2.496551791018117306e-02 5.544987884817809652e-03 1.292956251042169137e-02 -1.235146616536500208e-01 -8.308895555616596651e-02 -1.719291942039997967e-01 1.788978764353817419e-01 1.084848538637243343e-01 1.443872270594976914e-01 7.703350733365288416e-02 2.557772187089809093e-02 -5.150940831470096626e-02
-3.592826995085850877e-02 -2.997192924816133308e-02 4.169039197739710101e-02 2.389818710914723143e-01 1.729960265712024436e-01 -3.132612480973020336e-02 -1.928532725806918202e-02 3.644212656365763275e-02 8.433563741741362599e-03 2.871487735004285557e-02 9.334513278588359164e-02 -5.811629397393898444e-02
6.807008799019485801e-02 9.129563832054453376e-03 1.288160354464353563e-01 1.339182325190469217e-02 -8.027953236517876290e-02 -1.200290848587695774e-01 1.872619601109766843e-02 1.390313735067614798e-01 3.064673776284375373e-02 6.709827334313543667e-02 1.895591369107358162e-02 2.469869564118394936e-02
1.141690305733369659e-01 -2.267213164799917746e-01 2.597607908731540405e-02 -5.120216341922741166e-02 -2.617032021075911888e-02 1.519427825348509675e-01 -4.265565375890973537e-03 4.937787583987060525e-02 -7.087157687021378161e-02 -3.926837169370872571e-02 4.953537930927454785e-02 1.560167437708396589e-02
3.665346423912002605e-02 -1.426793614384526676e-01 -1.132849846962861173e-01 -4.663398938471247090e-02 1.500038052782286333e-03 -8.295424283925489917e-02 -2.358438306716443070e-02 -1.837049105242044914e-02 -2.118932075558823680e-01 1.655592653169371264e-01 -1.347674380486016746e-02 3.592459529495947712e-02
-6.886724890048999403e-02 5.970281925574873194e-02 -1.058127246170736530e-01 -7.086956503443528343e-02 1.394056503993716112e-01 -1.523260829450928389e-01 1.692579074640093717e-01 1.376061237502762269e-01 -1.034737127984730609e-01 -1.615040918925165214e-01 -4.614265933653310253e-03 -1.695799830789162799e-01
1.086927269674599766e-01 -1.754514578016983795e-01 -4.209264891576924850e-02 5.683487658242653007e-02 -6.004338596703551190e-02 1.089454089642491880e-01 1.756656117137549711e-01 2.597782063253278526e-02 -4.412814832006875521e-02 -1.136134376115123107e-01 -1.069826219459182604e-01 9.381041689006619499e-02
1.567464071621778587e-01 -3.948804364141546286e-02 1.619449062306837495e-01 -1.384654760377211635e-01 1.889406802775464300e-01 1.195225586027117565e-01 7.982466754937095343e-02 8.408017922544369638e-02 7.294875123382336957e-02 -5.806817036819098693e-02 1.479975910437589526e-01 6.755157379011006435e-02
2.120589332789455383e-01 -1.289931322662369040e-01 6.826165156806880685e-02 -1.098237649154787388e-02 2.646042683095509163e-02 1.338171327133098332e-01 -7.325453046111810333e-04 6.201020974368932903e-02 -4.383169219307615598e-03 4.485692241798286406e-02 -9.943443689734134117e-02 1.485000503548578391e-02
-5.343456124000028895e-02 -8.623460448628137570e-03 1.313350787146030652e-01 -1.484069169582978923e-02 8.827465393620204104e-02 -2.511073687645144770e-02 -1.941971766159748466e-02 1.077944381877435770e-01 6.413627647448359725e-02 -2.210278593737981506e-03 -3.689271968213769098e-02 -5.763923512565556628e-02
1.159371305924170453e-01 -1.548400865433813278e-01 -1.482197051935591203e-01 3.393068376410468545e-02 -7.825020160166719363e-02 1.681136522452796600e-01 2.430765180492210076e-02 -8.549094414006365786e-04 -2.210712828189388690e-02 2.273254058295879065e-01 -1.250443529524680464e-01 9.469625887446603274e-02
1.422704025199090783e-01 1.523416907472695606e-02 -1.528258984097286347e-02 -3.769387478665595786e-02 7.374324308044373499e-02 1.232907202405813781e-03 -5.404223588955262697e-02 1.783880581625701400e-01 -5.436472035184330281e-02 7.868105891762389170e-02 6.812186837591063804e-03 -9.151211919228757763e-02
-1.231968958020455140e-01 -7.839542080865643733e-03 7.957291958891410388e-02 -5.031767813808021850e-02 -9.539191646125327884e-02 -4.759073597645890885e-02 -7.899206188916092775e-02 1.151480033823963495e-01 1.653827486825399928e-01 -9.256681942056829704e-02 -2.787007943861808529e-02 1.634073904299018221e-01
2.190755118793948422e-02 3.887480052949547626e-02 1.424008025433291247e-01 3.208631438562572352e-02 -1.024616263775054818e-02 -5.043247178121584157e-02 1.018034957276039293e-01 3.151871523696357924e-01 1.111384610558801972e-01 -1.304922079652700607e-02 -1.254401059220098397e-02 -8.748529728203705350e-03
-1.033670297889256323e-01 -8.365204321863195513e-02 -7.267987322022891050e-02 -6.249959005202258139e-02 -2.802816390034080368e-02 1.343684209882449188e-01 3.954465038303785901e-02 -2.325230493509931190e-02 2.395202220681634520e-02 6.170246674364558009e-02 8.175874046297046394e-02 1.032213322796945026e-01
-1.753049440115360402e-02 1.509301143253680422e-01 7.434110172039666564e-02 -5.148140987051007950e-02 -5.337479812740379345e-03 -1.140451532793195916e-01 -1.441231369489885672e-01 1.248398268751627072e-01 -7.450333926002686291e-02 -1.060138501508415820e-01 -2.225840624132924273e-01 2.265010305349554887e-01
1.349153733034237079e-01 8.828860306942864361e-03 4.227499647773926700e-02 -3.638008483333875914e-02 -1.987633373101910239e-02 -8.043379355425342436e-02 -4.336798697287342491e-02 -3.989185091161390629e-04 -8.293843701566705473e-02 -1.220623192327478443e-02 -1.747623836157233823e-01 3.957722046423319678e-02
7.828007836216094306e-02 1.400100960295344033e-01 3.608214242897438834e-02 1.218649206432129324e-02 1.349102481993542102e-01 4.416485349810676808e-02 3.489316763072912442e-02 1.244808457486470399e-01 3.459881971632165071e-02 1.426624581153507487e-01 -8.541376889290779040e-02 2.629109475811191102e-02
9.660150119821048209e-02 -3.559317451327752985e-02 3.148442128179406579e-02 -2.246931963468839707e-02 6.151924084097606937e-02 -1.639007648289993180e-02 -1.091011180340451490e-02 6.165606444802257391e-02 2.379216929065523789e-02 -1.455204133769824604e-01 -6.612181210210925364e-02 4.321788092025967420e-02
-1.054535157780654431e-01 3.132048004529806862e-02 -7.029557024518198749e-02 -1.078665484378228401e-01 -2.691813588289062031e-01 1.951319005721260380e-01 2.294125797622470399e-03 4.948062087753517246e-02 -8.059179464241944535e-02 -9.960729232016818369e-02 -9.569659329531199354e-02 -9.502788585195527660e-02
-6.350151038327310482e-02 -1.286835884868266569e-02 -2.335795066623128635e-01 -6.491079957948935053e-02 6.514093991334068967e-02 6.429672409209251371e-02 -7.602205066649854459e-02 -6.472981344138348248e-02 1.963833694765190763e-02 -9.698017990371179953e-02 1.163173347896564493e-02 -5.009513007169993926e-02
6.070241870907704985e-03 -5.358112066088667469e-02 -1.188611695762987613e-01 9.008614829604626173e-03 -6.951854796164134986e-02 3.819039262892570674e-02 -1.078261788548092771e-02 6.992885283009947495e-02 3.473056249846922378e-02 -1.054679527003219708e-01 -1.720690350086375997e-01 5.541869931250317793e-02
-8.138941427073334567e-02 -1.429552611612098893e-02 -1.162731366723986914e-01 5.616781051529406293e-02 1.532614337338730802e-03 -7.969461688474574479e-02 3.380838546126350291e-02 -2.250473243984846550e-01 3.491268660014001241e-02 3.655845651937116025e-02 -1.317960603890734883e-01 1.481117597423884935e-01
1.119621501297097810e-01 -9.587830932790662730e-02 1.641242673960337795e-01 -1.410226825068808601e-02 -6.067951322536562636e-02 -1.330651605216836286e-01 8.331933632438164039e-03 -1.506257154920187802e-01 1.609886028420073889e-02 -3.241212338110644603e-02 5.080688502146907259e-03 3.940473074579677049e-02
-4.097784954264394736e-02 -2.412668559846911642e-02 2.684457175218527697e-02 1.679187633110366118e-01 1.467231866070530010e-03 -1.056239995556259581e-01 1.571929335146004802e-01 2.272347322321390806e-01 7.585131603068709372e-02 5.929353101165059370e-02 -3.795595885566999117e-01 1.091852243298896755e-02
-1.961678840039871377e-02 -6.676157178866458375e-02 -7.026408317055807262e-02 1.460164026673395621e-01 -1.775594376447200973e-01 -1.122403673054220841e-01 -1.691232495455951418e-02 -7.157291280675506795e-02 -3.025162735497726602e-03 1.004962844935598267e-02 3.325113766378973938e-03 1.168712976261356180e-03
1.703823315076168077e-01 -4.113049811393430788e-02 -2.964835415078417510e-02 1.584445318282758086e-01 1.352598856897994639e-01 -9.531914120577775207e-02 -1.149066835941152526e-01 -1.379186143466992476e-01 5.255000042385207792e-02 8.164988343063253606e-02 -1.019297395634041759e-02 6.430933712802992808e-02
-1.381602014269298351e-01 -1.963860961424568688e-02 6.007008998160714985e-03 1.923485935540750758e-01 -1.096318597865680311e-01 5.533255757462324231e-02 7.463158481602802374e-02 -1.720479869963222608e-01 -6.576988646272131922e-02 -3.460655056109190886e-02 -2.631704325135598987e-02 -1.224898430609768635e-01
-7.080858564899143726e-02 -2.318029725590044221e-02 -4.571041703293152875e-02 -1.814102987248677329e-02 -3.386543981374792039e-02 8.894630489098732593e-03 -1.700110096909714374e-01 -6.926574381903996547e-02 4.440426528108225475e-03 -5.095040363622280188e-02 9.077831106938913375e-02 5.932766399486649050e-02
1.203021856688238495e-01 1.291298405269198646e-01 -5.196768653260902537e-02 4.194016717634525826e-02 2.244780707701646283e-02 -2.575140407310191892e-02 1.083383252974925992e-01 3.853736082281866704e-02 -3.327059788068543415e-03 -1.558880472746960177e-01 -2.129174827839783735e-01 -1.325555513220196269e-01
-5.917787152976881210e-02 4.750763124326501385e-02 1.489970933064314884e-01 -2.158704380056247762e-01 2.015323802519526364e-01 -4.401037416412559300e-02 -1.883268111779106135e-01 1.033782444983903509e-01 2.073353301611005617e-01 2.763550220922443568e-02 -1.567669648272729532e-01 3.274409761924939460e-02
1.979857357627479164e-02 5.288238587821295078e-02 1.261328542305374945e-01 1.209526376376868079e-01 7.393403580948656149e-03 1.089305617890329175e-01 6.635343190096186505e-02 4.872125106143054829e-02 1.828209950330910161e-01 -3.094297284686871666e-02 1.121079000405939274e-01 -5.067575584655854837e-02
1.509815707504861826e-01 -1.220213838963812442e-01 5.998992841537603704e-02 -1.444317681539442622e-01 -5.654126729786040917e-02 -1.528831883862966923e-01 -1.862233100178889156e-01 7.866210671713652625e-02 -1.882159464315216468e-01 1.494082911834901939e-01 6.319209179373373730e-02 1.883325896945423628e-01
6.406771170608209498e-02 -1.654074900098710110e-01 7.733728529318659173e-02 -1.564707586004800421e-01 -5.780013574382619757e-02 -6.457312525477364173e-02 -8.796822718378255468e-02 -5.373989053454086146e-02 7.473873352901609646e-02 -2.485941381650182483e-02 -9.690380422128500038e-02 -7.069135360186822037e-02
-1.276653603895231207e-02 4.417813725203743880e-02 -2.936073026838108002e-01 -1.408564652381302240e-01 -4.607273839218629236e-02 3.940085281223347849e-03 4.509314657568726237e-02 3.085615051300906811e-02 -1.765411169857063478e-01 -7.546771340571697961e-02 -7.260479044840709162e-02 -5.735530350626735774e-02
-2.355800008576279525e-02 1.708569999802219685e-01 1.580531917943398257e-01 -4.096563809938441603e-02 -1.600022529844939354e-02 4.815177743617213291e-02 -1.960688063780942625e-01 -1.417970332044599935e-01 1.172523926235913977e-01 1.879360324731490783e-01 1.538523013198399014e-01 -5.774751897932930977e-02
-3.351070947807630040e-02 -1.941070518705856687e-02 2.455522870316471581e-02 1.009043500722710540e-01 2.782279467102984245e-03 -7.803395339555789512e-02 1.427596374845947202e-01 1.646707978631405112e-01 1.412735921045798482e-01 -1.180834478454709235e-01 -9.260603803399543310e-02 3.682353551959516996e-02
4.187017201437801678e-02 1.264401258842865194e-01 4.904489385409255275e-02 -1.757245676863805617e-01 -1.278355200896388877e-01 -3.396180482691365382e-02 2.088117832665459250e-02 -1.053177354414653044e-01 -1.065960510425787398e-02 1.019019541381757654e-01 -1.099838347417489426e-01 -1.460619210912400268e-01
1.790752086408756161e-01 6.067588313870506123e-02 1.813211611300115378e-01 7.915123790525421810e-02 9.923656804695261957e-02 4.397308848091344147e-02 9.554430464941347789e-02 2.826983159552484692e-02 -4.149482091567352482e-02 3.967903550524549960e-02 1.268062770427378083e-01 6.592161492586634530e-02
4.165568270493583136e-02 -1.685192169416777908e-01 2.898639538225504519e-02 -6.819091772235665039e-02 5.534781270968248956e-02 1.191228225452949652e-01 1.371876581384076088e-01 -3.550211444691687979e-02 -1.097654082591220936e-01 -1.114020307926883585e-01 1.841191813824226697e-01 1.011476619193412002e-01
4.806254309077367254e-02 -1.865794222920385825e-01 2.855047743015932254e-02 3.543592585532947398e-02 -9.307943418159470017e-02 -1.243875973877766987e-02 1.656579048384877739e-01 -3.675373392483389373e-02 6.260847037316551178e-02 3.840952644287086437e-02 4.531595879917418856e-02 -1.545168956727415721e-01
3.944359521900298732e-02 -2.011439449414383907e-01 -1.270618712024818298e-01 -1.309083419154662697e-01 -1.139867775151423984e-01 2.066694631136763438e-01 -9.420395308840152915e-02 1.598476401200467703e-02 8.260317871130602729e-02 -1.189162942867230399e-01 2.176562937927517261e-01 -1.749310555811229850e-01
1.135281961164437692e-01 5.497908378171741106e-02 1.552253136908690045e-01 8.013587648356601534e-02 -1.060284012523665664e-02 -1.724436647668807152e-02 2.373836692537374116e-01 -1.313042464375007226e-02 -2.116029328481774593e-02 1.315550761854027695e-01 3.774672200140824496e-02 -5.872554754762085438e-02
1.340823091481723461e-01 -7.414321283450998890e-02 -1.690786703390429954e-02 1.816450993681318904e-01 7.489575578414836565e-02 -5.136975834608179664e-03 7.922607339592918629e-02 2.207459200926540320e-03 -1.616716183335630344e-02 -9.528975715026988258e-02 3.692743098038368116e-02 1.110725408176134882e-01
-3.203605435430579434e-02 3.282904253071839643e-03 6.451985265988677276e-02 -9.352052969854190989e-02 1.193653810331780050e-02 2.745583352668912180e-02 6.011255895206921683e-03 1.077509003798849119e-01 -4.852845554150681667e-02 4.038320441642715558e-02 5.787629878157268815e-02 -2.473181187471743068e-03
-6.844843736160940127e-03 -6.977699041107893185e-02 6.631407301151301392e-02 -1.625850743562144707e-01 4.713574759896749233e-02 -6.039844126894280962e-02 1.363579700845079234e-01 -9.454881522389184390e-02 -8.452867290194407413e-02 1.009247000592925492e-01 -4.492395528612086464e-02 -1.341900166195250377e-01
1.438388172429735934e-01 4.908553030748745438e-02 -3.114334733088441887e-02 8.181361726274875845e-02 1.133856646792997386e-01 1.451244280235490340e-02 5.212289668878961058e-02 1.103366702548468359e-01 -2.934396976169321991e-02 5.256299092550584945e-02 -1.089328436692599544e-01 -7.397026324181875390e-02
6.562954561248747487e-02 -1.657563993270636526e-01 1.053268671241303772e-02 -2.963993277987810385e-02 -1.732423148897909160e-01 -9.079736999913735895e-02 5.459985506503085839e-02 -9.341028490974095932e-02 7.015704728764998732e-02 1.976740000081662549e-02 6.254859268074557110e-03 -1.373831712730017307e-01
-9.503239425546933239e-02 -4.500558328922304313e-02 2.793303213460746753e-02 6.175597262582779856e-02 1.106984375731898118e-01 -4.386764787322944281e-02 -1.522648091877150112e-01 -7.328695105599357384e-02 1.577995097058665086e-01 -3.994185004377812098e-02 -1.556065323673660461e-01 -6.495135971337000214e-02
8.144893815162751460e-02 3.533503806158627691e-02 -2.187361167131757489e-01 -2.260537316743863739e-02 -4.467542759032794297e-02 -1.606035348626485004e-01 1.174384247637134948e-01 8.894001437016946232e-02 2.274171468307840602e-02 -1.166344989547135197e-01 -1.225367962104629699e-01 6.316148247570284313e-02
-1.195720291721599771e-01 -4.845223650341592969e-02 3.077717803154545601e-02 6.482213775616232909e-02 -1.513704720241062229e-01 2.278734235130462984e-02 8.519274317341557490e-02 -1.747289906302422827e-02 2.645641441572842978e-01 -6.610146148996984272e-02 -1.537596630281520826e-02 -6.404621699804473323e-02
-2.823202634612650974e-02 -1.364386671742510992e-01 2.291219647080472432e-01 -3.131582844153084355e-02 7.672966286299715000e-02 -1.810042840014531307e-01 5.820222575492322442e-02 4.193465726046856357e-02 1.690039212845205127e-02 1.260745407936691431e-01 1.389871893583771445e-01 -6.967121563010014729e-02
-1.451553310631994165e-01 -9.772549924268705834e-02 -1.532346186660109646e-02 1.340796155475050544e-01 2.517271573580578958e-01 -1.480016124052696037e-02 -5.208232770896153475e-03 1.113753120477093267e-01 2.605524528661878891e-02 -4.010515893336201974e-03 -8.085216664340047488e-02 -2.852152302026264227e-02
9.423075007239603562e-02 -8.986176492860532827e-02 -3.478312089009206326e-02 7.170711504344602638e-02 -1.428416638206426170e-01 -2.398085724929025636e-02 6.542037223692617753e-02 -8.100179705810708897e-02 -1.301121712652871243e-01 -9.590165998726010721e-02 -7.363415760206053207e-02 -1.092313463228136855e-01
-1.903099706047847728e-02 2.258969888618930777e-02 -1.384432373713116449e-01 1.083802795393620094e-01 -5.731227881891473586e-02 3.281627937441024268e-02 6.353825997658642342e-04 1.149005662068208339e-01 2.265007899972154848e-01 -1.591180765870545133e-02 -1.528971054425068421e-01 3.384662239296836600e-02
2.587635054192524361e-02 1.181148657922664325e-01 -1.197956135900935248e-01 1.851554476299555330e-01 -7.086789934984788486e-02 -2.923855212856342825e-02 3.667197097589691701e-02 -3.146447467084047267e-02 -1.026969762742359071e-01 -6.539759609001614959e-02 -3.683759111817572207e-02 -1.069117694696057053e-01
-1.015199919848654431e-01 -5.032918325017878003e-02 5.488027381016796769e-02 -1.443199829287413749e-01 -8.849270336756406841e-02 6.388580966949490569e-02 1.120489623077930014e-01 1.839605927720555298e-02 4.016175588888784564e-02 3.392083995524865919e-02 1.894940436198491451e-01 7.805424138276363666e-02
1.057911022548425478e-01 -3.095416955976125484e-02 6.199019806244220748e-02 -4.717206465321231029e-03 2.307853060270190215e-02 2.735586618161098826e-01 -6.985608885116061095e-02 1.008531408187691575e-01 -9.008469379623429418e-02 -1.373992894561269495e-01 1.343011233378020586e-02 -9.674598261629679952e-02
-1.227529959620091565e-01 1.184907512607521508e-02 1.053360948815547787e-01 7.036862120322012748e-02 1.546947327416415413e-02 -1.428218756127677957e-01 1.216480317727244159e-01 3.706948606071316932e-02 1.403699271450933039e-01 -6.149278780755096374e-02 -6.387455296979570318e-02 7.746421706604372792e-02
3.343310019362309704e-02 -3.478155565669457244e-02 -3.593501801178066585e-02 4.153267136714875601e-02 6.426594647728914658e-03 3.027352578848405834e-02 -8.758893559537563045e-02 5.353336719966313162e-02 -5.643454476509088269e-02 -1.332738144742347808e-01 -4.248569632535822982e-03 -1.689471306144794127e-01
-9.003956462645743009e-02 1.285568560301671714e-01 2.749584454030429975e-02 -1.192114906962021409e-01 7.754211223213472448e-02 1.405364991903768068e-02 1.497211212646579748e-01 -1.742999443532423226e-02 3.666057610429859781e-02 -1.504755301175027815e-01 9.259569133915881989e-02 -3.622700072633060209e-02
-1.132599482343500941e-01 1.597815487970331849e-01 -7.098694900807162034e-02 1.186222380305433505e-01 1.064944365037573670e-01 3.236341049396480873e-02 1.052708557449535676e-01 -9.400659208752754070e-02 -1.014411338535601559e-01 8.121694434705015175e-02 4.321068244099053601e-02 5.740760759257782647e-02
-4.239481922800465707e-02 -3.903574741067945830e-02 1.687477714568125101e-04 1.344189393391346243e-01 -7.429348373289063057e-02 -2.829309661823702429e-02 8.769798632321950966e-04 -6.973299098613338493e-03 8.904275592528763592e-03 -5.501537299311072549e-02 6.162089922698366085e-02 1.113358200446341040e-01
2.907637757208156315e-02 -3.976499387303115973e-02 -1.293822918937573285e-01 1.194008472134593796e-02 2.716197069568850042e-02 -4.661011126449668418e-02 1.433510552354184432e-02 -2.724580771950080305e-02 1.029750246074729453e-01 -1.379405620646730404e-02 -9.381227997060733251e-03 -1.605338003513660239e-01
-1.231810149800583593e-02 3.960692059673112664e-02 -9.000217036224200662e-02 8.964994961567512854e-02 -7.330351682809925495e-02 -2.014535755364837977e-01 6.792000738526528247e-02 -4.691746169764764857e-02 2.421576098379394915e-01 1.560308205836576645e-01 5.839200985140734906e-02 -4.774322297744205967e-02
-1.106258208913343533e-01 7.323953698944500601e-03 -7.003695045846084193e-04 9.420803327900434399e-02 -9.088738594590774905e-03 7.106642135957072504e-02 -9.220273938020599747e-02 -1.516405445695433174e-01 -8.343756372187904891e-02 1.043955371056283499e-02 3.661955256872412995e-02 -1.107938957092164806e-01
-1.369562536354879990e-02 1.696184892085842444e-01 8.776172575679422327e-02 3.667442242432710636e-02 4.784486572405126370e-02 2.191612581095130421e-02 5.388823743535411936e-02 -1.211181094204140662e-01 1.971732291840927742e-01 -7.837969665434980915e-02 -1.810034755806657347e-01 2.006220035296036458e-02
-1.116645886093734505e-03 1.721051736329438364e-01 5.242665873882017963e-02 -1.551584194484636027e-03 -8.355657662146115383e-02 -5.455419572496498365e-02 2.068623347242087851e-01 4.011897117783694289e-02 -9.872087537622135922e-02 -1.078776978742313208e-01 -7.509476161049372794e-03 -2.940332696794573097e-02
7.929875621165863309e-02 -1.313615063986518783e-01 3.427258188506423445e-03 -1.790767790654205355e-02 2.252865290685708843e-01 -2.509655187073834282e-01 -8.272894227004941314e-02 8.223245768026933578e-02 -6.718267601445811199e-02 -8.247460099661500788e-02 -2.467590716848518384e-01 -6.585378547261086513e-02
-1.520701511991975619e-01 -3.115534054657811622e-02 1.238443856490645534e-01 -2.165358868557642202e-01 2.037976617298154630e-02 -4.115614202317631476e-02 -7.561550165310051974e-02 -3.945666197046076955e-03 1.043336069766577223e-01 2.920755334488960020e-02 -1.259057004382938827e-01 1.158345720674689439e-01
1.219585544393942955e-01 1.712315005704974635e-01 7.722296522605326397e-02 -6.986378993982915453e-02 3.046673716401043439e-02 3.981402944344813316e-02 -1.132060449575697653e-01 4.316525936533742447e-02 2.374784642890872058e-02 -3.899361582852189922e-02 3.695110468629918266e-02 -5.543058267581473658e-02
1.716454689642095757e-02 3.484532920957968821e-02 -7.797835769700867115e-02 6.362056661418157011e-02 2.021912011350848193e-01 -9.440387141692853368e-02 -2.593072316380368864e-02 -9.496099726492200632e-03 1.907393365571723176e-02 -4.534370919600536586e-03 -1.902742989906889282e-01 -1.218793418313938171e-01
7.456797962824486536e-02 6.766465648336207617e-02 -2.239951790812624161e-02 -8.351437509888348654e-02 1.170412516999353413e-02 -7.155840056150340744e-02 -4.850422204330831488e-02 9.509998963382771536e-03 1.490045362527478157e-01 -1.177005536838567762e-01 -8.779741460457793356e-02 1.401898247981771262e-01
9.015675527290122060e-02 7.068929492336299691e-02 1.670663476577265161e-01 -1.323414759082976455e-01 8.159631647431481172e-02 -7.074653259897986657e-02 -4.093757484438906302e-02 -6.191021647156725455e-03 -4.094191249031601393e-02 6.152551848372887072e-02 -1.040860171650809241e-01 -2.375515243458196368e-01
-5.371620978738439467e-02 -4.037583799944105545e-02 2.945749008327695762e-02 2.776311925406400871e-02 -4.652638353328744647e-02 1.203527756599296616e-01 -1.578197594423603745e-01 -8.800114140211323654e-02 7.312201594667937232e-02 1.385521384993399774e-01 8.364633999158621949e-03 -9.169051732271554789e-02
-1.855158292874582449e-01 1.228893346106947199e-01 6.824076512358108471e-02 -2.742921644551465366e-01 1.839656698043813307e-02 -5.118346806402036819e-02 4.966172881577862741e-02 1.030067260548869074e-01 1.999883166690560321e-01 -6.516789016396969114e-02 -2.775236760141385275e-02 1.752409415499418810e-01
-7.565217771810299648e-03 4.131717390536250589e-02 2.100722478202333640e-02 2.370197785267441973e-02 2.164375231457282001e-01 -8.692065895148619326e-02 -1.587903534395281036e-01 -1.442865276763945770e-01 1.179507595115761864e-01 -8.223085154415921139e-02 3.147467502090305069e-02 -2.601465167776858059e-02
1.864078176443847643e-02 -2.387188330359212296e-01 -7.271020936765566767e-02 3.846075162115201312e-02 -1.127153159633890039e-01 -1.557921373658882960e-02 -1.009605734093677737e-01 -1.182283747198479840e-01 -5.110093504881251664e-02 -2.527578202913054531e-02 -9.372463792983856679e-02 4.564851792535778996e-02
2.740633575408012168e-02 -5.865696885182319215e-02 -1.066432335834922862e-01 -9.139038135444577104e-02 -6.496467035251100863e-02 9.716710513299080254e-02 3.811127744641928938e-02 -5.066595975937727980e-02 -8.108310853629781961e-03 -1.885446493141282667e-02 1.411331896238683789e-03 9.745151761510739696e-02
9.891643996525834037e-02 -1.724963515527718483e-01 -2.317625752242640294e-02 3.767619273537720082e-02 6.216235685686821028e-02 -1.469368286328379680e-01 -1.452671782820571245e-01 -7.993387608757394902e-02 -1.186665975878447021e-01 1.439031596496574694e-01 -4.293666441909745057e-02 1.188007203510018650e-01
-1.703345036952467195e-01 7.532807686416426174e-02 1.620134057036840339e-02 -1.095461070596165376e-01 -1.007604013312638977e-02 -7.314255721532128551e-02 -1.613244586011192416e-01 -1.134349623412238411e-01 -1.316750966651155375e-01 -1.491990599147708096e-01 -1.510213936577012861e-01 3.756800822208224838e-02
-8.278674870059024582e-02 5.176507665954543924e-02 -8.320060838929937974e-02 -6.725951001395721884e-02 2.171442671372678448e-02 -6.087264702486887974e-02 -1.138644619593269375e-01 -1.711616459570708959e-01 1.449534251806439134e-02 -4.404511828074803015e-02 5.348961396989472539e-02 5.761676140211166586e-02
-3.036324577442325867e-02 -7.120334653145866943e-02 1.483865263344591283e-02 -6.881823137648661326e-02 -1.446060681206579879e-01 7.309243257502066882e-02 -1.149074669939514383e-02 9.411928232617665369e-02 3.582734976885030426e-02 2.606981662784035314e-01 1.065421368722354878e-01 5.269053472702353580e-02
-1.289482348885413222e-02 2.568431065971475691e-02 7.239498569007637996e-02 -4.837875569244139834e-03 2.356148231702098195e-01 1.275038638984100081e-01 7.233820259025372512e-02 6.865968734599779688e-02 4.883983296980845545e-02 -5.790223978911018116e-02 1.705202730383426069e-01 -4.658957331345673497e-02
5.408950502060735910e-02 -6.480214954794592808e-02 -1.268565816528481605e-01 -7.330476327939799280e-03 1.980946195092898598e-01 -2.201266972952257983e-01 2.675566144214227074e-02 -6.565200018414348027e-02 -5.397130416710841511e-02 -6.215790879042751294e-02 -3.268797069550436613e-02 -1.227436722603334959e-02
2.823711886821572356e-02 5.393350177654209626e-02 1.886385196367192374e-01 8.261299921119395762e-02 -9.855061548518641301e-02 5.728629751903584894e-02 -1.110430284527082478e-01 8.178762511505266106e-03 -3.728633027605841865e-02 -6.440627495292569962e-03 2.005902139450949778e-02 2.263600949554067654e-02
3.698947473758924104e-02 -1.044795115877913266e-01 -3.698945313181701416e-02 -4.958509801177854448e-02 2.883147811134183572e-02 9.273150425272286279e-02 -1.292241430341738717e-01 8.900016913911858174e-02 -1.191116035170246001e-01 -4.735852034403121766e-04 1.219123815529813276e-01 6.137029705780810279e-02
5.705224073728594469e-02 -3.869214923785939397e-02 1.463719169370014950e-01 -1.013215608988762562e-01 8.626641985797414702e-02 5.979402033129541799e-02 5.542070919167955793e-03 9.040377029323698466e-03 1.920132865102356923e-01 3.269021741846413892e-02 1.906961039214915762e-02 -3.314719967705408860e-02
-2.873533552073038316e-02 5.512590866281879415e-02 -1.505958031596900393e-01 1.293992064013828880e-01 1.424261618549760040e-03 -3.173861957633681424e-02 3.961998494077440675e-02 -1.021270924007505188e-01 -2.134467244781067599e-02 2.341441639570031319e-02 3.838983337105939648e-04 -5.895165054143611250e-02
1.032913316467903020e-01 1.746160814946850492e-01 -1.459024464510330112e-02 3.148510681138445844e-02 -1.194287341815855087e-02 1.459195699926413570e-01 4.187938283915546012e-02 -9.789180204845804312e-02 -5.155458127007999519e-02 -1.220844602353110368e-02 -1.384762308829311506e-01 -5.751822738573833527e-02
-8.268019967032996798e-02 -6.718734810858566220e-02 4.192786927345059506e-02 1.114662945090634343e-02 -6.457423898806913254e-02 -9.111577718352083244e-02 2.216889406701718357e-01 -4.640576285052495920e-02 -9.897214543572219192e-02 -3.315230250508370731e-03 -5.037943310808282865e-02 -6.943367261980401550e-02
2.201654749197606842e-02 -1.692789435360987360e-01 -7.123129654732612837e-02 5.907091024517863165e-02 -1.458591391088378403e-02 -1.187041838963617535e-01 -5.616028966402136086e-02 1.353706842071292493e-01 -1.103955272586721742e-01 1.209496724749643815e-01 1.812258518330835955e-01 5.440246546305878284e-02
-1.753429365327624778e-01 -2.446289471941509239e-02 1.241159753810033434e-01 -6.461164280208527011e-02 3.440691142940286839e-03 5.908383080874029386e-03 -1.440583577727581714e-02 -1.352230778360923036e-01 1.424540662309007992e-02 9.165198690084934777e-03 6.983163076166432059e-02 -5.495858875059597692e-02
-4.699122490723183637e-02 8.622810677142647359e-03 4.192055805468519747e-02 1.211769608029548834e-01 -1.259435435875739528e-01 4.255026878980514016e-02 -6.502965218891480770e-02 8.815526295373458943e-03 -8.378155460246609898e-02 -8.489433179795535800e-02 -1.523520728120967005e-01 1.731417047190240421e-01
2.015537085634631076e-01 7.147647546046478895e-02 -3.540205861813300880e-01 -1.543586167040884582e-01 -1.260380136009078555e-01 4.651507139958742376e-02 1.513752153200107475e-01 -5.973151871027346238e-02 2.216415268987566578e-01 -9.353840813099474627e-02 -2.290467377156390344e-02 6.086909127619494209e-02
-1.309146432430254026e-01 -1.194314962578737066e-01 -4.845702779432408541e-02 1.819187032782703869e-02 2.292529826305002294e-02 -8.594744647681802630e-02 -1.214545623439275551e-01 -1.718923634974166281e-02 -1.864132822916496623e-01 -6.679293094980248702e-02 7.709789413219916843e-02 1.453583567453007042e-01
-1.000690915799807013e-01 8.020348947862915301e-02 8.044060834577121399e-02 -6.911996600910480515e-02 -1.203983038014141693e-01 8.502606579487377580e-02 -5.697524834169746116e-02 -4.096522059998278925e-02 -1.532506501794395903e-01 5.495356565885572281e-02 -1.467324578334995022e-01 -4.398875012768296150e-02
2.880093290459105615e-02 1.224700006230603107e-02 1.183427550395117767e-01 -4.090379386390180505e-02 -1.056467785293611211e-02 -2.077709010686982008e-02 -7.156300291689036974e-02 -1.281118195689819050e-01 -5.276414300706324528e-03 5.946425824638687518e-02 -2.168878627991451327e-02 9.233995563263436290e-02
6.982011413467519544e-03 7.812113572383302951e-02 3.307580505265243082e-02 4.238646529671936947e-03 2.213091018598339899e-02 4.432387441217539720e-02 -1.580501806088375760e-01 -6.578670083912933897e-03 1.859951596408224161e-01 -1.753648525312614948e-01 -3.592736612509428440e-02 1.391920968973809070e-01
-3.211946604783181419e-02 -1.601377080642694961e-01 -1.638376224089168817e-02 -1.229583667842975292e-01 1.492174443005848117e-01 -7.706516749486881646e-02 -2.393379649804198636e-02 4.644015573309230593e-02 1.584025826827470396e-02 -8.099450850283465564e-02 -9.012078015035578094e-02 -2.088178136497271797e-01
