-3.882098656617997356e+00
-3.664516529646998144e+00
-4.418240068944810695e+00
-4.420309578354242319e+00
-3.608358716152315182e+00
-4.046866911299899172e+00
-3.581434498506387953e+00
-3.578722411784635238e+00
-3.917074063945717999e+00
-3.845437987845861105e+00
-3.776551805718177057e+00
-4.041683074258921593e+00
-4.410168202573087726e+00
-4.525141311607650429e+00
-4.016106805839873672e+00
-3.520766035254791593e+00
-3.566330796431832706e+00
-3.670650495283056536e+00
-2.686105276610717407e+00
-3.979255785209060647e+00
-4.205097270168051793e+00
-3.628733896286443272e+00
-3.563020060174492798e+00
-4.057669258081087804e+00
-3.692861198528404998e+00
-4.638046569726710366e+00
-4.137685907220268078e+00
-4.017952902314879893e+00
-4.097764032920844457e+00
-3.899991900403722678e+00
-3.549363216783012476e+00
-3.829927211249821717e+00
-3.803410605050603355e+00
-3.870706280706011526e+00
-3.907817974065987077e+00
-3.864388159725737903e+00
-3.322500366272455263e+00
-4.313698862088038766e+00
-3.408849963933423766e+00
-4.099886439413075401e+00
-4.033999815893860585e+00
-4.168035448568144119e+00
-3.546494276432535120e+00
-3.883572807736940469e+00
-4.095768995586611005e+00
-4.063167795178962649e+00
-3.421148497337078709e+00
-4.377862175279018331e+00
-4.272783731684485886e+00
-3.571456359461595564e+00
-4.343001439074440029e+00
-3.960122593704782812e+00
-4.508266032819885361e+00
-4.142184835718155433e+00
-4.223915451388942088e+00
-4.056962667635092501e+00
-3.578171181081021501e+00
-3.842039350416238452e+00
-3.818518123599976555e+00
-3.822266999874676330e+00
-3.953106285358572336e+00
-3.951953021644591502e+00
-4.503762060478506690e+00
-4.481197237858059346e+00
-3.662417952306698865e+00
-3.863855913845235968e+00
-3.746826762784070564e+00
-3.793559076493804305e+00
-4.109150530461548101e+00
-4.092473485078303774e+00
-3.867061394096095839e+00
-3.804719330822708745e+00
-4.159135147155144985e+00
-4.034647315472924767e+00
-3.794996304893057726e+00
-4.152894563188900712e+00
-3.392315341061983069e+00
-3.759820460033149292e+00
-3.892629736076469893e+00
-4.262000638299258348e+00
-3.808449529000311529e+00
-4.296668882672715739e+00
-3.104282798757536987e+00
-4.289592567175252391e+00
-3.439171201461643790e+00
-3.876472748640177990e+00
-3.934974224605141568e+00
-3.485970012151594410e+00
-4.490082922069475124e+00
-3.678372821427849715e+00
-3.339687084010776630e+00
-4.594921003753322353e+00
-4.327822001351667502e+00
-3.642583165992557603e+00
-3.966438864568546663e+00
-3.563634234535023815e+00
-4.029855944365731801e+00
-3.864014017479920238e+00
-4.305622746962561642e+00
-4.024581621436372103e+00
