3.911028093465526712e-02 3.557074648229490571e-02 3.658942444695137408e-02 3.803361105340088283e-02 3.673115649268407501e-02 3.637504304907950708e-02 3.686510078933580292e-02 3.778980713574607575e-02 3.664028384928521426e-02 3.656936778931953180e-02 3.754003569281180036e-02 3.577543948902414672e-02
3.586345357174754861e-02 3.737014949281250442e-02 3.681232231708773950e-02 3.657572258706482532e-02 3.657651198955781668e-02 3.812471266179463802e-02 3.665910692368790080e-02 3.729899345911142500e-02 3.582013100654285465e-02 3.770975189949607453e-02 3.686416227715682420e-02 3.782323377320485902e-02
3.698384569887139955e-02 3.794195574509658803e-02 3.633672540089016162e-02 3.603055892321763154e-02 3.834535806736927288e-02 3.773867923919075468e-02 3.769030755838442132e-02 3.441688886466127972e-02 3.688570813128171783e-02 3.788432628609089692e-02 3.812988070254607481e-02 3.557097722348947361e-02
3.784041591232560620e-02 3.714382335609994756e-02 3.565577009385818841e-02 3.793483298995684733e-02 3.773023760014056899e-02 3.723219131956838346e-02 3.572712762713404350e-02 3.781900705391546408e-02 3.681596505192241686e-02 3.653231442033012810e-02 3.691623477485868332e-02 3.623677108778283751e-02
3.876565388143526220e-02 3.725323273622945658e-02 3.666713262420722569e-02 3.626732116176974163e-02 3.730275698083797276e-02 3.631025244355731013e-02 3.789563260264156019e-02 3.679610291375000342e-02 3.698635681787947049e-02 3.618824450423849259e-02 3.827948446065130433e-02 3.491861025562396220e-02
3.580726176181467380e-02 3.931686874123607039e-02 3.621847782501782381e-02 3.661607108989915760e-02 3.648830894798426455e-02 3.749836560126606350e-02 3.803616016326577531e-02 3.588436912346718716e-02 3.748844438996668665e-02 3.609754701127566856e-02 3.741758792854656124e-02 3.678126142379326002e-02
3.595051421319211266e-02 3.824523091068415814e-02 3.646326867613773615e-02 3.704630857995502152e-02 3.706805705848294219e-02 3.688678205754924999e-02 3.724919338907024119e-02 3.703855827727587507e-02 3.532475513099284786e-02 3.811899259336009455e-02 3.689174174201748785e-02 3.724717397151851989e-02
3.754583581865553882e-02 3.631564994005324204e-02 3.845177352272149268e-02 3.596418885062539761e-02 3.768610698218229083e-02 3.631273330227901414e-02 3.691000119076198044e-02 3.681402673094712197e-02 3.812081138616241899e-02 3.723129589865659811e-02 3.576263148459611629e-02 3.647914598132560859e-02
3.395212672093540773e-02 3.876949011417350072e-02 3.694406941499855934e-02 3.756978754200300530e-02 3.589900098285171010e-02 3.610112289147524717e-02 3.804244437883753938e-02 3.714111524296482419e-02 3.700982876117326487e-02 3.619976790452944515e-02 3.701877500016453187e-02 3.925034218955592707e-02
3.660571551888439079e-02 3.639226876659275994e-02 3.691853612441062249e-02 3.643547920163702630e-02 3.770394924502370321e-02 3.624999485339237132e-02 3.778000503034665419e-02 3.693945404997672766e-02 3.673207852411251861e-02 3.623349482574215324e-02 3.681757063002429053e-02 3.873347884235035787e-02
3.824701377064533558e-02 3.506822952273982996e-02 3.897915551675185802e-02 3.545050656945706452e-02 3.708585147439391605e-02 3.800197907579145468e-02 3.628863888901457530e-02 3.743952439303523810e-02 3.605354445697857291e-02 3.865026279548131050e-02 3.538231319872132963e-02 3.711147193273927475e-02
3.657263663236996754e-02 3.705319535770035949e-02 3.662415826781663386e-02 3.672539151094898063e-02 3.776750718960478204e-02 3.781896778670421760e-02 3.591846660825043919e-02 3.701857352071964702e-02 3.706744959098322301e-02 3.663864037914134342e-02 3.751011550170525732e-02 3.674491420327347796e-02
3.741149189723586704e-02 3.623408908810374363e-02 3.614947548575530439e-02 3.988505192161589941e-02 3.517734566647586630e-02 3.598056168243134179e-02 3.840201114500190610e-02 3.813556559342187041e-02 3.585471069278420991e-02 3.625997038611371293e-02 3.774964431130504311e-02 3.665742437311445001e-02
3.708410030228125043e-02 3.663809834817784161e-02 3.653263276602821547e-02 3.795599406760638561e-02 3.660009132069710902e-02 3.599318895901067183e-02 3.749450177199025597e-02 3.773788605451158795e-02 3.572328153232846165e-02 3.746803306571035164e-02 3.737582733467527396e-02 3.688162496616632924e-02
3.643073092779309380e-02 3.716480453457276373e-02 3.628033432814187220e-02 3.780811858547827170e-02 3.629618406995586272e-02 3.664498589827834552e-02 3.709582735743230386e-02 3.807132178875480971e-02 3.645576407509243388e-02 3.583734381888169923e-02 3.723736700735758715e-02 3.822134578250186571e-02
3.537726603373427675e-02 3.807128389474948027e-02 3.568682949196637366e-02 3.856755667181276104e-02 3.543752347120432411e-02 3.825979553268733790e-02 3.608099577124426749e-02 3.715855832050311836e-02 3.655164194521480503e-02 3.985601052022789276e-02 3.365475940794249859e-02 3.943910775905385552e-02
3.831477058273053543e-02 3.577515851291922233e-02 3.900763177308504831e-02 3.560139763640055716e-02 3.707862019584105828e-02 3.617190948324747884e-02 3.800909510485216830e-02 3.616059970909420163e-02 3.779583883325647597e-02 3.679330781163157871e-02 3.702640736072838890e-02 3.590735393752316623e-02
3.647838874597761349e-02 3.788249204203027187e-02 3.642926678244878813e-02 3.724370074162118571e-02 3.802172239200315301e-02 3.487395321521435942e-02 3.772626813440005389e-02 3.608379476239362976e-02 3.862149050663007954e-02 3.697659035031807678e-02 3.516234847287329907e-02 3.827938186708443324e-02
3.678180915962748349e-02 3.631297869732007938e-02 3.645240500808327039e-02 3.798292843452603235e-02 3.716139666259378471e-02 3.616966303031127206e-02 3.611607680956700761e-02 3.828356147991916758e-02 3.728633360161263260e-02 3.678986999506537320e-02 3.623285112129889796e-02 3.799658209073602383e-02
3.798342074847495947e-02 3.790199508871891498e-02 3.554927616611673613e-02 3.780011548775209090e-02 3.664410024908466845e-02 3.668629455120062111e-02 3.676564738426714440e-02 3.770614117061419496e-02 3.747700888044205869e-02 3.661339225118057789e-02 3.584013200188553711e-02 3.663588384106625240e-02
3.770048714369306914e-02 3.696768946521532262e-02 3.680654342031007553e-02 3.654460153414842982e-02 3.909465878644558662e-02 3.442233753124934736e-02 3.773009690528193738e-02 3.797030427839214600e-02 3.728521856246039268e-02 3.496460097783987697e-02 3.797047177252049072e-02 3.638337361177113732e-02
3.923633680702249410e-02 3.637879633703994253e-02 3.681320706436501389e-02 3.668992303888072432e-02 3.664670581666534116e-02 3.748049637932775874e-02 3.712442651778589953e-02 3.682751070929727449e-02 3.696336631569141495e-02 3.561010221610289017e-02 3.864631195439323375e-02 3.524739323993754392e-02
3.705336578527803487e-02 3.836050642986901793e-02 3.607549443572630188e-02 3.678345749978546853e-02 3.691475130868793891e-02 3.712875526708363932e-02 3.683545865833445787e-02 3.598071184624240804e-02 3.865371750720770355e-02 3.741553303661706437e-02 3.587110360932577874e-02 3.653208539933949783e-02
3.559970147116792855e-02 3.895053221516608932e-02 3.557170918938131615e-02 3.792054976917292458e-02 3.610494330838585897e-02 3.702381275021195822e-02 3.689904225875648147e-02 3.762870014304672134e-02 3.691308352063102372e-02 3.644474172837151860e-02 3.732283592725870597e-02 3.718036467592703009e-02
3.563404328053421805e-02 3.853868286219166994e-02 3.626029710376398735e-02 3.711301183451701929e-02 3.661215158000982045e-02 3.685678101638441284e-02 3.714756215000231121e-02 3.738889544653829777e-02 3.593733868517626218e-02 3.802879826525031037e-02 3.631741971988679957e-02 3.767210401368339262e-02
3.749011713082692210e-02 3.525879590207651321e-02 3.859563336031084785e-02 3.566674602509860986e-02 3.757173711788774906e-02 3.735203619358374444e-02 3.622341501805208946e-02 3.686107171301755692e-02 3.740291233800443343e-02 3.785435077256365383e-02 3.560814826085684226e-02 3.773644145644452358e-02
3.538178205099571511e-02 3.666720721564182411e-02 3.734466778365589518e-02 3.659373116415786525e-02 3.734178277346445612e-02 3.751526328052794818e-02 3.625598168723336012e-02 3.670304517194252630e-02 3.738173538377869559e-02 3.649377825955713028e-02 3.686380642046070688e-02 3.903664806028302181e-02
3.886648962034874866e-02 3.592364144813525728e-02 3.813175716094097112e-02 3.558149403289705831e-02 3.831333406867982322e-02 3.539680030818960488e-02 3.878082556210810800e-02 3.618187012042276690e-02 3.675289295220732222e-02 3.748635632404268003e-02 3.664839876895698012e-02 3.566205151277610647e-02
3.699618462728537782e-02 3.701417824593304651e-02 3.644573947500281963e-02 3.695755205513300001e-02 3.781463558923246759e-02 3.629134908407244398e-02 3.687609873998075327e-02 3.776888281907340994e-02 3.614663315746573929e-02 3.741545035169236560e-02 3.608434425991919464e-02 3.762464442736409426e-02
3.634606954851829497e-02 3.918268543275298110e-02 3.596760982053277128e-02 3.599922304370862386e-02 3.738487364160974352e-02 3.763607780452223744e-02 3.736304634881128239e-02 3.610774618651105966e-02 3.655768754726794467e-02 3.759927237081001072e-02 3.726374024027910570e-02 3.622864173938546845e-02
3.634791372741107834e-02 3.633104256258725545e-02 3.660917870038699062e-02 3.758648195896077682e-02 3.802891749880210615e-02 3.608804929052168015e-02 3.660803589803006408e-02 3.774667035347034627e-02 3.561898560102350064e-02 3.855093388165180962e-02 3.562093631330138371e-02 3.851199624196675886e-02
3.685399582697877763e-02 3.693938733595972246e-02 3.668397921444960241e-02 3.632117202263798750e-02 3.886247451249492946e-02 3.643897055588864869e-02 3.678552035305353990e-02 3.728654639967864809e-02 3.499854570425559031e-02 3.896026014817882688e-02 3.649571889494564875e-02 3.704306334041712612e-02
3.899752750732143891e-02 3.658239420197230418e-02 3.723923856556916878e-02 3.585504628169633445e-02 3.748949520566104837e-02 3.782531257147672688e-02 3.603087560273550427e-02 3.700357751064613926e-02 3.797071333004963661e-02 3.537117178677439550e-02 3.713958778849375114e-02 3.619269624940408409e-02
3.532547255414140303e-02 3.805839741815523342e-02 3.715484684425311018e-02 3.806294557789268590e-02 3.488128035135856092e-02 3.907885653877739979e-02 3.509423570651667990e-02 3.787094132931899393e-02 3.722172824678674635e-02 3.671007606256825734e-02 3.753783702025875746e-02 3.679987503153450690e-02
3.852100706492329885e-02 3.597317314567100022e-02 3.663254419337636653e-02 3.827966577553962996e-02 3.575661297406749345e-02 3.712750024853785080e-02 3.587361964410132331e-02 4.092861540005107712e-02 3.463425549326281522e-02 3.718958356395711540e-02 3.720730765628394582e-02 3.592119729307396980e-02
3.695764779529187027e-02 3.682284468280926787e-02 3.762907562768257747e-02 3.666292474999366391e-02 3.676460258227885053e-02 3.746877849653935943e-02 3.680864581105942196e-02 3.650883977273921416e-02 3.659736119730840759e-02 3.615840116669509496e-02 3.911745213430527918e-02 3.605865837439570232e-02
3.573390720707085577e-02 3.735095650240126408e-02 3.754845269900562721e-02 3.647825326793895789e-02 3.767753027717324343e-02 3.619161246200110205e-02 3.628794533356467095e-02 3.836191958959424969e-02 3.667587091184806164e-02 3.590851307803900189e-02 3.732510436912599150e-02 3.802009359867529470e-02
3.759115392317792514e-02 3.608719776211034153e-02 3.880281306991271301e-02 3.455855832316178516e-02 3.790098651861310841e-02 3.662640237599336379e-02 3.833294643225946402e-02 3.467516033655119317e-02 3.984321309870832162e-02 3.541977288855682748e-02 3.819337954495279075e-02 3.599150190607873501e-02
3.671438319249259452e-02 3.676871288962185041e-02 3.748097074150732316e-02 3.703777575911795794e-02 3.635594284222859462e-02 3.727806867934806145e-02 3.733378884116229923e-02 3.528530131992352326e-02 3.881179541956718965e-02 3.661571641851253667e-02 3.651600999365501449e-02 3.731766681373551581e-02
3.547242866899082830e-02 3.797787466405488227e-02 3.737351042076502566e-02 3.640689011036168238e-02 3.581804703859906708e-02 3.866650430772154007e-02 3.714920405618458987e-02 3.719996239947140348e-02 3.566576962600435247e-02 3.765700309912539678e-02 3.608922707016223169e-02 3.820838859041290891e-02
3.792777110384237815e-02 3.833836122881489200e-02 3.533829582465611296e-02 3.761001767769822646e-02 3.567874455224629565e-02 3.907249879750771676e-02 3.561545306064838046e-02 3.798987381742842395e-02 3.577637458417303601e-02 3.728568560610092536e-02 3.785809359621059023e-02 3.530745163281376331e-02
3.554806226453139512e-02 3.848014561151585911e-02 3.675517203206499217e-02 3.625072208037656563e-02 3.779518950643868253e-02 3.710286794530750359e-02 3.674862404324927972e-02 3.628610953288178426e-02 3.765838562358641423e-02 3.655152418001735709e-02 3.710439278084331355e-02 3.722545800904148577e-02
3.569474054508792876e-02 3.909367905975812824e-02 3.555458930263175055e-02 3.770967101767833118e-02 3.749066824362373013e-02 3.623250063277563826e-02 3.766671957944343896e-02 3.554309872347442834e-02 3.771501182098777050e-02 3.788059708886812316e-02 3.653175471942384650e-02 3.657958029634058444e-02
3.725884148311338351e-02 3.684984816724616585e-02 3.657415406627171489e-02 3.871440118711792777e-02 3.614990571864023366e-02 3.646900931802506823e-02 3.506779281140701837e-02 3.969108662560497797e-02 3.715886615002351318e-02 3.679544281531471617e-02 3.588712471468903653e-02 3.725645369528381157e-02
3.681064754702571135e-02 3.864258327888057259e-02 3.531108942752368696e-02 3.849552731470521488e-02 3.713089772760509027e-02 3.593218818653097502e-02 3.687808217160406382e-02 3.729599843085887323e-02 3.799500401216961143e-02 3.494479520494517960e-02 3.926251337682475084e-02 3.516873216070248720e-02
3.775143261632139813e-02 3.683002181845011075e-02 3.532919606388505718e-02 3.878461287186020512e-02 3.741331191195847866e-02 3.532704011121347298e-02 3.705808950697419418e-02 3.797638410209458470e-02 3.654766742898845483e-02 3.654006028248631133e-02 3.717743826321821821e-02 3.691937679376159492e-02
3.687777806939495501e-02 3.679975066769841652e-02 3.782345930808556772e-02 3.722989972928238134e-02 3.564489131826949209e-02 3.837612684128588469e-02 3.547836479984847052e-02 3.737415045499652838e-02 3.862796364994980358e-02 3.516369552691975958e-02 3.939945193946022689e-02 3.508221504299496862e-02
3.591740059638549171e-02 3.583537251253898770e-02 3.783027773219301698e-02 3.646624497475289828e-02 3.801992636906329631e-02 3.648940589670947310e-02 3.755009065631281090e-02 3.656186643199471620e-02 3.656060412397073994e-02 3.722217927114983282e-02 3.633331802965847346e-02 3.881672177927517758e-02
3.728832191292810738e-02 3.679270573944593004e-02 3.681956971794989736e-02 3.701999254703212255e-02 3.719506197922592405e-02 3.603594148887463017e-02 3.763024495256608870e-02 3.665784316481295740e-02 3.696242445865313003e-02 3.757863354602779954e-02 3.648223098988635088e-02 3.692726455701682287e-02
3.736259932643685999e-02 3.668067850027866006e-02 3.636635571977750447e-02 3.677924893627337877e-02 3.769491449173004161e-02 3.715476915406120545e-02 3.700291628545526734e-02 3.552005203339892586e-02 3.747220434753061741e-02 3.779984653287654650e-02 3.574649474788446635e-02 3.798011614923166301e-02
3.539504817246964113e-02 3.845907965466380946e-02 3.733154810979743415e-02 3.561625613660652362e-02 3.789949987953685623e-02 3.785797141503582930e-02 3.605356989244176691e-02 3.685044116415854554e-02 3.636162882736193591e-02 3.747707813415769584e-02 3.734162398041631498e-02 3.698765189421925059e-02
3.608749806693181683e-02 3.721782175409939220e-02 3.610332088170216391e-02 3.668815353623120640e-02 3.756210369348741973e-02 3.695203774599760405e-02 3.649886423883432623e-02 3.739732963358750883e-02 3.657897542762322818e-02 3.680980724268080595e-02 3.671006150628998432e-02 3.895233308684024898e-02
3.759195040017697387e-02 3.449011857721662883e-02 3.932926311763564747e-02 3.670479130254664796e-02 3.673118445912082475e-02 3.671772887943019342e-02 3.646462765418911900e-02 3.783688460608448240e-02 3.631377965447409040e-02 3.816935738051995680e-02 3.663501416673447392e-02 3.675289214070093236e-02
3.710226102923818575e-02 3.845036909369201755e-02 3.559340840345830842e-02 3.741232511557549684e-02 3.689085009178074553e-02 3.632517461407308579e-02 3.795893258015947680e-02 3.625453255535232566e-02 3.749918180847833932e-02 3.606894687095988511e-02 3.805411028452946459e-02 3.593893137768788132e-02
3.835406553570461230e-02 3.604798839045887660e-02 3.685398720216969543e-02 3.819026123075863061e-02 3.565983755556439289e-02 3.784783159167430522e-02 3.651918429754185541e-02 3.668685466477810547e-02 3.651452096897365995e-02 3.845156364129266591e-02 3.602509323683721065e-02 3.643208712140755257e-02
3.662030882348538824e-02 3.789179139043573341e-02 3.649067340626990091e-02 3.678438254627552917e-02 3.625039471288250825e-02 3.758476051232866044e-02 3.807899681256805835e-02 3.511549330065979330e-02 3.796355290443147179e-02 3.626446669726644811e-02 3.725586722600142398e-02 3.726044710299281776e-02
3.770461381196882344e-02 3.652146418940417638e-02 3.632873275876242342e-02 3.828305441899635536e-02 3.596721778447914408e-02 3.796122301294538315e-02 3.636279754778967005e-02 3.737021400971003021e-02 3.552951351540487718e-02 3.847092893369776639e-02 3.809346229171611115e-02 3.511873677156488599e-02
3.576193216588603035e-02 3.900679840325229492e-02 3.610535968475778873e-02 3.719382016334520091e-02 3.548603886902092913e-02 3.897283778483606048e-02 3.587651385183442121e-02 3.628525754480590310e-02 3.856141262683233928e-02 3.597980647180039349e-02 3.722438152671912748e-02 3.729260758500638206e-02
3.719970275101062290e-02 3.649175715575024570e-02 3.743387498961946863e-02 3.706397883213026490e-02 3.722909642361151017e-02 3.742421804128644863e-02 3.581806129548230355e-02 3.757429411997843804e-02 3.625350611884291252e-02 3.715034632295043104e-02 3.814619727257698850e-02 3.572090505897131812e-02
3.728733237526635214e-02 3.585239252460262205e-02 3.826538949529740413e-02 3.669976493117144134e-02 3.619645034919091731e-02 3.770752650689523228e-02 3.661257645636575159e-02 3.773554816290712599e-02 3.634761011511385143e-02 3.640917717238387891e-02 3.732603681090695263e-02 3.704033887778561407e-02
3.727823458819096158e-02 3.680247216655766623e-02 3.696149101684915311e-02 3.605100884954457602e-02 3.700513576780323222e-02 3.726262565477871797e-02 3.793235732974224728e-02 3.620580916322634762e-02 3.742592492470653287e-02 3.607665453372056741e-02 3.758245972950322034e-02 3.688840203825405339e-02
3.561327688315159279e-02 3.774493780254867259e-02 3.782407543047625054e-02 3.755204919118831225e-02 3.428577655848505379e-02 3.998981540207127011e-02 3.553028453075957049e-02 3.699660044347739124e-02 3.831633984283500799e-02 3.451013203682636726e-02 3.960412810069010442e-02 3.623269060429226696e-02
3.788482863452176386e-02 3.628612772555645655e-02 3.709680848666894321e-02 3.666938858180853605e-02 3.767914187889723210e-02 3.690143523294271699e-02 3.643964082643180030e-02 3.816064451747631231e-02 3.545485236671496593e-02 3.688687082780271048e-02 3.796603926911977511e-02 3.610050898713215717e-02
3.797818336147047030e-02 3.509322844687433329e-02 3.816459766800934378e-02 3.768858942835474207e-02 3.685629448277293052e-02 3.584817370636961958e-02 3.835688265132561336e-02 3.619850639955694144e-02 3.629834060106337801e-02 3.676390829097121726e-02 3.821776659396522446e-02 3.622930600483449670e-02
3.592851357527900025e-02 3.775995267295204766e-02 3.689479337487804739e-02 3.725157002796464223e-02 3.604449789064485127e-02 3.797976410372169709e-02 3.632291672251345555e-02 3.594673363206428440e-02 3.821439111861216209e-02 3.812322120328250075e-02 3.590028714064150139e-02 3.725170167305508900e-02
3.735403151326390642e-02 3.698981409871685694e-02 3.668756537106732801e-02 3.725123235903130686e-02 3.676635266490974052e-02 3.749380284131154095e-02 3.607538343498169903e-02 3.758045777063138276e-02 3.716493610363814232e-02 3.631412018573235839e-02 3.771805118061465067e-02 3.601936783306596002e-02
3.851450845887323393e-02 3.526129030253642022e-02 3.865219026972605693e-02 3.551173930905904275e-02 3.798424212888942830e-02 3.651813646816898934e-02 3.725755224169632202e-02 3.639747326745362832e-02 3.585016225695911163e-02 3.858062708413144415e-02 3.669961541418782086e-02 3.648914273569323768e-02
3.502621648135671034e-02 3.770709583503584900e-02 3.773292730802303707e-02 3.649638954255512990e-02 3.630216767214611978e-02 3.733746783238689471e-02 3.709731867226395696e-02 3.733609801469926770e-02 3.716358363521300029e-02 3.569533228729856317e-02 3.700609851463737554e-02 3.872344210467220521e-02
3.809446426547804382e-02 3.624817218254878376e-02 3.734791723014989351e-02 3.614683469754926409e-02 3.909742054622948604e-02 3.468812706414716590e-02 3.738381010737843596e-02 3.864235913412716883e-02 3.583033331254601578e-02 3.719303228546935736e-02 3.702840651500867442e-02 3.604482607164471303e-02
3.969630579769781870e-02 3.540312377817696893e-02 3.666933935481195284e-02 3.639478454710991240e-02 3.869927201569997588e-02 3.648487035755744456e-02 3.726139399537543861e-02 3.637321164571461624e-02 3.728709873477732001e-02 3.698186984535658389e-02 3.651399121083371418e-02 3.597310998851176167e-02
3.875713852980374602e-02 3.460935544908912836e-02 3.748343749546210329e-02 3.863210910426532335e-02 3.492036217103571677e-02 3.780928159730897326e-02 3.773911824287266847e-02 3.575518672233948120e-02 3.711459086972285215e-02 3.751946641838491830e-02 3.691097491099435551e-02 3.656426404146348452e-02
3.634950940361443561e-02 3.762294716490003493e-02 3.696969699069305865e-02 3.693766081186086736e-02 3.633922459973464025e-02 3.799685441573757982e-02 3.582763456718741912e-02 3.841795747236030623e-02 3.561818904116263035e-02 3.816206448995583533e-02 3.519050243784496018e-02 3.819330495262392849e-02
3.510287939354020392e-02 3.801343875412526579e-02 3.770132615615286870e-02 3.595742731088654581e-02 3.694688278451543212e-02 3.703246115208765066e-02 3.808700130116229182e-02 3.543394841868106188e-02 3.835107891972892868e-02 3.563600213252010596e-02 3.732839569109825534e-02 3.809253194081764493e-02
3.689949725345546827e-02 3.681931534284193369e-02 3.774773400369534765e-02 3.636501558614058105e-02 3.663548128372270257e-02 3.799705985742231340e-02 3.607659497802053611e-02 3.776436236424924459e-02 3.550600176242843520e-02 3.769617548856318834e-02 3.729940875322264315e-02 3.668452676292938835e-02
3.833271661851452017e-02 3.607126789923575938e-02 3.691824171600757709e-02 3.754435194538555121e-02 3.790541984308348766e-02 3.576829045116045741e-02 3.749478041629460828e-02 3.661940875943217599e-02 3.701474891489594382e-02 3.682397596967623005e-02 3.721654201094968389e-02 3.581875174183588029e-02
3.721151737324317893e-02 3.641289381077777304e-02 3.551114404323033741e-02 3.783716342608714478e-02 3.964204902403887371e-02 3.487541652879173198e-02 3.632851893945563543e-02 3.862880885000806452e-02 3.693679153455399489e-02 3.561715762124589846e-02 3.810781178525213253e-02 3.687087306838948003e-02
3.914404463773602655e-02 3.589350834850292549e-02 3.631567258894356082e-02 3.739466052767062565e-02 3.696026362145179989e-02 3.823411489298868260e-02 3.549262185277453352e-02 3.742847188897658467e-02 3.614863950556795186e-02 3.859243454561940567e-02 3.590128510582931559e-02 3.621498800415860059e-02
3.691918092629291326e-02 3.608955802195615986e-02 3.687941352623239771e-02 3.607137990827550406e-02 3.843505928484499540e-02 3.558302941661477259e-02 3.857402328094815258e-02 3.585796411531925326e-02 3.772507052429137364e-02 3.544687188941891831e-02 3.773875964052099408e-02 3.845387280122161688e-02
3.868344535211695745e-02 3.593508811483294568e-02 3.704161416339109975e-02 3.703238125129575814e-02 3.820274187401238863e-02 3.525870893731560679e-02 3.864960404788583825e-02 3.433005306265881490e-02 4.021992614278912387e-02 3.672775842222441439e-02 3.611787157562601491e-02 3.586751096816920975e-02
3.800004141949576975e-02 3.604738459606843942e-02 3.627078318027169429e-02 3.789111651020382610e-02 3.717070623506875393e-02 3.545658005642682298e-02 3.789733977682193528e-02 3.865074944575787319e-02 3.560210178061838648e-02 3.654190919831620810e-02 3.747869746236644900e-02 3.668033510360223931e-02
3.602488114439986178e-02 3.723697797305886709e-02 3.636386776804845233e-02 3.803024347918133180e-02 3.704670868972188141e-02 3.653415071733616404e-02 3.663465408796910683e-02 3.661605772664517505e-02 3.757178516355594300e-02 3.741649569873591041e-02 3.666753801681095493e-02 3.732492553696933196e-02
3.798237540650368366e-02 3.517419050229252803e-02 3.693209670374357489e-02 3.741591961569299546e-02 3.738505803992774046e-02 3.769258074096001193e-02 3.668272958794516897e-02 3.532938343239232920e-02 3.832621031351862717e-02 3.784269154588464773e-02 3.536609730129564033e-02 3.764209984697681338e-02
3.735838348357212874e-02 3.873563003191041187e-02 3.496321487649514670e-02 3.750521105490620122e-02 3.727703196440592531e-02 3.751710197610923225e-02 3.626687864229580227e-02 3.611596089031024470e-02 3.736646595893902689e-02 3.820064215963610288e-02 3.620367546381283302e-02 3.618434871767759603e-02
3.683728899052811367e-02 3.732515505233172104e-02 3.641933534470064016e-02 3.875247482570989138e-02 3.464325872807294537e-02 3.900258003572799892e-02 3.505670389718670843e-02 3.818673439265309749e-02 3.769167293391383761e-02 3.527142437292287575e-02 3.823993330391042833e-02 3.641503980806515967e-02
3.693788120261382729e-02 3.642620586207902939e-02 3.888126362256635188e-02 3.627222012593984274e-02 3.579162328855434172e-02 3.853132064603059792e-02 3.535771954163370590e-02 3.736456186392464462e-02 3.773197482269260300e-02 3.716616501193657773e-02 3.624541161475183793e-02 3.695617284228058796e-02
3.755926448416618824e-02 3.700577168064422134e-02 3.662495212248922938e-02 3.799906000727627103e-02 3.565538411866706753e-02 3.667381018684495730e-02 3.957651863017464661e-02 3.497573650469934514e-02 3.740636080288867182e-02 3.752768671477606927e-02 3.654460140285313574e-02 3.616906679010555015e-02
3.627740758953304501e-02 3.610023882864871886e-02 3.629665056734180523e-02 3.736133666007141613e-02 3.742314695027174065e-02 3.725148797722720867e-02 3.591371138839846017e-02 3.795295636702736980e-02 3.786873422412288803e-02 3.551878716456649543e-02 3.669569193484726460e-02 3.908521330628335344e-02
3.735013588589752159e-02 3.627102291526791700e-02 3.755867403053646941e-02 3.562825788554965095e-02 3.839514633919796638e-02 3.754133475198188907e-02 3.628296367118410276e-02 3.662118626404388400e-02 3.724059686537230934e-02 3.574155217533656059e-02 3.833161939179813987e-02 3.663226850918099853e-02
3.694917667696212549e-02 3.560862101290635656e-02 3.829069526319706790e-02 3.602979181449277729e-02 3.741841305000996598e-02 3.581707017179588254e-02 3.916800685029629692e-02 3.687131846935271656e-02 3.644260062421587898e-02 3.675805075365026764e-02 3.615273697289585197e-02 3.820279849031944092e-02
3.763130477373379662e-02 3.504991917610063984e-02 3.844204268271619873e-02 3.681418662646155499e-02 3.746327144998037872e-02 3.517538676786089585e-02 3.774519489700241953e-02 3.701145143103798385e-02 3.766370336186303236e-02 3.718961197239509936e-02 3.597083914988255526e-02 3.752265648917632590e-02
3.711072293313247977e-02 3.753623922911604460e-02 3.770679499665769568e-02 3.584969234157550644e-02 3.667695279167186573e-02 3.670087173348955678e-02 3.813909540408220999e-02 3.605302836387119098e-02 3.750635805694999686e-02 3.679355790337932031e-02 3.716417999365737718e-02 3.626839602515938288e-02
3.813950025051079246e-02 3.684012856757969828e-02 3.615347511389611912e-02 3.787246337585029043e-02 3.593721456164124944e-02 3.847384152964545417e-02 3.636289558109963987e-02 3.596295303758196421e-02 3.697491569282013862e-02 3.846600819398597604e-02 3.661055723731498207e-02 3.584193052123459816e-02
3.724013861920915519e-02 3.606208754135643152e-02 3.773095868484731275e-02 3.698887537304940132e-02 3.692204201979443212e-02 3.684453398021164672e-02 3.624542289710894899e-02 3.772333713327990362e-02 3.657857380866300079e-02 3.647908192008862682e-02 3.741899444124572455e-02 3.719819225939964558e-02
3.821844605539278378e-02 3.669562136864377294e-02 3.627947591662433052e-02 3.786214392084374936e-02 3.624311066749021787e-02 3.736092318460701445e-02 3.489821602087993246e-02 4.031802664801945046e-02 3.536432468054891143e-02 3.765380105160252150e-02 3.738762198252703478e-02 3.559772672457939269e-02
3.611167100646159311e-02 3.849554071755788981e-02 3.647998975468910721e-02 3.693025999470885695e-02 3.709562795303630867e-02 3.719196417399860122e-02 3.657713146167609897e-02 3.632026137042331654e-02 3.725980651656043974e-02 3.711435846127621174e-02 3.802183453670618385e-02 3.592741257339874400e-02
3.712242492530512528e-02 3.796565048694385686e-02 3.607759627260730129e-02 3.630862232134927925e-02 3.946087223611485090e-02 3.452006869178509546e-02 3.814695139437149912e-02 3.732671050701288906e-02 3.596605614309703047e-02 3.824237381373569306e-02 3.510455044941369201e-02 3.762793958137401057e-02
3.867601446282185884e-02 3.617147537463525492e-02 3.635878514495698155e-02 3.829164448793787728e-02 3.530049467249862100e-02 3.979409010145205233e-02 3.596778520529337470e-02 3.528491693388595418e-02 3.892576664111008222e-02 3.521805081877658894e-02 3.882505354239651485e-02 3.526194160932818317e-02
3.548936690957128770e-02 3.909640212351480487e-02 3.640395854251388119e-02 3.680767705751684937e-02 3.609650297806511754e-02 3.847663208756215564e-02 3.638709965431462245e-02 3.744605583183654302e-02 3.626716499216283557e-02 3.648782772634449195e-02 3.720668491919765231e-02 3.747318483123957683e-02
3.868759720419907844e-02 3.406888585732824326e-02 3.940652254174714653e-02 3.565212621482787697e-02 3.756630326569934675e-02 3.714631397810874702e-02 3.725737181275437515e-02 3.537470736276143723e-02 3.860092025745466560e-02 3.608671990968204124e-02 3.719724452834675954e-02 3.684799486738421503e-02
3.631408700583235727e-02 3.720560206989331764e-02 3.688145314092754201e-02 3.761714358415196163e-02 3.648882658640262289e-02 3.631967466922201432e-02 3.736664302679861688e-02 3.689934717658760466e-02 3.846738600183780693e-02 3.544201838110240532e-02 3.692808402016186514e-02 3.759179582957119375e-02
