2.910159372650908405e-02 2.406876849918920119e-02 2.939196230082044559e-02 2.556357450732036143e-02 2.724169192901298997e-02 2.553475853785579230e-02 2.557497819551892218e-02 2.770051869027205863e-02 2.623477963170167682e-02 2.628115010168667609e-02
2.528503654875934037e-02 2.863792919759872158e-02 2.840175859158124150e-02 2.670352887368025382e-02 2.697706879577226741e-02 2.682105895197656187e-02 2.543181635542870328e-02 2.654391861502002764e-02 2.477566048983855657e-02 2.673341730211304529e-02
2.514558202597655390e-02 2.468466654394286391e-02 2.647112228107500326e-02 2.933731940270474514e-02 2.269453687380023482e-02 3.028735845231414828e-02 2.633887151794106485e-02 2.803067611321946248e-02 2.750236258489198102e-02 2.630144673365496927e-02
2.650752142004279832e-02 2.629851823839803385e-02 2.611306427156335694e-02 2.746548790491888659e-02 2.664278244850361646e-02 2.541970355886125077e-02 2.760779198367972753e-02 2.768998650661153374e-02 2.554211951615703580e-02 2.704351626450353721e-02
2.857714669910738081e-02 2.680353463489013044e-02 2.630209445085909467e-02 2.770228994787478360e-02 2.689966994227740646e-02 2.508160540361287910e-02 2.674440731532018098e-02 2.563577244843285446e-02 2.886844383626590779e-02 2.397363509463094206e-02
2.776016614092102069e-02 2.576736310237140448e-02 2.631494821763446720e-02 2.727491185998819762e-02 2.589639887800197771e-02 2.493730396690175058e-02 2.682435740118514073e-02 2.634953521388246067e-02 2.827008030794372212e-02 2.688963184922148891e-02
2.660480626711962671e-02 2.620809487195419063e-02 2.856431888245078432e-02 2.560282720375375506e-02 2.761599165169286579e-02 2.562474476069862700e-02 2.863172103417190376e-02 2.410842251650478774e-02 2.795948444757276677e-02 2.571941858414351217e-02
2.664219685819549030e-02 2.985184865633180515e-02 2.778792281744061829e-02 2.527530929678838481e-02 2.689838079510786795e-02 2.521878850944524880e-02 2.570519222567304793e-02 2.621339511703385181e-02 2.456614947809939581e-02 2.816310265392235265e-02
2.731117870169903414e-02 2.492237491920089656e-02 2.795907723449428742e-02 2.561792680359581409e-02 2.429752498926281493e-02 2.622207763006725173e-02 2.527356149126775905e-02 3.000399219950881241e-02 2.703510572939345560e-02 2.773577064669480521e-02
2.599962800293944068e-02 2.897093693161328920e-02 2.535484304842272607e-02 2.695735906459058306e-02 2.720675577690479657e-02 2.525786957177165309e-02 2.710036158048654414e-02 2.589423734976543934e-02 2.652546584848443356e-02 2.716696195151087345e-02
2.758896628570308915e-02 2.736069128743722628e-02 2.581502672550843938e-02 2.773102777645607836e-02 2.467752041843920136e-02 2.711224397667503366e-02 2.883495363966140021e-02 2.398449052259458980e-02 2.809910750439086405e-02 2.539224037800756617e-02
2.312982845736766616e-02 2.530053477518044019e-02 2.711679070642421946e-02 2.638633764961460099e-02 2.636490920280361999e-02 2.681017421427537434e-02 2.741242458158543380e-02 2.587170462625091802e-02 2.985959535804591156e-02 2.801197275135251796e-02
2.772864547157034842e-02 2.572219598715081573e-02 3.126576617952073200e-02 2.381599622681753597e-02 2.667067950732028223e-02 2.623590425738538123e-02 2.598343044836971122e-02 2.698422507176939655e-02 2.403642052672754978e-02 2.835023337617728276e-02
2.747060198959414695e-02 2.812433050505538240e-02 2.526690600741265252e-02 2.704837165069419111e-02 2.574594327287151735e-02 2.695594214959651930e-02 2.580710378865860161e-02 2.481570937682099978e-02 2.783993252919109151e-02 2.723790827545265539e-02
2.630722321952515957e-02 2.785036264681182983e-02 2.529477547689865102e-02 2.822485387266661372e-02 2.681446731296825356e-02 2.573618439880973399e-02 2.648802908118951319e-02 2.667994707321460351e-02 2.476279767890161854e-02 2.829648606385725546e-02
2.654011665933796518e-02 2.501930409233592972e-02 2.478014654602588018e-02 2.535015108630606084e-02 2.811592119524365663e-02 2.911874216998056389e-02 2.552527006152611327e-02 2.606696736019250421e-02 2.711558973886469409e-02 2.842091981304278522e-02
2.651659015016506749e-02 2.658990348568922649e-02 2.721047162284215282e-02 2.740063565855406155e-02 2.892714335245664958e-02 2.557971216846049306e-02 2.901273423195600137e-02 2.646308173311156739e-02 2.314543209772751409e-02 2.550425813640437925e-02
2.709052609785008239e-02 2.671037941749598854e-02 2.354985112906786415e-02 2.918493306359547582e-02 2.952582709311663348e-02 2.499944778533645315e-02 2.551594904126946312e-02 2.454839771732071282e-02 2.840813070662658035e-02 2.668988169721712642e-02
2.678312918605364398e-02 2.402976972362735192e-02 2.756562303236951422e-02 2.835164154479371049e-02 2.412850314114743655e-02 2.821155170957276304e-02 2.458923060866398044e-02 2.871652832283482296e-02 2.413712877047984734e-02 3.049774269290993212e-02
3.111251769638694389e-02 2.754726797933786109e-02 2.808405633141622393e-02 2.607435865020162405e-02 2.529150239591864552e-02 2.659836320031824797e-02 2.322640880235571359e-02 2.721863576662521961e-02 2.620158422269084492e-02 2.514446198290218315e-02
2.536246804701597010e-02 2.938314655685820079e-02 2.660630073597482909e-02 2.509815871375063040e-02 2.626516743782039004e-02 2.670005991410526539e-02 2.671822006951357631e-02 2.520385785209702800e-02 2.593434070549884007e-02 2.917965072110721356e-02
2.967182728828391541e-02 2.365531584562882012e-02 2.787164075308701250e-02 2.488259523046778762e-02 2.626276021151695284e-02 2.701746768885077143e-02 2.549411078776476353e-02 2.598736302650273347e-02 2.846210405654558268e-02 2.723552949891999697e-02
2.723967400401844721e-02 2.449975675363969332e-02 2.676469257029612941e-02 2.667095209811967682e-02 2.668596490894334372e-02 2.742847158119767273e-02 2.442609859608776968e-02 2.736066093037273564e-02 2.806754777052214433e-02 2.712666821256945471e-02
2.638522869389281142e-02 2.644699013582081648e-02 2.714269768385097967e-02 2.669568976011876815e-02 2.756439659533149386e-02 2.635004976986063396e-02 2.625803309921680151e-02 2.614056303155275207e-02 2.661770473172952664e-02 2.666665022519315933e-02
2.631217878069317187e-02 2.660058046527839781e-02 2.685816105706348433e-02 2.460230993452016193e-02 2.886886093581901222e-02 2.711627921593228602e-02 2.619588677348351144e-02 2.781381917196789830e-02 2.468055505032612854e-02 2.740131740040731637e-02
2.481783052464199210e-02 2.704242863899277913e-02 2.778620798880121479e-02 2.809366283323883398e-02 2.604997905828147428e-02 2.684504250407852843e-02 2.432490245575841259e-02 2.921917689387439759e-02 2.625069953398081676e-02 2.586787861729563862e-02
2.523700282362911773e-02 2.616270317009280338e-02 2.769555337158919467e-02 2.572498360531740372e-02 2.822537152569917079e-02 2.573917731099661585e-02 2.887531266271277375e-02 2.662076840762210572e-02 2.524881876728163332e-02 2.690788398620087146e-02
2.673834596606204303e-02 2.544169126226017430e-02 2.622380306962011562e-02 2.620551831449268593e-02 2.599405558772851024e-02 2.847780723991010648e-02 2.665207513200353040e-02 2.712693948899155133e-02 2.529233715533545784e-02 2.817948614546211469e-02
2.392311450711355481e-02 2.885204228851152158e-02 2.600882103544479781e-02 2.603118482528801736e-02 2.625221277018856617e-02 2.642982232209291696e-02 2.658787989387772707e-02 2.802870842874686033e-02 2.860643560912470504e-02 2.560134277911053913e-02
2.566043252272086003e-02 2.540234080139924452e-02 2.838400384229455148e-02 2.779167803762019190e-02 2.751777752438787361e-02 2.651030602257110902e-02 2.451001623411953184e-02 2.740396418931819594e-02 2.754121094186837149e-02 2.543661683623653705e-02
2.625663123174256514e-02 2.677311718216883116e-02 2.843085025198642535e-02 2.557694577923230739e-02 2.740237851845502351e-02 2.552063453283702141e-02 2.557930194731732748e-02 2.782954844297159600e-02 2.577558861382781355e-02 2.724152226783578892e-02
2.922532540337154094e-02 2.672969528627946664e-02 2.858346079292728437e-02 2.573056400640601898e-02 2.515335838293308521e-02 2.795948217094169214e-02 2.531092834297063443e-02 2.788967981483178940e-02 2.762599979109866058e-02 2.240460686249103744e-02
2.439586192259662542e-02 2.579932827271246704e-02 2.834014734899225479e-02 2.729567451336933903e-02 2.966460590241975712e-02 2.381844130515759633e-02 2.646863285316333053e-02 2.592713585287455269e-02 2.796405666872574594e-02 2.656775394846939281e-02
2.552169443690048903e-02 2.642013525091366222e-02 2.668407094108590435e-02 2.644337059262186901e-02 2.688622709130212424e-02 2.521893947258953619e-02 2.702195719821485348e-02 2.817727742079377887e-02 2.640641075007781752e-02 2.751396871218129633e-02
2.683602174015354072e-02 2.669955736905493121e-02 2.607268009100063844e-02 2.726430730935081037e-02 2.693301449520924679e-02 2.651478456672866010e-02 2.623607886923463167e-02 2.770183600916716407e-02 2.603732895908206571e-02 2.600543349882612765e-02
2.733794407236043306e-02 2.530533660008285612e-02 2.654241169514442306e-02 2.904696552633630885e-02 2.520135571339976455e-02 2.636167269679336872e-02 2.750143008158944385e-02 2.489157579693535016e-02 2.825224552206236084e-02 2.605385709074001244e-02
2.617468099779791252e-02 2.705700864226218832e-02 2.723763752274985586e-02 2.778845230332643162e-02 2.670924599181016129e-02 2.891489138499486744e-02 2.758847825442149390e-02 2.663135078725299698e-02 2.217630996546401251e-02 2.590649479434693411e-02
2.384068997138527254e-02 2.730897677375016680e-02 2.880248208699858967e-02 2.694539765668667319e-02 2.447717302704003825e-02 2.728735455789472672e-02 2.687505621844529791e-02 2.892535541727909651e-02 2.666311344362641902e-02 2.485387754220637693e-02
2.947181504875861016e-02 2.565430289129898289e-02 2.631135670079957217e-02 2.544799154197572438e-02 2.852364371820749478e-02 2.390140383973976546e-02 2.598758961627106387e-02 2.623603650774447918e-02 2.782548588713637874e-02 2.706745218077738144e-02
2.721630707256426571e-02 2.702768005568583626e-02 2.587067585128040303e-02 2.530103512865791021e-02 2.811543406629435013e-02 2.456050618347579290e-02 2.860705315811148258e-02 2.555927167595859612e-02 2.766766843516163879e-02 2.660331361885636195e-02
2.651739023620202848e-02 2.638669210511388266e-02 2.441718589098115094e-02 2.809611469819865703e-02 2.764886645110471025e-02 2.644629059892930970e-02 2.494152541348765295e-02 2.801141167546510047e-02 2.700054808866645881e-02 2.683543461263093385e-02
2.612949010568506661e-02 2.711261497587663660e-02 2.511685964678186250e-02 2.768776547095695012e-02 2.690595079132875392e-02 2.606766620051218994e-02 2.698539480725657344e-02 2.754903004415192036e-02 2.656790157886672332e-02 2.620768407020354629e-02
2.885761927844346375e-02 2.556601647461214516e-02 2.881657968679229159e-02 2.584183495824758647e-02 2.657201739520801895e-02 2.747593020829701763e-02 2.537746016635761964e-02 2.476130921839549831e-02 2.632345849365660614e-02 2.679462278717132870e-02
2.655363495042543931e-02 2.564673152002206608e-02 2.750350004882571101e-02 2.656769171335032417e-02 2.648275566280066176e-02 2.842778569668880789e-02 2.637885582719258146e-02 2.742305397232711398e-02 2.580305977757619759e-02 2.553745011889670471e-02
2.794915749412672443e-02 2.657794757194622409e-02 2.816763033576911990e-02 2.611673262380598964e-02 2.569703451475760861e-02 2.721038395404369939e-02 2.464123358985925369e-02 2.704188050660987983e-02 2.614378651015759544e-02 2.682224962554366487e-02
2.672355169750413248e-02 2.652484911753937719e-02 2.495653715631972885e-02 2.640693487174770870e-02 2.905856603005085859e-02 2.716177381577549246e-02 2.376120134646240306e-02 2.927335323681145088e-02 2.444119439020314352e-02 2.829369823797517336e-02
2.290607052644253253e-02 2.649319797418422245e-02 2.840810894066294126e-02 2.768954352280687467e-02 2.839020939656721268e-02 2.582428772701344383e-02 2.738342486906401516e-02 2.550125864406237175e-02 2.661595696493722005e-02 2.706247368963191416e-02
2.625612781471002230e-02 2.548359561744693164e-02 2.526324215216185776e-02 2.592634680574359279e-02 2.552119466540366324e-02 2.687579252934546581e-02 2.918107132956665115e-02 2.697464059940640757e-02 2.729741764807726984e-02 2.747123712634881587e-02
2.574469213760001776e-02 2.538195000909069382e-02 2.613021940499398593e-02 2.728700585787178362e-02 2.676612978255268199e-02 2.967723204612828652e-02 2.790489422808206318e-02 2.363190988530369449e-02 2.460986525853152765e-02 2.906366196397025536e-02
2.436870342104767787e-02 2.935918357574288790e-02 2.783628251665012238e-02 2.724492883476907837e-02 2.804870502174249686e-02 2.766938648872776726e-02 2.369849956079792680e-02 2.835658058272368456e-02 2.372709517480954197e-02 2.632335607739673747e-02
2.522680316174261486e-02 2.469129110137201211e-02 2.749873139592072177e-02 2.742680253074246399e-02 2.675448720833104033e-02 2.883978011280411216e-02 2.600614282153806966e-02 2.783609989763213832e-02 2.733443887538232128e-02 2.467913107339788845e-02
2.681437848160797555e-02 2.526411259755294986e-02 2.691821498144223584e-02 2.610444186574035000e-02 2.597590204520347154e-02 2.702316706496844800e-02 2.576676893240135297e-02 2.686988926865910982e-02 2.697098423387177951e-02 2.857286411029079376e-02
2.604374111870314673e-02 2.687164745256407500e-02 2.660157076613225979e-02 2.673211281678630757e-02 2.578906435359913304e-02 2.579022752885967371e-02 2.698657000912413687e-02 2.704125006797725855e-02 2.722150745451695081e-02 2.717659903816414813e-02
2.689347585093451731e-02 2.462326700351977204e-02 2.986501479841148499e-02 2.435268181093407439e-02 2.673787730752510625e-02 2.462210950313192120e-02 2.686119132226508915e-02 2.933882813040407725e-02 2.446669194936601163e-02 2.910651865127353993e-02
2.572386771659002785e-02 2.742210493976980287e-02 2.534656337000686793e-02 2.833877719144950111e-02 2.736642194002270045e-02 2.612186316195821978e-02 2.691295694568273181e-02 2.721908711962209987e-02 2.580751361152407164e-02 2.609474647740900669e-02
2.689598524589373665e-02 2.875589892033284661e-02 2.743180354538719487e-02 2.754036481484244472e-02 2.687326758789211276e-02 2.583761890401830782e-02 2.741706336964870247e-02 2.645608122378214841e-02 2.587694487369698523e-02 2.306599325374904599e-02
2.825910503696619364e-02 2.422850150281135456e-02 2.757376505578615009e-02 2.495699002806004221e-02 2.787799108210681914e-02 2.804769492123638727e-02 2.660773499242638160e-02 2.826673135221940622e-02 2.500973791686852618e-02 2.568602466472534943e-02
2.652349998489404032e-02 2.873868521241214335e-02 2.787440648910920540e-02 2.613644649889748303e-02 2.471563178028386015e-02 2.391231249372028494e-02 2.817502633317881325e-02 2.687395613546809947e-02 2.523354324665049234e-02 2.803511692659885896e-02
2.580879072660534693e-02 2.751889200587347151e-02 2.505580469576421457e-02 2.617509044376166091e-02 2.623641436247731509e-02 2.624784184633725814e-02 2.847970514811171833e-02 2.861700892956218351e-02 2.605697989576771095e-02 2.604471664013686960e-02
2.675098268456262834e-02 2.914345534463732429e-02 2.675464731472352795e-02 2.859385685414867276e-02 2.677734102928215967e-02 2.437040851980307871e-02 2.456132903532739012e-02 2.658053622709692990e-02 2.498613276090023982e-02 2.780206332901209026e-02
2.563972392472050471e-02 2.886053372666560340e-02 2.561997272104481888e-02 3.046231479890313537e-02 2.597405304986868599e-02 2.639729994753645115e-02 2.484728525053903764e-02 2.544347784702727031e-02 2.404245028980547816e-02 2.942744064901645085e-02
2.518672359575144584e-02 2.774999713102803758e-02 2.543041868212568904e-02 2.586863502900479256e-02 2.744989107191001670e-02 2.834953532732630357e-02 2.539227547534620225e-02 2.750231584591958725e-02 2.833616121909583035e-02 2.515553396716166748e-02
2.681694424276152150e-02 2.796551039228657026e-02 2.535437451744456880e-02 2.858621781376525020e-02 2.900800059758610466e-02 2.560607750007993025e-02 2.823907173307016807e-02 2.562764436757042699e-02 2.663471468259893601e-02 2.269482269085168827e-02
2.671957794330658345e-02 2.576380802303775142e-02 2.558486789568422543e-02 2.581899859862099578e-02 2.632576650707890015e-02 2.673491212280593166e-02 2.811474073699350359e-02 2.807170530884672138e-02 2.670949326605074822e-02 2.638250331017146302e-02
2.614643184428940698e-02 2.405903162565384973e-02 2.917547418140437054e-02 2.667542381777299881e-02 2.577774698272753198e-02 2.818347208939950277e-02 2.843009006768927940e-02 2.443092902348191833e-02 2.741582279660974980e-02 2.627813907048909964e-02
2.503836723169471090e-02 2.847370024804904073e-02 2.712286165465729176e-02 2.648968496712233306e-02 2.541015730083195923e-02 2.870258968205800093e-02 2.473741702486248473e-02 2.806928335972893804e-02 2.528322419043772806e-02 2.727062359156851717e-02
2.684307834393470996e-02 2.739821332337725318e-02 2.399991995721173499e-02 2.726669904169197120e-02 2.844629921430995301e-02 2.629394940636338093e-02 2.757681334389848818e-02 2.481512266152104129e-02 2.729736200022180384e-02 2.642603775196591606e-02
2.426554583482708194e-02 2.946528222965242097e-02 2.599450396623072257e-02 2.576561103152864157e-02 2.866400194320643455e-02 2.630938455026348224e-02 2.576997333521629727e-02 2.787008651944607868e-02 2.511543914769628558e-02 2.743948649086499006e-02
2.531079617082712674e-02 2.526695800257173705e-02 2.568371424759947202e-02 2.823768960553360227e-02 2.890772874426088962e-02 2.344739535043610310e-02 2.779925900634554192e-02 2.630389303161962192e-02 2.898337674880868339e-02 2.635766548330592887e-02
2.681028255200328114e-02 2.636482303735178390e-02 2.809712783218625692e-02 2.697340865847644084e-02 2.568440568338482485e-02 2.601208018594733384e-02 2.820396631999515930e-02 2.390856692394818794e-02 2.883142043233060531e-02 2.569189076807885594e-02
2.701071630102197529e-02 2.773762364718691115e-02 2.605456547057680150e-02 2.774778147517933946e-02 2.615806930146331172e-02 2.576895558491369351e-02 2.775270280544444440e-02 2.462538698666417655e-02 2.718616587064781598e-02 2.636262130476883792e-02
2.977783206988563608e-02 2.622852100812797863e-02 2.522261102664959814e-02 2.593373885313954297e-02 2.749108922657526530e-02 2.947539708781455464e-02 2.455774695081129957e-02 2.531465323130595649e-02 2.815606978266622235e-02 2.436035484045400226e-02
2.956366111429344773e-02 2.469019230069205428e-02 2.624541625652548893e-02 2.734765990954892215e-02 2.796712159294666850e-02 2.541327111029738003e-02 2.296556812792355587e-02 2.813741712827272021e-02 2.712229473851411263e-02 2.686898850907334588e-02
2.744784915809909964e-02 2.584188292936316633e-02 2.654343255325726861e-02 2.688704990201016762e-02 2.414412463422268423e-02 2.884744480202877659e-02 2.562666420209204488e-02 2.700423103952716633e-02 2.645446593801598079e-02 2.768323491396717032e-02
2.795129049064456681e-02 2.611327149403109074e-02 2.526975384687319554e-02 2.617563509770951327e-02 2.324636887549615463e-02 2.976694620710072445e-02 2.756534525136554795e-02 2.749740431571763913e-02 2.821891237801955887e-02 2.467224531537278234e-02
2.769658839446498613e-02 2.598818819466825608e-02 2.498105728857929683e-02 2.857149751164594909e-02 2.656291494766513731e-02 2.481374828989624248e-02 2.729941406154781647e-02 2.804416346497523582e-02 2.572842002339835107e-02 2.673327369965511346e-02
3.114227318099174399e-02 2.449772962052310099e-02 2.711531945399106927e-02 2.796477176768690648e-02 2.597306649988673222e-02 2.781732522720928302e-02 2.585203590733278420e-02 2.420101436520000898e-02 2.666857588541542839e-02 2.540923193501380337e-02
2.604322890783239766e-02 2.398739630798752895e-02 2.890703873791723028e-02 2.710094298047310141e-02 2.659966681617538867e-02 2.766915728150350431e-02 2.594522417004649362e-02 2.875471146360247462e-02 2.335811985069471269e-02 2.838118333551599426e-02
2.774689318173203037e-02 2.644521757263099127e-02 2.689839596654449230e-02 2.605858604141619156e-02 2.652552383190747570e-02 2.513574901554850236e-02 2.800907654284605017e-02 2.437342937534556567e-02 2.668171948633543331e-02 2.849234522351850457e-02
2.600623217680701413e-02 2.797223050280112783e-02 2.751372107557503027e-02 2.797822972640418016e-02 2.763901715740844575e-02 2.519071088530458469e-02 2.442145314241050275e-02 2.661346470374510720e-02 2.669273759780273550e-02 2.615157493879868497e-02
2.864075231398991936e-02 2.511578394801652556e-02 2.711984339192062207e-02 2.814347336404867186e-02 2.695907600981362756e-02 2.742674881678485235e-02 2.569425256757950499e-02 2.541431181390887625e-02 2.685034846430204430e-02 2.504676278052923519e-02
2.648471214317304340e-02 2.863387158695999968e-02 2.468054448499689899e-02 2.633149624893030630e-02 2.514378197970229545e-02 2.886297714609813159e-02 2.617581136800090774e-02 2.740305292028273956e-02 2.637396283270257782e-02 2.632487293927742236e-02
2.481133460162145143e-02 2.896062000730535019e-02 2.261281058132974878e-02 2.499387432595099809e-02 2.977663651809842396e-02 2.778643678744001019e-02 2.758837873871234497e-02 2.866225289068671106e-02 2.493756895383235708e-02 2.635994596052275429e-02
2.649795646744604327e-02 2.785574159221181414e-02 2.688679706438846378e-02 2.559165148419973237e-02 2.503964192131729119e-02 2.725379475351437375e-02 2.512199241973337577e-02 3.089329447216099950e-02 2.366126244574631721e-02 2.795739324974931897e-02
2.704950469251521383e-02 2.653669925649447883e-02 2.354192707006862867e-02 2.912535821263603081e-02 2.786141008423188153e-02 2.722967807909165358e-02 2.437138254017753164e-02 2.680594787127081602e-02 2.754642297212225865e-02 2.624884572607727104e-02
2.660217745315869922e-02 2.566461376605253669e-02 2.735139709737450728e-02 2.652401623967370198e-02 2.646836850351200546e-02 2.760759164762196030e-02 2.780415227192489444e-02 2.575342020771744997e-02 2.755869669866367264e-02 2.502148060608004251e-02
2.675864960843223408e-02 2.804041931844603042e-02 2.565061456821903646e-02 2.526344086460521540e-02 2.543484083417617975e-02 2.516054873362340641e-02 2.809000480889064025e-02 2.539821249246087403e-02 2.803532895669647029e-02 2.851166258351944122e-02
2.262209966932315214e-02 2.557351120182706911e-02 2.612295770604031869e-02 2.614454704725374320e-02 3.060635696240535109e-02 2.858335263515538252e-02 2.475288313804041226e-02 2.807929328614473460e-02 2.768998839163789791e-02 2.610945081729250036e-02
2.648643219551266581e-02 2.685740351740998136e-02 2.638424484915826221e-02 2.714830240334817693e-02 2.619573283923296719e-02 2.702694594617980131e-02 2.567450278098300231e-02 2.833714643923121446e-02 2.746054681828286048e-02 2.474512855307127446e-02
2.566886280442414597e-02 2.713374014922242602e-02 2.965012789821249578e-02 2.776407052106434972e-02 2.319691634533870700e-02 2.749627624500571021e-02 2.614688907562565112e-02 2.699613734227773731e-02 2.564832512923627406e-02 2.658995163449191790e-02
2.675363462408671816e-02 2.889247170253851638e-02 2.636220246771814671e-02 2.741269072625739101e-02 2.452785322078335564e-02 2.785228437543620442e-02 2.620481185644918734e-02 2.614840797531442843e-02 2.506402436173837261e-02 2.713850159937942000e-02
2.778414644653845120e-02 2.644456926469683153e-02 2.877812407466916883e-02 2.558626127883103715e-02 2.667907722136717702e-02 2.707805216190760714e-02 2.735838582185726869e-02 2.659568973376874243e-02 2.385030657398230780e-02 2.611437264421791193e-02
2.718180707223625744e-02 2.735949973469191734e-02 2.310822496538690943e-02 2.695450732548091560e-02 2.591621746464262827e-02 2.672449409609780821e-02 2.877122262928543533e-02 2.772573135332358218e-02 2.718891121089385063e-02 2.543528318149113066e-02
2.613006767680840781e-02 2.552080898915455587e-02 2.836584375184258641e-02 2.614742896383156698e-02 2.690326380912941989e-02 2.481956658926579018e-02 2.764063341331602155e-02 2.679281201839812596e-02 2.531748945946924595e-02 2.884852591193503429e-02
2.793455599911311149e-02 2.723798328698613658e-02 2.454138732640902959e-02 2.601110314236463467e-02 2.656486520440266841e-02 2.755581330455904657e-02 2.672768126876326131e-02 2.701944048371519164e-02 2.566541343625767385e-02 2.694570136306220429e-02
2.576788903390932195e-02 2.764922985584819526e-02 2.676814575798910911e-02 2.664178225517957813e-02 2.707823898806236210e-02 2.639707331682324826e-02 2.579711063769955792e-02 2.695996313043312262e-02 2.679078853738056307e-02 2.643839479168519357e-02
2.583297641380891824e-02 2.658353430903064030e-02 2.855850249220773587e-02 2.604048009098918967e-02 2.623389088290634455e-02 2.731887555659201147e-02 2.601422515869436167e-02 2.801431993241226132e-02 2.586085969045993568e-02 2.584139277614494121e-02
2.609774582979226126e-02 2.528293781106522031e-02 2.680489243237447680e-02 2.845798161443958280e-02 2.828784097163749775e-02 2.644701530502860040e-02 2.448800482359042574e-02 2.690965778713782022e-02 2.579324290862431909e-02 2.758872153242318201e-02
2.787106919300002747e-02 2.477116811677815278e-02 2.869206119704666505e-02 2.459236875281478954e-02 2.805016189645892846e-02 2.671935635173283696e-02 2.458192947350575433e-02 2.791376598037078119e-02 2.762024526243353484e-02 2.582279573039943099e-02
2.492130531237858951e-02 2.554379838430553135e-02 2.563179370903069521e-02 2.658058976473004487e-02 2.999123584799444353e-02 2.626793376240923669e-02 2.724847981857225071e-02 2.648534558804587977e-02 2.633767398474341076e-02 2.728044434781706079e-02
