4.115560287252431060e-01 3.867083714685068396e-01 4.131795141890851619e-01 3.966024121799418545e-01 4.025883499179592206e-01 3.918242495632304756e-01 3.936862802931138661e-01 4.050883151210715183e-01 3.993186100547090334e-01 3.994478684871369811e-01
3.930116096104481760e-01 4.131942063624017836e-01 4.128210283121448998e-01 4.024814775469212624e-01 4.012001110592706699e-01 4.003954196576076097e-01 3.931036020316606705e-01 3.982764113210415791e-01 3.880758224419093017e-01 3.974403116566068150e-01
3.867298718096836563e-01 3.873355895042153163e-01 4.015520045413743522e-01 4.136821299042570121e-01 3.769350600009494512e-01 4.159036840531173396e-01 4.022715883467565812e-01 4.107523873288875804e-01 4.068708802334659591e-01 3.979668042772869785e-01
3.989979147410445126e-01 3.975757476898968967e-01 3.976749964104408508e-01 4.049907426490427786e-01 3.993973556813197323e-01 3.928507411512292546e-01 4.058923154584230808e-01 4.068780581339448976e-01 3.945233659550676508e-01 4.012187621295943973e-01
4.090394033226804060e-01 4.019935299432773612e-01 4.000536593586317968e-01 4.064784786384691984e-01 4.017635710904212121e-01 3.893580777489629718e-01 3.989753881126444357e-01 3.962861846025477197e-01 4.107407257885800633e-01 3.853109813937885542e-01
4.056804961342169724e-01 3.941223491328167960e-01 3.984079856408590525e-01 4.041046274492862134e-01 3.955791644819525166e-01 3.878283700212409868e-01 3.990843704201607611e-01 4.001495043536094642e-01 4.108056612806464947e-01 4.042374710852085773e-01
3.993746695454021278e-01 3.987069525023677619e-01 4.107950445386383542e-01 3.952854362693719592e-01 4.044656079595323472e-01 3.957381873047464693e-01 4.094749316255896776e-01 3.858420130570950901e-01 4.055807297188989691e-01 3.947364274783559113e-01
4.051962114726553876e-01 4.207353733218670566e-01 4.090947779609196422e-01 3.917979830290926335e-01 3.982673952679886553e-01 3.918121485177290531e-01 3.943571520587553225e-01 3.954447778946480474e-01 3.864242877112104013e-01 4.068698927651313024e-01
4.019452698561438719e-01 3.906459097327227847e-01 4.070457008352990069e-01 3.949204351839998295e-01 3.832341901172937604e-01 3.933374580885357075e-01 3.944955255266674454e-01 4.197678499427450194e-01 4.074731157712210283e-01 4.071345449453639409e-01
3.987373858807692906e-01 4.119815061118137223e-01 3.940282771542270579e-01 4.013607069443339559e-01 4.026306050693229110e-01 3.926246868024818037e-01 4.010939426917514705e-01 3.958696812167021295e-01 3.989675853069194478e-01 4.027056228216863709e-01
4.063815083802171380e-01 4.054120710560227270e-01 3.966575248601146297e-01 4.028297197527564988e-01 3.885716035597499562e-01 4.042420525392990682e-01 4.123423985422761118e-01 3.854836284878158104e-01 4.042760067560225989e-01 3.938034860657150804e-01
3.754035066388406450e-01 3.881861908708529318e-01 4.034625098042631808e-01 4.009977960637249872e-01 3.985527647096182569e-01 3.996271603919571147e-01 4.026173316636193489e-01 3.999298234121543283e-01 4.212411778939181839e-01 4.099817385510540202e-01
4.083581178335492501e-01 4.004462341055277097e-01 4.223511350350395155e-01 3.845240014485083457e-01 3.969945901735303928e-01 3.979002823631166974e-01 3.978430824010696920e-01 3.993276535257395121e-01 3.840201071090175167e-01 4.082347960049018676e-01
4.077622387648089930e-01 4.082744390029300896e-01 3.917892864797226093e-01 4.002563906868800148e-01 3.961538405373375982e-01 4.019478074544501345e-01 3.933868031884517058e-01 3.878496252431907765e-01 4.059827946875251836e-01 4.065967739547032278e-01
4.006084286562729968e-01 4.058177687870567762e-01 3.929903121381933540e-01 4.087461815610192173e-01 4.019734329014157947e-01 3.952765589552200698e-01 3.979596095623776364e-01 3.986990074049713284e-01 3.891185816286938381e-01 4.088101184047823189e-01
4.021329122902029263e-01 3.875067211899786979e-01 3.833803963558063410e-01 3.928102386585465844e-01 4.129586461329554647e-01 4.166932022708605410e-01 3.934556770161524164e-01 3.933565296139200362e-01 4.041195172650126066e-01 4.135861592065648296e-01
3.998882693010414879e-01 4.010897697147611241e-01 4.040895080123910743e-01 4.060259916822163140e-01 4.123710300018591512e-01 3.978323901673901375e-01 4.141213943659025065e-01 3.992730906961567960e-01 3.753038645258054418e-01 3.900046915324713037e-01
4.034740781593106895e-01 3.953858075420247364e-01 3.805640140339389688e-01 4.173316699894682458e-01 4.210632904159408163e-01 3.925357013058175526e-01 3.870388085111625132e-01 3.860428635401270681e-01 4.110863200641527992e-01 4.054774464380517252e-01
4.018986884431435813e-01 3.835903406131340176e-01 4.043841312494195206e-01 4.106282240340858314e-01 3.867343002302657817e-01 4.056540632225694165e-01 3.885388648076206763e-01 4.083833208872944542e-01 3.891300035480115271e-01 4.210580629644593009e-01
4.249034978985223310e-01 4.119306959116105782e-01 4.092837401000753439e-01 3.959550789190008913e-01 3.909472287882840846e-01 3.969620353605318175e-01 3.792735899890529727e-01 4.006926165129643391e-01 3.959074024267800751e-01 3.941441140931754017e-01
3.974548155874791933e-01 4.155366063214022687e-01 4.005803688661763173e-01 3.890463743282779330e-01 3.964379036465575101e-01 4.019712224435256775e-01 4.001346934462904348e-01 3.899783612848979897e-01 3.956858829857783921e-01 4.131737710896206117e-01
4.165388044538787526e-01 3.825233862282854114e-01 4.026123197832941480e-01 3.897948187007075349e-01 3.990003423304733787e-01 4.013308209574165675e-01 3.920461598238653700e-01 3.950724663184398411e-01 4.118563017864323994e-01 4.092245796172114813e-01
4.020441930957624477e-01 3.851566250002543268e-01 3.987552779754601207e-01 4.021964358588803745e-01 4.027643844477178936e-01 4.025085924708730611e-01 3.852037073566029757e-01 4.036169172885054057e-01 4.112366896194151744e-01 4.065171768865316060e-01
3.983040676389383861e-01 3.984985545836255971e-01 4.029183572455167228e-01 4.019966470600575548e-01 4.059234637957052083e-01 3.986166121470703927e-01 3.966464988199026043e-01 3.964810125943256103e-01 4.001954843026979125e-01 4.004193018121533498e-01
3.999434365198463737e-01 4.003630107692138229e-01 3.987235394002916489e-01 3.883244052725869366e-01 4.120801495990865093e-01 4.058003059684733849e-01 3.991995082726074728e-01 4.041835135114226762e-01 3.882646344747141542e-01 4.031174962117521909e-01
3.855391099772262353e-01 4.026354037060286828e-01 4.103237323195619290e-01 4.113383974084402483e-01 3.968679203443602477e-01 3.970446846051236545e-01 3.867824376261563835e-01 4.151078003157449570e-01 4.011208498808026546e-01 3.932396638165476244e-01
3.914830827268966362e-01 3.974379790982205951e-01 4.058068355162571805e-01 3.960890086541938304e-01 4.072513950848126729e-01 3.975101458160062995e-01 4.129695804995270336e-01 4.011998658124500405e-01 3.915609189253079769e-01 3.986911878663252917e-01
4.021029085492539012e-01 3.927806278509791693e-01 3.950062492040306017e-01 3.962418072807573632e-01 3.978358129811184196e-01 4.115479928096023032e-01 4.021697202255916093e-01 4.010153895425760950e-01 3.923188224779612931e-01 4.089806690781289111e-01
3.817275774305050051e-01 4.111440982646853426e-01 3.995688820517634965e-01 3.963334749563771631e-01 3.953789987172888765e-01 3.972478650637191189e-01 4.013208303583245540e-01 4.121250711143414902e-01 4.128643374958809176e-01 3.922888645471188096e-01
3.898694216392636358e-01 3.919756988379196061e-01 4.117943677220869958e-01 4.114998640401051899e-01 4.069716062924003674e-01 3.964195760811664027e-01 3.854145480557563674e-01 4.051239028094320571e-01 4.077955464841522271e-01 3.931354680377211475e-01
3.976633506192830403e-01 4.022271303460024927e-01 4.104603309855245907e-01 3.961041508056585281e-01 4.024357836577794334e-01 3.922175194872634663e-01 3.937825825645899780e-01 4.063039532161576983e-01 3.967513962087414470e-01 4.020538021089976599e-01
4.118355120850809570e-01 4.065932474612068970e-01 4.128815026739932059e-01 3.939470810090428543e-01 3.893967625959897094e-01 4.047391591397721533e-01 3.962527864194104743e-01 4.089901393867724222e-01 4.036779232806495532e-01 3.716858859480888233e-01
3.829819282580175788e-01 3.925828365627089811e-01 4.120045820171052142e-01 4.108854584501190343e-01 4.169928230147176285e-01 3.816746759906801678e-01 3.943718669900242446e-01 3.978950153610220086e-01 4.107755116239759641e-01 3.998353017316348401e-01
3.925589298584922782e-01 3.977133000030736998e-01 4.010007087842519802e-01 4.001840291799635962e-01 3.997771186880181293e-01 3.906246164566652967e-01 4.024751023986137266e-01 4.102837067489581990e-01 4.015497137237534764e-01 4.038327741582140029e-01
4.006329041265659363e-01 4.003357955372138233e-01 3.972014220603566903e-01 4.038197126582071528e-01 4.020981982807230182e-01 3.990954541925062493e-01 3.983416497168273951e-01 4.059160203771204900e-01 3.967687358423330757e-01 3.957901072081425609e-01
4.021830781314161274e-01 3.911026669789864352e-01 4.011286035093955538e-01 4.134437507048726035e-01 3.935430229615347053e-01 3.971120633237729125e-01 4.030013744510403395e-01 3.910261320527814721e-01 4.085974545951743808e-01 3.988618532910144787e-01
3.989969568161881863e-01 4.046526348256623828e-01 4.039255040077550096e-01 4.058546177236719288e-01 4.024476227810940832e-01 4.159090289499490778e-01 4.098211067380812533e-01 3.987080437014819956e-01 3.670927207803401093e-01 3.925917636757759177e-01
3.787583672624208475e-01 4.068496074030988341e-01 4.169330145089918394e-01 4.035009224445599285e-01 3.835961082833527769e-01 4.006060225558559784e-01 4.057277821433797338e-01 4.172777124534506887e-01 4.023290808678759434e-01 3.844213820770099321e-01
4.165802495262036498e-01 3.945669166520126558e-01 3.955548747487371841e-01 3.943834752487405115e-01 4.101085796760990387e-01 3.832201365952281336e-01 3.928335468412197384e-01 3.969957190438317962e-01 4.085240417239343058e-01 4.072324599439964832e-01
4.047779681602950985e-01 4.020568270836986091e-01 3.947287793043527948e-01 3.916582663687346866e-01 4.065894074601529296e-01 3.896099072951063613e-01 4.092275838648283259e-01 3.950887845423655120e-01 4.053118062678217615e-01 4.009506696526385916e-01
3.989140392948383740e-01 3.954065830273658100e-01 3.859601747445576825e-01 4.095797500210295317e-01 4.086344391383244790e-01 3.984394632946148262e-01 3.882410470858457252e-01 4.069279796959441309e-01 4.046530283164113673e-01 4.032434953810761225e-01
3.966278320853710015e-01 4.013240210493893567e-01 3.918544901469370734e-01 4.057718261003333549e-01 4.019512227151621486e-01 3.967866566379925075e-01 4.021987379819265129e-01 4.062483599007003510e-01 4.002452321678582892e-01 3.969916212143318468e-01
4.133528923048607195e-01 3.966457650840086169e-01 4.100883465047584497e-01 3.959961072073358013e-01 4.008329498432924298e-01 4.050885468757320362e-01 3.920433802779929033e-01 3.853915494993030988e-01 3.969539626936468557e-01 4.036064997090658135e-01
3.980493026169040216e-01 3.952317582614271463e-01 4.044719205186653177e-01 3.998832088998433010e-01 4.001664036958297865e-01 4.102620778575262195e-01 4.011782239581234144e-01 4.041311632630733008e-01 3.943931120640166155e-01 3.922328288645929861e-01
4.079202332221725236e-01 4.024175396962302864e-01 4.084766339048582218e-01 3.973491080605142667e-01 3.941876979245361179e-01 4.014283321163107932e-01 3.883849900986158787e-01 4.005651225286625539e-01 3.973555798382900628e-01 4.019147626098189541e-01
4.026787796991979085e-01 3.975665367590384136e-01 3.867440173922898072e-01 4.008054226201553383e-01 4.159882053857995587e-01 4.048863081642112283e-01 3.819827935243991779e-01 4.096016242221312553e-01 3.893853319345546571e-01 4.103609802982132737e-01
3.736896630788049678e-01 3.973803965866115062e-01 4.129058148660775807e-01 4.113685349643408373e-01 4.108865468402710386e-01 3.955131835271644691e-01 4.013985163320789029e-01 3.945056377575070217e-01 4.018289302665583040e-01 4.005227757805893685e-01
3.978660546155326494e-01 3.920299777616688686e-01 3.904435386997779922e-01 3.935109702962122924e-01 3.925944020050493588e-01 4.032929145773703206e-01 4.156268999383644358e-01 4.049863895684512327e-01 4.046455665081077901e-01 4.050032860294750514e-01
3.982875300750055581e-01 3.904920194023264735e-01 3.937912220748227554e-01 4.030901539251240950e-01 4.063328759015507052e-01 4.212642088603347768e-01 4.085949294750536587e-01 3.775062557126726004e-01 3.862478543721624691e-01 4.143929502009393584e-01
3.865524984031951661e-01 4.158785472227071178e-01 4.105358981361298953e-01 4.070304785075716802e-01 4.088133491458921243e-01 4.050266731109480323e-01 3.824881598483643730e-01 4.070951434308310857e-01 3.825499827338390002e-01 3.940292694605315726e-01
3.871276826522834225e-01 3.874528179187621824e-01 4.054951478223008388e-01 4.066144429723739240e-01 4.030783728394660148e-01 4.111745804327290310e-01 3.984806162552087527e-01 4.080287738690858701e-01 4.050777158065164141e-01 3.874698494312809882e-01
4.018555550324895420e-01 3.909108963570631645e-01 3.996327024823252971e-01 3.973221950320444118e-01 3.968480363967247793e-01 4.012091042419384523e-01 3.941666991952519350e-01 4.005350467264942038e-01 4.046578106957490206e-01 4.128619538399184163e-01
3.961885797556357058e-01 4.009509616940694077e-01 4.009373425174219130e-01 4.006230961655800060e-01 3.937423176065412700e-01 3.937678465611197387e-01 4.018785070038308205e-01 4.041458907504483777e-01 4.048269239525705832e-01 4.029385339927875065e-01
4.016586523139220599e-01 3.903382460515008590e-01 4.157142567641936570e-01 3.887469102105820529e-01 3.964273487997382328e-01 3.867428941338059145e-01 4.032900313887154420e-01 4.147061350092482446e-01 3.907701838627410384e-01 4.116053414655496123e-01
3.942526527268140901e-01 4.029829481065264063e-01 3.940790772635459627e-01 4.100870044050471397e-01 4.053046818124853568e-01 3.975395935822819693e-01 4.014043230366116655e-01 4.036998841488961265e-01 3.951526895624141167e-01 3.954971453553806082e-01
4.015451391470820086e-01 4.154012683792002170e-01 4.094463013498689241e-01 4.055342826908472920e-01 3.996029335865519672e-01 3.949528660301097061e-01 4.059915062351348580e-01 4.013330909633676113e-01 3.925370813744785692e-01 3.736555302433625658e-01
4.083066957242869055e-01 3.871266924869145587e-01 4.015811954871502110e-01 3.901403531623973686e-01 4.077926468591333009e-01 4.103635466229886841e-01 4.034225595295017897e-01 4.073786217209315885e-01 3.895983260166220319e-01 3.942893623900775024e-01
4.020765787537999847e-01 4.151270719356874306e-01 4.108670146225197883e-01 3.967929191358538499e-01 3.831675228422333213e-01 3.824782638296828630e-01 4.095525600839361458e-01 4.035573909833781170e-01 3.914587372273132804e-01 4.049219405855957743e-01
3.951907680990525140e-01 4.051145062490550952e-01 3.913738273045914706e-01 3.949694900092820538e-01 3.954142517187754224e-01 3.993984415198832960e-01 4.136613420062105195e-01 4.140106315907481349e-01 3.970271846893170808e-01 3.938395568130953484e-01
4.030410250739954181e-01 4.146214573133613635e-01 4.048504050432524259e-01 4.127607206704632103e-01 4.010026267302523872e-01 3.840438046320945320e-01 3.848041587664923213e-01 3.981900340247471748e-01 3.909154175997929248e-01 4.057703501455474093e-01
3.975113032421649373e-01 4.108401966518314685e-01 3.976134896514236239e-01 4.208109333903803373e-01 3.996355863413594833e-01 3.979565590531042862e-01 3.863905064617110252e-01 3.897588448989692256e-01 3.848434567301169951e-01 4.146391235789396723e-01
3.904207520960628619e-01 4.048916136891872464e-01 3.928628170936499520e-01 3.952452113379146259e-01 4.057909557418443725e-01 4.097427153470091787e-01 3.940590752434687261e-01 4.060066235233401599e-01 4.097631584999171794e-01 3.912170774276034768e-01
4.003470281916050033e-01 4.075414795464741280e-01 3.954573086423783801e-01 4.118642088881983021e-01 4.143407739739364271e-01 3.965129308224282223e-01 4.084660860534095050e-01 3.958780497662974796e-01 3.966639791997434994e-01 3.729281549155307740e-01
3.998947786960591610e-01 3.946994325708109708e-01 3.926420265318754099e-01 3.935313471857849743e-01 3.971574021525726139e-01 4.019246921126128358e-01 4.108283961723249167e-01 4.101864632029389446e-01 4.011471494280847150e-01 3.979883119469356245e-01
3.950546476768173054e-01 3.845263521770879156e-01 4.130896199841317395e-01 4.016874871893787446e-01 3.965315688172289521e-01 4.096715390845172000e-01 4.104128096720718322e-01 3.874168381975032216e-01 4.032348813385286945e-01 3.983742558627260122e-01
3.913221604646562879e-01 4.112462961506065384e-01 4.046318185274235812e-01 3.988263117605665986e-01 3.926151355025437883e-01 4.098529365372330924e-01 3.909669054346889272e-01 4.068818812643490990e-01 3.924745616629402578e-01 4.011819926949909410e-01
4.033623689359068232e-01 4.020177112070930647e-01 3.824643862204706313e-01 4.033435942742487068e-01 4.126323037686278061e-01 4.016401874357150570e-01 4.032483203755318213e-01 3.880888830261651212e-01 4.021580796248830358e-01 4.010441651313664257e-01
3.874848585350637586e-01 4.142792838272534306e-01 3.977198085982691644e-01 3.960724648224184241e-01 4.101983272942412162e-01 3.995505564098964513e-01 3.952893164725457265e-01 4.059777299508716686e-01 3.918352502606776699e-01 4.015924038287603248e-01
3.891862089987513373e-01 3.868960594905445083e-01 3.963380190032088635e-01 4.135235897729130361e-01 4.138458226205506962e-01 3.793301403689777196e-01 4.021750455335826868e-01 4.017881250539251381e-01 4.162408249225461598e-01 4.006761642349940811e-01
4.000340589047164386e-01 3.994670108884226245e-01 4.097359642014395398e-01 4.024574597790222530e-01 3.940065232463321743e-01 3.960814660644301211e-01 4.070789646168389564e-01 3.853250780098274042e-01 4.102588536388862561e-01 3.955546206500888395e-01
4.034678821493151712e-01 4.064338629475857112e-01 3.982936540665782399e-01 4.053252598164098774e-01 3.974741213575059828e-01 3.955078226696167598e-01 4.046667016597461641e-01 3.883666414439634895e-01 4.012949804308675317e-01 3.991690734584146805e-01
4.177237739114878501e-01 3.993211342008043951e-01 3.881865884866921856e-01 3.943165245084288006e-01 4.093615896565127588e-01 4.174002753370070762e-01 3.884995104761567730e-01 3.891249006871411176e-01 4.052763301911787019e-01 3.907893725445885647e-01
4.149526853196814358e-01 3.874186592475657442e-01 3.956351166855056611e-01 4.073318359138331513e-01 4.104729782799169113e-01 3.908575082066743644e-01 3.736276049694841617e-01 4.062283563953746901e-01 4.068454712608644552e-01 4.066297837211004795e-01
4.053505210743761356e-01 3.962407565998756764e-01 3.984864226894066497e-01 3.995297856890364097e-01 3.858651124898964668e-01 4.107263734817946377e-01 3.958909794801636073e-01 4.010598692981779401e-01 3.994576768971573322e-01 4.073925023001175316e-01
4.061418609185031281e-01 3.992247753111993203e-01 3.917416384309171939e-01 3.920980844185188996e-01 3.788933002838279496e-01 4.171110186899763539e-01 4.110931132897325258e-01 4.082657285509609935e-01 4.069587880441654093e-01 3.884716920621977820e-01
4.055976704324831261e-01 3.952593853160041304e-01 3.907966025291044754e-01 4.107208811589949660e-01 4.000976058432053617e-01 3.884356653178364649e-01 4.034780166950281410e-01 4.085828307451901953e-01 3.960222604551816850e-01 4.010090815069601300e-01
4.233529046023752351e-01 3.898966732097370880e-01 4.010136984508512192e-01 4.068256133159144916e-01 3.997442272488401227e-01 4.071557509186863877e-01 3.948859989840423634e-01 3.817697936115475033e-01 3.974460333170258819e-01 3.979093063409776532e-01
3.956289847735280363e-01 3.842738768718151343e-01 4.113297371854696127e-01 4.056241992636987481e-01 4.009829577911276921e-01 4.055060556355896129e-01 3.980685364021179784e-01 4.091959125546656972e-01 3.815661086713586503e-01 4.078236308506280050e-01
4.094105097191033105e-01 3.996327614866149736e-01 4.003162028320452759e-01 3.959271785969238344e-01 3.987596922439807789e-01 3.924938104178367082e-01 4.052758008805928958e-01 3.852775163629990063e-01 4.003043382860321797e-01 4.126021891738733682e-01
3.952781806031561151e-01 4.074962227897979128e-01 4.084815743168015434e-01 4.113008084093947581e-01 4.065741356131516993e-01 3.890409396751621784e-01 3.837431755062704064e-01 3.997919065998744026e-01 4.017042591153046627e-01 3.965887973710855441e-01
4.093949026283523196e-01 3.914951011619371979e-01 4.026462185783794556e-01 4.098172166801085092e-01 4.051718488182627920e-01 4.044000486088940027e-01 3.935344265464071900e-01 3.910445710725600210e-01 3.997789524477197709e-01 3.927167134573756879e-01
4.014588231093998427e-01 4.117748195345013462e-01 3.884529873620896634e-01 3.943094034578995544e-01 3.916992675345110642e-01 4.129195793769755984e-01 4.006331360910337369e-01 4.041314168215909830e-01 3.969177438328565510e-01 3.977028228791401609e-01
3.925102707786349843e-01 4.109738742073602014e-01 3.718857312749064281e-01 3.888073381067196910e-01 4.182171340490086764e-01 4.131535915858290942e-01 4.095582494870690926e-01 4.107017600680540337e-01 3.883811083398792108e-01 3.958109421025356456e-01
4.011010167854122122e-01 4.096537014387411357e-01 4.023229299425162830e-01 3.924295108347273242e-01 3.875638036097850403e-01 4.022798146961359955e-01 3.959319430513413285e-01 4.208872688375336901e-01 3.834722547191189990e-01 4.043577560846899344e-01
4.023252181234374669e-01 3.957149719594008075e-01 3.800526114255500243e-01 4.150022823833613428e-01 4.123949685511046348e-01 4.038799223350436063e-01 3.834658771962126123e-01 3.992566022402916914e-01 4.064165731240366175e-01 4.014909726615568664e-01
3.980791766066047455e-01 3.948641666788902382e-01 4.040330639976792426e-01 3.992488200331246184e-01 3.996143793881945516e-01 4.064971719203374079e-01 4.077670156795359380e-01 3.963412151789524329e-01 4.035347538034895765e-01 3.900202367131881953e-01
4.042990416020787459e-01 4.079067057640116678e-01 3.941343603370102699e-01 3.892934127542568290e-01 3.907174835115837519e-01 3.918939909225034324e-01 4.066756911835511801e-01 3.941676510271913680e-01 4.085811986562288833e-01 4.123304642415900334e-01
3.711552272341043790e-01 3.891514597625634342e-01 3.960754089631537966e-01 4.027804279309449287e-01 4.245914143954751530e-01 4.132875044048840985e-01 3.886161626059972951e-01 4.077066048596811876e-01 4.091783192099090471e-01 3.974574706332956175e-01
3.967664740698907400e-01 4.016110086014746949e-01 4.002299761196981831e-01 4.031058137371869021e-01 3.972720777427471983e-01 4.002171046335660787e-01 3.960205819972246744e-01 4.112683851834207927e-01 4.056536600875754184e-01 3.878549178272158171e-01
3.928664133937631031e-01 4.072045864424937989e-01 4.208097522322890027e-01 4.081055377138975704e-01 3.762525242764906963e-01 4.012321342748656483e-01 3.995366743738284487e-01 4.037187070955834400e-01 3.938795098916889614e-01 3.963941603051064355e-01
4.038792884846637565e-01 4.147457321667316066e-01 4.007980552834042864e-01 4.017682568026532675e-01 3.867656757702510606e-01 4.066548787244701479e-01 3.993656774484692362e-01 3.960326184237866198e-01 3.881974132803005517e-01 4.017924036152674683e-01
4.078376814929843830e-01 4.033920035413307570e-01 4.114972637046656057e-01 3.935815936390373304e-01 3.987226068674114554e-01 4.043986808190037086e-01 4.069598022267794102e-01 3.986933941884340804e-01 3.799426605460045625e-01 3.949743129743524817e-01
4.039457480474573647e-01 4.038024790474334935e-01 3.773421579750428911e-01 3.977776472584890755e-01 3.956896695756551008e-01 4.030322608035812326e-01 4.144121912040906741e-01 4.091018927284257867e-01 4.020444410833143856e-01 3.928515122765242618e-01
3.976005991572821863e-01 3.937112347657190092e-01 4.093810124973612519e-01 3.993644120798142683e-01 3.997285856071767784e-01 3.888838960238799602e-01 4.047729699593621833e-01 4.011267259248710304e-01 3.943750428590882540e-01 4.110555211254431351e-01
4.103211857833922727e-01 4.044345986189639697e-01 3.851292862539151818e-01 3.933542183759911048e-01 4.005862984910889546e-01 4.075902804434927140e-01 4.022470688908508785e-01 4.004830175218138111e-01 3.928067420747243244e-01 4.030473035457642350e-01
3.947119412941829109e-01 4.054842821438690570e-01 4.020796684461686588e-01 4.010695694345733919e-01 4.023103623905781578e-01 3.979012310637373706e-01 3.946437544109990814e-01 4.020902671261459838e-01 4.015588048309624569e-01 3.981501188587756035e-01
3.936632580633789846e-01 4.019212719764826414e-01 4.119131154264643602e-01 3.978538231495816757e-01 3.962920997530740563e-01 4.025898344617162561e-01 3.987150401748700279e-01 4.083675665594343474e-01 3.959937843243729327e-01 3.926902061106224417e-01
3.956863557339859727e-01 3.891780483676782199e-01 4.012608525909255874e-01 4.145146157082496563e-01 4.131794734796556678e-01 3.986635531197780247e-01 3.839742598069597612e-01 3.990097743024546562e-01 3.978483184868226719e-01 4.066847484034987747e-01
4.049048047182601806e-01 3.899084629360402010e-01 4.088818341030641679e-01 3.902402582137148301e-01 4.077271682375695483e-01 3.994616544930401636e-01 3.876696839518702364e-01 4.065874957636491649e-01 4.075968795677181733e-01 3.970217580150798842e-01
3.895344195934977716e-01 3.896344204094286390e-01 3.923484083386932220e-01 4.031724991010658399e-01 4.200970970984730934e-01 4.015271362169160474e-01 4.019282644487082168e-01 3.982198305222564017e-01 3.995774988805070871e-01 4.039604253904536257e-01
