1.330478131633641356e-02 1.324038476517264487e-02 1.219354171589903321e-02 1.626025504710659070e-02 3.475967316424361485e-03 1.642494959631945290e-03 1.020076833567888988e-02 1.241187930899191258e-02 1.079073256880334203e-02 7.166912563340333692e-03
1.474438610394579116e-02 1.272077474705786762e-02 9.825698502524991135e-03 9.573154576299199719e-03 9.995383655405250950e-03 8.043241285947893421e-03 6.119346645115802258e-03 4.614813653846139285e-03 8.574314108738613147e-03 1.824125667170381840e-02
1.737889851436976579e-02 1.262438095757811678e-02 5.845819028224055400e-03 9.829279855139136379e-03 1.170722616725458458e-02 9.228649030112157786e-03 2.966455439705149248e-03 8.910360827895034627e-03 9.758767704731892423e-03 1.166814317654962622e-02
5.381230984497453046e-03 1.326579557382922235e-02 3.191083402827979421e-02 7.639203773958910641e-03 2.440198381284246903e-02 2.156255924493592768e-02 5.250668456914958995e-03 1.292131689050379654e-03 2.106847914287662740e-03 5.883678231744815870e-03
3.289701918563500346e-03 7.159569872346716740e-03 4.811187758123992159e-03 4.231282287977852774e-03 6.864016390891300792e-03 1.931714166181332237e-02 1.771241270219253358e-02 2.585934984939344816e-02 1.523816505254518838e-02 5.964931658931743076e-03
3.408045804433408512e-03 3.778125409061772536e-03 1.725751759611823463e-02 2.124631066701411150e-02 1.150255442607898623e-02 6.179843566593993046e-03 6.107142739016623370e-03 3.496851731447842004e-03 1.306201475793535710e-02 2.284084865571147510e-02
1.389891203684332117e-02 6.346587092924489172e-03 8.192057250183374870e-03 6.893188553428917890e-03 3.548431391152597619e-03 2.961127592344191088e-03 8.124187652382104663e-03 2.188831732203408431e-02 2.128112067489593487e-02 1.760843885471135781e-02
1.667832852796325913e-02 1.037295878009224757e-02 5.490290991620942578e-03 4.713109505902787592e-03 6.857882140384153127e-03 6.733751083433337122e-03 1.932870454977154637e-02 1.279497122536961407e-02 8.580942288436027923e-03 1.059971346812494004e-02
6.171966574398286831e-03 7.880595906248205607e-03 2.607181200808298543e-02 2.530580732173061745e-02 8.049826639795955308e-03 8.666604398711402063e-03 8.087808566478532635e-03 3.974919898823930584e-03 7.593978484522628976e-03 4.628870061022060008e-03
6.021372439409854518e-03 4.521074112226800695e-03 1.752066943378379621e-02 2.371750267199836462e-02 6.960922128317535880e-03 4.921740565429398584e-03 8.091335673697644393e-03 1.136930333875646112e-02 1.113265750177834176e-02 1.253416497690345438e-02
2.102845822109897234e-02 8.567718904263348437e-03 9.888406433019886199e-03 8.117451722982466783e-03 1.251619199622521980e-02 5.333114414195150310e-03 4.528779975838993950e-03 8.804281589550681450e-03 8.351865169096828537e-03 6.633538604228095964e-03
4.114099558049791674e-03 3.298745253477670253e-02 2.605703426917324594e-02 9.669949306544337389e-03 1.245552033653264667e-02 1.877253142795132224e-02 1.167316234741361605e-02 5.740909184394743167e-03 1.587570164878684444e-03 1.577369396141996500e-03
1.360925995971903717e-02 1.720503369731485321e-02 9.560158376106702230e-03 1.301346807119181659e-02 2.233501490329210803e-02 1.114070968965724662e-02 2.642284704665376349e-03 4.665594199680000304e-03 4.271329070405421001e-03 8.530900853162387207e-03
1.126649701988815047e-02 5.380943880712705032e-03 2.453301543693480607e-03 3.431587392431925763e-03 8.448867787511258123e-03 1.961688293696998986e-02 8.443069160760433706e-03 3.704692562299434326e-03 2.802764758621335839e-02 2.516077856408076990e-02
3.285850689842202774e-03 3.199479207967906649e-03 1.123776593614463255e-02 2.257319041496486101e-02 1.354361632557148434e-02 8.297551055267970987e-03 8.658542542241859027e-03 1.360159543730091181e-02 1.347684385842582051e-02 9.573332845219035755e-03
1.058112243780105419e-02 1.903607331991679242e-03 3.977162203434851662e-03 5.220337744876921669e-03 9.835863338437084158e-03 8.553696128691867448e-03 2.534733110800174022e-02 1.763717511890406514e-02 9.217621409520416337e-03 1.546978049526810499e-02
2.993418919308841152e-03 1.921719959199154034e-03 4.198916261656109560e-03 1.100717186874160432e-02 2.547192134277420639e-02 1.475235760927969333e-02 9.344367516240509666e-03 1.117240966174814186e-02 2.662233618123285156e-02 8.531261788088649947e-03
3.210249561427455829e-03 2.509567170795660909e-03 9.735192473112183262e-03 1.434948499025812466e-02 1.504380391214735907e-02 8.137219076438183263e-03 1.368076271489902275e-02 1.055538009348646819e-02 1.828844844981189488e-02 7.753817276055739553e-03
3.534630368671961426e-02 1.181538058956783238e-02 2.846253327616721056e-03 6.119825318639658673e-03 1.173064183020312498e-02 5.504193255252351480e-03 3.297232934073529229e-03 6.480212648886794075e-03 1.052928254175494911e-02 2.223231294027398428e-02
4.983356961521362080e-03 5.850375772955784988e-03 8.183759358154012176e-03 9.395862635284406295e-03 8.506893844266005811e-03 7.119905071097692995e-03 1.503922004308170732e-02 1.045100060447593654e-02 1.745250175033734655e-02 1.279145259282833853e-02
4.595548894647161556e-03 5.951298665110613118e-03 2.231580946020480377e-02 1.639160155129567448e-02 1.262659745263283555e-02 6.263204806694803485e-03 2.333559029588436542e-03 5.055834705558844358e-03 2.436172089919893743e-02 1.216588109033040280e-02
1.347243115441661837e-02 2.079966507543974316e-02 1.020264850921717183e-02 5.815884286865870799e-03 5.477642533814531221e-03 1.023013541607544624e-02 3.058996454512272461e-03 3.233635949606866559e-03 8.858983621050090657e-03 2.751283752091378612e-02
1.049980448711017658e-02 6.839412358688005955e-03 4.130195322781091485e-03 4.346068137556046221e-03 1.162076759801374329e-02 1.824647647846384252e-02 8.704442183108562769e-03 9.812469314653123748e-03 1.002642629084036022e-02 1.842677658028700483e-02
6.480352498925915326e-03 3.997758633066374190e-03 8.607598142691331999e-03 2.843412283943481944e-02 3.714658562100534023e-02 9.583549118247155357e-03 8.155192817704137384e-03 6.163256306006130794e-03 3.404563547472844610e-03 2.446047416292096519e-03
9.750204082861240601e-03 2.125932300399151209e-02 1.218262013565024962e-02 6.786566915284541687e-03 9.887207930520985205e-03 4.692722259075779792e-03 7.148252548313679088e-03 1.839585955116516264e-02 8.545886518499768228e-03 4.606078866779768181e-03
4.940660744034609678e-04 2.074379034329600253e-03 1.287754355993539143e-02 1.771075741481372215e-02 1.188617277892426577e-02 1.201083852982443370e-02 2.052991082918802224e-02 3.454933507566576578e-02 1.730011767954213811e-02 1.072104891907516965e-03
1.104896987017906299e-02 2.638906532279047465e-02 1.001641796061727291e-02 7.745181359543604378e-03 5.187215057042086561e-03 7.618379037192065176e-03 1.282340724239667412e-02 1.296596850854352979e-02 7.829357689312792939e-03 3.510752531702617061e-03
6.966860794466813583e-03 1.637944875022070632e-02 8.368157308962556259e-03 2.007533938496433492e-03 7.194969157186204868e-03 1.197556951663513759e-02 1.547858693704117980e-02 1.143995413070465067e-02 1.490089644711126669e-02 7.052576178197024481e-03
5.280133813120861663e-03 1.132350661952560497e-02 1.667096904779297867e-02 6.674144406181302044e-03 1.245843875800370978e-03 3.036510744036594132e-03 1.238282638920540704e-02 3.476049431841229248e-02 2.120325506710994679e-02 8.710535817608427295e-03
1.874793433408669663e-02 2.929781749628504895e-03 4.240090109129782125e-02 1.663925303331986738e-02 5.173600114480834955e-03 1.815143329352248563e-03 1.185499472610582194e-03 1.896837572541575524e-03 8.625559877614021043e-03 2.906953746896219146e-02
2.418701164835822953e-02 2.123053561472108136e-02 3.055617017826125614e-03 2.846069363018413623e-03 5.164630939700726869e-03 1.681368400237970642e-02 1.420961488921635568e-02 9.920225270115545779e-03 6.815991091506871935e-03 8.522796241366054765e-03
1.333656543573113681e-02 3.120571267231736241e-03 4.681716988090185022e-03 1.192353737757361615e-02 1.485886201951258645e-02 1.342039758207706247e-02 9.989363938180379973e-03 6.657077808367699127e-03 1.016337014951581956e-02 1.376609435948795111e-02
2.742446163346791334e-03 5.012947757946192157e-03 1.157736013122880395e-02 5.699825264722844717e-03 4.936533512128044726e-03 8.476636308761879846e-03 4.675022321506027562e-03 3.977517958002932050e-03 2.839308505953624245e-02 4.280278883802274281e-02
4.611379461220519761e-03 4.847511617787213407e-03 9.051844790341451868e-03 9.928134783926619716e-03 5.452604110896762044e-03 8.232821649937587666e-03 9.532292819412858248e-03 3.195212809287546057e-02 1.662809706462102868e-02 6.712441966436555330e-03
1.561289556805765116e-03 1.002775917414471018e-03 2.342681073064769182e-03 1.426961459307414179e-02 3.771111616294932356e-02 1.529825419980376106e-02 6.716237386507998251e-03 1.774858075020309400e-02 3.610275800347267222e-02 6.265126362233739733e-03
3.424178232332053280e-03 3.477349856360244240e-03 3.307542275159212376e-03 2.644511919261127719e-03 5.034418253716485894e-03 8.590007276274905929e-03 1.557023997062096168e-02 2.514663200338812174e-02 1.300629316876163004e-02 2.342357144005977401e-02
1.321961576868515252e-02 1.411090500837847324e-02 5.539451624744618809e-03 7.361101652460400914e-03 3.930965754084790945e-03 7.990860286415817082e-03 1.121021677856730812e-02 2.168397535380767183e-02 1.045150052799458801e-02 4.839229842602707672e-03
4.836956852481403939e-03 3.069022213962881076e-03 2.143865406144333796e-02 1.322807611693434075e-02 6.410312238205082003e-03 8.078537609560371147e-03 4.767500211921994746e-03 4.256091361275745472e-03 1.777548880330210440e-02 2.822788666627109450e-02
7.596617372125915972e-03 2.166823476670334120e-02 1.116216650583874009e-02 8.606689127461569777e-03 3.776005898580236074e-03 6.641736184927053352e-03 1.375007387571098617e-02 7.212448345740427383e-03 9.462237096360206351e-03 4.409869118584372645e-03
1.114869096625613516e-02 1.025204976288493670e-02 8.214629102586620824e-03 1.422144399974031338e-02 2.103443181831089054e-02 6.693029712916699278e-03 4.743755070663974345e-03 1.110337460428420693e-02 7.558241769915102423e-03 6.653631804328355784e-03
4.127104139526940885e-02 1.252323629743934061e-02 9.945329906907178844e-03 1.528333919227794005e-02 6.889207200701087316e-03 4.991271524328495801e-03 3.015378277362331869e-03 3.043021147269041934e-03 4.043233840168643234e-03 1.953960767340088417e-02
2.546767129689425646e-02 1.489806412027928732e-02 4.994669258498418175e-03 7.971012278214738983e-03 6.868541708613343927e-03 8.394575724108021414e-03 1.194630109240147307e-02 6.491942193624335861e-03 5.536990079287671361e-03 1.150926637918385856e-02
1.154503175907974771e-02 1.597258462114977545e-02 1.034572733778845767e-02 6.226743213266511950e-03 3.213051369833535079e-03 6.382381851715631521e-03 1.431364935316110400e-02 1.228312765903125103e-02 1.316001687027985693e-02 7.986524611491961287e-03
6.049373870282761037e-03 1.394009865302102587e-02 2.317798757448718411e-02 1.408230306386042824e-02 6.765013991765911859e-03 2.354884266294171406e-03 2.059001537827142604e-03 9.252148251535419199e-03 2.366016488919167951e-02 1.401063411232504954e-02
2.240078803675227964e-02 1.125380412744217407e-02 1.272254538522093331e-02 8.320717584588112337e-03 7.502613739421440733e-03 7.275523104371701272e-03 1.091602225097338882e-02 9.105525486213659342e-03 3.591352703902804880e-03 7.668526408731030086e-03
1.401897860908467297e-02 5.372953178023710114e-03 3.657026454722930170e-03 2.168891966652708447e-02 3.385824568739426166e-02 6.430392073373467077e-03 6.936608764216907128e-03 5.973604675820478986e-03 6.067411507463389003e-03 8.868327441146163503e-03
5.947038518420064666e-03 7.453554214962582712e-03 1.323376420431135805e-02 4.220361417856752922e-02 2.813049678799165593e-02 4.909006194576878528e-03 4.185978618406935824e-03 6.639860027194324082e-03 4.084722583257632995e-03 3.543099098731758521e-03
6.788929372623032227e-03 4.632763577735562327e-03 5.699444955184500630e-03 7.081046127264786945e-03 1.347829110270021453e-02 1.003652872794765470e-02 1.326056273187822127e-02 1.220844137384070535e-02 1.818899369401870761e-02 9.027710364838377813e-03
7.350843888965737961e-03 9.705025474525699053e-03 4.475672292147070408e-03 9.737040992525584915e-03 4.074677101572362140e-03 4.692900986821081297e-03 1.253082166263251584e-02 2.237582182650914298e-02 1.318246636850586850e-02 1.051152151898977587e-02
8.726763728056231850e-03 4.098369222442326855e-03 3.023199005722890763e-03 3.397118015887455166e-03 1.093526730267300670e-02 5.315142634850064142e-03 2.947112219868762775e-02 8.189698559246016280e-03 8.042192725293030586e-03 1.258758493885651225e-02
1.332467180134432700e-03 2.373947713564829570e-03 5.112071588312637471e-03 2.425303920256259918e-02 4.527286654806703114e-02 5.971655706916410150e-03 4.951417166889385615e-03 2.245918454316227220e-02 8.288326824544807805e-03 5.017842326089483329e-03
7.079292711340492636e-03 1.174467002110096692e-02 3.187525376415115304e-03 4.057265384362605115e-03 2.003573769185213946e-02 2.343543254897947903e-02 7.669842666841319642e-03 5.383097947054615168e-03 1.350530486508453795e-02 6.606389711334106907e-03
2.205822356165051956e-02 2.748233010045578531e-02 7.403539299083476515e-03 8.393132242941621010e-03 1.325398054265199306e-03 1.643147590044065657e-03 8.822154142750051817e-03 2.012368976309204111e-02 6.050415015342687150e-03 7.188227157229943633e-03
2.574736497687780956e-02 9.131722694598144729e-03 1.181804702434461653e-02 9.556267365538958711e-03 1.881509649816125868e-02 6.622691531976291138e-03 5.494450512882395957e-03 2.001343924628098958e-03 3.325719119486470182e-03 1.113512133338538310e-02
6.698668264179079290e-03 1.688711639802904785e-02 2.475068552583714609e-02 8.062094467141952409e-03 9.795471383597728274e-03 1.646924586031487878e-02 1.465811563948023893e-02 7.463218768069294559e-03 2.319177588971720310e-03 3.098244836805482978e-03
9.559566396575753383e-03 4.324425833646901307e-03 4.924078240862797724e-03 1.390714244202547259e-02 1.220615616345321550e-02 6.643539335986315547e-03 6.540291815748370922e-03 1.315235547185882037e-02 1.504747096186988091e-02 1.867186976605354765e-02
2.248441359637292497e-03 7.003051490937636618e-03 1.346288500587025996e-02 3.115771594970676364e-02 1.450739442420633657e-02 1.353582424283385731e-02 1.411596673783416765e-02 8.036249406599879283e-03 5.130033579230358978e-03 2.823356203466651469e-03
1.057031528559333744e-02 4.428451622041985544e-03 1.434960261958277000e-03 4.927220677225188639e-03 2.314840999099109647e-02 1.169674178198780272e-02 8.190322063137992978e-03 1.147457655667687496e-02 1.129229891403099942e-02 2.210062168771462568e-02
8.923933909100752572e-04 1.705756943088042234e-03 1.376386174802589173e-02 1.864431972733328335e-02 1.546607215326930608e-02 8.079067019933411364e-03 1.113036511461388059e-02 1.972785422303803549e-02 5.116162057545055146e-03 5.285253023254850475e-03
1.718960962122860481e-02 1.409137275405134872e-02 4.880461485008881148e-03 1.066655506970025889e-02 3.057497677318484972e-02 1.647065858459937499e-02 4.978471578837185586e-03 4.541302695037527197e-03 3.758996150728149705e-03 6.395341661001059143e-03
8.835164030561299536e-03 5.837350441592701472e-03 7.556554229174704436e-03 1.871712577773912423e-02 2.378451283316883325e-02 1.657201792327647749e-02 4.425953873443794553e-03 4.723104886315285592e-03 7.164450212066754940e-03 9.686113166477633429e-03
1.296111786414367445e-02 5.776037360704613238e-03 7.270229383827093821e-03 1.508958905420916194e-02 1.411929717170173557e-02 8.774229378582798500e-03 9.619214377924406242e-03 6.348122558882243749e-03 9.527163065724240237e-03 7.355743640348528199e-03
1.676347305366311657e-02 5.280272156670625175e-03 3.012258605276126391e-03 1.203308713866835244e-02 3.147892593857549298e-02 7.137795203140688029e-03 3.786332271575946519e-03 6.414727949062016751e-03 1.266528175876216987e-02 1.559461064799170724e-02
5.282000956938051606e-03 1.107543555682279079e-02 1.772566728350331161e-02 1.185892481047398465e-02 3.926282374933120697e-03 3.237406739960226303e-03 2.111455966366317799e-02 1.163706013971100260e-02 8.178790701368055666e-03 7.776700507390561963e-03
9.521817184347374299e-03 4.448795205232651366e-03 3.148756468873338543e-03 8.778295066625429327e-03 1.107109797065410593e-02 1.471689756090967770e-02 8.348037293495478781e-03 1.177957009989135870e-02 1.435717898162951547e-02 1.634124782341312213e-02
2.533738422168638552e-02 1.963917888821586910e-02 1.098857318368081162e-02 1.262140678689216422e-02 7.375351266663554561e-03 9.262623013703639996e-03 7.053650379489364262e-03 5.697707953560017177e-03 2.952844768050051985e-03 7.003475710746852323e-03
1.060295077588093750e-02 9.879930202219385643e-03 4.530966293749651326e-03 6.329105088270016097e-03 1.424817158712119586e-02 1.488590555771270030e-02 1.217428081759864070e-02 1.751738670270787043e-02 8.438195465137774548e-03 4.691994998066519734e-03
5.635689007997067568e-03 7.237463780899309161e-03 1.428594713007376796e-02 1.833299898579981643e-02 1.215953724827615809e-02 3.404378899401976077e-03 1.893238644982580144e-03 1.027817947137541973e-02 2.925201872677698697e-02 1.248097325403946418e-02
1.533433456891033705e-02 8.079375068205012569e-03 6.563758170032287995e-03 5.495263986437876925e-03 1.174630020246097105e-02 9.432469495707538135e-03 4.531823627170823016e-03 4.654755255591880130e-03 1.414687192272169949e-02 2.932722846291138663e-02
9.607140809327039538e-03 7.998755657536991623e-03 9.977987733453628355e-03 1.047583611429441994e-02 8.710633270524743843e-03 3.857361365722621581e-03 4.507295263654273465e-03 1.738205063984331333e-02 1.866106719922280832e-02 1.269054864427010369e-02
1.829884528581993824e-02 2.383564409402785453e-02 2.090147739619237222e-02 5.270171004479124247e-03 4.588789763090458246e-03 3.291902233445170075e-03 8.480818571993325311e-03 1.053518948522577138e-02 5.516393859974100256e-03 7.441816536798000550e-03
1.863431657183665588e-02 1.727618626690473336e-02 1.047969226824031069e-02 2.565618613976489160e-02 2.906929810798552366e-02 6.071723597548572479e-03 6.549124708990464346e-04 5.829310973115331461e-04 5.194153407007505788e-03 1.376195143903431381e-02
1.553024413982385075e-02 1.967894604222799118e-02 5.920525149374796653e-03 1.257819213284605336e-03 1.346357102868713830e-03 1.418668979380958636e-02 3.449667120995270064e-02 1.242706603948943653e-02 6.171454557906547178e-03 1.214937582169771380e-02
2.290003263954512851e-03 6.208111934045305175e-03 3.288220461654031961e-03 5.600311651043103287e-03 2.442392029917842683e-02 1.183268654500127526e-02 1.330463368191375784e-02 2.148907040465973528e-02 1.071044966116499984e-02 4.572119928462636991e-03
1.987337012800688505e-03 4.445522472180008129e-03 8.803134108576273625e-03 1.356175605486042816e-02 2.117170845200442089e-02 4.775503414538145516e-03 2.208007557621587905e-03 9.761249094136613055e-03 5.254839656143132226e-02 1.147203403257602249e-02
4.636419944381257353e-03 8.472333726883586602e-03 7.845824284378043190e-03 1.868863939162277929e-02 2.600721945521253242e-02 6.977170878005213225e-03 4.447399661102855069e-03 7.790666664050159389e-03 1.163999270380009290e-02 9.720595780159775601e-03
2.165991444269187161e-02 2.408204569400320457e-03 1.101045243374272056e-03 6.088724395590075673e-03 1.741367965643395715e-02 4.349697706144804721e-02 4.899661921068342724e-03 8.429115818535385567e-04 6.329512364007288533e-03 3.823071442794465091e-02
6.587706510569930549e-03 1.656268031852150407e-02 2.571829262225127852e-02 4.691297339644092887e-03 1.713937603550937973e-03 1.002162369609285036e-02 4.536031344266051868e-02 1.651060288797267031e-02 2.425986425529960862e-03 2.844960408155065412e-03
1.498808653589648807e-02 6.576269090524626895e-03 4.934415925488746558e-03 7.057278184672778100e-03 7.819361186005482217e-03 1.304364090963151118e-02 3.137085301822722938e-02 1.341562236784866156e-02 4.157989802715075789e-03 3.764200302585067343e-03
1.698441871586518076e-02 2.021821571157932096e-02 1.138510443895519170e-02 1.096957266541532736e-03 2.409013442985425031e-03 2.308276328150873219e-02 4.089464835864098369e-02 7.016901300555959328e-03 2.753543353035945319e-03 2.666176049111787256e-03
2.535808748942533497e-02 1.541616568825672842e-02 3.787583767973765753e-02 4.027377680277183236e-02 9.426578674653376261e-03 1.514496875049081096e-03 9.595113130343577894e-04 6.525557318274859565e-04 3.533880333110792950e-03 1.078260920844240946e-02
2.162929789271757219e-02 1.940950722767745273e-02 1.011841012364543720e-02 8.763622191276855891e-03 5.333711147047290671e-03 8.025785072357521574e-03 1.917398317192487572e-02 7.442307437042047953e-03 3.870174473908357966e-03 4.199963142414661794e-03
2.768150419663014880e-02 3.207909666833699130e-02 1.396603653682169585e-02 3.404120229455040968e-03 4.865070770040105450e-03 5.563662038665703052e-03 8.758010724432765612e-03 6.649468411560133588e-03 4.441221953348206339e-03 8.530656278318652155e-03
9.316379826804851647e-03 8.000683496868169625e-03 1.787172865438014721e-02 2.797463772651790845e-02 7.555777866231138534e-03 2.353038494065508128e-03 5.564572738028825821e-03 1.115645076052010007e-02 1.199712353849860524e-02 8.404335131564608791e-03
2.759888237272572001e-02 4.154223032420922140e-02 2.364565884382192895e-02 1.411284016680896397e-02 6.211217946795563605e-03 4.436959876900988323e-03 3.892584364629626988e-03 3.197806314550098727e-03 2.157962563573251249e-03 3.455919734331821484e-03
1.526479192398608013e-02 2.987137750998785247e-03 3.254134484395863804e-03 1.083402880155787291e-02 2.180134697920781822e-02 1.696304971837149511e-02 8.722742551454699955e-03 7.376199347586067517e-03 7.279765557102475804e-03 9.599048664403126915e-03
3.212423955862671321e-02 6.082239279510300890e-03 2.572623781420759273e-03 4.055475773188260170e-03 7.028548190508710283e-03 6.955631889155793578e-03 1.784112568214002784e-02 7.377543651392004867e-03 3.739570860871315426e-03 2.701363216013290963e-02
3.480014821500285356e-03 3.227707321393008359e-03 2.218321643594115596e-03 4.286212556419493128e-03 1.433526715624879391e-02 6.454032736976941798e-02 1.305660483971491509e-02 1.320895942943527655e-02 1.205215483209465428e-02 4.655356289818801153e-03
4.069061922919274543e-03 3.652075719506199698e-03 1.346566299086501481e-02 2.231244068053812174e-02 2.155288899784955914e-02 7.512424775108439423e-03 4.203524830768549589e-03 2.771743690146287898e-03 1.622367710383636891e-02 1.739348124361068948e-02
5.940526283316939146e-03 1.607896135126177933e-02 2.301614099228711449e-02 1.150220834980739126e-02 9.661053279141070677e-03 6.268428540383367761e-03 4.986080130897191029e-03 1.100668648002804673e-02 1.059439532604079456e-02 5.913310038252556251e-03
6.055602507025204147e-03 7.815881092814919162e-03 8.772884518482303856e-03 9.353366046739322592e-03 1.258855773946580478e-02 1.965047702790824816e-02 2.239457263574746657e-02 4.098653380489599742e-03 2.354989083450250657e-03 8.589611154016062525e-03
7.409613559835602145e-03 3.857187071464210186e-03 7.345945582722069808e-03 1.700244240940269186e-02 1.350616466574256110e-02 8.664750376506219140e-03 6.318984005054780959e-03 1.000744604633680562e-02 1.540981538154880329e-02 1.448852460070015544e-02
1.866923453889115028e-02 1.839139429280521945e-02 1.601602938910848609e-02 3.293963073713163103e-02 1.017340500880685103e-02 1.957668651867699658e-03 5.197196583884844401e-04 8.837969275949737660e-04 9.755137447697986852e-03 2.583374309071072988e-02
2.124377984557755845e-03 1.809139702678989403e-03 1.123345618207784342e-02 3.381005974197577590e-02 2.098906983368366286e-02 2.797803053369225454e-03 2.916804739373691016e-03 7.492536906751497833e-03 2.711558629543956572e-02 1.895588752642835689e-02
6.175421378604874396e-03 3.879601796476676596e-03 3.069070185150469740e-03 1.165811632580365277e-02 1.426542041383363317e-02 6.188501372081696081e-03 6.271328659551059226e-03 1.460189214035070154e-02 3.168282101094766628e-02 1.391619638029745719e-02
8.087167826540809026e-03 7.831542474632002468e-03 3.275944743507493671e-03 7.042096327091884253e-03 1.529455157878836791e-02 1.224651649945480286e-02 1.068669175094482879e-02 2.416877443204516057e-02 1.163630368210392257e-02 5.216160559640858896e-03
2.479770742554926466e-02 1.216554212756992652e-02 1.282948526382420712e-02 9.703671595714009890e-03 6.045754065310219444e-03 4.464400151702659428e-03 8.084544569526027832e-03 3.969821399777109100e-03 3.489645522277145129e-03 2.111472563025092869e-02
7.500017245791016328e-03 1.342143662304090199e-02 1.823285940769694621e-02 1.387089218653324643e-02 5.140001717488620545e-03 1.049083005946815222e-02 6.682976271632837945e-03 2.436627600630433647e-03 4.999906114539286184e-03 1.656542102633668315e-02
7.456353624131954218e-03 1.321596953390744358e-02 1.119625796716307645e-02 7.376673867963326470e-03 1.972982266360379100e-02 2.706965701958220782e-02 1.544614847593550611e-02 6.437744625059180215e-03 3.058921430861960729e-03 2.412781235560235073e-03
9.840087219684979375e-03 1.511103759080506884e-02 6.068348322945333120e-03 3.302429864269568194e-03 4.777180577456688164e-03 6.618836182797896081e-03 4.079806386542134296e-03 3.841203002853668322e-03 3.189499281702441735e-02 3.238516160335665195e-02
