4.000007754719551722e-01 4.390344127492945003e-01 6.244088151962007283e-02 3.957409511547136521e-02 2.944429684918085099e-01 9.151461619255049640e-02 7.430265567495553114e-02 1.038563658782064303e-01 2.883593242755573827e-01 1.264341101409906243e-01 1.727222098461028352e-02 6.276757350497970400e-02
3.147455910575229776e-01 5.579022784518421207e-02 4.221672872594594561e-01 5.134218355850644899e-02 5.959104343166907181e-02 4.883208602353443506e-02 3.819435743275073625e-01 7.307558391872198689e-02 1.787303260897492030e-01 2.816217283429776064e-01 4.104329363574199530e-02 9.111707450942305164e-02
9.882858666735547248e-02 3.633985607251390831e-02 1.900322157254206307e-02 8.651831992068288735e-02 4.144531062904556751e-01 3.292498921012884661e-01 1.406588220485993634e-01 2.372360681850252673e-01 1.194185981647793438e-01 1.171938030376924733e-01 2.658878568414121402e-01 1.352118690976529813e-01
2.886658741087607671e-01 2.395318033261013002e-01 1.938366942314133368e-01 1.379012685446399100e-01 1.413293268115264345e-01 2.899111039552519919e-01 1.115801926602936756e-01 9.002297083012002210e-02 2.405917476610936467e-01 1.634492985150213795e-01 3.189036963618938070e-02 7.128934971958766909e-02
1.203069997480887554e-01 3.068166971326872217e-01 1.366940081391815609e-01 2.248755626884198222e-02 3.274445110374255008e-02 7.987089114961484770e-02 1.790037103730613699e-01 3.230246459929044800e-01 2.219377907971690767e-01 2.228177566922905362e-01 1.292401995064072495e-01 2.250552930960102171e-01
1.736467905622180452e-01 4.077912752068305613e-01 1.313767904766879324e-01 6.695676052065346884e-02 1.424532934647363136e-01 1.861453834570946375e-01 6.464095251069332249e-02 8.268333630668062151e-02 1.596261983699636122e-01 3.034843681650116753e-01 9.062939972864211824e-02 1.905654512307884407e-01
2.534553021676552373e-02 1.120245443182125572e-01 3.196812789050669235e-01 4.561096448968452594e-02 3.461569884730741897e-02 7.142880073400711960e-02 3.566694360228397365e-01 2.094534222839651016e-01 3.363921542304644241e-01 2.648240635831936030e-01 1.684902082496092801e-01 5.546389811888224192e-02
9.925563335170949075e-02 7.663823676223477377e-02 3.645021036002048520e-01 1.222451781045037350e-01 2.580995414336197946e-01 2.063368748023687860e-01 2.715346743726215761e-01 1.895695905032703799e-01 4.600054656868184100e-02 1.675819400914057011e-01 1.612639601106664600e-01 3.697172029871506616e-02
6.140861867609489350e-02 4.029790745403075691e-01 3.919106916344741176e-01 1.062671915633175146e-01 1.094527710004386256e-01 3.226013540067120267e-01 8.532884115293648541e-02 2.509487900243959624e-01 2.294118928908960575e-01 1.756404092812864637e-02 3.212782800627350405e-03 1.891395078167004695e-02
2.865899271366271206e-01 4.190157674412363087e-01 8.173574043634862507e-02 3.061486967181619723e-01 1.172619297009498546e-01 2.841487975101032737e-02 1.372139872954009771e-02 2.446264269967614660e-02 4.061607779054497019e-02 4.225813638830913654e-01 7.120425481752744312e-02 1.882473208952828714e-01
3.951753218943993007e-01 1.716385207388464729e-01 2.717928257599468433e-01 7.943559958441698265e-02 2.016601781908692465e-02 8.565893792675045859e-02 1.980927062388513071e-01 1.931501461014216714e-01 1.161263970002618662e-01 3.039732597975419170e-01 6.402112468141890611e-02 1.007691424570553579e-01
7.297820223603640466e-02 4.160705867435239291e-01 4.231941874947339755e-01 5.844094987394835017e-02 1.811229835867322890e-02 1.471222285044089528e-02 1.042163122481362253e-01 2.532113152740484430e-01 1.958393992638718939e-01 2.660597213641949788e-01 1.495730056537931674e-01 2.759179863860089510e-02
2.980590942791439546e-01 1.367124899203666366e-01 3.074857710533447364e-01 8.631122560554091439e-02 6.913589506551623409e-02 4.076529929502405170e-02 3.203751741623439564e-01 7.415177912209944266e-02 3.602214623170679753e-01 1.551231409179790188e-01 2.194288293802281603e-02 1.297157853235518243e-01
4.171569782929849396e-02 2.260571436505737913e-02 2.085559326055632656e-01 2.287036367154123562e-01 5.560224160163479423e-02 1.482824213499600585e-01 3.023056420222209884e-01 7.493279488004514488e-02 1.558362241602151699e-01 2.562152868047754550e-01 2.052494654518269845e-01 2.999949422139882582e-01
4.428447398181047101e-02 1.517615246570309939e-02 5.059436796166496414e-02 2.323556044303776991e-01 2.229701265964655343e-01 3.055485140245111642e-01 9.984046105933823412e-02 1.844254923100386023e-01 5.740825258971164746e-02 3.318706243041169013e-01 2.201254185574229305e-01 2.354005117188377461e-01
6.601973914608803840e-02 4.351265887622662865e-01 1.042706054411929872e-01 2.324215051568862822e-01 2.508085656922007800e-01 1.856327354860632661e-01 1.514411400731905666e-01 7.095438355139592479e-02 4.954340602024823181e-02 8.560441298086413076e-02 3.159082111845775698e-01 5.226870650502477011e-02
7.759452973660224684e-02 2.299645234856582121e-01 3.326274098094682552e-01 2.614401075256348461e-01 1.116957433688142293e-01 1.025881605755387116e-01 3.119085538115576872e-01 5.485203004232915014e-02 4.864533516839429639e-02 7.079845283611525819e-02 2.758035329347130471e-01 1.220816207051740043e-01
1.236617821003698769e-01 3.385884798276672658e-01 5.182773144630921369e-02 7.627877802711154412e-03 3.483368202554003312e-02 6.537574163461484789e-02 2.633293104327151246e-01 1.322789409056926435e-01 1.175644149684737932e-01 2.073403875954314413e-01 2.141896833468354688e-01 4.433819679136375980e-01
1.598248268324410359e-01 1.430686069310192488e-01 2.217599653204359311e-01 4.299543735134100236e-02 2.910936864001602009e-01 1.581697428214542678e-01 4.536685313565437527e-02 1.234025958420180979e-01 2.883904050833658861e-01 1.626561292436080053e-01 2.775427486740067451e-01 8.572900236449498834e-02
2.887885764133824029e-01 2.116407706837422631e-01 1.900220604512348754e-01 1.930940488192641746e-01 1.233973179654156427e-01 7.475126457353931109e-02 9.060644009414739464e-02 1.453276879274577604e-01 2.568369816234978842e-01 1.036950864658475746e-01 9.608793087560628388e-02 2.257518341068642798e-01
1.498455561275294223e-01 2.291935471592159435e-01 6.358919708186970554e-02 1.511607371984401982e-01 3.089039530345720208e-01 1.066834512170586058e-01 3.011904510005244395e-01 1.374324994387277066e-01 9.073864926743932524e-02 1.475304045822933841e-01 8.367739676293152462e-02 2.300541571293996668e-01
4.166536360431332131e-01 1.233503766764110776e-01 2.146243658073267724e-01 1.384341344511954564e-01 1.585929130116904284e-01 1.517609445412582969e-01 1.628543786292631079e-01 2.196749211775639032e-01 1.031107692914104423e-01 6.067748251592868652e-02 1.500013776407532751e-01 1.002647002140647225e-01
3.368169328736475565e-01 4.371138428227853284e-02 5.470190251563554484e-02 4.037788327537836786e-01 4.278280283967347136e-02 6.260907747319120753e-02 1.850432989276414864e-01 1.579765309624239777e-01 7.683387611102787673e-02 2.429619578854374518e-01 2.586346715916387762e-01 1.341487317836204674e-01
4.066293343663796023e-01 7.730174446124696286e-02 5.624924684125000296e-02 3.240980589781055077e-01 3.037170429506995117e-01 1.858775183775200346e-01 8.876366181529556088e-02 3.874812240343655095e-02 8.815380502631414705e-02 3.400592670164465092e-01 4.130777761944724735e-02 4.909442014385879960e-02
2.924902127315823913e-02 6.446688534120148528e-02 3.168973676932324013e-01 1.114870598524629192e-01 2.379043628352563722e-01 2.607808648028216991e-01 1.981131075297061506e-01 1.230242694603837922e-01 5.826783959749204378e-02 1.107275830318576459e-01 1.347452151769797102e-01 3.543364234054469097e-01
1.184538279589533588e-01 1.881471306933506504e-01 1.978820267106195241e-01 2.793290746118500811e-01 1.619092544334061745e-01 1.471949339760693642e-01 6.994383805495235640e-02 1.244799968316418898e-01 2.016403362589019310e-01 2.367424656906602642e-01 1.168299391576412133e-01 1.574471756219540941e-01
3.730986920311993998e-02 1.310477131607924034e-02 1.739029395445047116e-02 3.988318242483993026e-02 3.640312385348180579e-01 1.088872791452564770e-01 2.315052582967030981e-01 2.162177259333357138e-01 1.791291541698291634e-01 3.036271747949012556e-01 3.049660700508023403e-01 1.839479821758651656e-01
6.477220575502184996e-02 1.388752683087706996e-01 1.824010250268875977e-01 1.236228057501754657e-01 2.124787945605990935e-02 3.445962196875364258e-02 4.223097474682526165e-01 9.811848890703110670e-02 3.724772637366697836e-01 9.956757215631187319e-02 2.693161099867024122e-01 1.728320114793622242e-01
2.037897444798034974e-01 1.313730328776212819e-01 6.844883494468469165e-02 2.343576634014674087e-01 1.405436379886586817e-01 1.758645761084072778e-01 3.146447624468646787e-01 1.182841466455987756e-01 2.987729534980760882e-01 1.343152834618763225e-01 7.393031461953228356e-02 1.056750495274084434e-01
1.396742215612395421e-01 2.112397970681236803e-01 2.233592320564672107e-01 2.329581492809493504e-01 1.583466874912508870e-01 6.410988010932619496e-02 1.095602189880481303e-01 1.059819060114396139e-01 8.673632364137837114e-02 3.742824754977380763e-01 1.356079922879235566e-01 1.581431160061133878e-01
1.863591107759017262e-01 1.332861415346808520e-01 4.697211365177251380e-02 3.627014438385703365e-01 7.354917995399325170e-02 6.497843552591515970e-02 1.688146663158081318e-01 2.376236883935846367e-01 9.966196389267517608e-02 2.881233999931042122e-01 1.816175285869598144e-01 1.563123275370350285e-01
1.388224161706524129e-01 9.278314686279134915e-02 1.931721548021089752e-01 5.745218743054372051e-02 1.039092220776253322e-01 2.325928884683376441e-01 1.485140302684185842e-01 1.918627854902731911e-01 2.028266167420588739e-01 1.761828544716589617e-01 3.558945251847255853e-01 1.059871720308047244e-01
2.843678386089586452e-01 2.107904042355631946e-01 1.297745728142239985e-01 5.522079440335463107e-02 1.851980474122936760e-01 1.201104508487375877e-01 2.961089532817513525e-01 2.578668920001905285e-01 1.377599305612781655e-01 3.093244195013745979e-02 5.769539415553101569e-02 2.341742797279803834e-01
1.567790587750748643e-01 7.813030640938278815e-02 3.859414291787338636e-02 4.811926569900317613e-02 3.360957544841730038e-01 1.208602004997431228e-01 8.153011926902939410e-02 2.462903878815954628e-01 1.724960289837104144e-01 1.014410599578702554e-01 3.789727881518329400e-01 2.406908869707110044e-01
3.651538494284299885e-01 9.552712233599608416e-02 3.502797430123154032e-01 6.949297229258394326e-02 1.647387017566829814e-01 2.864640381457803642e-01 5.293093880631316583e-02 9.028308442831999014e-02 1.884523525238439579e-01 2.180717184190766877e-01 4.111000615523963120e-02 7.749547269541973149e-02
1.218227007576595244e-01 2.949884330750163208e-01 2.021874823194224069e-01 2.917020452735306912e-02 1.498779547449770044e-01 2.958623767639744773e-01 3.847811813356955685e-02 2.785404819923610331e-01 1.760726219573305884e-01 1.549800077807691467e-01 1.823612839830322518e-01 7.565833396453552906e-02
3.049638423836724677e-01 1.785371691668512506e-01 2.957702830872519506e-01 1.039531857084517591e-01 1.379024485602558525e-01 1.950909509708224632e-01 1.489881394623597255e-01 4.605084970548681267e-02 6.758594084160337266e-03 4.443037583111426880e-02 4.435246214988485258e-01 9.402953954072545972e-02
3.763856745059785958e-01 1.259286911247329277e-01 2.823877534239599418e-01 1.336845197821986964e-01 7.422201607553975677e-02 1.485857489130955611e-01 1.334801248842225063e-01 7.090690243859888720e-02 9.514991571366518408e-02 1.796530491357256620e-01 2.851904721838089962e-01 9.442513181847445036e-02
6.439144008278457898e-02 4.179029656026977402e-01 2.106536886927912189e-01 2.769423521408387878e-01 2.815182368872641561e-02 3.900807987752474837e-02 1.247451755733338941e-01 3.018357907196356216e-01 2.906229450435290351e-01 8.758588444467435563e-02 1.279107888391821102e-01 3.024906529427735108e-02
1.855229597859279211e-01 4.156683104199472290e-01 4.745714587495550307e-02 4.052136813674419580e-01 6.317483809389613791e-02 8.889891083627904367e-02 3.642095475145611383e-01 4.785176514565017691e-02 1.918805728684124315e-02 2.197634364497717124e-02 1.015009788825622788e-01 2.393374611469575863e-01
9.036946846353510754e-02 2.538459710453643825e-01 2.076618047115067756e-01 3.737311156240322174e-02 4.180332455455019330e-02 6.619997494938077709e-02 2.172304799160322819e-01 2.522929358421492352e-01 1.697876700693063123e-01 2.851974841216720624e-01 1.754864293258945329e-01 2.027513454382053881e-01
1.082940595188325306e-01 4.188218174203415245e-01 5.741272755284364260e-02 7.174602963502643704e-02 2.016956556062919070e-01 2.095649097880435685e-01 1.473908969619333875e-01 1.247321402170459143e-01 2.413308365453813720e-01 1.872487598075550930e-01 1.517880422328660717e-01 7.997412471383703869e-02
1.299586925221139500e-01 3.230358953325164206e-01 5.504829327503302228e-02 1.319526175082357151e-02 2.039983281610264695e-02 2.517471689797504131e-01 2.259466344000924110e-01 7.287139711192600067e-02 1.647537035990326859e-01 1.689911247264941907e-01 1.531978744001541437e-01 4.208541210859598758e-01
8.523425341011414691e-02 2.392981666717063083e-01 5.018454210523611014e-02 3.700660932678407344e-01 1.315943462383706297e-01 3.473453699552906393e-01 7.618980393013061181e-02 6.228080242342848988e-02 1.686255375344195562e-01 1.985529910752338867e-01 1.525559290113624733e-01 1.180721643768665591e-01
2.550176291642889947e-01 1.826926834735792815e-01 1.513749581075635176e-01 6.084183225878343759e-02 1.844727773091872081e-01 2.881474773924684873e-01 1.419521787428610904e-01 7.154938440419081336e-02 5.142790903020601212e-02 6.729349398475455157e-02 3.490800519770385635e-01 1.961496241550774455e-01
3.755731304077953858e-01 5.446579360118383034e-02 1.175024942932208494e-01 1.182530876300657008e-01 1.805923413131568234e-01 3.551601126440823153e-01 1.237272989235906617e-01 8.048521322868927574e-02 2.820101056324860744e-01 1.984842736830137178e-01 2.916635248587449991e-02 8.457979615684128871e-02
3.018735024902978181e-01 1.516201579048095105e-01 2.193178682263795531e-01 1.042151713436441501e-01 3.171553829857675089e-01 2.813923827984677883e-01 2.427011232331855173e-01 1.350399335503644493e-01 4.614720582139514304e-02 6.115552827389392210e-02 6.758414908064341864e-02 7.179759429115295521e-02
2.523124651264457147e-02 1.712820482181329207e-01 2.856245422753358465e-01 1.353345584548436564e-01 1.547589155892762358e-01 2.712641474120452423e-01 9.231013555142902893e-02 1.962382296203377119e-01 9.063714475726582231e-02 1.248440663052688138e-01 3.302629799121509779e-01 1.222119853912684989e-01
1.884564482405913510e-02 1.092586516045237696e-02 6.460883530402258823e-02 1.225779012396444601e-01 2.115771197713138541e-01 1.134557959429970120e-01 1.825455430104213073e-01 3.609126739503195069e-01 2.844788289001028980e-01 2.109379703887732105e-01 3.090477644389372780e-01 1.100860570689558837e-01
1.371788507838425653e-01 2.266166036385958149e-01 3.991966491859149646e-01 2.673820747170194828e-02 8.962733350518545250e-02 3.914849089962267881e-01 3.071226094775638543e-02 1.800665424049312929e-02 1.336206425610066972e-01 3.460106226740675694e-01 3.691589101811086626e-02 1.638913749770984085e-01
2.857557162844621690e-01 1.665080171766009642e-01 2.279136663035270793e-01 2.023131250553590610e-01 1.390267310460434613e-01 2.833857827350211994e-02 4.388831458994321699e-02 5.320088514711706490e-02 8.676741997511450144e-02 3.360004238852665193e-01 3.015179940131693104e-01 1.287691282498942824e-01
1.929622774218648362e-01 1.059614496197088807e-01 4.291768356785476135e-02 2.351539344506771434e-01 2.413341134443852121e-01 4.069141062240432677e-02 9.281172363294837302e-02 3.416648554752958478e-01 6.111978381626956280e-02 4.062380875719453499e-01 8.558888882543710941e-02 1.535557915512091864e-01
8.382646974415011720e-02 8.504447313880597603e-02 3.424894475580593234e-01 2.425736367491200252e-01 1.680819832225536881e-01 7.721421527937621931e-02 4.387248251905437879e-01 4.001547346439986858e-02 7.364749667976096259e-02 3.647689651427314939e-01 4.107340998632191820e-02 4.253960384417757035e-02
2.675091672362295836e-01 1.973488054719743923e-01 3.058986972409483696e-01 6.419324146778737639e-02 8.544601317413094699e-02 6.922283342163595976e-02 2.484466716771508155e-01 1.988957502851665948e-01 5.476879126837259915e-02 6.477066275821170838e-02 3.401322399364398175e-01 1.033671260619512672e-01
1.775627837380429341e-01 2.456151754934807752e-01 2.039719030551358503e-01 1.370771146354737291e-01 3.139166122511336532e-01 1.685781298860132005e-01 1.159050140960174308e-01 8.962858993831543386e-02 7.181105293053732797e-02 3.462501073450436895e-01 1.006671684471790867e-01 2.901634818362658352e-02
1.601711340592803789e-01 2.182629503257787762e-01 1.405778249142671243e-01 9.067858752174651205e-02 7.652224461869397421e-02 3.723836512498283069e-01 3.309062511370766124e-01 1.257360372699809214e-01 1.642233414871913377e-01 6.038828616699597890e-02 9.478467656291955645e-02 1.653650146862412351e-01
1.102172998255451647e-01 2.079877633834987388e-02 3.881387839849743948e-02 9.540949444731883222e-02 3.832280594998532797e-01 7.368791352290982033e-02 2.900952328978413375e-01 1.045499186539685654e-01 9.298388094800297266e-02 1.979559271491093120e-01 3.278074056459504559e-01 2.644522126726513989e-01
8.545651894357400580e-02 3.042712435101270207e-01 1.402890005168810350e-01 2.653013010034367403e-01 2.093300465963592039e-01 7.404589621364993102e-02 4.171482832184552070e-01 2.905481272929606729e-02 2.085194498451800604e-02 4.821199826681740741e-02 2.240415109801497384e-01 1.819974430367347629e-01
1.002810173541207883e-01 3.766069212525007259e-01 4.030622970295153623e-02 2.691136516691641223e-01 1.894870862439589632e-01 5.230492956523696835e-02 2.481300964899480974e-02 6.981935351056088590e-02 1.454622841072630568e-01 1.862220140973942506e-01 4.251542586877020136e-01 1.204292441601530067e-01
2.337906953976560953e-01 9.988106790994213946e-02 3.576193128197944215e-01 5.060824697705160191e-02 6.220614580460925164e-03 2.061233132717178729e-02 4.427561364389326348e-01 3.188681657059660307e-02 5.021450705045869128e-02 3.299911756796553020e-01 1.435065367743214304e-01 2.329125584739568100e-01
1.897899626997805456e-01 1.513523489753979268e-01 9.092124077686564165e-02 1.449679421720089789e-01 2.470955327498509657e-01 1.371541203215787819e-01 2.848786521750672485e-01 1.073778485829950391e-01 7.561606560202834004e-02 1.575318480213839800e-01 1.915342570524008470e-01 2.217801808706424405e-01
8.898060752256101158e-02 3.231465643908048024e-01 1.637257273993903139e-01 2.159621796302806929e-01 3.457537907649879116e-01 1.191178361948399267e-01 1.678494764801230776e-01 5.738056960743862650e-02 1.806354243718021058e-02 8.985956227266597707e-02 2.797842654156718623e-01 1.303758778840558852e-01
3.056383068831612926e-01 2.616816943893055525e-01 2.159513868647661983e-01 1.679066405637488213e-01 8.981247514120180298e-02 2.639905502185889152e-01 1.466854847640092774e-01 3.468783368797187516e-02 4.549270974925543470e-02 1.591547076182343035e-01 2.467998073533798908e-01 6.219840276637798177e-02
1.258903633604846195e-01 3.210143306225014537e-01 1.018023488669888010e-01 3.193888984327440395e-01 1.831645318950110568e-01 1.754573396461542867e-01 1.065135184140545421e-01 8.255127343520865524e-02 6.363585084086030574e-02 2.636956249225987925e-01 1.879396357960549102e-01 6.894628376733899500e-02
5.724258709400376760e-02 1.183789007271345561e-01 2.949563543548272548e-01 1.004018354711050387e-01 1.367288789185528430e-01 3.409653852835184962e-01 7.505735191641603465e-02 1.808439301229236920e-02 2.530334405454118807e-01 2.551779923859041066e-01 1.410685782487674789e-01 2.089043020420666696e-01
8.608930058217001413e-02 1.400846740624085984e-01 4.391253036514734115e-02 1.135555432514874230e-01 1.807745666693914288e-01 1.733981720958869821e-01 8.979408725961586513e-02 1.248935638270526199e-01 2.021234737459058628e-01 2.596973168396893294e-01 3.489632889219194123e-01 2.367134823793247689e-01
1.931552748438563616e-01 2.036912863207213792e-02 5.160035177853449298e-03 3.710306205126551182e-02 4.574771169621055789e-01 4.808173464345133485e-01 3.640316892848605851e-02 2.131962793948813106e-01 2.422233042771522182e-01 2.800632224578247786e-02 3.138442416427576764e-02 2.547045368877575156e-01
2.436557873546780773e-01 8.174680376811156723e-02 1.849626829431157415e-01 3.186795291509758599e-01 5.701009144672518347e-02 2.218923688259352156e-01 1.098543313969487373e-01 9.886450945183319905e-02 3.448462515439876253e-01 1.827235036766425846e-01 4.233225775109674544e-02 1.134318826899489568e-01
1.747496786723164164e-01 1.780814021977715766e-01 2.278644044898616716e-01 7.134043555674285386e-02 3.386783651513907145e-01 1.449307860891705935e-01 8.052544873942141246e-02 2.191427155409124694e-01 1.414419522072156432e-01 4.505038280542753015e-02 3.463624503306590718e-02 3.435581835167031972e-01
1.709305617181474113e-01 1.770863733771199100e-01 2.399766660711483146e-01 2.817516125722761555e-01 3.837287322829027042e-02 5.456298871031548675e-02 7.003718261996595695e-02 1.649455384014192894e-01 3.267394956478298917e-01 1.287741264262597385e-01 2.055884566799195123e-01 1.412341245473091866e-01
2.345533123698222977e-01 9.222627197455762760e-02 1.479140978364174297e-01 3.538182273891267160e-01 4.799961603697221885e-02 1.220662220716353143e-02 5.160628639948293406e-02 3.709870967795439456e-01 5.567711567698824943e-02 1.048789930876687926e-01 3.902381362898985628e-01 1.378942239523606450e-01
7.779091224531511917e-02 3.435194604494963277e-01 9.879082325848184687e-02 4.256352691503956232e-02 3.303392485131578793e-01 1.044375996029948128e-01 7.222438990131775649e-02 1.117959827632631770e-01 3.149265207336047756e-01 5.886476023394891788e-02 1.640764220255029604e-01 2.806703533578778220e-01
6.034638471109579627e-02 4.277695639263771055e-01 3.868346506382221439e-01 5.588405247909175588e-02 7.907570940294600392e-02 5.278188813975241700e-02 5.380252993913035853e-02 2.679930056015819573e-01 1.114186005974128757e-01 1.510824784469171900e-01 2.367730799013195719e-01 1.162380562161535180e-01
1.311237616411130569e-01 1.102636967119889622e-01 7.360798081913946800e-02 5.384020520124317699e-02 1.968410930118690283e-01 3.515199598404131209e-01 8.380146600893215170e-02 1.914217374166824193e-01 2.534439897556580723e-01 2.875403084685266841e-01 5.922240083715385461e-02 2.073734002872817950e-01
1.947569634062180643e-01 4.034062587564969937e-01 4.538909472790445682e-02 6.125757897557326109e-02 1.227826941044077719e-01 2.219155067530828862e-01 2.597199076649119864e-01 1.549006207595886031e-01 1.149942082502911495e-01 4.182917523578384006e-02 4.489187431212806473e-02 3.341561170536150316e-01
1.470402146988813163e-01 7.240391119254407926e-02 2.641865145141233592e-02 1.792241764523031800e-01 1.195565652765898518e-01 2.820825565550348912e-01 1.800540349593217626e-01 2.091631398143868059e-01 1.786597911891918411e-01 4.249013073358808013e-02 2.807398139413140870e-01 2.821670137354317931e-01
2.997369332808060838e-01 1.334535171607127702e-01 1.718617585124466718e-01 1.324215795132673013e-01 9.049596438585350011e-02 1.077065274576551879e-01 9.115407091820852681e-02 2.900216752505757056e-01 2.108563372901783306e-01 1.732997717454376474e-01 2.052428015030779429e-01 9.374906298178034558e-02
1.167639810131522460e-01 9.153895289218269560e-02 8.916124160499788731e-02 8.118686466426255910e-02 1.445377454122242222e-01 1.913718526377337081e-01 2.330896707800981793e-01 1.927033605527420645e-01 1.488977917781241778e-01 2.351930540146367210e-01 2.213109333323192707e-01 2.542445513175278782e-01
1.150464043941438197e-01 1.448597173209823508e-01 3.836677504532000071e-01 4.949428240422826253e-02 5.856007452380088130e-02 2.099507557657196710e-01 2.765923271827837038e-01 2.540917466149272830e-01 2.097186591540027845e-01 1.448273701589104512e-01 4.671919133676794705e-02 1.064717206905319291e-01
1.055881232534392616e-01 5.598867103791144162e-02 1.477363847343618197e-01 2.306126628876608853e-01 3.417217481146239688e-01 1.900504376553253105e-01 2.228184519348433978e-01 2.074954122314344451e-01 7.925373552482428696e-02 1.654307177272267351e-02 9.144225847242361260e-02 3.107490423804293300e-01
7.151382566928451978e-02 2.355215378886817423e-01 2.112981275080991206e-01 3.757833177385204726e-01 5.389727662066208513e-02 4.390753282553282177e-02 9.395705454542305213e-02 1.983156898355306064e-01 1.766762793276396015e-01 1.794197951067648122e-01 3.035866390297247142e-01 5.612292390413887999e-02
2.040294020680462062e-01 2.255395211040575054e-01 2.340442306026917496e-01 1.635317922400786328e-01 1.003673718468702236e-01 7.279762890729415958e-02 3.761266493967863056e-02 9.307108116208304138e-02 3.178903496659502004e-01 1.759216145586656732e-01 2.147013880474585856e-01 1.604929548571260856e-01
2.186914857685280378e-01 2.593221622521893477e-01 1.514458950659716696e-01 8.297508280666940350e-02 1.773464182801744449e-01 1.557219852798860105e-01 2.145686809446564758e-01 2.631643287550474719e-01 1.122773838006208835e-01 9.448299073021973471e-02 8.172949597988971027e-02 1.882740903361500295e-01
2.309729025386819679e-02 3.014215455443021094e-02 6.150976113299802539e-02 2.406912084142145136e-01 2.478668618268214663e-01 2.303604645475101909e-01 1.836385991615620550e-01 4.374000745249773114e-01 1.891146095260217985e-01 2.137151140099944335e-01 9.952534325991513331e-02 4.293851878768573105e-02
2.401958319352518745e-01 1.211800649504615746e-01 1.623050932722435724e-01 1.280978976742945252e-01 2.102016094969691162e-01 1.641032820756779531e-01 8.304041942794372633e-02 1.579802607686879301e-01 1.188607350773580873e-01 1.819047129508607752e-01 2.869142452728146164e-01 1.452158470974379556e-01
1.061150839559860809e-01 4.005326527411088855e-01 2.108751841644780911e-01 1.551616323128265362e-01 2.070168794347025942e-01 1.530964994797249512e-01 3.044881797716711413e-01 4.218980774677026646e-02 2.184094689159368774e-02 8.012839524193789142e-02 1.963961762892766083e-01 1.221585619699234598e-01
2.787212521947470267e-01 5.477852995578465223e-02 3.757260934408136466e-01 3.193244386534856427e-01 1.884903058515869367e-01 4.927839627927844968e-02 9.737958580981795342e-02 1.270509327637959207e-01 2.787657915107310536e-01 3.442788102980262610e-02 3.124317056672535481e-02 1.648136219434299110e-01
3.947644957412277389e-01 3.106100779109668281e-02 9.050466950667610672e-03 3.428245094925399389e-02 4.364310193985079245e-01 1.795638389731554763e-01 2.454894111293461079e-01 1.310424905651232930e-01 1.888128487020708235e-01 1.740026077119461168e-01 8.295344039742477693e-02 9.254592169017947234e-02
2.725132462457390270e-01 1.177648902253127516e-01 8.807339295414962077e-02 2.925735673940629833e-01 2.345752050527844523e-01 3.024858154949902067e-01 9.648266786872942979e-02 1.221840017576818205e-01 2.615389831750810634e-01 6.860626696542679315e-02 5.799132560109264423e-02 8.521063726494809698e-02
2.271929470975555809e-01 3.126854903167063382e-01 2.936859009772200269e-01 5.281172954899079897e-02 2.023960191414960613e-02 1.010828907829872253e-01 2.682663683641651753e-01 1.296270447233279777e-01 3.301245791350559400e-01 1.277841866051497854e-01 9.262046973153312268e-02 4.387879080315899849e-02
3.892032926476042265e-01 1.059959071070076531e-01 1.972574111359513271e-01 2.194730957528635007e-01 4.046678794110937227e-01 1.381293572555480909e-01 2.714586860500260990e-01 1.548654769188488878e-01 3.416840850579427880e-02 2.796016565599203710e-02 1.491728119617737047e-02 4.190303836309151875e-02
3.120426164854990247e-01 2.346442966559083021e-01 1.154360476705896532e-01 2.514675383039903789e-01 1.398484136037887182e-01 2.469095896180124525e-02 2.145569526763686438e-02 4.568081583800723267e-01 2.838183910818004377e-02 1.348493524500667951e-01 1.136525367061663044e-01 1.667225464063003815e-01
9.281627004385935298e-02 1.117124625791232617e-01 3.130761491317256562e-01 9.284135164311783928e-02 2.317063457071346158e-02 9.332381998685156110e-03 2.240413689827582683e-02 8.292251104936936013e-02 3.771194247461087667e-01 1.563581993571164230e-01 4.006879771773804721e-01 3.175585008045247459e-01
2.501445898665171641e-01 4.209402658584487922e-02 3.967390106065956656e-01 1.112382820643663117e-01 3.896088498240662945e-01 9.414498739650432879e-02 8.632838231507439231e-02 2.906886252418142691e-01 5.114206399830016625e-02 3.451566573159926127e-02 4.523201549585186693e-02 2.081235008734666492e-01
2.962938463103314546e-01 3.196079906729662468e-01 2.812018644016984203e-01 5.353987601423473158e-02 1.108580228529722211e-01 1.417106853791909038e-01 6.004242197035923601e-02 6.708953539663273236e-02 2.475318688089140629e-01 2.134943095932523016e-01 1.236584611038670789e-01 8.497111749558106109e-02
3.948064829498817985e-01 1.093805430220523289e-01 4.165782051984313061e-01 7.419455636399011067e-02 3.949442371331560730e-01 7.549656779862584655e-02 2.847483580573186290e-01 1.475003841042854258e-01 2.154117241681747369e-02 1.886611700697374619e-02 1.814303214725796962e-02 4.380034380120841758e-02
3.125029761855406818e-01 1.765875828460806429e-01 1.508682342107067753e-01 2.477664665995224780e-01 8.657867877450971250e-02 1.006787083198196486e-01 1.970218794740255519e-01 1.182329448746210210e-01 2.879019809352847403e-01 9.995629917724332958e-02 7.869900710557012347e-02 1.432052414970752807e-01
9.922762585045452610e-02 2.873868279805474879e-01 1.056999442224511310e-01 1.119590112920061387e-01 1.300910997828688409e-01 2.579275617573705270e-01 6.422641039730071777e-02 1.050540753825177503e-01 3.623125655482418717e-01 1.243364443978975525e-01 1.577596526462176352e-01 1.940187807421243638e-01
3.943373972562467245e-01 2.201528815209959772e-02 1.611349567997662213e-02 7.910447885338489638e-02 8.980229437790054892e-02 2.109264303360408599e-01 3.016473150891958999e-01 2.978058632959648677e-01 1.578926185755983869e-01 8.013152014924969369e-02 1.869694181468237737e-01 1.632538800875188711e-01
8.244106242876722557e-02 5.416732354147291151e-02 1.887030452910310463e-01 3.543605649323579576e-01 3.353227402601330898e-01 7.918251189277215885e-02 1.715738392419232372e-01 2.845287396513536751e-02 6.268753880574891302e-02 2.444706928158245640e-01 2.197046341903314270e-01 1.789331726345017026e-01
