-1.205644728902201557e+01
-7.472806206813354279e+00
-2.342644161526520552e+00
-1.850557574208243405e+00
-5.985249085399883207e+00
-4.935533685424083217e+00
-8.894893114937332257e+00
-1.000145077309591990e+01
-6.534185817404559948e+00
-5.112064540159866333e+00
-6.099331312779434633e+00
-8.284239804245169481e+00
-3.288308039525300153e+00
-6.999784647849781827e+00
-7.561839004264340858e+00
-1.378392796198474457e+01
-5.899803538446006357e+00
-1.069102551822603964e+01
-8.192450539924985620e+00
2.739961003315170146e-02
-5.683487752111108016e+00
-6.461189012759896322e+00
-5.255228428800018392e+00
-2.565012110440437976e+00
-2.706157011007913837e+00
-5.193808120797134720e+00
-1.061600956505516535e+01
-1.085323390114597686e+01
-5.061202257346548716e-01
-9.607776783671635457e+00
-5.848637952970711318e+00
-5.598973174061181446e+00
-9.953853711490010525e+00
-7.880671621825447559e+00
-5.159738268798216509e+00
-9.265908256714002533e+00
-8.441782289248038751e+00
-7.243851784956292228e+00
-2.172352669834404892e+00
-3.178132584229834912e+00
-2.262346201595169859e+00
-5.109044733833910001e+00
-6.444405041703379133e+00
-3.897319020871624407e+00
-5.157475345267406475e+00
-1.127620482539103897e+01
-4.213483012993158638e+00
-2.638167677556039870e+00
-1.162706841848324757e+01
-9.176994717371663057e+00
4.449099835751837873e+00
-9.843693207186525740e+00
-3.240148241781382055e+00
-3.918138842742718175e+00
-1.087042867033676430e+01
-3.878906804287733934e+00
-7.969262777651156426e+00
-3.339081197979142601e+00
-3.397688209987703711e+00
-1.663958826837842508e+01
-1.079078268016178832e+01
-4.681684222698852871e+00
-1.012194863723191673e+01
-4.129803437714920200e+00
-7.744199269758038184e+00
-8.084670405253854497e+00
-5.120708386365302012e+00
-1.131094975265925306e+01
-3.389476291062292646e+00
-3.726458472795978416e+00
-6.477088699460167298e+00
-9.789445410822109395e+00
-8.720872680913906549e+00
-5.651281671284133168e+00
-7.768477318657313724e+00
-5.852324883664651978e+00
-1.969922050957917836e+00
-7.314475367525619554e+00
-9.384349525388516966e+00
-5.045911417639048047e+00
-6.651332943677301657e+00
-2.789945764332382616e+00
-7.088020488288254484e+00
-4.650808228512044451e+00
-9.833700599696392430e+00
4.034626611293589682e-01
-8.788660756582029165e+00
-2.783963022183452374e+00
-1.095700797130014514e+01
-1.222658498561765583e+01
-1.099266038112757293e+01
-1.118246697939766499e+01
-5.489351603600098883e+00
-5.822596065731458381e+00
4.619722551948346911e+00
-7.673364892098630818e+00
-7.741121599878604265e+00
-5.352339035693105984e+00
-8.024722478069465481e+00
-9.660656563519181006e+00
