7.645860486925551425e-02 1.748507809255092638e-01 8.519648502976009952e-02 2.270802241586699355e-01 1.291978962784249563e-01 7.775296065287927438e-02 9.059868457375758188e-02 9.990226747642109995e-02 1.351927990810910252e-01 8.214077886610372803e-02
1.129184336727801496e-01 3.878813268501497130e-02 1.765201148279245125e-01 6.497472715275995347e-02 1.052520074787109683e-01 2.717770944417740031e-01 1.907380846383391337e-01 1.500997421980077018e-01 1.070314720404818148e-01 1.371878811207350446e-01
1.073506337769592617e-01 7.920224624504788868e-02 2.785523148456640619e-01 1.713497694037468821e-01 9.371422737418487470e-02 1.370074813761391896e-01 6.488204556557899960e-02 2.123709944864937693e-01 5.490680623481909717e-02 9.122730983769963831e-02
1.762628368775915333e-01 2.249663400939912739e-01 3.654413408534357144e-02 3.833472052448630429e-01 4.122393326957037724e-02 9.226355948391472273e-02 1.136828598386302874e-01 5.624992905722227265e-02 2.379051571835809065e-01 1.233583975622582624e-01
6.091284249985119692e-02 1.665039450679568767e-01 8.444534751878110534e-02 7.374456161980981472e-02 1.394989363495157952e-01 1.523198418662875808e-01 1.512422436801954539e-01 7.086763051003522329e-02 1.076007045699608061e-01 1.537576766802763450e-01
1.568991779541669129e-01 5.413454025418739518e-02 1.920323142093779967e-01 1.617869509840901832e-01 1.895227179639493442e-01 8.028416994254622407e-02 2.220560205923503283e-01 4.336175273523436291e-02 6.464051951000132634e-02 1.843861308784044140e-01
1.102658672399820794e-01 3.853860015817815038e-02 1.327398730975455632e-01 1.384810623760902581e-01 9.195389205131271337e-02 1.798336447819302020e-01 1.673642505751263831e-01 9.899282125555128320e-02 4.753922325112382996e-01 4.832550510447571057e-02
1.381849009225845637e-01 7.774737406071803580e-02 6.958663729116049135e-02 1.549519976796936149e-01 3.484280274908618802e-02 2.322274688111984273e-02 7.184863759404733763e-01 1.213187419330571948e-01 9.505040354805824321e-02 2.836790226884853272e-01
2.219139020962354603e-01 8.360674049979840983e-02 1.244470975797470208e-01 3.522784051503397018e-02 8.906590763979752023e-02 1.897105757071742838e-01 2.591194243610637771e-01 1.511590983005280109e-01 2.441100347510111734e-01 5.669906109053727411e-02
8.842100803672552078e-02 2.457505498795993504e-01 5.754843997580258441e-02 1.468605936808416723e-01 5.322245071051039805e-02 1.510010568129266373e-01 5.591027116568246524e-02 2.538828234905115000e-01 1.225121409171227027e-01 1.468873267585062981e-01
8.036489439261544632e-02 3.140006239987159775e-01 4.653186100206357229e-02 1.024129285950781537e-01 8.120058186280536272e-02 9.164512901817399582e-02 1.333875075890177120e-01 1.008175208693350561e-01 1.428560941310363097e-01 1.779050043195909980e-01
1.760800818135355716e-01 1.980564916695749522e-01 5.732181542143186675e-02 1.262762661841955736e-01 8.687092070380281195e-02 1.570815155510130734e-01 1.092031516710461891e-01 4.784009593759822043e-02 3.467223149360642021e-01 4.409648757972463307e-02
8.182975161847090562e-02 1.334681099656314651e-01 1.259096467282157517e-01 6.123546218616270770e-02 2.420722789942035547e-01 6.995345613425972553e-02 1.346330618501777321e-01 7.893973117147709551e-02 1.453526881972348195e-01 9.089634141435509740e-02
3.274649182378168433e-02 1.259523162578114752e-01 1.521759549869426686e-01 7.017437183873966033e-02 1.575084028209272902e-01 9.544309126181566016e-02 7.176472760575072773e-02 2.165880023529507814e-01 1.321607560064501641e-01 2.433075645038744184e-01
8.628851745644061655e-02 1.411320015913493375e-01 2.427773943996132389e-01 3.144471162191936342e-01 4.386439790777527797e-02 9.462193723280525048e-02 1.383023252249103163e-01 4.485559204749822726e-02 1.080681577607685434e-01 2.113959967908763671e-01
9.992167115585276482e-02 2.420861733676858418e-01 2.580233366661273398e-02 3.360053566931447411e-01 8.581317567310474403e-02 2.793763712343726446e-01 1.770229640676999547e-02 4.307974894721515735e-01 7.287849891427947147e-02 1.522415884642150108e-01
1.823003212066405254e-01 6.998639039777894422e-02 1.144909645185997749e-01 6.071053693582675881e-02 1.469686676068954201e-01 1.354236325605752689e-01 9.513566398570676153e-02 1.076945323329819432e-01 1.035726360504544696e-01 1.256842470528637956e-01
1.467205361400080177e-01 8.162095334149355175e-02 2.208071352651266306e-01 6.485256553908499977e-02 7.599137585522736105e-02 1.415324618238426868e-01 1.649298534202882638e-01 1.151649788461072271e-01 1.092339571266019993e-01 6.603654020011918979e-02
1.255735226187030817e-01 7.782591700321209172e-02 6.930684235870915311e-02 1.181234090274249082e-01 1.498164797589726926e-01 5.249542190329574420e-02 1.681900720780721004e-01 4.149071045622064746e-01 1.375305019211208457e-01 7.723384253402677813e-02
5.061679478731238857e-02 9.840871292321547170e-02 8.801850337634764543e-02 1.133946504330445304e-01 2.898358372607013345e-01 2.152727303904219680e-01 4.404064996327936021e-02 1.385292121722642433e-01 8.997140976380578470e-02 2.377560071222935001e-01
1.206364700189540562e-01 4.445646879232271337e-02 1.513851809872009402e-01 1.487937029275025191e-01 1.151954487507930447e-01 1.272304293484041171e-01 1.298962975611389903e-01 8.455895150472014787e-02 1.200152206177531600e-01 1.209173247250684147e-01
2.159473599986669878e-01 2.670073660820091455e-01 2.497748462969003325e-01 2.976209700412581899e-02 1.191080926782646932e-01 1.020657505259362635e-01 1.388250412983927651e-01 7.626530110657081529e-02 7.649855491498915028e-02 1.178620172871579219e-01
2.021065477240944208e-01 5.308519496141421434e-02 6.526163557411833460e-02 2.096625980903518427e-01 9.974827109380197954e-02 8.964804099145128047e-02 1.328811986473757700e-01 9.259780010446348741e-02 1.433601813750125520e-01 1.080704005981432403e-01
1.435302934827879240e-01 1.100170868722009226e-01 1.041570896218269177e-01 2.520412406157537810e-01 3.475058044425479581e-02 2.439307490710289905e-01 9.024355415180838891e-02 2.633741781301733309e-01 3.766081036930381265e-02 1.084443464140691649e-01
9.427962444437604228e-02 2.271591574147015236e-01 8.595621902294457717e-02 2.150181247226881365e-01 3.589043660995262786e-02 8.664890056965439402e-02 1.616744537238708479e-01 1.828445681688604663e-01 1.065905705636768230e-01 1.009867902593725580e-01
5.344093817707798455e-02 1.911888197774000986e-01 1.191564092646708872e-01 4.003012139220080839e-02 1.725707906723209228e-01 1.290789230174885505e-01 1.826744044187155747e-01 2.924398414719948658e-01 9.248571152570594922e-02 1.027146533583061794e-01
1.017429950861511723e-01 1.590721065187662431e-01 9.130757722208314442e-02 3.662813727863125507e-02 3.128588615225623148e-01 6.684376364085704847e-02 1.016610381870365898e-01 1.876914354958264253e-01 1.116359866807256490e-01 1.310427288624123610e-01
2.979585108848877839e-01 5.853248748912792676e-02 9.920677696703551762e-02 1.367598945876146166e-01 7.967084041541973305e-02 1.054552454566544950e-01 1.268116214494589833e-01 5.354453475235909643e-02 1.504311535577380066e-01 1.558481626121699937e-01
6.881565214256968321e-02 1.249209163425356039e-01 7.227019031683221129e-02 3.214057729104127237e-01 1.251211361379320486e-01 1.028640758627252239e-01 1.464338579829874698e-01 7.812298236394300821e-02 7.072547595537553855e-02 1.532434444349081160e-01
4.766405487672106811e-02 1.983429598733407462e-01 1.501385397842433800e-01 1.016488521598879341e-01 2.467726822814766408e-01 5.670597055051428137e-02 7.997697624366814639e-02 6.124165236132381174e-02 4.145003572946998061e-01 1.027346048808929352e-01
4.767475423205098928e-02 2.111252322383928848e-01 1.029736457613283224e-01 1.821002583918489570e-01 5.536651629295871735e-02 9.120093887785188369e-02 1.725625352915899358e-01 5.210829759066758216e-02 1.858295960325195839e-01 1.936298308654487710e-01
3.565495413664075408e-01 8.081094896570693853e-02 2.175252681316427739e-01 7.839226017273596969e-02 2.857424236716523680e-01 4.265910879345485851e-02 4.764174963705302551e-02 1.882068480344262773e-01 1.251929551468209667e-01 6.639610841244825146e-02
1.606529655848121796e-01 1.333201711170104165e-01 1.266948513968757239e-01 1.270943138204152500e-01 9.942395714682132624e-02 3.871832765124316039e-02 1.698846185750846893e-01 2.630512833397039008e-02 5.650697337335941484e-01 9.535049950804980190e-02
2.003441203134225523e-01 3.040076899150900153e-02 9.251633232486466962e-02 4.915323028868101574e-01 5.699261492015234021e-02 1.656438148619898132e-01 1.363595434878590307e-01 7.692328582986597552e-02 1.621186191521410691e-01 7.700695587290966315e-02
8.305921673960374452e-02 1.634131773791049624e-01 1.850048305988672703e-01 1.290217120285289398e-01 3.056088810492634325e-02 2.639943838915917995e-01 1.947679687443332752e-01 6.447032303973422585e-02 2.150649837951896237e-01 5.392326324779492946e-02
2.209761624429349980e-01 9.038360832211576879e-02 1.130922760279590017e-01 6.136960665480374610e-02 3.148589397118070621e-01 5.264639127650416750e-02 5.530889967358360026e-02 1.405945025016072658e-01 2.331942640561716074e-01 1.130732836272808906e-01
1.049721660495735454e-01 3.538738965452443708e-01 4.243858912374869063e-02 3.466319048446838691e-01 4.904213271956093384e-02 1.902759958869669477e-01 4.243852419690729433e-02 2.964704221712727850e-01 4.790970721216850775e-02 1.325936503100465791e-01
2.347452586425555487e-01 8.652839198631270823e-02 2.071764581868165700e-01 1.080909008572072949e-01 2.870218803131802665e-01 6.277861503452202008e-02 9.798749416618460217e-02 1.516749280454851023e-01 2.535246245600265569e-01 1.714115270265601301e-02
1.231825584358222925e-01 8.206543463275464689e-02 1.263079831668094954e-01 1.004935161714618219e-01 9.240166853837118721e-02 8.965983819274010724e-02 1.932483086975632092e-01 7.346945770605198267e-02 7.851579088491801584e-02 1.627704695161414361e-01
5.798536157151457093e-02 1.214218942717134597e-01 7.639339340173031956e-02 1.589594342798633098e-01 1.230370250401182225e-01 9.288377913373621619e-02 2.854286004062572824e-01 3.931422682732417517e-02 1.990192011557376517e-01 1.376041134745559502e-01
2.013372204680295985e-01 9.844506942920554227e-02 8.235628536887422413e-02 1.038017026541991905e-01 9.943697438606990957e-02 6.652032898307408404e-02 2.253310776018779826e-01 6.500222281423151394e-02 2.662540985110347092e-01 6.368961526308407339e-02
3.589678084078072873e-01 1.305299765531540146e-01 1.116818029461072864e-01 6.758346745232129971e-02 1.369121284276726136e-01 7.613209042760531176e-02 1.226575083458346233e-01 3.193234494331518292e-01 3.545206928976415289e-02 5.962837728596773190e-02
9.887991350787415923e-02 1.120165895775734333e-01 1.228276118801087530e-01 8.171096219225987278e-02 1.855361960784480957e-01 2.704712594416269211e-01 5.345935526899458362e-02 1.832050577725926610e-01 4.099792283476022536e-02 1.512140730060963500e-01
9.016860686207184283e-02 1.144342949745951327e-01 9.291142523183944235e-02 1.105042786804908556e-01 1.346953114501965587e-01 1.297377723650941228e-01 3.873174252189091615e-01 4.929269158308065280e-02 3.196481843649733867e-01 2.973250438263236664e-02
9.509401107647369455e-02 1.313430391559275157e-01 1.154787280878229044e-01 6.500773837582998760e-02 1.783270921846297763e-01 7.216147277012170680e-02 1.817634083652608645e-01 1.120051368050005436e-01 7.454611883228837166e-02 1.098235601128732530e-01
1.444816882961491022e-01 1.362853255566078003e-01 8.414706313301456575e-02 9.651738638208640086e-02 1.665316263397048357e-01 1.129319042631177633e-01 5.103447609364166609e-02 1.358086879772912869e-01 1.575724389991413343e-01 7.581618392241308568e-02
1.157225347267910875e-01 1.121355039094733691e-01 7.198434655239448199e-02 7.110073327570823332e-02 3.404037131292536045e-01 4.541106700474789593e-02 3.578759598425081401e-01 8.822157909584842084e-02 8.413113341880444629e-02 1.093572475286555684e-01
6.621883353482023449e-02 5.232424927487848432e-02 2.395766849746128468e-01 8.010479102690208630e-02 1.606891409180760677e-01 1.871119531216459964e-01 1.412025089598812067e-01 2.150835701718535331e-01 8.101326533493254101e-02 1.073702657883779388e-01
5.455411428059038503e-02 3.006921928824665691e-01 8.205931060829541046e-02 1.281704670161893100e-01 9.155454016242751958e-02 1.219234775579389890e-01 1.011154382659182616e-01 2.374546732551572614e-01 3.705853049343745820e-01 1.681372596825033566e-02
1.721602198651634719e-01 2.676444236952545408e-01 5.981420094573262208e-02 1.710758304123287110e-01 5.664974326759231182e-02 5.146733538861993085e-02 1.138587433504283236e-01 7.530769598771167028e-02 5.225900980951464492e-01 7.686716232983707708e-02
1.492451613255516563e-01 2.897215358124388684e-01 2.686192053193686702e-02 8.981375905415273087e-02 9.080525968742941822e-02 7.649176551972977633e-02 3.929798379637581829e-01 5.214578558240327150e-02 2.042188483166751944e-01 1.755837862346956713e-01
1.748067083271732935e-01 4.944123337584201971e-01 2.923171690765489703e-02 1.862220924289906820e-01 2.578049894256495556e-01 1.841895378099044356e-01 1.346337986913706715e-02 1.691475116574027993e-01 1.262973848516162623e-01 8.709094854393073515e-02
1.315008651043602927e-01 3.544325575089381924e-02 3.056455663873196005e-01 1.330682671488552793e-01 6.920348886606556005e-02 1.859045367290392270e-01 1.480072706060542864e-01 9.133704554099468520e-02 1.600219970402339542e-01 6.519078206939696307e-02
5.148734268339055092e-02 2.934820147396451431e-02 3.979970403583727445e-01 1.200004109388716350e-01 1.133470272345980523e-01 7.650905407647025369e-02 1.924644577204628060e-01 6.894162452089683257e-02 1.773515821590120889e-01 1.895776841269238011e-01
1.288253022890729349e-01 9.048788079161056153e-02 1.292229108178025998e-01 1.302667703653625497e-01 1.474165269338104274e-02 3.498496210502455850e-01 1.552674534366138837e-01 1.809646493279750412e-01 1.577196536137182581e-01 8.542696120740625454e-02
1.513794629554100490e-01 1.653773737220171902e-01 9.386895608900162891e-02 1.637039579752660456e-01 4.037169171791447908e-02 1.941991471078560738e-01 1.286859350974382532e-01 6.305189268170070804e-02 2.512668203249592835e-01 4.943105189881088352e-02
2.138247891376683363e-01 5.709978693694990615e-02 1.216645922641489130e-01 1.518131016897603935e-01 1.018015432999191394e-01 8.852683935652043423e-02 1.118915029051141541e-01 1.132728564947670935e-01 1.542595317814729194e-01 5.386176728669889169e-02
2.045396195324807320e-01 1.888794188640510741e-01 8.266820454720343048e-02 1.487230528900365112e-01 8.168930605025599700e-02 1.296653164203928066e-01 5.994945241948557157e-02 8.743058762606721601e-02 1.687626962875086178e-01 7.636635261000861152e-02
1.095395906496050287e-01 7.953906472559549301e-02 2.114448319547556354e-01 6.918363824023188169e-02 1.246045931577319937e-01 9.766659993759464753e-02 1.027483498360865916e-01 9.019921604900298095e-02 1.223131706494147569e-01 1.008803374871899000e-01
1.915105785300404984e-01 3.802027485466429046e-02 8.493304309520612050e-02 8.139015526906030751e-02 1.442800013525581404e-01 1.144726162601548691e-01 1.296150796895266244e-01 8.605828153788672163e-02 1.330149173619017133e-01 3.716514916383696354e-01
5.083636908914536401e-02 3.400433183075551868e-02 2.206993842985761900e-01 1.865136653061238436e-01 1.028266783954384644e-01 4.500129819634268724e-02 1.627253150672590687e-01 2.126066679189993758e-01 3.202313972350341320e-01 2.003702544986202261e-01
6.342445016810875635e-02 1.318251542506074792e-01 9.166923963606138370e-02 1.729088851478943756e-01 1.610420524459937885e-01 9.691693955867443366e-02 1.265501179514493535e-01 7.338244461106788186e-02 8.873393793162474841e-02 1.546924430300979092e-01
4.733730114605010780e-02 1.267310071830005380e-01 1.922634223139925436e-01 1.405391565909516471e-01 1.610387362786223076e-01 5.056073926993748940e-02 9.819540968357100275e-02 1.433466090091489731e-01 7.947661480937341649e-02 2.372489384920965227e-01
1.848043355039644120e-01 1.124958447497708819e-01 1.216698024063321837e-01 1.114617157916000800e-01 9.573162314222387337e-02 6.240808706869745148e-02 1.602937933789032043e-01 1.196139088253640598e-01 7.608800587105504776e-02 9.883716706479894754e-02
9.239165746098132459e-02 1.570854977313188572e-01 1.000546859454005677e-01 1.701489290693974366e-01 2.658848527181210675e-01 1.000057826443280784e-01 8.098213950191480992e-02 9.625911835086632673e-02 5.929029541832580436e-02 1.443570262740371257e-01
1.352722175752139322e-01 7.492383875582676878e-02 2.765203849363408461e-01 6.829951146294617470e-02 1.154251262950697354e-01 2.111554784699949672e-01 1.245526421066186912e-01 5.249962192210837902e-02 9.587446560940832141e-02 1.197079787928935490e-01
5.689086483575869768e-02 2.162423283325416445e-01 8.060539789757757700e-02 1.174426629219457313e-01 1.285825686383570143e-01 5.883184017646507502e-02 1.147061872172160935e-01 2.387146207936001185e-01 1.219050831026877446e-01 9.712082229566566804e-02
3.468285288426520285e-02 1.693516267682814991e-01 7.499255546658437077e-02 2.501133383335572558e-01 5.345156026504381541e-02 1.210848292245787772e-01 1.675426034234416273e-01 5.085428251542853384e-02 1.644545764534356413e-01 3.168075934780713032e-01
2.351631858162547273e-01 5.311068854336370437e-02 1.249635470945746202e-01 1.171393129011633893e-01 2.242943503669964367e-01 8.981582275069530108e-02 9.303471771448822147e-02 2.290395836754600123e-01 6.270470408139339202e-02 6.463197229875103367e-02
8.328764482402105374e-02 1.362441402020881376e-01 1.443339659304487266e-01 1.335236174070446313e-01 1.047687780256507800e-01 1.755239554374374844e-01 2.618308939274002212e-01 1.311819669267768607e-01 3.365230904226576558e-02 1.218769498987081895e-01
5.842314114560839822e-02 1.011049481900493097e-01 1.174486686854721296e-01 2.239895200045212420e-01 2.594726454361895862e-01 6.150474087084414204e-02 6.856703558425036871e-02 1.194599325229646208e-01 1.142009245538599532e-01 1.607822157693442611e-01
8.307575701070582519e-02 2.527260785139049948e-01 5.550953394950153968e-02 1.437629183855026471e-01 1.319014787249533915e-01 1.306342462567517404e-01 8.355191134776972228e-02 5.556328758125317346e-02 9.856251673959030846e-02 3.073560136991280167e-01
2.431636377589586895e-01 2.484940899539512249e-01 2.424788451852505355e-01 4.938882029736534063e-02 9.067417093925962679e-02 5.195485107016224041e-02 2.509745018060101085e-01 7.874642987071822642e-02 1.989490691659422938e-01 4.464124737969670659e-02
1.645920286922722964e-01 1.066370165335183973e-01 8.102919883883145935e-02 9.256175679691312774e-02 1.122596449322008222e-01 1.756415602064678450e-01 6.235714796274922228e-02 1.272042810887669961e-01 9.794474189428759026e-02 9.910362229940379575e-02
2.053923104529113697e-01 1.193877811802708522e-01 2.132333073571842930e-01 3.822724961170559377e-02 1.123518269269375008e-01 9.738757011274579156e-02 1.113503394410472469e-01 1.064291494331320309e-01 3.697086180477167361e-02 4.005421009786061526e-01
9.992987495043985369e-02 1.279214181119920357e-01 2.086649280234784964e-01 1.499260104480137357e-01 8.932518809847732333e-02 5.420468720992963757e-02 2.153251320915321454e-01 8.221284035637396737e-02 1.787993571541908466e-01 5.572961834519115504e-02
6.689134894415417476e-02 1.646772734581172515e-01 4.166431598166453476e-02 2.680868449888710869e-01 8.586978022619254358e-02 1.739289440746886461e-01 1.453014906978249421e-01 6.284791451830956666e-02 1.445589566687534577e-01 1.130289771374346774e-01
3.976920469480139247e-02 1.671526165129505748e-01 1.867440896217233692e-01 8.072906999587174670e-02 6.080459964959675917e-02 1.493008709549507596e-01 1.083734483689373362e-01 1.390643256871406941e-01 1.570749089849542979e-01 1.646563570798757759e-01
1.240339472300555773e-01 1.820620911281618237e-01 7.853596692107847610e-02 8.943310439440026183e-02 2.192772739801092940e-01 2.698454238073955125e-01 1.878365492334094777e-01 2.117261096808663035e-01 5.504085835900907747e-02 3.773945727968333608e-02
1.329160207279251882e-01 1.152325235950101973e-01 2.058991023353558825e-01 1.737735167881851173e-01 4.123160016287753110e-02 1.678358009660022021e-01 4.746449154091162553e-02 1.355273016347555981e-01 1.396095586210814310e-01 1.529805885461197057e-01
1.644003034648794381e-01 1.712029434235437519e-01 7.790636840442641264e-02 3.920843328903841213e-02 2.583639108055409417e-01 5.753836901715517899e-02 3.056173349189751365e-01 1.080712873158308496e-01 1.316275610069138902e-01 6.144371238082341202e-02
2.889125582073512888e-01 8.078642728326468347e-02 2.457396667153375902e-01 3.871922535623818079e-02 1.239259222624192608e-01 1.035178416752001451e-01 1.485929742345707683e-01 1.348914806607061090e-01 5.210688605683902463e-02 1.211472062069993416e-01
8.072569370924669030e-02 1.012661621786347249e-01 1.130356515560147768e-01 9.071829063331154908e-02 1.080821342784282768e-01 1.350413858033999159e-01 6.884496925645922083e-02 9.482793278425102890e-02 2.319993473518700000e-01 1.172080289609154224e-01
5.025051971826420549e-02 2.019740847216465740e-01 4.250726394389339746e-02 2.322638187228820150e-01 1.338194331125260872e-01 1.037962617257926212e-01 7.238141834477077041e-02 7.753866405612935830e-02 1.982904473302060933e-01 2.310151766477093194e-01
1.044582888267646253e-01 7.896897672872467411e-02 1.038871997048094326e-01 1.000082610924763055e-01 1.374116849907989490e-01 1.140988742332127714e-01 4.858256525129590192e-02 2.816855131016530178e-01 6.374648814180707002e-02 2.005981494174291502e-01
5.780728288803304443e-02 1.868766323877268098e-01 1.122643545762387618e-01 5.822656901142795466e-02 1.881726798883759377e-01 6.183402101215773605e-02 2.016477053753657489e-01 1.533932645626247260e-01 9.470355241391890944e-02 1.138455855257791416e-01
1.712843597900773895e-01 3.002910596129256329e-02 4.070808043562962886e-01 1.843577805907908040e-01 1.050852006020213530e-01 1.366425617130177517e-01 1.427849050845403645e-01 2.493974559704910943e-01 8.298728349663055115e-02 3.399720229566293578e-02
4.808117777522399189e-02 1.405722061452683858e-01 1.556190429841877998e-01 1.001948011870054667e-01 1.074824294735901020e-01 1.147097823980800235e-01 6.577256235437754783e-02 2.086956325973633453e-01 7.786715259418065804e-02 1.705571856692376376e-01
9.066414773360528812e-02 7.945351941155558151e-02 2.250984742999520283e-01 1.100976812832265839e-01 1.070921901431637902e-01 7.407061247485896560e-02 1.211490546370014992e-01 1.445493032818176982e-01 1.007674270182652293e-01 8.921001735227337970e-02
1.311141732839433693e-01 2.734598602281096968e-01 3.567410804024395699e-02 1.599623394090878836e-01 2.360698027852553560e-01 6.282525220314118253e-02 7.898367232470891730e-02 1.081302787764301387e-01 1.819223215394596693e-01 7.057115183379843171e-02
1.836394677096092054e-01 1.244514415248779843e-01 1.273183140528722779e-01 8.235823586700656562e-02 2.111863717084916936e-01 5.378996520946056903e-02 9.522197138006069372e-02 1.051245270975902785e-01 1.120188602935003608e-01 9.161583555057868644e-02
1.163922626970184948e-01 2.204776315058186997e-01 1.310369077662661974e-01 1.596645850619214380e-01 3.231799084413634199e-02 2.227410989950174558e-01 1.136324619379510542e-01 9.947126472747037929e-02 1.734435837033361238e-01 5.060739875091967849e-02
7.993371388830616819e-02 8.473354129306315263e-02 9.185883676786057994e-02 1.143033869400222474e-01 2.253789906107622754e-01 6.062968915419390120e-02 1.046254558152618086e-01 1.310061743152485803e-01 8.942793127727372005e-02 1.954965683779916752e-01
7.027202875200984356e-02 1.141470104517608025e-01 5.933828726311123763e-02 2.215591691643398753e-01 7.397854961231635496e-02 2.385275918521521099e-01 7.956092392223407250e-02 8.061451607462649660e-02 2.292138461129790139e-01 1.093522568506813675e-01
8.164390471299069751e-02 7.169662610533834857e-02 1.673742848544708395e-01 8.868707732810438005e-02 1.107464144969540903e-01 9.367083233833604916e-02 1.097629132297660293e-01 2.562963504890974908e-01 1.245449492406658920e-01 9.487948371523757807e-02
7.445364794412778764e-02 9.525007007923140534e-02 7.604450291627361247e-02 3.266897405570211022e-01 3.795742468297555461e-02 3.260945577542262441e-01 9.924703572810969487e-02 1.245995546252505470e-01 9.101050022957954400e-02 1.265055416875082162e-01
9.984874442803337580e-02 9.801804041558352665e-02 1.579455630154000534e-01 1.317561953897557481e-01 4.295693688676331667e-02 2.034124361535387393e-01 6.252139622085770010e-02 2.029695363955904275e-01 6.591565873127465391e-02 1.879755985227516413e-01
1.061591971540840756e-01 2.664124054970197775e-01 4.697413478290938388e-02 1.309397614514160590e-01 1.279490470373277067e-01 1.375085921479468898e-01 6.236685997299882406e-02 2.272689405963493614e-01 9.886750639635077942e-02 6.556117917826786989e-02
9.802790124348029210e-02 9.375714068524818035e-02 9.603562128033898970e-02 1.077190885819954008e-01 1.462160840747285251e-01 1.391957996371856465e-01 6.395247110634984244e-02 6.116903011151954977e-02 2.068833871477510633e-01 1.726834013406069734e-01
1.108834692761005436e-01 2.369754740246214630e-01 3.943368679158652801e-02 1.127845531534465845e-01 1.468279858587135389e-01 8.927073796005299822e-02 1.731893162844864165e-01 1.206761901333628928e-01 1.000614555899626140e-01 8.513552226536331979e-02
