1.294590847714316983e-01 1.783204936866101264e-01 -9.085926218567612345e-02 1.753914337025664627e-01 4.578885937633586645e-02 1.128911598749740564e-01 -1.879771148877553213e-02 9.355537905690836098e-02 -4.757817830774180301e-02 1.775219313870112503e-01 -8.603697548364797054e-02 1.528266746509369944e-02
1.077184932367941106e-01 1.158681704765873732e-01 2.313110303244790555e-02 -5.249117609131109113e-02 -1.359766994710551007e-02 1.642572282522478944e-01 1.152936539618057421e-01 1.989844452111001749e-02 -2.128034135555734608e-03 -2.259425492472893430e-03 4.703511670263062217e-02 -9.686234891018648263e-02
6.482946613276381609e-02 -1.440510891412981054e-01 1.547690106808970456e-01 1.546061366531873704e-01 -6.409080969859655419e-03 -1.336894505053892457e-01 -5.319089057237078033e-02 1.315269904572244908e-01 4.603306968639142571e-02 -1.017886957155307581e-01 -2.072386279779758755e-02 7.169835642832250722e-02
-8.234402260272696839e-02 7.504250950522235730e-02 5.833063503031692826e-02 -7.179184209791221460e-02 -2.472184630496800095e-02 7.495873462756566519e-02 -2.058964001580216793e-02 -4.293875399654140806e-02 -3.024825591587211315e-01 1.417556146979070432e-02 -1.742593391251948121e-02 2.244341983273016785e-03
-4.223709817945476425e-02 1.853680710613890004e-01 -2.441177512185758458e-01 7.535708516299527426e-02 -1.975327304562739528e-01 1.264094470541898552e-01 2.075700389213214550e-02 1.432890776446015813e-01 2.181105322263020840e-01 -1.731051278778492353e-01 8.952915701391792394e-03 -1.433721031460087059e-01
7.585051101306869437e-02 -1.185953793669728279e-01 -2.156398852380553288e-01 2.908639497890013262e-02 -1.097016770221570375e-01 9.870354314025862885e-02 2.037565341839435440e-01 -1.362416797849802796e-01 -4.534506112273796810e-04 8.676771131286632743e-02 -1.118904308921470775e-01 -1.713835800529124875e-01
6.943312585165115070e-02 3.433681958512215665e-02 3.209687235852570070e-02 1.247405967814094740e-01 3.944036063622084211e-04 7.653225163866705927e-02 -1.869804230709034426e-02 -3.043519639438857158e-02 6.285479587535962309e-02 6.908871423874714431e-04 -6.844198423837698220e-02 -4.261366766383153926e-02
-7.803381051754394032e-03 -1.196169516021967638e-01 -6.552879373471330593e-02 7.054532305123459301e-02 5.171881063795353249e-03 1.497087113391442903e-01 1.622658337144078089e-01 -8.824275943889825502e-02 2.386958590205511335e-02 -1.270634928646252049e-01 -1.529611516053101285e-02 -1.449984833034731468e-01
-1.061391028888065552e-01 5.535266148594782804e-03 5.361684407231340904e-02 7.450221688755878646e-03 -1.851203546011689072e-01 -2.230106645921103581e-01 -6.059689088809894209e-02 -9.556487019303328001e-02 9.752683243744512953e-02 1.333083261450486168e-01 2.584722945472062855e-02 8.824535822752387071e-02
2.353500843459749303e-01 -7.188949958205968771e-02 1.472687117409158530e-01 7.262080971009009234e-02 1.151671930271599698e-01 -2.429067973551740645e-02 -3.204917986237492550e-02 -3.538066699521680986e-02 -1.763095704451503321e-02 -1.273071749460064073e-01 -6.958117819149738092e-02 -3.491360806523767513e-02
-8.390078128943656566e-02 -8.168182991642894408e-02 1.178925672030309707e-01 -1.243227443849906494e-01 1.832587764765028970e-03 -1.615337763159008511e-01 -1.306172312418512650e-02 1.566008380127615895e-01 3.878366749686981696e-02 2.164630931879411857e-02 7.402702231691539805e-03 1.772086109758855832e-01
-7.647021382463914385e-02 4.430413940917086318e-02 3.461693702759182506e-02 1.469476545463870854e-01 2.770465653238210479e-02 8.628823210504460439e-02 -2.746110638585305685e-02 -4.093415363623334469e-02 1.037760137887828171e-01 -4.191680506950030277e-02 9.493073668018705766e-03 -1.942703124613140778e-02
5.574781380169478023e-02 2.462921049344989760e-03 -6.429471407676443095e-02 7.824989700418240324e-02 -9.965235330632736532e-02 4.589170324819395741e-02 -4.806873849933582243e-02 5.682372445845532832e-02 -1.161216908718527840e-01 1.162166394212401643e-01 -3.149007296323989152e-02 -8.225200696597892436e-02
-4.233447035283880583e-02 -4.118219697099548271e-02 2.108441857210217527e-02 6.734233576026252277e-02 -2.703871571026975756e-02 1.203050519629287329e-01 4.516108277742453964e-02 5.917626135706946511e-02 -1.705620367786538361e-01 1.802680624754632310e-01 -2.390700182234659424e-02 1.347816292558254303e-01
-8.038839841752973281e-02 1.195869154529372730e-02 -6.805440091853938445e-02 1.042469448925658071e-01 1.830032718267901870e-01 -1.771200446994382685e-02 -1.751315890893875848e-02 -1.354722582354383753e-01 -5.726321901389497260e-02 -9.135879137961937235e-02 -1.040857924051771105e-01 4.556168061837860550e-02
-9.697075606870680931e-02 -5.848851341203168547e-02 -5.776801579383313012e-02 -2.197993299350746096e-02 -5.882249379841544834e-02 9.060014301099714173e-02 -1.170701002206733926e-01 1.911475307251178091e-01 8.925440024553094043e-02 7.293739669500130807e-02 1.023466651668901578e-01 1.363716490871600406e-01
2.117500742496186972e-01 1.007969703531269579e-01 7.061869724710133356e-02 1.075048057105956467e-01 -2.581704636601888855e-02 3.021393339482139617e-02 2.872427525584763178e-02 1.297022086884702385e-01 -4.368538220379254017e-02 1.290526892408303027e-03 -1.041348302385637359e-01 -1.087961929609937706e-01
3.103611816329310269e-02 -8.426450996786490066e-02 -1.679311676343768836e-02 3.748468328399823940e-02 -8.696470952352024220e-02 -1.967118696261157748e-02 -6.554772165246545990e-02 -1.024167312175898736e-01 -4.816063068309755189e-03 -1.772588359978974001e-02 1.390968239779300508e-01 -2.879292227186013020e-02
4.170351190383222301e-02 5.563678487171461184e-02 2.255078929543433836e-02 1.166718295659339016e-01 7.402601007499651220e-02 1.827451095323648356e-02 1.568990518434770429e-02 -2.171095224896110176e-01 1.980471865685108634e-02 1.110263693924847667e-01 -3.086144638126075632e-02 1.704943274249716978e-01
4.753931690916193831e-02 -1.293676269717809746e-01 7.807212437752249212e-02 -4.552380753312355172e-02 1.619162261364765765e-01 -1.234679823555001887e-01 1.644082601934561683e-01 6.645419574296836107e-02 9.265170066831102808e-03 2.398409242648231743e-01 -1.039390037185437682e-01 -4.837613815908092807e-02
-1.194981045261728908e-01 -7.883020381027779078e-02 -4.597248094379230432e-02 4.967874575396385300e-02 3.401758225460580626e-02 -3.360844055004659492e-02 -1.177884996106759730e-01 1.262575504317296760e-01 -2.013120437072118962e-01 -4.995116849030714623e-02 3.852478529858163747e-02 5.512117811828579073e-02
-6.606439990135624940e-02 -4.778222872941293581e-02 -9.646772855262453206e-02 5.199596306376572108e-02 -9.185892624877486923e-02 -9.864931041100942488e-02 5.496411140385994154e-02 -3.376260555754650311e-02 8.462477792649115982e-02 -7.428179674351587103e-02 2.838698143286400716e-02 1.685687225647946319e-01
-7.543685365645050322e-02 -9.193637716618836483e-03 3.383737676956321411e-02 -4.053246116011358091e-02 5.401156863141353542e-02 2.360111109656167633e-03 1.022759608269767084e-01 -1.862719301585630816e-01 -5.454877435891106879e-02 9.010855586755454893e-02 8.493533330975339135e-02 -7.477950059915348946e-02
-6.412405429615718189e-02 -4.314335797753968138e-02 1.980606651370901694e-02 -9.437490312434886064e-02 -8.782229397076238286e-02 -7.957972694677805520e-03 1.899332141376803007e-01 7.520959794854323310e-02 -1.475360152941616598e-01 -7.888572043365837949e-02 1.517874901315948988e-01 2.617844931865511704e-01
-1.747893698961357559e-02 1.164964049880605618e-01 3.526130657131631985e-02 1.189006996012147294e-01 -1.064383992317313177e-01 1.086807532344955148e-02 4.010099289879009987e-02 5.335562123069745311e-02 -1.961139974357876611e-02 2.196519818558371195e-01 8.405409282066864107e-02 1.584707827753380205e-01
2.935270175323229092e-02 -1.814242369589665616e-01 1.792342624595876510e-01 -2.555747247940250988e-01 -1.095675522420173770e-01 2.118207740722593546e-01 -4.844185891893537654e-02 6.168052115485274378e-02 -1.303848102285722621e-01 1.006972475702978403e-01 3.602574076387030783e-02 6.398567820191267130e-02
-3.878597210795046296e-02 1.073763463703917148e-01 -6.077441586559772374e-02 -9.179138816118110472e-03 -1.190243784664731241e-01 -1.085956571782268829e-02 8.818272665231233209e-02 1.204631909283288699e-01 1.163024856700306357e-02 7.812644980872301970e-02 9.517200525686252133e-02 1.194432655539779536e-01
2.461885927237352466e-03 7.827921833297768472e-02 -1.069376245793646207e-01 -2.246615288584186132e-01 5.184872016525472749e-02 1.103906131751999364e-01 -1.031446883816979493e-01 -1.122225855510258219e-01 7.355136595424430213e-02 -1.014364061810349577e-01 7.168501948267495816e-02 -1.057095843934472007e-01
-1.006660884281927211e-04 -6.249260977892170943e-02 9.397177770360769233e-02 1.541196564495381227e-02 1.281420039941576217e-01 4.479215986456508425e-02 1.316530271811759689e-01 -9.050402062015909521e-02 -4.183072563161007590e-02 1.124024289335576327e-01 -1.589923832290257577e-01 4.821464120229202593e-02
1.683813167436905983e-02 -1.192021258798412475e-01 -6.856645285388865418e-02 -7.059609129027816232e-02 -4.454068676139174426e-02 -8.139926820748820402e-02 6.858249900451270087e-02 9.059716419656116404e-02 4.126288416045995749e-02 -1.766771017880039776e-02 -1.227809079029007766e-01 1.078067463449340364e-03
2.318217514217410791e-01 -2.099557370198062295e-02 -4.686984231261521333e-02 -1.025509424667856717e-01 -8.049168807843626317e-02 7.147332413757355452e-02 1.812468039756256477e-01 -2.229635690226157430e-02 -1.506004284219344957e-01 8.440537028365485694e-02 -1.563308647575462410e-02 1.314227892985015689e-01
8.535024440790059397e-02 6.047165467820735801e-02 6.312297775348046924e-02 -1.042321247382135829e-01 2.033309572514614694e-02 1.652120177509849297e-01 -5.077378915654216091e-02 -1.085924279544026594e-01 2.581100132627761612e-01 -1.983206175293538917e-02 -8.507483478834407253e-02 -1.162824073444736483e-01
1.518364374016658962e-02 -1.300944531856070285e-01 1.022310126355163301e-01 8.620820663941545364e-03 -1.264704557844545663e-01 2.348460489690564965e-02 2.375134836285479611e-01 -1.116056316579972507e-01 3.733907636651426915e-02 1.913605029497631449e-01 -8.013202506816909099e-02 1.229462340961973328e-02
-5.596085430850070153e-02 3.587419572746558538e-02 5.832528055043176979e-02 -9.179903767833104064e-03 -2.895797071063596281e-03 8.516025330882678879e-02 1.171822706466359582e-01 1.529683169901556363e-03 1.267285595316098579e-01 -2.263918128730209589e-01 -9.802751482877550271e-02 2.204014893450893242e-01
1.899233034997769021e-01 -6.302799114764633115e-02 1.177895959529055570e-01 6.265831294927508288e-02 6.179475974246604469e-02 -3.877136747220013419e-02 1.341449235484815962e-02 6.974507724350544058e-02 2.152715395610966045e-02 1.369458591400159742e-01 -8.241017183954997549e-02 -1.982553855180180236e-01
4.458645428877111572e-02 -1.222813458990320845e-01 -1.373263822282774251e-02 1.476630265681547483e-01 -2.194611024357064413e-02 7.699663874982508316e-02 -9.473075861036010792e-02 -2.102135850856087784e-02 -1.092827135417503981e-01 1.401667098538614542e-01 -1.196649597810142407e-01 -5.905362308085037454e-02
-8.428729108500496170e-02 2.889585359095803163e-01 -2.191568602948799904e-02 9.220114714480844020e-02 1.707480293597633814e-01 2.651857622695431849e-02 1.051440898805862389e-01 8.436141857982987907e-03 -1.179021673075527910e-01 -1.229723408344605279e-02 -6.697387586398229065e-02 -7.242057893303927019e-02
1.107191782436275224e-01 -5.790694090321123894e-02 1.676379349826932486e-01 1.838783122984559079e-02 7.274385722351831007e-02 3.346665137320985889e-02 -5.614992245600162329e-02 -1.033892267476122229e-01 1.797841223883465123e-01 -5.578756024288945847e-02 -1.062707181995668493e-01 -2.058628404963668349e-02
1.375598001814533899e-01 -7.951220528494484796e-02 -1.161499350676722941e-01 4.502636249269362928e-02 6.959184340233520727e-02 -4.937381056388806533e-02 4.609215375097540542e-03 6.411348772096113480e-02 5.481407581270487939e-02 5.292393954350769342e-02 -7.913210299290591998e-02 4.658227138317094090e-02
-9.231949004937531345e-02 6.117441979755460640e-02 -5.228356773003538932e-02 -9.195311586712578977e-02 -8.998395734502817600e-02 -7.175779782598594621e-03 9.936504617421078323e-02 -1.371300875462000413e-01 6.710232568657456542e-02 7.153840422101601093e-02 3.337038129802537972e-02 5.811707154973575623e-02
7.382557474462350666e-02 1.174852783557365221e-01 -8.196225106724866483e-02 1.357482695436669105e-03 6.704898248603948126e-03 1.358781441096773013e-01 -4.462094830415819918e-02 -1.508045329554273395e-01 -8.316552859925568919e-02 7.994401108902707276e-02 -6.481121050898252470e-04 5.899915986403306278e-02
-1.979217950933421788e-01 -3.961328126854798959e-02 7.599460329183763130e-02 -1.246043542589884458e-02 1.671907739873053356e-01 -1.639769319426011285e-02 -5.039441462928893195e-02 -5.926664046573057454e-02 -2.099412056000660720e-01 1.385417351309770617e-01 2.144615567280391821e-02 -4.561058028111311669e-02
1.402803564421102600e-01 -2.917966254384732339e-02 2.446206842125990544e-01 -1.263564325970271789e-02 -9.293621561743158066e-02 1.394215587630381337e-01 1.031912097573366438e-01 -9.234623338885330351e-03 8.722332328224785547e-02 6.521765021935517492e-02 1.745736411463489901e-01 -2.365517239107863823e-01
-9.873212630852594429e-02 -2.166572190393175057e-01 -7.264895357804287968e-02 -1.888782933218157156e-01 -1.070151742136285500e-01 3.089623915852914016e-02 -1.926913966636927267e-01 7.766463141540551340e-02 -5.248707480407876352e-02 1.106621919748588395e-02 -7.448075482305198565e-03 -1.564553886676753325e-02
1.893385659175508551e-01 3.232631190648709019e-02 -4.101853177301717501e-02 -2.214424164863163305e-02 -6.442624859685906757e-02 -1.362099353968253615e-02 7.905371084987916630e-02 1.742936242175672362e-02 -2.344677423895756563e-02 -6.780791090678632560e-02 5.621054567231446170e-02 1.552339015045495763e-01
-8.434886589893442199e-02 5.661792125428125044e-03 4.133446634267373687e-02 -2.166540703907825563e-02 4.076739060966962092e-02 -1.144503475882364535e-01 2.439328792212377417e-01 1.290211404901868975e-01 3.789625254042189306e-02 6.492277023305580153e-02 7.272096630155525099e-02 -1.537778213038250297e-01
-1.447971856624358233e-01 -9.158967226306267972e-02 1.098362597540918084e-02 -1.269369698009921166e-01 7.072967865546746224e-02 -4.392339184720210621e-02 1.904609589686158122e-01 6.346762619408209682e-02 1.557144294828125552e-01 -5.492956464255603806e-03 -1.781173623129534977e-01 -1.383695280135453232e-01
2.050752343544871847e-02 1.911251757794929507e-02 -3.690289363609011719e-02 -3.042719101474921500e-03 -6.199327296879735688e-02 1.209390935949300472e-01 8.618263604592277249e-02 -1.603866445102919980e-01 -1.094735315486038002e-01 6.777365907168886316e-02 -3.564622702957317979e-02 1.635082894772120765e-01
-5.596749852369432843e-02 7.681829509470722295e-02 7.729559695464101321e-02 2.906272359595336169e-02 2.387337799951038883e-02 1.919007696686932454e-02 -5.849304169553568022e-02 -1.006451662781861905e-02 -4.052367933163633640e-02 -7.204769596787691244e-02 8.791649729587916462e-03 -1.374262760603975897e-01
-3.382276985003492692e-02 3.586580711973753888e-02 -8.292706483157238559e-03 -4.532178820030271366e-02 5.904085743410167342e-02 1.649346483827931337e-02 -4.306108022124938151e-02 1.123232839915666859e-01 -1.851697125212239947e-02 -8.450471890951214912e-03 -4.574339635503003876e-02 -1.560031291726261121e-02
-1.388918125040670797e-02 1.977253076377505879e-03 -1.102710759382235922e-01 -3.595094475119841454e-02 -2.144024537581605827e-01 1.223900784609218695e-01 -3.670463623257877450e-02 8.391858494647835842e-02 -1.493095814611382355e-01 1.816148783854708570e-01 1.475104129263548891e-01 -3.433631656295568768e-02
5.997374021137676092e-02 -1.272348987625275263e-01 1.360637976284219952e-01 -6.050836877631076555e-02 -3.565197837586481233e-02 6.155942975896736870e-03 6.548706503708494331e-02 -3.204453653495933224e-02 -1.092119271138008996e-01 -3.471537923980605456e-02 -1.253580285425488251e-02 -3.563401526393330382e-02
-1.843990315086126708e-01 5.417645627928974195e-02 -1.611997718739150987e-01 -8.942285841978378502e-02 -1.057192957190130483e-01 1.193079133194184793e-01 3.458407638601354583e-02 1.231763544669412236e-01 1.160708164361115707e-01 3.394606790983874939e-02 -2.456203192794265133e-02 -1.022094174497400892e-01
4.383306510841564196e-02 -8.144609622183796027e-02 -6.675493529950703164e-02 -2.441885721081223093e-02 -4.475122922557934341e-02 4.426875944881063923e-02 4.029541107664384031e-02 -1.167280836948558775e-01 3.044819558186520614e-01 1.222287488415266243e-01 -3.463894139255657006e-02 -6.724685785817334505e-02
2.860653880682022428e-03 1.004336869900839951e-01 1.857543776055720075e-01 -3.555343616962693826e-02 6.684024891775580679e-02 -8.931477668832210615e-02 1.242309754596080257e-01 -1.069497924137274292e-01 -2.534812995630290194e-02 -3.321082126472673507e-02 -1.252926080316519447e-02 1.051269935673204980e-01
1.722970602379610694e-01 2.044734973512766715e-02 -1.312600763680673854e-01 -5.655007370417745177e-02 -7.272992527251746775e-02 -8.334928132098232134e-02 8.386044862980715497e-02 7.182785904172543645e-02 2.040542630570185700e-02 -1.503804792022365999e-02 1.114646180523604481e-03 -4.062458346566379108e-02
-8.050915523496107729e-02 7.270482827773640244e-02 -1.066009397509021239e-01 6.382893483590822148e-02 -3.863865107472209959e-02 1.426333462047420786e-01 -8.404617063791808285e-02 7.762171936260633953e-02 5.698662894655320138e-02 -1.175045246431924428e-01 -6.592129429052687173e-02 7.509846207132914175e-02
4.486100650712412929e-02 4.472927387502129148e-02 -6.666012413585817309e-02 -3.613436602813634851e-02 -6.910276757964517458e-02 -3.201238695873927925e-02 -1.666226955835707277e-02 6.334267168854790242e-02 -8.598336707613585261e-02 -8.396827865590777984e-02 4.206950678785517650e-02 8.572053295764775482e-02
1.301959630314751815e-01 3.213259304836126734e-02 2.635854871126136478e-02 1.729771226863077993e-01 -8.098476249567160279e-02 -5.169471623667748483e-02 7.428576887619466051e-02 1.629133033838755518e-01 -8.031439283014761392e-04 1.193184518568062569e-01 -1.980227296853527552e-02 1.084283422237206640e-01
-1.025356847624441792e-01 -1.217889615610611154e-01 1.941163395286484572e-01 8.007712644170082716e-02 3.902558184648451806e-02 -3.347941968495372206e-02 1.467531165340694166e-01 1.340775870459684493e-02 -1.204525563134376531e-01 -5.424977952137088194e-02 -5.739086819209771040e-02 1.167323995363625661e-01
4.593310706995928916e-02 9.939421964295040712e-02 -5.980844209282985130e-02 1.836669669686940010e-01 -8.253169449705803629e-02 -2.580724887114080324e-01 -7.805098043018289522e-02 -1.093951460941034459e-01 -2.305644260116479147e-02 -6.563465057972495825e-03 -4.745840900090793346e-02 8.219665351617728988e-02
1.316514442627447767e-01 2.353781677406152628e-01 -6.747299926732001907e-02 -1.290529884350097647e-02 -7.995462934143680866e-02 1.281448943824348707e-01 6.257704879007112975e-02 5.320802695588831149e-02 -3.637900092223853021e-02 9.040725753095016359e-02 1.072989536234756347e-01 -4.620574819544238238e-02
1.580153624436194670e-01 4.508907076141522273e-03 2.240533958409984816e-02 1.174654363283022251e-01 5.711869294473035513e-02 -7.277706975423578473e-02 -4.923596548259907141e-02 1.964988864074329600e-01 1.006211339249794279e-01 1.107457846395112043e-02 -1.039515142324615171e-01 1.491769895089242737e-02
-1.603493024069119477e-01 -1.334509040173587346e-01 9.508090987442696651e-02 -2.596259977199692759e-02 -3.344698480507458938e-02 1.551855275385548849e-01 1.273643693753932771e-01 4.320828406872302685e-02 -1.575386361802366131e-01 1.856953288139660471e-02 -1.385237421709076613e-02 -1.082690389553835203e-01
-3.216016474404084780e-02 5.234115903392915631e-02 4.885926116271246261e-02 8.458771018989112711e-02 -5.821521065490026237e-02 -1.287151457550536095e-02 -6.937460247107923861e-03 -1.071032809427657634e-01 -5.507335281704849733e-02 3.679366726079593558e-02 -3.946355262745531584e-02 1.707821191412479123e-01
9.521396991904110263e-02 -8.264961319881308777e-02 -4.172811224110697242e-02 8.913215610263386379e-02 4.728874102976941309e-03 -8.979136962087684234e-03 2.390394200973355587e-01 6.819588888643118851e-02 -5.529288423042529217e-03 7.377224698223643767e-03 -9.478179968469480077e-02 -1.096813934255912310e-01
-9.430232987291087277e-02 -6.768844205833773886e-02 1.222433643451929959e-02 -3.515301417323023203e-02 5.835379799464650991e-02 1.641520639608041732e-01 -7.119890692852176572e-02 -1.713291409860737691e-01 8.449818723009072663e-02 1.137976273951403078e-01 3.673371777729087656e-02 3.546988212673495011e-02
3.097778729955595611e-02 -7.177837998767726269e-02 -9.444868519145925567e-02 -3.077102720492740084e-02 5.965675985089489292e-03 -4.466919545016067444e-02 1.183749366389875574e-01 1.315921127741022101e-01 -7.552682941431495059e-03 2.037088174673229446e-02 3.102964037034959544e-02 -2.189926560164748293e-02
-1.095897513511728677e-01 -1.456572325528659312e-03 -1.824262679377989388e-02 7.626441446295074977e-02 8.650102780123933299e-02 -3.788201066580373227e-02 1.683596260049343048e-03 -4.011101147359247276e-02 9.793110914742830797e-02 4.789274961371261727e-03 -3.512521125164280028e-02 2.885729375273404437e-02
-1.324287308407819663e-01 4.900926413951858795e-02 1.913683451238270550e-01 -7.734476648480853589e-02 1.661502853049535711e-01 -4.853202290698944987e-02 -3.789181482657503347e-02 9.744623428834782441e-02 9.009379470340228221e-03 1.252248210583071508e-01 -3.655293920924753553e-02 -2.091285731950695004e-01
1.604280110794762404e-01 -1.226475950150129335e-01 1.056273051259678797e-01 9.485312499508141704e-02 1.589787655366832128e-02 1.607095118947256263e-01 8.504092187837541950e-02 5.897028898529483795e-03 -2.224846135459911667e-01 5.149717051863392930e-02 -1.437544961025030432e-01 1.370441417922803155e-02
4.971937332434638729e-02 8.861467662959920943e-02 -1.348398767530315304e-02 1.280521222067153297e-01 3.293467974525749603e-02 5.595518978389449338e-02 1.383211421901223703e-01 -1.512021294459867937e-01 -3.241780948026300874e-02 -1.071579749945770071e-01 -1.250596474777583914e-02 -3.960031253253459838e-02
-1.245633293300586059e-01 2.566444730592330054e-02 1.160715519032537169e-01 -5.416853773328272892e-02 1.198548704531503684e-03 -2.505329979138915530e-01 1.021857580411537625e-01 -5.050727318512720360e-02 -1.744283521148553007e-01 -1.387783872147579922e-02 -1.067735565901002381e-01 -3.577567503365688267e-02
-1.110623092058219685e-01 -5.093515552292526144e-02 -1.231693798758232150e-02 -1.366404820957572708e-01 3.268399223537423598e-02 7.134821089814395723e-02 1.834618097808276282e-01 1.741765148006238217e-01 4.511758671791957220e-02 -1.494148718305155776e-01 7.288365543232844246e-02 3.333324256595451146e-02
-6.575022474130712280e-02 7.972946222416786577e-02 7.678869431788870603e-02 4.298551852326874811e-02 1.378738539759849849e-02 4.141022023752097270e-02 -1.369513261369649515e-01 7.054882467138733071e-02 4.068319083112302559e-02 4.116743698040599420e-02 -1.326649970262043336e-02 1.194434226432412177e-01
2.048908501923398569e-03 -1.496319643839539859e-01 -1.412286575314147807e-02 -4.058484769272125391e-03 -3.569794657713248193e-02 6.632313206647942605e-02 1.058274058969974063e-01 -3.247804959654725099e-02 -1.713097235894868176e-01 -7.778188397483548795e-03 1.879833950124983055e-02 -1.838183146968871695e-01
3.410070464784625138e-02 -7.602995327943634640e-02 -1.628220504072986352e-01 6.652791311287493958e-02 -1.029523958177836207e-01 -8.387282133331940351e-03 -1.629072549148797844e-01 6.872300725252987463e-02 -4.288983941630883368e-02 2.610115285879494040e-02 9.449905974298547853e-03 -6.205154702048502197e-02
-3.095071435075333419e-03 -5.695231022590171999e-02 -1.090502696501995938e-01 -1.228661326726969982e-01 -1.204498224140016921e-01 4.141377431920120061e-02 1.347061259987531595e-04 1.572137554417717409e-01 -7.704085884852900079e-02 -4.076770072053068072e-02 -2.727386753151256338e-02 -1.644538809515647404e-01
-1.483013258316834837e-01 3.746837114049020312e-02 -8.217889401045107289e-02 9.718734627766587031e-02 -1.920560085645426629e-01 -6.572928616612070014e-03 1.207125566987489879e-01 1.742062612760072668e-02 6.595132820906506044e-02 5.772822568039353425e-02 -5.243273325517897737e-02 -6.318788606568916111e-02
-5.904147450330583802e-02 7.663480693464581189e-03 4.870452152344568325e-02 4.587465827991835110e-02 -9.486510840482151319e-02 3.007444585605549559e-02 4.980057414485109663e-02 -1.409373256650298242e-03 -3.869137856961123861e-02 -5.521309733647006279e-02 -3.341996927769494983e-04 -1.527857415575217814e-01
5.401600845281775976e-02 -3.110157547235370065e-02 4.867969514740384633e-03 -1.400164618117038379e-02 -1.709194184322662680e-01 -6.769551833154029141e-02 -7.493052317734232200e-03 -1.072369686374534392e-02 1.197089524257041876e-01 -2.922045075021144356e-02 8.156962560320558941e-02 2.714959404298926751e-02
-4.917409648815661977e-03 3.739706824013854652e-02 -9.199774970023348944e-03 -1.634458149654786641e-01 -6.036894341472825998e-02 -1.472304727410854996e-01 8.058597187845395471e-02 -5.281033660581554989e-02 -9.059957162972115396e-02 2.122045870001491308e-01 -1.029028765271718937e-01 5.434147822994014887e-02
4.665840415613921321e-02 -3.038661426538418961e-02 5.072728647081742315e-02 5.409444329243039834e-02 1.546711973816488062e-01 2.653446927080582371e-02 1.055311885685807360e-01 -1.045213293793639669e-01 -6.310834242539457850e-02 -1.143586118657248796e-01 9.271919147340029754e-02 -4.849818180463933565e-02
2.042197971332798678e-01 4.150342715978694308e-02 -7.409741640668171536e-02 6.097272082268369309e-02 -3.737030272561329969e-02 -1.022082454048673095e-01 -1.117242237088202084e-02 -1.075899317050209650e-02 -1.305367625647965713e-01 -6.966103645389924715e-02 3.707198199516264364e-02 -7.331691466302341087e-02
-3.680688574444116595e-02 2.271124945186977009e-02 -4.611384301671871133e-02 8.987967581072647816e-02 -2.289259680423074705e-01 -1.892724519089516305e-02 -4.234889904426210328e-02 -1.397442990253314199e-02 -1.055460527862202985e-01 9.891475673130857571e-02 -7.392185865341163731e-02 -1.187430918643584132e-01
7.119428774907907154e-02 5.546751481628414693e-02 -3.943998301627456293e-02 2.791066397835109680e-02 -1.119543028278531943e-01 -1.007335433940993452e-01 -2.105841449608078231e-01 -8.943395189853821370e-02 -2.468132731102008759e-02 -1.935711961903580358e-01 -4.884987872186257601e-02 2.131600283870805756e-03
-2.303690850042705920e-02 -8.574335872962675353e-02 6.665949520575380205e-02 5.032746121685610641e-02 8.811423580526477062e-02 -3.428964142848411195e-02 -1.277068103501772522e-01 -4.180948917866231240e-02 1.803846768021538302e-03 -1.430641968740221093e-01 3.388394422216233631e-02 -3.189542745129746171e-04
-1.846068451365477925e-01 -3.638802099142260382e-02 -6.091662688764307859e-02 -7.714061274346785402e-02 -2.433952151206669745e-02 2.137263282550896093e-01 -8.757974854373368201e-02 9.523656511744038600e-02 2.470106031400024771e-01 4.970784606673109979e-02 4.690986443216439011e-02 1.783086159691066319e-01
-2.430800736098467640e-01 -8.569791290639733328e-02 1.112262269103699713e-01 -5.550069133650956110e-03 -7.693540681995648944e-02 7.279453635323814009e-02 4.063384269015458267e-02 -9.072107755927570627e-02 -1.393523315421830722e-01 -6.504771895186475805e-02 -3.796580101600066648e-02 -1.490730674690823321e-01
-3.767825991350397252e-02 8.535063394068717613e-02 -1.778922381511586215e-01 1.745899951723097658e-03 7.773820093526773167e-02 -4.322834674418002399e-02 4.125010308433843531e-02 -6.094967304661979418e-02 -2.895973948380131668e-01 8.043929948337844027e-02 -4.612361298817670846e-02 -1.211494043637192930e-01
-9.323999425077229841e-02 7.531561711079781674e-02 -1.233616717857082129e-01 -6.197582116274837072e-02 -6.473999673694606771e-02 -4.295395555351043393e-02 -1.447849429995340942e-01 -7.308215398954012905e-03 6.498335092279474041e-03 -4.236953581260030632e-02 -1.505043490365717551e-01 -7.066748712759217399e-02
-1.372594881977136916e-01 -2.987120234268514363e-02 -6.430505882296218279e-02 6.853154450152003363e-02 -9.957090756247862981e-03 8.718890101350203203e-02 -2.115992348178098448e-01 3.158247038511066002e-02 8.165263180160667322e-02 -4.830363343565477474e-02 -7.620722768840385020e-02 -1.245171740993008917e-02
1.290569960185253551e-01 -3.246470093148378505e-02 -1.733764913762841919e-01 2.582053930755741529e-03 2.098537007175345082e-01 6.699927969045327107e-04 -1.277596828915259497e-01 8.395273356348327554e-02 -2.336153480187587173e-01 1.274043260122413312e-01 7.536420563712185883e-02 7.144727104559643605e-02
1.651310470039385470e-01 -4.793339988348876979e-02 1.476846279063543377e-01 1.936055537844771565e-02 -8.125655396336083081e-02 2.618955476463910581e-02 7.858757688251801973e-03 1.854805680551595282e-01 3.288375393794613216e-02 4.152416222726106575e-03 9.367254330191695372e-03 -9.675071775865352885e-02
-6.890322406414427225e-02 -6.641756612927735004e-02 -2.980435948192415932e-02 8.780424797389979608e-02 3.556647980557927496e-02 -2.508070344860934236e-04 5.871008029732476680e-02 -3.183434249217551582e-01 2.802971778670057534e-02 6.953976833806846392e-02 -1.848793042455814661e-01 2.246773703676573364e-01
1.530441050371900147e-01 1.454853801171916705e-01 9.273185267552790448e-03 1.109985404706855389e-01 1.325967881197150089e-01 9.134343555590893060e-02 9.002622772379004212e-02 -3.722842191212690638e-02 -1.372215307140698393e-01 1.419981644188482717e-01 7.604908681211955401e-02 7.100360120722816470e-02
-1.689607230339043933e-02 1.298078341869247088e-01 -5.556055868554565791e-02 -9.787856833261134037e-02 -1.468525021701394817e-01 1.640284770637461323e-02 -3.219926506901770596e-02 -1.218029896900809511e-01 7.124817448367920525e-02 -5.077491007885986257e-02 -4.008266033317470223e-02 -6.316362888740222059e-02
-1.793842705021912037e-02 4.065260548622733061e-02 -1.132016905948995955e-01 7.684009553916221202e-02 2.308603894705681808e-02 -7.151051956532265830e-02 4.281647964069178885e-02 -4.764243213765205487e-02 3.769815313293801290e-02 9.585153755663015918e-02 1.412783479968476585e-01 -1.477809020573579712e-01
-1.414996708348609245e-01 -7.900947475247860341e-02 5.343426662332977778e-02 4.451580394557824033e-02 -1.988283717745752410e-01 3.061887108078546055e-02 -8.817715851127677640e-02 7.990911114458558451e-02 7.591934347124335014e-02 6.429391633297325270e-02 1.556001025835234974e-01 -8.454291092072940828e-02
-1.088090766792716713e-01 -3.560348125340075803e-02 7.681485104524642116e-02 2.657404657200434020e-02 1.869848913639405100e-02 3.469966609358034887e-02 1.965561390660910401e-01 -1.723915477365570992e-01 1.110292697828544894e-01 1.174855959971129321e-01 2.878000683660790829e-02 6.852723680660194328e-02
