4.094776256142207971e-01 4.037046181899484054e-01 4.318545780578790794e-01 4.037190550990402693e-01 4.188394252823597341e-01 4.106381886092892453e-01 4.249761544280526437e-01 4.123435279422050792e-01 4.283159597034055244e-01 4.040275415286696536e-01 4.313118666263078271e-01 4.207914589186286802e-01
4.079942757095635919e-01 4.086073736995403660e-01 4.183907990957576040e-01 4.253026823607330420e-01 4.225236417079931694e-01 4.024120670861789373e-01 4.084061993361504106e-01 4.178256257731298717e-01 4.206543044777387164e-01 4.220899458297392437e-01 4.152479281940635314e-01 4.305451567294087400e-01
4.109390798610732531e-01 4.329964626409807948e-01 4.005622116164050395e-01 4.024338186070289813e-01 4.192586155293573924e-01 4.309639540375665989e-01 4.244408089982451004e-01 4.041620903793344266e-01 4.136732560699964978e-01 4.277403838699034289e-01 4.204239406193845952e-01 4.124053777706799262e-01
4.219645508899603770e-01 4.064979335647811443e-01 4.074576128762439908e-01 4.218301750208020007e-01 4.155370793935382889e-01 4.058528282130485776e-01 4.169174939037781358e-01 4.174058741844155485e-01 4.447180770110477077e-01 4.119003054139965814e-01 4.170848080695551130e-01 4.128332614588127725e-01
4.214443225561894102e-01 3.946188273964444382e-01 4.435474410232128628e-01 4.061461243546675703e-01 4.400463457099819120e-01 4.024663235635278502e-01 4.150205710579545348e-01 4.023048483153247590e-01 3.903629428839658355e-01 4.371395175985554604e-01 4.142574706414469676e-01 4.326452648987142990e-01
4.059547340440037289e-01 4.258259470340182151e-01 4.363063375835004032e-01 4.100631178329606219e-01 4.259458498695481432e-01 4.025926738385252612e-01 3.906462682712146806e-01 4.281100612687687157e-01 4.132982535513867184e-01 4.057943201725476845e-01 4.244663823098128175e-01 4.309960542237200043e-01
4.115738679777722897e-01 4.151617776410686522e-01 4.155290401969092828e-01 4.048119081439509603e-01 4.195978576021983653e-01 4.104241921168622076e-01 4.208545676513666400e-01 4.218485227613986144e-01 4.120055240840911348e-01 4.193241000102742588e-01 4.251407138309040712e-01 4.237279279832529832e-01
4.159080971868226451e-01 4.276466361414345552e-01 4.230743759728918807e-01 4.070510678966828833e-01 4.158737716534519624e-01 3.982941911423273917e-01 3.976938413744470213e-01 4.253609968802302133e-01 4.120291053803802894e-01 4.300294340729991505e-01 4.159106615272721852e-01 4.311278207710643740e-01
4.264197078603762514e-01 4.128249838742704680e-01 4.088679744294654861e-01 4.138451088194228245e-01 4.329297926734778645e-01 4.381620362390006296e-01 4.211116132882076757e-01 4.256434526744899971e-01 4.030530617478592648e-01 3.995411914746286319e-01 4.126865377022941872e-01 4.049145392165137691e-01
3.914610097310228798e-01 4.265124337835827228e-01 4.014100978055140101e-01 4.112847066555647135e-01 4.062463522923030479e-01 4.199299949412793609e-01 4.217990062226769088e-01 4.215814935448146117e-01 4.210888861375993164e-01 4.311720822811900278e-01 4.248112387535334378e-01 4.227026978509491051e-01
4.258148242424133478e-01 4.256353740578796008e-01 4.037876868955441179e-01 4.320143983744301197e-01 4.159310510295906038e-01 4.344774979363862921e-01 4.183715235156756362e-01 4.004159239062089481e-01 4.140805510158098723e-01 4.134611754086573443e-01 4.181955261826669767e-01 3.978144674347295906e-01
4.272154608451954605e-01 4.137983922491892397e-01 4.161087620463394532e-01 4.018391210634617572e-01 4.167349664917724406e-01 4.097131262220410353e-01 4.216432010915914796e-01 4.236983006755610237e-01 4.068039336901327907e-01 4.238873769428349036e-01 4.171597112510392336e-01 4.213976474308234743e-01
4.093677603172224400e-01 4.163576309548570054e-01 4.224013683554405651e-01 4.073803108709430076e-01 4.270311005453984454e-01 4.103441844318083120e-01 4.222962202377864016e-01 4.089233764442614660e-01 4.285527593676677349e-01 4.034651151787649326e-01 4.189297253253920772e-01 4.249504479704112603e-01
4.238214851385971316e-01 4.243715166229122815e-01 4.173241819374950423e-01 4.132488153242570017e-01 4.215237983130962207e-01 4.066863090040547801e-01 4.157661487931439970e-01 4.126865454667231758e-01 4.377666489759925450e-01 3.990870964777927243e-01 4.231368428696148931e-01 4.045806110763357499e-01
4.245227939619069524e-01 4.127129906458058550e-01 4.225825142661254197e-01 4.035106069916194471e-01 3.937959488112461326e-01 4.175563071223358236e-01 4.156485463547998638e-01 4.301000893026860616e-01 4.209396773927864821e-01 4.241356214179730078e-01 4.257191401287221399e-01 4.087757636039679454e-01
4.287659642100037360e-01 4.253154772907826731e-01 4.255430109337109412e-01 4.214162008248693581e-01 4.258922111650016440e-01 4.085619776622686494e-01 4.318066260501890463e-01 3.981365197071980999e-01 4.101423585409553763e-01 4.113558961333425579e-01 4.079022323951294604e-01 4.051615250865007178e-01
3.963328065245896870e-01 4.100106721195121429e-01 4.121885593696465455e-01 4.093009908129566776e-01 4.240464487602706445e-01 4.162885540241646476e-01 4.179280675683052504e-01 4.051084611747006736e-01 4.254472752273854574e-01 4.206286370287853349e-01 4.305977730266775660e-01 4.321217543630122004e-01
4.110614501634288764e-01 4.238632832912137549e-01 4.170357569194294012e-01 4.098633095021820272e-01 4.243963672867304693e-01 4.160610388474421661e-01 4.224884305187829314e-01 4.256828162376684599e-01 4.149656803688028806e-01 4.173869443295045167e-01 3.984019431984676674e-01 4.187929793363002196e-01
4.172936379560207021e-01 4.140138642089325471e-01 4.183934751967296473e-01 4.077400155852312080e-01 4.115862109661373447e-01 4.195370720468624137e-01 4.178251192956100590e-01 4.425775267405510638e-01 4.181235298599439432e-01 4.085396767435303111e-01 4.237156453676567125e-01 4.006542260327502492e-01
4.154636938611379060e-01 4.339486541588944979e-01 4.096591748191419358e-01 4.265389920666345369e-01 4.001925866240667040e-01 4.338611546834336696e-01 4.017642029421955030e-01 4.120616134915687789e-01 4.200289267957134642e-01 3.911632802999454595e-01 4.316405138517293016e-01 4.236772064055762677e-01
4.258212504393122932e-01 4.223330376070500436e-01 4.184634590340550186e-01 4.090822465821785103e-01 4.098191988246637774e-01 4.164968206863421951e-01 4.269087513465951722e-01 4.000670682781560794e-01 4.350481940392740832e-01 4.177894708324821904e-01 4.100451927436302713e-01 4.081253095862750757e-01
4.236442525575415674e-01 4.191228767137767930e-01 4.271177084119012202e-01 4.102009852630054687e-01 4.252445463735597397e-01 4.259592225962768874e-01 4.088759249449887556e-01 4.209138228009126625e-01 4.056223118371959369e-01 4.238238287570291751e-01 4.125869409500123597e-01 3.968875787938044297e-01
4.242592189317351825e-01 4.175912142567513308e-01 4.130535051410569869e-01 4.202549022376241283e-01 4.093595054752897644e-01 4.169173081572692396e-01 4.051074724823929274e-01 4.352775466282359229e-01 4.211994499474328024e-01 4.066288894228043960e-01 4.073039058422379122e-01 4.230470814771494781e-01
4.248959496656321555e-01 4.226917156632249428e-01 4.181096408659116803e-01 4.295655183201153582e-01 4.263376637134700387e-01 4.192777193473368191e-01 3.970541873595302973e-01 4.111620668558593206e-01 4.330979623608977036e-01 4.262189183757956190e-01 4.032930881251394206e-01 3.882955693470858671e-01
4.249702801501695770e-01 4.101243290237814310e-01 4.196376775117993674e-01 4.100426419962435176e-01 4.331978009046957290e-01 4.218153478293439895e-01 4.192362490096633865e-01 4.173143015556034507e-01 4.245719418276861501e-01 3.988059219941253453e-01 4.146407484220496764e-01 4.056427597748578084e-01
4.111828905812405788e-01 4.375827910160272616e-01 3.960642293612357534e-01 4.430362450536508567e-01 4.265881107494590707e-01 3.928219320772772805e-01 4.237483869999247865e-01 4.077523176925516579e-01 4.321078562798486566e-01 4.049792126066262821e-01 4.136005955722329430e-01 4.105354320099395826e-01
4.242778604051030689e-01 4.079382609755403677e-01 4.273858568852162421e-01 4.210132143589023213e-01 4.322782277851741073e-01 4.212158007491881295e-01 4.105476121865554440e-01 4.074720050677134164e-01 4.183148916887577951e-01 4.121275451539373469e-01 4.105402616396415238e-01 4.068884631042723465e-01
4.131974627505010100e-01 4.058837183866593756e-01 4.250174227587311671e-01 4.353629425935173769e-01 4.088756311356367412e-01 4.014809334124922469e-01 4.239670927826074132e-01 4.252012969529804787e-01 4.056899854199357280e-01 4.257333695578945365e-01 4.048813498867464555e-01 4.247087943623228945e-01
4.195202021081411159e-01 4.253942045668941407e-01 4.082416375656898744e-01 4.183609932262489228e-01 4.034918553014040232e-01 4.153460574645796433e-01 4.041941846586594722e-01 4.277968643455867803e-01 4.238062867222308627e-01 4.056443604084637999e-01 4.359612585624889625e-01 4.122420950696163988e-01
4.122324615033681194e-01 4.261906844745350087e-01 4.207267780515178135e-01 4.225030292437920165e-01 4.186596371605604827e-01 4.228232291770974705e-01 4.062287507590524038e-01 4.040475835062088961e-01 4.101576325148307278e-01 4.154570990674537612e-01 4.271436833738632699e-01 4.138294311677466752e-01
3.928424700435405592e-01 4.222339074352892130e-01 4.241856379798454313e-01 4.307904102770179211e-01 4.270347947910204667e-01 4.113789895020463216e-01 3.991947764165687529e-01 4.204850344899378478e-01 4.351891684552533501e-01 4.106121837747130909e-01 4.217483499002617764e-01 4.043042769344509235e-01
4.095076899443541030e-01 4.123699181777083500e-01 4.115332945067448067e-01 4.280615574747940189e-01 4.173364369784287597e-01 4.010596002135371485e-01 4.230994504277904578e-01 4.289343601829876951e-01 3.896154022135375206e-01 4.217572933381649181e-01 4.260390976478770630e-01 4.306858988940671651e-01
4.170815017740104325e-01 4.318593984194916136e-01 4.077645288583369165e-01 4.182253037544207963e-01 4.302265668385649722e-01 4.168878066617167644e-01 3.923280314406965008e-01 4.297917757071255673e-01 4.142792102748992233e-01 3.973779425228239903e-01 4.276448008065397155e-01 4.165331329413531902e-01
4.256236894298349727e-01 4.136967274802508809e-01 4.142440067339923093e-01 4.204404360015273623e-01 4.194296016205415478e-01 4.106020272640542590e-01 4.050614242493909001e-01 4.204202636308919105e-01 4.052725354204484987e-01 4.415606529448926065e-01 4.290192567579566019e-01 3.946293784661896176e-01
3.983585175067065887e-01 4.274189120605278447e-01 4.049555397138882018e-01 4.136544082481347084e-01 4.132335657352786407e-01 4.233476731277252547e-01 4.189688917626656073e-01 4.104886136927913265e-01 4.181376879152400861e-01 4.043006501338790581e-01 4.273810082601360305e-01 4.397545318430243766e-01
4.105150440130563294e-01 4.290333680383544568e-01 4.160155141896137443e-01 3.994411301991931396e-01 4.180868041798208590e-01 4.066715980415417375e-01 4.266647339507609882e-01 4.167201846553048039e-01 4.278807168746994183e-01 3.995608145495291308e-01 4.274392063207849146e-01 4.219708849872753631e-01
4.293716119199804115e-01 3.864090922243325066e-01 4.226170197784969162e-01 4.096779929320059632e-01 4.008497947843593368e-01 4.180673173027622536e-01 4.070874925439877945e-01 4.193104169638761647e-01 4.312856288446840214e-01 4.216549779730011105e-01 4.279762014475873011e-01 4.256924532849328258e-01
4.068062084472982565e-01 4.248486393416910367e-01 3.995103100011989650e-01 4.166305384533873224e-01 4.111212776462055962e-01 4.152802099736218056e-01 4.238773949534616614e-01 4.287367801512886878e-01 3.991718296848382752e-01 4.241955003297537274e-01 4.285964674168156741e-01 4.212248436004303320e-01
4.036851220130510121e-01 4.261559227383053816e-01 4.291924957329531498e-01 4.140946280343838493e-01 4.109581725130520002e-01 4.230526000973366951e-01 4.171852923649500555e-01 4.113433393273699945e-01 4.131137233491743999e-01 4.120734447908880882e-01 4.260434027535773827e-01 4.131018562849623210e-01
4.266005645879696329e-01 4.087168313435045053e-01 4.227089629880880772e-01 4.251279632788384499e-01 4.249684904567445076e-01 4.179588656824456683e-01 4.042758367532200969e-01 4.309757117093917511e-01 4.078145781556592464e-01 4.091114310592987580e-01 4.130982601167302315e-01 4.086425038681344990e-01
4.101653887784215691e-01 4.055296834919195903e-01 4.267159942986236132e-01 4.169132915345047374e-01 4.172321606191939369e-01 4.030792361402710244e-01 4.222654577691527522e-01 4.327545114339234056e-01 4.266851124700909992e-01 4.101974691580010934e-01 4.176375744229655074e-01 4.108241198829353236e-01
4.353371913005820715e-01 4.202179664922268687e-01 4.061848041757635253e-01 4.171829351959014387e-01 3.944698720419926308e-01 4.177518958352372525e-01 4.210250159199511732e-01 4.205951078307619273e-01 4.370202114256704906e-01 3.977571610889842901e-01 4.139112598343958060e-01 4.185465788585242541e-01
4.049756266749346412e-01 4.268502149274747692e-01 3.950608582223320009e-01 4.223430881581851093e-01 4.317710900931934770e-01 4.063494411497247660e-01 4.128925522668998593e-01 4.215455742361477465e-01 4.125359374031490334e-01 4.164631747276823504e-01 4.023543425672810314e-01 4.468580995730114802e-01
4.187462466025624330e-01 4.330987389786726816e-01 4.164995655343292080e-01 4.296520091976750999e-01 4.207497711708573229e-01 4.051128155401484965e-01 4.305852713700883960e-01 3.996438606317381792e-01 4.163642582488461530e-01 4.076231218763577413e-01 4.100049661888418573e-01 4.119193746598901473e-01
3.983940809349825196e-01 4.157981274226075774e-01 4.241931176432109929e-01 4.221998738650894478e-01 4.262579979188897972e-01 4.202115887619729540e-01 4.105181215364609448e-01 4.176795947740639670e-01 4.217860277016119430e-01 4.267511167341659362e-01 4.135037785175985081e-01 4.027065741893364192e-01
4.276475522928765982e-01 4.185179882664358253e-01 4.147336366543216690e-01 4.218891793197077633e-01 4.139541132846790150e-01 4.316346255094999917e-01 3.921741581674764165e-01 4.054409759051209594e-01 4.147927300603743705e-01 4.122496704084949726e-01 4.126191937594024250e-01 4.343461763716099377e-01
4.306108071290760675e-01 4.240788994146058033e-01 4.130717438697124599e-01 4.283105817669551896e-01 4.063110447198727826e-01 4.209714581652543863e-01 3.931002535330016534e-01 4.083152068565050752e-01 3.978404604683860590e-01 4.149495225359297601e-01 4.339380886417100180e-01 4.285019328990113952e-01
4.156898487511637708e-01 4.153959130496817642e-01 4.222378194869246815e-01 4.178472018617711559e-01 4.232116291395982000e-01 4.045471356389727102e-01 4.077008888162799716e-01 4.337639381265906979e-01 4.287225584371400777e-01 4.107591195850403554e-01 4.217423984729405384e-01 3.983815486339130629e-01
4.209630033980151786e-01 4.075509570964745976e-01 4.071812346394758086e-01 4.119595358175993649e-01 4.134124485185277642e-01 4.133910828796885650e-01 4.219892168865450044e-01 4.162768328216677194e-01 4.193785087533273281e-01 4.234119273976924003e-01 4.144854691932912116e-01 4.299997825977068255e-01
4.202557391105052331e-01 4.131970006232725812e-01 4.170247849874162416e-01 4.218557006984879898e-01 4.104511970355524952e-01 4.150421870883850284e-01 4.212779858814476031e-01 4.041407538235778363e-01 4.192808646430878916e-01 4.171786426805721426e-01 4.219612895770665784e-01 4.183338538506354287e-01
4.166049875909014766e-01 4.174050634285052519e-01 4.284799240918248930e-01 4.194089080239455924e-01 4.387616697351585104e-01 4.018736229102072288e-01 4.221351022426084176e-01 4.061450397305295668e-01 4.321678689742307622e-01 3.968674883505426965e-01 3.995847361273250353e-01 4.205655887942174598e-01
4.075563571787043093e-01 4.292832911357104542e-01 3.996999343892890244e-01 4.224146611123934525e-01 4.183329462049388270e-01 4.143050903992539502e-01 4.089239440890353183e-01 4.176728246837899672e-01 4.270167034215147650e-01 4.184611134160384216e-01 4.169914933578156013e-01 4.193416406114929273e-01
4.343222975458223001e-01 4.091741896120640876e-01 4.327286675829243867e-01 4.231939462173115452e-01 4.270469163399361334e-01 4.023058844671413836e-01 4.116207824831430440e-01 4.020523340974970772e-01 4.019283066123089387e-01 4.125500430008040009e-01 4.176685874813242938e-01 4.254080445596953863e-01
4.143901689049531156e-01 4.260440305593076182e-01 4.250078999483525299e-01 4.194652124082829947e-01 4.232297881111823923e-01 4.138447008414228856e-01 4.131044050085506680e-01 4.303969581528238053e-01 3.829710092094422702e-01 4.056076844364038814e-01 4.208793463622594877e-01 4.250587960569522927e-01
4.197096299317670254e-01 4.078813319312627472e-01 3.992433521618165004e-01 4.239637192886075989e-01 4.107230386580045245e-01 4.299393376470336814e-01 4.049955843108020703e-01 4.309036242807512407e-01 4.215355761607725849e-01 4.223799112550163937e-01 4.218554482070314693e-01 4.068694461671375495e-01
3.970759170845868935e-01 4.140439634680299630e-01 4.300185512856228298e-01 4.228779570864145132e-01 4.249838082118993499e-01 4.249109858820305230e-01 4.072106282869153437e-01 4.084914358632085185e-01 4.143745658781649022e-01 4.188048967661623934e-01 4.161907884795507662e-01 4.210165017074133931e-01
4.254971741912086935e-01 4.081757711931519039e-01 4.287289612405762451e-01 4.091425278865803983e-01 4.220917555713078473e-01 4.006434656520586057e-01 4.253099579850084244e-01 4.088222113683883663e-01 4.103392751359979385e-01 4.292932597923151961e-01 4.228735379309416786e-01 4.090821020524473273e-01
4.106079234186252869e-01 4.107959204157151656e-01 4.231760396699121851e-01 4.198095655348160760e-01 4.233246076361480981e-01 4.185302015118358976e-01 4.174957199373964256e-01 4.090020850362593441e-01 4.246568355587889698e-01 4.245493485957140267e-01 4.113875356694142171e-01 4.066642170153531022e-01
4.087094767918146299e-01 4.189181383211558751e-01 4.196560021358101134e-01 4.049019305599549368e-01 4.309958395186586078e-01 4.272768250996363260e-01 4.153649506370540312e-01 4.049585366421482036e-01 4.229969346959511212e-01 4.095418978343117744e-01 4.250387752850374179e-01 4.116406924784687948e-01
4.280315252207026466e-01 4.296839827875298390e-01 3.964700718607102603e-01 4.106642495925636460e-01 4.121928146029341655e-01 4.218082228771814490e-01 4.020271923002496917e-01 4.165516480507168717e-01 4.302917408643226471e-01 4.220559214478848409e-01 4.252597793763431278e-01 4.049628510188730268e-01
4.111367592701942741e-01 4.025727939208159634e-01 4.216399390245688106e-01 3.940282523207052634e-01 4.232361798150258148e-01 4.407320338177156960e-01 4.223538478321883227e-01 4.275674456490988762e-01 4.161969498227315323e-01 4.153930485653612448e-01 4.193305351536542602e-01 4.058122148079543745e-01
4.069394482150497927e-01 3.962690430432255773e-01 4.294171566211770763e-01 4.220166252920780625e-01 4.310150839631159414e-01 4.077715496774795279e-01 4.156235093083732179e-01 4.154892169608459529e-01 4.251287252574046382e-01 4.136782869771736815e-01 4.100586894000565752e-01 4.265926652840206224e-01
4.039125373303020239e-01 4.202955245093158432e-01 4.173285911487590316e-01 4.091470423567100667e-01 4.157358775803945972e-01 4.276324456362456949e-01 4.258784705704927176e-01 3.989293965342562420e-01 4.108131885099441938e-01 4.190801375847381660e-01 4.311020671446954555e-01 4.201447210941547938e-01
4.303853722233331736e-01 4.297726842968780936e-01 4.048529341905529044e-01 4.183487277806052784e-01 4.180423067074732768e-01 3.980248138237498789e-01 4.025332189858371601e-01 4.096223171227597049e-01 4.315582066221062552e-01 4.128207194641875244e-01 4.174354216303297616e-01 4.266032771522043632e-01
4.215571033389122757e-01 4.113317322192905356e-01 4.128398692247324808e-01 4.084895441818076067e-01 4.228372482933115961e-01 4.193156876056757243e-01 4.179914317601084450e-01 4.290283765883339262e-01 4.230556611168352354e-01 4.133258168553805012e-01 4.221206399541304055e-01 3.981068888614708312e-01
4.080620301657549853e-01 4.263658198385503195e-01 4.223299931140795938e-01 4.092419743695348000e-01 4.178587114151941506e-01 4.191424261917442440e-01 3.916288367647248192e-01 4.109839064333609127e-01 4.188572463912099142e-01 4.179053667881594269e-01 4.280143822491404015e-01 4.296093062785339978e-01
4.276409534244970390e-01 4.251692803311466484e-01 4.165528998872658484e-01 4.205380268194327531e-01 4.106922827976238199e-01 3.999460154733197048e-01 4.246279973730785473e-01 4.346124798856315641e-01 4.086145669632881838e-01 4.051753787258111639e-01 4.131202658071202460e-01 4.133098525118030775e-01
4.137711030232492648e-01 4.248298107048643635e-01 4.268882670918103250e-01 4.213071701219752718e-01 4.167098588125343617e-01 4.218196785124369019e-01 4.044529048476085409e-01 4.029741879302889407e-01 4.184006710518315408e-01 4.150089426015301508e-01 4.141895660676149227e-01 4.196478392342493091e-01
4.296850061207539984e-01 4.165848753836747242e-01 4.195661304693749649e-01 4.086753408276215804e-01 4.076102945268688105e-01 4.218754198783483123e-01 4.162526067633578464e-01 4.223982947464098858e-01 4.061040611972540071e-01 4.164521101134849301e-01 4.210023407199282586e-01 4.137935192528813810e-01
4.313844785879805133e-01 4.140717965865965411e-01 3.949010357758721557e-01 4.267619591670891444e-01 3.987399536295481717e-01 4.240493500612714239e-01 4.222383920915016575e-01 4.060338379058950897e-01 4.175908377678179129e-01 4.028898781495343084e-01 4.229713200233090054e-01 4.383671602536012291e-01
3.998584523645357658e-01 4.323204200591210800e-01 4.063305252518278343e-01 4.098999567654274534e-01 4.168961283092538772e-01 4.004242116093250092e-01 4.110811384432118132e-01 4.166721286087531340e-01 4.424851595494442291e-01 4.129229634701981899e-01 4.338304175285845332e-01 4.172784980403239641e-01
4.129685699385347020e-01 4.075403921087393244e-01 4.206520700038478555e-01 4.034133544246795156e-01 4.148849292449268145e-01 4.120932699902092877e-01 4.022130749520274051e-01 4.344171776832297382e-01 4.203189492136006344e-01 4.305294103951633478e-01 4.189133606977114566e-01 4.220554413473625033e-01
4.256625226975918608e-01 4.085349837468651990e-01 3.986557699330060545e-01 4.192124853025130382e-01 4.098754421465078401e-01 4.389239578985683066e-01 3.999589532272661008e-01 4.173276986889812856e-01 4.298228312452084809e-01 4.122156245110758510e-01 4.252688801952151376e-01 4.145408504072165545e-01
4.289999664241047062e-01 4.232704490972895028e-01 4.200838737391697220e-01 4.326536937140684769e-01 4.146936888029042478e-01 4.107443940906821966e-01 3.979492824690298858e-01 3.997239018213192274e-01 4.132697314961474300e-01 4.333279271900893903e-01 4.107208648660028993e-01 4.145622262891396348e-01
4.265288666356883418e-01 4.108897155826288783e-01 4.110791506750962609e-01 4.149219035735953187e-01 4.181079464826985004e-01 4.151923518062100027e-01 4.335109933206743316e-01 4.118424212694270503e-01 4.155851099669157778e-01 4.144581145607469930e-01 4.211681943324174782e-01 4.067152317938974027e-01
4.117515021075486836e-01 4.297775552161572921e-01 4.146489502408061689e-01 4.139074822280952581e-01 4.170490138438470717e-01 4.052689743949733359e-01 4.027976535441085137e-01 4.159492433687381752e-01 4.309309920085347412e-01 4.143766469849232692e-01 4.108676929716998938e-01 4.326742930905544959e-01
4.089385799853170744e-01 4.213348813187354214e-01 4.297948042406130043e-01 4.054052674996722061e-01 4.252906809049262771e-01 4.126029521840492986e-01 4.310617610326484828e-01 4.051862178317959806e-01 4.180633325574935055e-01 4.105744750969182455e-01 4.109744250847019442e-01 4.207726222631129609e-01
4.110067454149081145e-01 4.190074353857365930e-01 4.232257642565916966e-01 4.251522950136367718e-01 4.255908661773641910e-01 4.069465388773944037e-01 4.131921604691261019e-01 3.934507239113967381e-01 4.208376955181372114e-01 4.169429034415439994e-01 4.147474072330615824e-01 4.298994643010948802e-01
4.315123866922455087e-01 4.102226183166543527e-01 4.255114421281582238e-01 4.038821608128544405e-01 4.354030307455687976e-01 4.162454559393044540e-01 4.022671038694599632e-01 4.144647796983343957e-01 4.069623325749921472e-01 4.102268025563130527e-01 4.213612549064361112e-01 4.219406317596691158e-01
4.203412311498420650e-01 4.140517668428404519e-01 4.099221919761339428e-01 4.092035988945884606e-01 4.251204878599816883e-01 4.112144962207082699e-01 4.100587910802513947e-01 4.147139083403814097e-01 4.181256682372105349e-01 4.213653719605576775e-01 4.147499990534612158e-01 4.311324883840719768e-01
4.102957487371576839e-01 4.190995585132394341e-01 4.164338284489528252e-01 4.174458248162014051e-01 4.343955945019198350e-01 4.230189288163440642e-01 4.174827842735604477e-01 4.177132810615376002e-01 4.025870123539818102e-01 4.201371767085768094e-01 4.070922052193605700e-01 4.142980565492023204e-01
4.159983388252349035e-01 4.109941321339854459e-01 4.148770309560247949e-01 4.328030800878995832e-01 4.193723924407703474e-01 4.317224125272761670e-01 4.053448261327455837e-01 4.198297370338130441e-01 4.245886011212866018e-01 3.899617596527656382e-01 4.273227153918398580e-01 4.071849736963482069e-01
4.129718455730749249e-01 4.215505711084101548e-01 4.133682750180547316e-01 4.125229995566022101e-01 4.012565288641843919e-01 4.154281104085746357e-01 4.069621019861684452e-01 4.297519495224480512e-01 4.243355806173919054e-01 4.305643731873761149e-01 4.079522524103713632e-01 4.233354117473382972e-01
3.919129930025661013e-01 4.109853619764083366e-01 4.232097344445862053e-01 4.087840448974780494e-01 4.200901725394497466e-01 4.249201502650914453e-01 4.169622712731404501e-01 4.164025579271221633e-01 4.287976841335900402e-01 4.232567867902723435e-01 4.108332698518543102e-01 4.238449728984157172e-01
4.162483450792975326e-01 4.102177478598450500e-01 4.177494423542872370e-01 4.020607092171007979e-01 4.366206572630292881e-01 4.142154241592652664e-01 4.183253326679976514e-01 4.134793044485260971e-01 4.233849158645910382e-01 4.020968023042628126e-01 4.202594944790272180e-01 4.253418243027399792e-01
4.030895059545729353e-01 4.044469456333289470e-01 4.156475561354849857e-01 4.072554307109639282e-01 4.239101673146781768e-01 4.208266326184367800e-01 4.326262328509674626e-01 4.207300968499573246e-01 4.132660472321730283e-01 4.314852801951748473e-01 4.150610299492811794e-01 4.116550745549815149e-01
4.171111093862551189e-01 4.240463219269697825e-01 4.075659904662045641e-01 4.093987774064374863e-01 4.054738813252004581e-01 4.180299682206659040e-01 4.282884992770132904e-01 4.197480140254722381e-01 4.147948781565117815e-01 4.293991329495865372e-01 4.105346953100915686e-01 4.156087315495781698e-01
4.392272178654266779e-01 4.235636069403626580e-01 4.276141668086594905e-01 4.272252042064963451e-01 4.232007398256354413e-01 3.964909657497640016e-01 4.288141342150863511e-01 4.102708092426490261e-01 3.928828018927421617e-01 4.151965744977358375e-01 4.146494550899362252e-01 4.008643236655043962e-01
4.350403737603698029e-01 4.202739422891585419e-01 3.990142990139847745e-01 4.112353390699343691e-01 4.186893820756574236e-01 4.031126696486400651e-01 4.073141291503678540e-01 4.200972693078109943e-01 4.249286517352107717e-01 4.179566942706421928e-01 4.157374649777505482e-01 4.265997847004774357e-01
4.171131594869981196e-01 4.035593139450586730e-01 4.310311002976221495e-01 4.124392419897391915e-01 4.034090925143010153e-01 4.177198829280530656e-01 4.080343213592539930e-01 4.186908192961317221e-01 4.420027290832362343e-01 4.037805083279542573e-01 4.182655978224661397e-01 4.239542329491750028e-01
4.208987797386671281e-01 4.014956019057864256e-01 4.233875085850579700e-01 4.164648877252702386e-01 4.179979591935531480e-01 4.153138405939340028e-01 4.250873207417821820e-01 4.110218537848761566e-01 4.094669611987022395e-01 4.150795481641841311e-01 4.261415695469786824e-01 4.176441688212129688e-01
4.286372427974856070e-01 4.170655514358349025e-01 4.210102705055267514e-01 4.056414300962343233e-01 4.160638799305458879e-01 4.039858434430707024e-01 4.358147738735878018e-01 4.104674549551389773e-01 4.049758614882812413e-01 4.190980448353373022e-01 4.211882599742346467e-01 4.160513866647432835e-01
4.043305899453955576e-01 4.229296169644068959e-01 4.343778685112507087e-01 4.187069805648029330e-01 3.944802362272825658e-01 4.171936524388907830e-01 4.318067913012644254e-01 4.087864092494549739e-01 4.434918346657386046e-01 4.033077553309156738e-01 4.103583788808156108e-01 4.102298859197757164e-01
4.004905985736129104e-01 4.261787133833910834e-01 4.029663117919105031e-01 4.186099756973558628e-01 4.291674068388561802e-01 4.163311092394248458e-01 4.207521748583532561e-01 3.981080442953667253e-01 4.172843271719968716e-01 4.196832789626909754e-01 4.188586210806699572e-01 4.315694381063348017e-01
4.248063270001889435e-01 4.213980049088440483e-01 4.197116279637315706e-01 4.066041494398590084e-01 4.102756142251893778e-01 4.173738179832574557e-01 4.075725847427664750e-01 4.484453844350067553e-01 4.123902696557556480e-01 4.077093912074310489e-01 4.352431096932319887e-01 3.884697187447360145e-01
4.080293967288231571e-01 4.092300999106995851e-01 4.232660314615732111e-01 4.125246772955925012e-01 4.096952747960258545e-01 4.146698974252617242e-01 4.149862964009313204e-01 4.276138674151785946e-01 4.380705838990138212e-01 4.094442508733313058e-01 4.165031254263721894e-01 4.159664983672098915e-01
4.152798367767964183e-01 3.980427630031271313e-01 4.199702044952157154e-01 4.222974788559507586e-01 4.292544035717167916e-01 4.120375886135115850e-01 4.159949617336059502e-01 4.260372010569765111e-01 4.043396239991471908e-01 4.199074538199955020e-01 4.171169141750085130e-01 4.197215698989207322e-01
4.196056526381677365e-01 4.129310293552682087e-01 4.295741988482872920e-01 4.078788922975223885e-01 4.152186174208765124e-01 4.247768403218414868e-01 4.129793309585014227e-01 4.230310908061514219e-01 4.123798255082079534e-01 4.078469164178409323e-01 4.013021691702661764e-01 4.324754362570784605e-01
4.295224768594934073e-01 4.246799062120494850e-01 4.109152199700127905e-01 4.100012555711090023e-01 4.369622557086181303e-01 4.117827265574196538e-01 4.270677025690068351e-01 4.072671193989267913e-01 4.073981421671307723e-01 4.097471517380826267e-01 3.984183853832027333e-01 4.262376578649809122e-01
4.320087686557461115e-01 4.229839144138590745e-01 4.130056682023915404e-01 4.171376006234295275e-01 4.169392726343974509e-01 4.177307360470509101e-01 3.978227348165425670e-01 4.383245964227836522e-01 4.070948477415858302e-01 4.075602975104488657e-01 4.177134847858468003e-01 4.116780781459296601e-01
