-1.223207476808022998e+00 8.417188078792067207e-01 -5.423047814132269523e-02 6.081773780340542501e-01 2.403780690373039097e-01 4.684451866863791336e-01 8.612121472965927893e-02 2.102939603894650802e-02 3.764192232829228213e-01 7.275302617424568297e-01
4.519852385649492099e-01 5.508630715872146061e-02 -4.920655276155662672e-01 -7.772378518952761765e-04 4.011397203944074008e-02 8.121646826626081894e-02 9.491016943914833137e-03 1.221940622901462659e+00 1.416259181921608254e-02 -4.507582652918684096e-01
-8.687202895808411318e-01 1.968510742978175909e-01 1.699362023640889063e-01 1.953869949153038965e-01 8.975729598782296037e-01 -3.020696704290111723e-01 1.249411795413280929e-01 -4.697527866526697848e-01 -1.871335913940000428e-01 2.760438279432589903e-01
-1.444009159420158450e-01 6.315550447758171426e-01 1.080249416885402519e-01 1.142365060330265081e+00 7.887823701739020421e-02 -7.919075521273263307e-01 2.326463786607866069e-01 -2.656377459561379828e-01 -9.040562255826992688e-01 4.414604240610979224e-01
1.819893530485278688e-01 1.629126849999004423e-01 -2.968789512304989553e-01 -7.161284108616882138e-01 1.467547931131622241e-01 6.384598093047314515e-01 -2.673431859504071806e-02 -2.242339412831549361e-01 1.104243716966091249e-01 3.960288033488945647e-01
1.960901577277123775e-01 -1.164404668793036945e+00 6.615565181716271947e-01 -6.196373511370997234e-01 1.023973214395859310e+00 -8.682127382675575156e-01 -4.746714010708196763e-01 6.376270466880330778e-02 -2.213491948233193563e-01 3.647545758500570640e-02
2.011534252774780651e-01 -1.253186584495501743e-01 -2.349727633206370736e-01 -4.750080682960313716e-01 -8.358806486623888699e-01 -1.530706786996205993e-01 -6.673051478188487227e-03 3.087427166702840231e-01 2.666413574882521287e-01 -4.179135447814372184e-01
1.036756382834719492e+00 -2.622199812881258196e-02 -3.870881142536073405e-01 1.689619133529956518e-01 1.832972260777753493e-01 -1.112122545380035188e+00 6.797788635761954357e-01 -2.436192104546365256e-01 -9.125810741148009386e-01 -8.667169635734403021e-01
9.371289768618383809e-01 4.452788610706889805e-02 4.036593604283673087e-01 8.427365433637628023e-01 -3.891679582427189921e-01 -8.812146299046447195e-03 -5.388658195974590503e-01 -2.736209174629254393e-01 -1.246733928081319130e-02 -6.008084809741103260e-01
6.783870218334081548e-01 -5.698197266665501193e-01 -6.822506434749218140e-01 4.347369982665887367e-01 -4.075442562067826402e-01 4.443808777459700154e-01 5.074533390694252466e-01 2.095295341010807999e-01 -9.295761468314607257e-01 1.902707426420365555e-01
1.224516586177420291e-01 4.489334737465798530e-02 -7.652098471880719455e-01 9.199459703773609220e-01 7.916643058899083263e-01 3.677645468590936551e-01 3.334963436700076334e-01 -1.239443680459444280e-01 -4.997344712600310657e-01 4.054456546664656630e-02
-4.118109350704595717e-01 7.999208593038155402e-02 2.256094876723032661e-01 3.264100442205437047e-01 -4.775987040917471504e-01 -7.773579107585016912e-01 5.909660684160265021e-01 -3.534609739330523692e-01 3.219174808539481125e-01 2.067085800363359649e-01
4.892165510888361601e-01 5.123799059916416265e-01 9.071454410759323406e-02 -1.324269140431234282e-01 1.162564798311506831e+00 -7.634362247944782576e-01 2.403605303207396182e-01 -2.199438709010340665e-01 4.913040941721457666e-01 3.124333273779569820e-01
5.840769600552766505e-01 6.219497088332488072e-03 -6.872197808220734672e-01 5.226858155830079733e-01 2.412794242970070779e-01 3.077658465133057408e-01 -2.480500870561248017e-01 -1.272832875982636391e+00 -2.859582910290805469e-01 6.922726361018839425e-01
-2.172062061324862847e-01 3.649615090278830742e-02 -9.736374970349156444e-01 -5.680950823787160875e-01 6.376388615091364009e-01 -5.446958741174122709e-01 6.065002435853441565e-01 7.111755525749030582e-01 -3.973798871875510764e-03 4.219401542986698228e-01
8.184885901012811660e-01 6.053664591573210130e-01 -4.108635875307852653e-02 7.604024698370400737e-01 3.754223247294594112e-01 -3.840294332970110580e-01 4.537504986245531335e-01 2.610909824624487174e-01 -3.978972825513747980e-01 -3.540808694515379940e-01
3.015298891786928892e-01 -1.726392187053248650e-01 3.293357857409296430e-01 -4.144371222629297247e-01 1.068108798017274097e+00 2.007085005102854924e-01 5.472075507171804132e-01 1.442700630384945726e-01 3.483787834448342502e-01 -3.087501057717791930e-01
-1.202902383789966334e-01 1.970947997464152224e-01 1.454025176033234279e-01 3.631143861562338149e-01 -8.501028949422739789e-01 -4.619663179370645523e-01 9.998271557346976035e-01 3.671700715984988483e-01 -1.041503159731244521e+00 1.577114126971432273e-01
3.739728147830585492e-01 -4.295174227371290065e-01 -1.544395692950596144e-01 6.072696872397684853e-01 -7.982614852013629747e-01 4.669399891876828690e-01 1.085009838199191556e-01 7.869044707713680475e-01 4.686615734065848748e-01 -1.494918384074536422e-01
-3.138670517722948472e-01 -1.322301854286216105e-01 -3.701531162178629542e-01 -8.118935223183192385e-01 9.248672471426722108e-01 -3.817533960310827146e-01 2.616658839661153285e-02 1.070636593464776298e-01 2.642417361433391232e-01 -5.534620872291175914e-02
5.304575621561771204e-01 9.997547382567547603e-01 -1.391004399388641177e-01 3.132882058943675663e-01 -9.055630779687940946e-01 -1.353453894096798837e-01 -4.999155656725384200e-01 -5.273138381891744331e-01 5.314220546041465987e-01 2.321958247942632614e-01
-6.221880570792360371e-02 -4.548557912333685976e-02 -2.884346580331066390e-01 -9.523635990462284706e-01 -7.409042768558408154e-01 -1.052741702477641983e+00 3.248927972395724284e-01 -4.927519297459992953e-01 -2.045804971334191369e-01 4.108369222641127250e-01
1.115866892678508249e+00 7.989907418378974224e-01 9.523185026103326845e-01 6.204904629184909703e-01 -9.555601109532065873e-01 2.271652608763581049e-01 1.435594997165057451e+00 2.412247163439056596e-01 -3.375675778908550084e-01 4.630967283627651643e-01
5.109130591332997628e-01 -1.459958124359991283e-01 9.246648873036986127e-02 2.132345783104821757e-01 -1.452289622439349448e-01 -2.369792714929750688e-01 1.802884537489595485e-01 -1.001447854820212591e+00 -1.457949143947216419e-01 7.149965151387812634e-01
2.577294216215035849e-01 -9.380034937539701856e-01 1.064817516658676660e-01 -1.280542693553124445e-01 -4.074307845254186433e-01 -6.197466238334285726e-02 2.976290164649175174e-01 -4.846878998013806061e-01 -1.309613857033929074e+00 8.918931825187824403e-02
-3.066628713794293179e-02 2.216828235166369843e-01 -3.720346052818879895e-02 -6.485909063912406181e-01 -2.546495988541417899e-01 -5.903414837269027604e-02 -2.113698761438381757e-01 -6.013473630064593012e-01 4.996278087743608043e-01 -4.514931177943591889e-01
-1.491951384479030529e-01 1.139446454006788900e-01 5.173193872676929983e-01 -9.355024461779559708e-01 -1.320003873491717661e+00 5.817078449173959109e-01 -4.790145885071541154e-01 -4.833343964425101252e-02 6.081831387357948815e-01 1.558328216778934183e-01
3.485726298770353004e-01 3.804007758517465310e-01 2.621097864426110702e-01 -4.052791097925669828e-01 7.113212000662569867e-01 3.959048282277294328e-01 5.207644995772688079e-02 -1.036857629811753084e-01 -1.669377080571500527e-01 -8.950471120819651627e-02
-5.892226098972220827e-01 -7.711004302950343892e-01 -7.914862020659360065e-01 -4.473359214592396715e-01 -1.757606211966740439e-01 7.576000623725173133e-01 9.121140615287298692e-01 -1.605699656609516912e-01 -8.237789395520134228e-01 1.794641179706863710e-01
4.656979509141549456e-01 1.809321985074210104e-01 2.063290357342006942e-02 -3.674392254136856772e-01 -5.800834388736108016e-01 6.762770032612408500e-01 8.508761319352699248e-02 -3.428996693698215248e-01 -3.920028570295006620e-01 5.851040220471767084e-01
-7.060249657761076547e-02 4.284065470138063297e-02 5.636428091597243117e-01 4.132011570554615654e-01 3.697018000064188903e-01 4.462067261333415580e-01 -8.545419984014728243e-01 9.147177026146942336e-02 5.790217726646990082e-01 -3.914838101328323994e-01
-2.391302355000323732e-01 3.501077671695587701e-01 3.940476281041080941e-01 -1.484474817962890270e-01 -1.888104541546856974e-01 7.095671267238027324e-01 -8.164892227698429261e-01 -2.112635045358604580e-01 -3.082077562636515999e-01 2.442106346242932935e-01
-5.416208958488618608e-01 3.071328559108021244e-02 -7.733496135697870422e-01 3.898312645679382071e-01 -3.027171629916454720e-01 -5.251783267872188743e-01 3.639211262781248957e-01 -3.605308808885284710e-01 4.943032704310768022e-01 3.517437766165814605e-01
-4.469274869274036943e-02 1.404960372288635746e-02 2.678898938973189314e-01 5.416533590711031243e-01 -7.025957861023705842e-02 6.756699393208415172e-01 4.025598195541784108e-01 1.884487012137988637e-01 2.802985385171891108e-01 -2.225728950300891185e-01
-2.026165980770531505e-01 3.046632053334571988e-01 -4.259827345026788170e-01 5.834492725137061520e-01 7.001515384590388802e-01 2.019823110802056454e-01 3.256515794591763324e-01 -4.775901930933912354e-02 1.076568706836102118e-01 5.556707289929527782e-01
-5.087991985171680387e-01 -2.687807651680820809e-01 -7.471559460675099296e-02 6.468234685809365336e-01 -4.786830815894492774e-01 4.868342490991798277e-01 3.735327867126111978e-02 -5.388775465561284062e-01 -1.679990808559717330e-01 -2.613986683148528112e-01
2.232012213314407134e-01 6.023964259704896185e-04 -4.555937028711181114e-01 1.359298836653840770e+00 -2.362119781988489819e-01 2.058755462420447380e-01 -4.833810351532612237e-02 -4.530355929809180560e-01 -1.356153027168035818e-01 6.632879317730311364e-01
5.707621801976744402e-01 -2.206740474981973843e-01 -1.273425872639586398e-01 -9.795942885880318807e-01 -1.693722592680962091e-01 -4.165362133461995575e-01 -4.437354852331311106e-01 4.016700772059862978e-01 8.515966646249495398e-02 1.714908808272036289e+00
9.750811212843490949e-02 -5.279322291335061257e-01 -1.379323753730861135e+00 -1.960017849531292267e-01 1.635841724966195787e-02 -5.284850572025008297e-01 -2.431703044064501829e-01 -2.554777351409732722e-01 2.279655567283677686e-01 -1.375340775728265630e+00
-1.355279223305351222e-01 4.824682803373693818e-01 4.831758370906152900e-01 -7.722077671531877296e-01 2.581069753849749571e-01 -3.161822311796995133e-01 -5.874517753956284144e-02 1.571150147699069688e-01 2.968119176096131184e-01 6.242910357814182021e-01
2.207671830937336377e-01 -1.904845970556728330e-01 7.672741697345548673e-01 -3.525138044863655451e-01 -6.340252700234900729e-01 -1.298716627537189749e-01 -6.369888304755367825e-01 1.098708290267850218e+00 5.839184580390707202e-01 -1.735269134419811510e-01
-6.384331606253760283e-01 -1.139248691724267654e-01 -1.012796526441915312e-01 -8.517337393422914626e-01 6.980543970372692364e-01 7.652778340173316263e-01 3.680261432510253949e-01 1.331290864228387161e+00 5.724652844779010152e-01 6.858098825963354628e-01
-1.105653787451435610e+00 3.412109916686556499e-01 -1.751933297741142537e-01 3.255696337112772287e-01 4.431267580594988598e-01 6.227698604784949188e-01 1.395235967457272852e-01 3.324451947649868511e-01 -6.226114132877055285e-01 2.780421992330535663e-01
-6.303177547613086906e-01 3.596304746020614895e-01 7.602683102267994153e-01 9.092724202601503228e-03 1.114530921066538616e+00 -3.315583968953121352e-01 -7.763324639721987941e-01 -2.248375071888724930e-01 -2.002526137590701916e-01 -2.103078872508909736e-01
6.698798341549695445e-01 -1.060445923438780719e-01 -3.695145772101798669e-03 -1.361205065280388649e-01 5.628691020121271427e-01 -3.676037197249437671e-01 -3.040659326772001125e-01 1.654354938058210933e-01 -1.365754410067125113e-01 -4.753870014450360393e-01
3.070483958385545886e-01 4.984553965941199150e-01 4.243418692270911063e-01 -7.374395826890352279e-02 2.467717144144521424e-01 5.710849408123928050e-01 5.129149855880914544e-01 2.517993298597400176e-01 -4.970451076473170748e-01 2.220371376023190513e-01
-2.557476331134151404e-01 -6.332390588142841059e-01 4.485195745292985814e-01 -5.702109720184466157e-01 -2.442460146538235621e-01 8.751897531456151458e-02 6.817297681947001031e-01 -3.192870414101775522e-01 -8.868488714051254995e-02 3.252425472774333470e-01
-1.057603196277266733e+00 1.310890543596446578e-01 -3.082484082499705250e-02 1.209192027043757278e+00 -3.251529824153550630e-01 1.098374918156800606e-01 2.426852147570975338e-01 -5.096033664819404896e-02 4.266972552104615624e-02 -6.875671271055047162e-01
7.122119546895361308e-01 1.110264552762658813e-01 -3.918738879375014555e-02 1.433252276288169702e-01 -1.111340863679785157e-01 2.447492156364489135e-01 1.468177650112862664e-01 7.294070388398713467e-01 5.613162761500920528e-01 -6.155138449084415209e-01
4.359352130184591112e-01 2.373767668632319749e-01 -1.747270216636284679e-01 -1.315973773307059558e+00 2.758484637614507656e-02 2.062693524393956757e-01 3.025691607099152414e-01 -1.681308059552349271e-02 -7.771983509975904925e-02 5.035687962376524940e-01
4.765350344702165564e-01 4.220719533039898885e-02 3.828131288847378411e-01 -3.455441892228417466e-01 -7.601305264536494244e-01 -3.550077301100377225e-01 -6.111726133067445499e-01 -6.732273766346468236e-01 -7.954874011600290284e-01 -2.663113048399251559e-01
-1.048656545947450058e-01 -6.112206292820864251e-01 4.646407905676542827e-01 -4.905041276995346644e-01 -5.893485626940567768e-01 2.805095385252160400e-01 1.207922498835748204e+00 -6.233196503634212959e-01 -4.693036855789153861e-02 -5.432864619488662894e-02
-4.107014019666778704e-01 7.766117511300348053e-02 -3.186779453898041514e-01 9.312220234107754235e-01 -5.785443532425963431e-01 -5.455107128575654718e-01 -1.364894926358141969e-01 1.683877338517481836e-01 -5.420558437800880869e-01 -4.834128889951403441e-01
7.847273800171719604e-02 2.445664708711192681e-01 -3.514243643430192132e-01 -8.227798983292390345e-01 1.902364537610540208e-03 7.805786872280716659e-01 -8.274173916100209247e-01 -1.214025136509708780e-01 2.304147661274363046e-01 1.790596608220953456e-01
2.450456760431377889e-01 1.213131404563985383e+00 1.741715832230257832e-01 -4.389865128219514467e-01 -1.109208398309892152e+00 1.968061403787753905e-01 -1.854492701595879256e-01 4.546387345551877734e-01 4.184456929069555603e-02 5.133250747580814233e-01
3.365779898964367522e-02 -4.325983877389776300e-01 -3.245191313410803469e-01 -8.079808970662091805e-02 -7.274090103084396297e-02 -1.947223047851608380e-01 3.321879336922693993e-01 -1.592410936639340469e-01 -1.703223549849261609e+00 -1.326083835112117360e+00
7.521942054994551485e-01 -1.632540566617885769e-01 5.503794225788374295e-01 -1.098435883137820063e-01 -4.332625090256008726e-01 -3.329483015049916617e-01 5.640137553086830291e-01 5.810056853216168105e-02 -5.173797053775912591e-01 3.545158293637859503e-01
1.235662063661535859e+00 5.000993322796490892e-01 -2.581938459235134098e-01 6.496383122720666980e-02 1.165091309912831413e-01 -1.056608626577818927e-01 -4.897167747638002111e-01 -9.770963534399383921e-01 4.762456782957625867e-01 -5.704508089148736527e-01
8.448304773352759423e-01 -5.759908331416024874e-01 -4.904272395431200082e-01 1.105556085435886349e+00 2.209334270759856778e-01 -9.635747898952334856e-01 -2.481495147066669626e-01 -5.717363820007551611e-01 5.749626496908986084e-01 -2.156914965608354717e-01
-2.172575066269923638e-01 9.179664838198274834e-01 -4.843684806373633744e-01 2.260010867577605109e-01 6.235389338772273637e-01 -2.091735560258892457e-01 -2.163439884133032121e-01 -8.197183698830965426e-01 3.386899123168846670e-01 -5.244713066676391922e-01
-1.351519355409161738e-01 6.937084656281663486e-01 -1.560676611603738044e-02 -4.330807621446874367e-01 1.132476346300886005e+00 -6.413583732852580210e-01 6.084441173365453537e-01 6.088510221919814919e-02 3.290610438035371788e-01 -2.447831609664682939e-01
-6.838485058539553463e-02 -8.055011021065627830e-01 -4.036659328617092646e-01 -2.741801810181692112e-01 3.367015991861384006e-01 3.145256478291996033e-02 -5.926080133073996503e-01 2.320802490560805176e-01 3.435156646903097521e-01 5.176822013865527428e-01
4.006964386060213879e-01 -2.470857124725231724e-01 1.560892623643831134e-01 -4.483942422164616248e-01 2.701780469806325802e-01 -2.463280618702233526e-02 -5.174739850774512373e-02 3.409027887480810537e-01 4.064581003130241510e-01 2.627714214230328360e-01
-1.296373149285242887e-01 -8.619403175477924339e-01 -8.868113971874822532e-01 -4.834883187438083207e-01 6.315071890588740411e-01 -1.092430853063156987e-01 -3.132240474690162757e-01 -1.870693028066306440e-01 2.866804905018853489e-02 1.771451052472848842e-01
-4.160183320070840463e-01 -3.446745400028027387e-03 -4.981560519161496586e-02 3.295764940917376151e-01 -1.989770412992371632e-02 -1.122850275631559480e+00 -4.501629190236812184e-01 -3.513865935304281152e-01 -1.481256568906503257e-01 5.054070682289433375e-02
3.607973614350307723e-01 -8.224724837884393736e-02 -1.045976218770789501e+00 8.735900921664587759e-01 -3.633470498259606662e-01 3.098270179237775368e-01 7.108763887443598772e-01 -7.189400160653780514e-01 5.773103040359003901e-02 2.474488613486716393e-01
4.902352021215147237e-01 -1.579026073745031303e-02 4.876012456364237080e-01 7.991248959839067911e-01 6.164695056909014204e-01 1.453672118387216994e+00 -3.774341716098614241e-01 -6.753190183888138076e-01 8.838860821669880172e-03 -4.175388950997347554e-02
-3.152439326314134260e-01 -6.418942874585097380e-01 -3.658202763145242120e-02 5.600375592065972522e-04 -5.788189892893528254e-01 3.987980669551883239e-01 1.340798486406250545e-01 -3.979600975259000584e-01 -1.651455014042132463e-01 -7.070679682820488754e-01
3.724599981171904939e-01 5.823789526663986083e-01 5.836482714722502907e-01 -7.982921567791951833e-01 6.143710175048673339e-01 6.511327177186736481e-01 5.786673443699046071e-02 2.623223530872877962e-01 2.915276682398907360e-01 -3.898454713926907678e-01
-3.427733871743932070e-02 -3.389076631859283539e-01 2.255227443658728778e-02 -3.303976000260449575e-01 7.591198828450128611e-01 4.578366778455403990e-02 6.459425025787186858e-02 -5.284617710980347993e-02 -4.515886923651926121e-01 2.796387606850957441e-01
7.595952522393464301e-01 4.876322780415860980e-01 -1.971645848909274301e+00 -6.651829806009111890e-01 -3.874803642136943060e-01 8.086756025381394153e-01 -4.608337830687646575e-01 -1.839343555259045221e-02 -7.625121560053357839e-02 4.670666706950701297e-01
-5.911226661216585354e-01 5.673296745405133068e-01 1.724051465040599418e-01 9.316481901898580054e-01 -6.691535716469096395e-02 6.033216242822321274e-01 3.210783324334688382e-01 7.985835018759791515e-01 -1.054056308939613995e+00 9.140029940312185408e-01
7.363480473324118813e-01 3.358131465223105142e-03 4.054872062826512802e-01 6.078009734488182270e-01 6.528927744598042038e-01 -1.033780087208857959e-02 -7.246231510008118715e-01 -1.333401757089672790e-01 -3.051634844229763055e-01 1.355168533064897707e-01
-7.198695603785423835e-02 -5.565947770353998209e-02 6.626617329656636635e-01 -1.167359949291584403e-01 1.580915449918419036e+00 -2.390113324371279657e-01 6.521743246340553357e-01 1.008138468450837655e+00 6.308326402590552773e-01 3.635319389354102482e-01
-2.602909036652957253e-01 -7.860402053942129319e-01 2.430143086428892818e-01 8.538466738256652588e-01 -1.410253954597545378e-01 -1.946970436412711336e-01 5.603511187703880125e-01 -3.438258897154331528e-01 2.276453694489861679e-01 -8.044827527631359665e-01
-3.072505058972812564e-01 5.949988512739549096e-01 -4.889621589898954790e-01 6.817680372498555186e-02 4.540477058188063242e-01 3.029614032011738178e-01 -7.985610162406151513e-01 3.716375257999375847e-01 1.358499717797510276e-01 2.627405929388297312e-01
-1.928299938759135135e-01 1.136909658718755045e+00 7.940618986505254551e-01 -3.013876388875310064e-01 -7.833337520293061351e-02 7.396428158860477442e-01 -1.504086050226761673e+00 3.840488807900553359e-01 7.254368534467563467e-01 4.595131029702644310e-01
6.290725981023590485e-01 -2.969955254860230931e-01 5.327978974516461852e-01 7.344971090537888436e-01 8.893007579628450232e-01 -1.221518140036093047e+00 2.489448288700756018e-01 -1.236812037953821108e-01 -4.227126532448702290e-01 -2.651281358224964399e-02
1.972134932706986199e-01 5.695497126800750376e-01 -2.451130884842259508e-03 6.543318918208532731e-01 2.979766205905167720e-01 -2.445324694160999068e-01 1.401203614014197470e-02 6.197553624894532875e-01 -3.400249118588290903e-02 -3.888898407857693251e-01
-7.584225359146059553e-01 -8.736673803344517653e-02 9.493640523042523593e-01 1.984701786523696831e-01 3.948932763405507140e-01 9.545732537159035136e-01 -7.386428910779540002e-01 -2.214432303817020220e-01 -6.553807384416613369e-01 2.289646895748911615e-01
-1.172665054089489511e-01 5.482308047964004616e-02 -5.610329110921562501e-01 -6.724791942049304083e-01 8.099163395711781455e-01 6.097437435635807423e-01 3.541161379770491058e-01 -1.020754080821900445e+00 6.302871117961101888e-01 -4.621152145776620812e-01
-4.009752773842448215e-01 2.769958093427181134e-01 1.120385293027789553e+00 2.684892804457544302e-01 7.822415893625059846e-01 5.706852954745635920e-01 -5.483471164303439505e-01 2.371861831858310399e-01 -4.326100202328343469e-01 -5.273154563522732818e-01
-3.141818959748304274e-01 -6.109806223338736242e-01 2.383788541705632036e-01 3.616122427370946357e-01 4.911508847704622038e-01 4.038185639357773082e-01 3.532585714969401769e-01 2.642031610391198382e-01 -4.482812272552806898e-01 -1.428970236329102084e-01
-9.443892277163677684e-02 4.838833044260498206e-01 -1.054951373036446816e+00 7.441670735318749452e-01 2.397946086749763173e-01 3.543932346083140672e-01 -5.221863294234762032e-01 5.819226505413749306e-03 6.233050823856243206e-01 4.747660577230846668e-01
3.742766463815137556e-01 1.871416757790107799e-01 1.020618229669889576e+00 -1.518733745369922226e-03 6.508482160488400226e-01 -3.768796265744641105e-01 -1.234616304834955242e-01 -3.844940905216789884e-01 4.301161625025420876e-01 -1.773120787369498463e-01
-3.669070500388822431e-01 2.832495125302402217e-01 1.094085712893496654e+00 -2.722849744887531620e-01 5.230302280864036063e-02 3.238123266737494843e-01 4.936481398152733902e-01 7.325797589485263384e-01 -1.060667732164084637e-01 -7.266247272327350792e-01
1.893505328330095661e-01 3.232689749668520296e-01 5.586271457537780316e-01 -3.982709975442487171e-01 1.304823088873534320e-01 2.572128305711056662e-01 6.470494940138117324e-01 -8.743798581510681123e-01 -2.355048322692375809e-02 -5.019458932428575576e-02
3.326178540634907588e-01 9.819498351230322719e-02 -1.076365875928772670e-01 -6.388402339682199838e-01 -4.864435640829921081e-01 4.516162023818881543e-01 3.794795488625118951e-01 3.742364235032495656e-02 3.530930119289097391e-01 2.377231679988755370e-02
-2.970124649240434844e-01 -2.566361660523034938e-01 8.478270966861893576e-02 -1.119600785249302566e-01 3.532548647210397297e-01 -5.203312807183558819e-01 2.346422052976982753e-01 7.962729348468891022e-01 1.659934253106531699e-01 1.022320752912153768e-01
-9.186124293332043056e-02 2.882186757190887127e-01 -5.972371737513219037e-01 -2.728397921247769919e-01 -8.520845316761529453e-01 3.295896579398896464e-01 5.721111875492193022e-01 -7.150382799370135212e-01 5.176985275949175236e-01 7.909826400975091820e-01
-4.885019937292006120e-01 5.547071953800485344e-01 -2.712663749960490533e-01 -1.010538017745777339e-01 -1.380634336257811068e+00 4.151184753435760433e-01 4.200062479479631516e-01 3.042072755762750824e-01 2.609424343192764395e-01 -4.344646843202119579e-01
-1.100074939758123038e-01 1.375256461247992834e-01 -1.005481942313954380e-01 -8.695046633167362315e-02 -2.118751589158815105e-02 -5.302914829944585517e-02 -1.885601716953202445e-01 -6.926551565132555988e-01 2.251724854194712133e-01 4.308216899640595066e-01
3.286505763776600419e-01 -2.239892223029993079e-01 -7.969447100706985587e-01 3.565476047514752889e-01 2.735134051070636785e-01 2.246957576423752601e-01 -1.636043011615689324e-01 3.512141722435174751e-02 5.388832795072077131e-01 2.181267515288978776e-01
-4.562577778897710101e-01 2.857770996439873423e-02 -6.546181739903125241e-01 1.502202423715317814e-01 4.039357810231338219e-01 -8.142373734781345185e-01 3.952497070387969158e-01 -5.128995316547125816e-01 -7.790019716439865183e-02 -6.161424575658801528e-01
-9.059267242782710616e-02 5.611471724844040443e-01 2.687670887294389965e-01 -2.714407254682774107e-01 -4.399862675896048514e-01 -3.461532300905398873e-01 7.913146294629033184e-01 -4.330243293709450381e-01 -1.233776056213613248e-01 -1.696470953247820324e-01
5.071776586889412686e-01 5.815007280377343379e-01 6.120590814697388082e-02 -1.090401808746075812e-01 -4.589262249356370615e-01 -1.063931895391488247e+00 1.394910066669053927e-01 -2.375549617262992172e-02 -6.663898590528088972e-01 -4.694592776841645665e-01
2.117423390807818828e-01 -5.881587446259940455e-01 8.329690750260802801e-02 6.718368323893267879e-01 3.559249835938643747e-01 4.815826975043494551e-01 4.359442025697942702e-01 8.988001732958347256e-01 3.915972686795132773e-01 1.480595219561051112e-01
-1.132889146131859509e-01 -5.980217665529350413e-01 -4.158437681380871553e-01 2.287757608588173175e-01 3.836457224827565793e-01 -3.750329545406029808e-01 -2.798943449233416425e-01 -4.045386598132871270e-01 -5.167390144780181771e-01 8.850415867097194411e-01
5.438448995450421153e-01 2.457339672293338828e-01 2.692940151887067077e-02 7.076682073522827521e-01 -1.937298681300533842e-01 2.948518346856380812e-01 -2.385751874210435830e-01 -8.122754193334357220e-01 3.750093340957934007e-01 -6.545957494954158795e-01
5.298132384609549606e-01 -2.497894337642559137e-01 -2.130724720353659174e-01 2.964332070706612518e-02 -4.604060135024518052e-01 2.313994224258364152e-01 -3.715478113650513836e-01 -1.888082437743720809e-01 -4.932554103660468092e-01 8.666957545526607909e-01
