6.200057707766966353e-02 2.769522698396281041e-02 4.378489238654148519e-02 3.329568987194753832e-02 3.940139793707009286e-02 3.470499188863780671e-02 3.876623770088911264e-02 3.939018356406431137e-02 3.653436050390090201e-02 2.964805795865918525e-02
3.207209690813573461e-02 3.659260057238145764e-02 4.242080039210825715e-02 3.561755567511192683e-02 3.704584403452387126e-02 3.716586237474345245e-02 4.325840714010998483e-02 2.809207456715545267e-02 4.156176390297318390e-02 4.449869093363598149e-02
4.873706219519496202e-02 3.349751115899401999e-02 3.724292677763715864e-02 3.977218546077828515e-02 2.997630504973054430e-02 4.502911117261398921e-02 3.363778093295738403e-02 4.148749841118618692e-02 3.792812376570741523e-02 3.129987637062390388e-02
4.302988400083414960e-02 3.249385739512691135e-02 4.397015354315018248e-02 2.910079415360385807e-02 3.936277926274001082e-02 4.748407154621145376e-02 3.151744652678298286e-02 3.718190751719236548e-02 4.795543301123339486e-02 3.044749117761710519e-02
3.760266873525011655e-02 3.531659355073454160e-02 3.816608160115701753e-02 4.424748368137647325e-02 3.602308871724053257e-02 3.205550106575891234e-02 3.946592337482576068e-02 4.009295881142922735e-02 3.708070154490450410e-02 3.481392937444105495e-02
3.207197281738362327e-02 5.520991721004208513e-02 2.719368376025660047e-02 5.139541628950905494e-02 2.550597522747572246e-02 5.022370304285380532e-02 3.899865887223343680e-02 3.388362264895079107e-02 3.934761482721491760e-02 3.636816109426879717e-02
3.347867624632609035e-02 3.779185442273660933e-02 3.664852753135201119e-02 3.720750761344938234e-02 4.260128294083819628e-02 3.544499799195265782e-02 3.763326359673030419e-02 3.520747111685724323e-02 3.463647086104742340e-02 4.338313457116927535e-02
2.662427297119232539e-02 4.022610106829360016e-02 4.201462023782411709e-02 3.474235211594256523e-02 3.283953315304563580e-02 5.458881895563851006e-02 2.758369652845667555e-02 3.853571992917909778e-02 4.250491184830668123e-02 4.904167501986293753e-02
2.854452759327735095e-02 4.263354135565787517e-02 3.735536323101518869e-02 3.074730517124567644e-02 4.528240805858440438e-02 3.410958973149751799e-02 4.104071042909093053e-02 3.738016921881319454e-02 3.427530674791467308e-02 4.839312809173017954e-02
3.018967709051014262e-02 4.390061717169171235e-02 4.406189378465104334e-02 3.015805844813333400e-02 4.515221561311078685e-02 3.415079107819397886e-02 3.482984825404436546e-02 3.476601704251983810e-02 4.994737011705242813e-02 3.506412329015904522e-02
3.603481283495823390e-02 3.506975413424485294e-02 5.160004437483213524e-02 3.077095280060420171e-02 3.506977139642685620e-02 3.876123430447394463e-02 3.548991427055769171e-02 3.819678948682329184e-02 4.192098198807311243e-02 3.541577452471587201e-02
4.268375076520004863e-02 3.608562955093813640e-02 3.634041688008345095e-02 3.343749277482747917e-02 4.068082913745304369e-02 4.632661553813487848e-02 2.895230539994823535e-02 4.442583710247558632e-02 3.399282499968300786e-02 3.509623009683472683e-02
3.628741157756191354e-02 3.519619835199420954e-02 3.874706370296760599e-02 4.435800642641810759e-02 2.630109047798548372e-02 5.345265781013786022e-02 3.251692106326715959e-02 4.252953492700029675e-02 3.376344732692512091e-02 3.840070440079617481e-02
3.453983081462227295e-02 3.783975488469155241e-02 4.753903769177848099e-02 3.174022176493437875e-02 3.781646364915064451e-02 3.436077483758576828e-02 3.655601255505864372e-02 4.921421693967846511e-02 3.922125093156953596e-02 3.234242831101379750e-02
4.087149688807976966e-02 3.276515763993810559e-02 4.518503370927456908e-02 4.217735707464750211e-02 2.865817996499825729e-02 4.898851944258370700e-02 3.333905166556339061e-02 3.347627075555982545e-02 4.226787457258062569e-02 3.314977127091463249e-02
3.166097585537060166e-02 3.519310269121114776e-02 4.414770240181631333e-02 3.237636318706053201e-02 3.598523912162723826e-02 4.531449605618561444e-02 3.306312594186876230e-02 3.516457285449865050e-02 4.140962666590276842e-02 4.371273466222533322e-02
3.316849088954543917e-02 4.132822237160500844e-02 3.292065252465069258e-02 4.865649468582269183e-02 2.879915022010527334e-02 4.212207459932641035e-02 3.436762032861280514e-02 3.956644376768864851e-02 3.404119699793150405e-02 4.310671604787270905e-02
3.942937528642322109e-02 3.567908060301951123e-02 3.760837198414258148e-02 3.198145321614674630e-02 4.662498908165520900e-02 4.438517160344875728e-02 2.881973401816465691e-02 3.472307632017963136e-02 5.216835327077155859e-02 3.231762093469304348e-02
3.229695177463046823e-02 4.266238742736029599e-02 3.953356119813275504e-02 2.946389943373993459e-02 5.142970642479068738e-02 3.176532324076321301e-02 4.143417700118107172e-02 3.289783257027870111e-02 3.595934409761673139e-02 4.245766489941966287e-02
3.918852460209970578e-02 3.547848715871783354e-02 3.720399965281821764e-02 4.915475161200484611e-02 2.666446757524915806e-02 4.520961917041943501e-02 3.638660707150210422e-02 3.721212624417343656e-02 3.493212475394374961e-02 3.751245219202734710e-02
3.753100650923704706e-02 3.089451053898373267e-02 4.463076109144963749e-02 3.153579983559570005e-02 4.751320338943847144e-02 3.322286594050036929e-02 3.909373327666538361e-02 4.310326701321396531e-02 3.206007928907517179e-02 3.954352807293010780e-02
3.894559855272046456e-02 3.593698264069867393e-02 3.577429199132092091e-02 4.164829837189751305e-02 3.596722020204325826e-02 4.598473447627901556e-02 2.921186338518051012e-02 4.212162796576891799e-02 3.899321060133704303e-02 3.259230002552654382e-02
7.546702840808720142e-03 9.853480270349638040e-03 7.915436688874509172e-03 8.722348505346493377e-03 1.645703681614101369e-02 8.811612051675124166e-03 5.566177487783312283e-03 1.244363137161989125e-02 1.257182896298549707e-02 8.320190516953440002e-03
3.502600427679726514e-02 4.161023031906136566e-02 3.680610559089179251e-02 3.503454214067174000e-02 3.848272061712112307e-02 3.915607508764747113e-02 3.148357147942775630e-02 4.844490672104870277e-02 3.876747986294417497e-02 3.239133999834362121e-02
3.174103767509792173e-02 4.885844644993311142e-02 3.255054816494784564e-02 3.680926150517018630e-02 4.026208023637896372e-02 3.701518068010618834e-02 3.222355455635921018e-02 3.846958655423926565e-02 5.008499759364195419e-02 3.270931468424416455e-02
3.675250783919685460e-02 3.457660713398470059e-02 3.591517057209155789e-02 4.228184136014041111e-02 3.660302332968262684e-02 3.541783829450555893e-02 3.654929846168922941e-02 4.440894260290579459e-02 2.966091436067886181e-02 4.355246551967337232e-02
4.012096690834932727e-02 3.722437929538014584e-02 3.018371197679007092e-02 4.509294095033965916e-02 5.158710358295060666e-02 2.712481560641060233e-02 4.391717431424757567e-02 3.870851095060166142e-02 3.240511005421525120e-02 3.780306416170129552e-02
3.532589042261759932e-02 3.603646294536486105e-02 3.544067231031489823e-02 4.633051219094848350e-02 3.169262990567490307e-02 3.654484079096756433e-02 3.819129026180310277e-02 3.786537632138076842e-02 3.814038728416568880e-02 3.897596193135657167e-02
3.979165997440405750e-02 3.852839292523115022e-02 3.939756463483905929e-02 3.763551170415758290e-02 4.093916803897613976e-02 3.352890587497190517e-02 3.177483281976503648e-02 4.072908322306279666e-02 4.602610925783311158e-02 3.058216982159206454e-02
3.585189235072368946e-02 3.759730775346757647e-02 3.643584131276986909e-02 3.887692990071051069e-02 4.502089166937740805e-02 3.003379045418763660e-02 3.761628125036564629e-02 3.981086598551904221e-02 4.280167662173894882e-02 3.276795445215204688e-02
3.701875497649264463e-02 3.905484054797903753e-02 3.424183863680570206e-02 3.729067549044553370e-02 3.714075186235119008e-02 3.247860845367612354e-02 4.968936884332576798e-02 3.595546541326025830e-02 3.127089833648072359e-02 4.350204911657306467e-02
4.202512311258563282e-02 3.484868301643141708e-02 3.450912707691330961e-02 3.992102361821279338e-02 4.133419941854775403e-02 2.849971142352659623e-02 4.846632999832028305e-02 3.520853696724136894e-02 3.993666384129548885e-02 3.316027127203765440e-02
4.429923711903091532e-02 3.251291988162603036e-02 4.683525396993923340e-02 3.029169158068572079e-02 3.946757572420612342e-02 4.277055042919954142e-02 3.127597135596109357e-02 4.448870700067738410e-02 3.302902290106574795e-02 3.412453662841054974e-02
3.704270442872101277e-02 3.813164007572533015e-02 3.703964178833198811e-02 3.366886500545889643e-02 4.351845090455521564e-02 3.313729233567300203e-02 3.713679855023112319e-02 3.838568677431817427e-02 3.488012448467690818e-02 4.043885596471454708e-02
4.283651793794628765e-02 3.291057879044013978e-02 4.600961131753459471e-02 3.384191865982856540e-02 3.417148071297311518e-02 3.979173133796436862e-02 3.535485490823413873e-02 3.979201158960220946e-02 3.841351680090687032e-02 3.241040824567852086e-02
3.961214388974393374e-02 3.748102542691957029e-02 3.929045849585803551e-02 3.027805999704383244e-02 4.737967148201000650e-02 3.174330557614039872e-02 3.670596411735401604e-02 4.187502938981246814e-02 3.538785257276767793e-02 3.652366214117744314e-02
3.779455206501475262e-02 3.735072169667324332e-02 4.962065710537544999e-02 2.561170394475998507e-02 4.717085753136123633e-02 3.477179374377301069e-02 3.680833882148274588e-02 4.115923988544180345e-02 3.990652747340033696e-02 3.195972901592628035e-02
3.921554711856863051e-02 4.217574927916410005e-02 3.433996621450662728e-02 4.569800119811516514e-02 3.341562245865817293e-02 3.833235834680878001e-02 4.190352195260771406e-02 3.333569730806111575e-02 4.715494716564398725e-02 2.692230005550414959e-02
2.968991610514325197e-02 3.687473784215571093e-02 4.854431247853786130e-02 3.385335008339700191e-02 3.365455744308207958e-02 4.093445404257770037e-02 3.625399965535894276e-02 3.865317431420236399e-02 2.996752847744554513e-02 5.421808234203447097e-02
4.370006554824863720e-02 3.440652705988972437e-02 3.264531437978262368e-02 4.921524422625585260e-02 3.153526115972340310e-02 4.085389592629402877e-02 3.737031942881118007e-02 3.689278053320540346e-02 3.759623389588302028e-02 3.290140860697375602e-02
3.453011270555053636e-02 4.320257200660253954e-02 2.933621013650555137e-02 4.182995488553607061e-02 4.155169787897326078e-02 3.410376848447896347e-02 4.979254485362354099e-02 2.884800460816215606e-02 3.576171049086281778e-02 4.298022443634891276e-02
4.736288383740505648e-02 3.559184251147672062e-02 3.483942864571072662e-02 5.032786035547541503e-02 3.212890658289258017e-02 3.488114020416449579e-02 4.338685027529150251e-02 3.054196332635546532e-02 4.037383324921797051e-02 3.235436646768707208e-02
5.251523813583544587e-02 3.054474331986907140e-02 4.147619459149793492e-02 3.583550469476256412e-02 3.696670815514554315e-02 3.430260804128407170e-02 3.980497879387275700e-02 3.316717671182716626e-02 4.608051571206387559e-02 2.954659017535763918e-02
4.472713811190808658e-02 3.513239350011559958e-02 3.245748581970249458e-02 4.545929181235460609e-02 2.792893887490157170e-02 4.352761605946067758e-02 4.298076155337354071e-02 3.534624334214463842e-02 3.668786958707170170e-02 3.594627397823169784e-02
2.996611722953410745e-02 4.084823380545376387e-02 3.671941512522302470e-02 4.068766552796432290e-02 3.086630569847776881e-02 4.210842434277697194e-02 3.937592590130030434e-02 3.392027406785833032e-02 3.739170292050972289e-02 4.460362235731068353e-02
3.729461751451289275e-02 3.567534171440581853e-02 3.547588293787591607e-02 4.125624762380868116e-02 3.749440402978081177e-02 3.522272689750206159e-02 3.581768883993766833e-02 3.575244678418994931e-02 4.483601936316298359e-02 3.512119971897711967e-02
3.864658182232980077e-02 4.441635088135308107e-02 2.951405900060177431e-02 4.367455077207532677e-02 3.806867489162967660e-02 3.805406189911638565e-02 3.085784049000176235e-02 4.328163382959142325e-02 3.823592062657463209e-02 3.296561349968826771e-02
4.613703025427707410e-02 3.284303588577979632e-02 4.322528132895652603e-02 2.728145325542014055e-02 4.731993807090582871e-02 3.646482313417846038e-02 3.524956327265956618e-02 3.844671329281666716e-02 3.396638128576619231e-02 4.001137645460895592e-02
3.025516201589163387e-02 3.888837024871662218e-02 3.880515844279824877e-02 3.554333105089217681e-02 3.993466808227758014e-02 3.558827379225840137e-02 4.010274884479446411e-02 3.362235258345683264e-02 3.373367147507227298e-02 5.065553524854438106e-02
3.603396392374957208e-02 3.600319466732355284e-02 3.566062706459922210e-02 5.163063826175574855e-02 3.365381706937270456e-02 3.613584250307786544e-02 3.522338416406022715e-02 3.856738899908890988e-02 4.036780699155527452e-02 3.438502999053234116e-02
3.228810019955857119e-02 3.989254108151083639e-02 3.281365537159063039e-02 3.916425361436287611e-02 4.134682287831514119e-02 3.459496566371311754e-02 3.790008777995566847e-02 3.736988540742326032e-02 4.083415177391217649e-02 3.864654417473524506e-02
3.568370199692168926e-02 4.473410208664369003e-02 2.965817719209639172e-02 4.173960998128829758e-02 4.326598671217594255e-02 3.759424395641559891e-02 2.715243923032083229e-02 5.072898927926994955e-02 3.559446594460791147e-02 3.674436112463095455e-02
3.913534932378941872e-02 3.396336411993503696e-02 4.457383663742267577e-02 2.731226867435314343e-02 4.560212319670800540e-02 3.989164226344581871e-02 3.662293757748624062e-02 3.286645099383701807e-02 4.088700815974218722e-02 3.780829395162614570e-02
3.799086852575928042e-02 3.393669296505300720e-02 3.860275437931543624e-02 4.452628469537612405e-02 3.721674747815762602e-02 2.837663564090128765e-02 4.989623061086497641e-02 3.672527052011178433e-02 3.522484212790842617e-02 3.671699072534596875e-02
4.252011682504148321e-02 2.930777658625351514e-02 3.959114706846145193e-02 3.895246559629324951e-02 4.839604458541169052e-02 3.136901875599011624e-02 4.131703192443705180e-02 3.313756510405261452e-02 4.096451868614654768e-02 3.458250672262491027e-02
3.036399822259484502e-02 3.917443417907084946e-02 3.792534250316896560e-02 3.608358309891773752e-02 3.663070309690048820e-02 3.985840095102563541e-02 3.237522795726992947e-02 3.407571813551867057e-02 4.980472884696793973e-02 4.430896521562421864e-02
3.183377550207280859e-02 4.470001392890948083e-02 3.187854518172044543e-02 3.893067973489486300e-02 3.994247911499897857e-02 4.128029930687053539e-02 3.141920770588557676e-02 3.719405727968962821e-02 4.495517238161213236e-02 3.549054950964160293e-02
2.798451827725434785e-02 3.689861077105412862e-02 4.296517930726448387e-02 3.630626404428084070e-02 3.570163137172566864e-02 3.645587832617437629e-02 3.787195131631877071e-02 4.792618301766123079e-02 2.888167776066003292e-02 5.244959519324256247e-02
2.840800858920218899e-02 4.607818417523535520e-02 4.650596109621847607e-02 2.775603964109866345e-02 3.660916919902402339e-02 4.797358033767525065e-02 3.411894373699061317e-02 4.428574134110753457e-02 3.022248362469910632e-02 4.514029455014784836e-02
4.156859935964756642e-02 2.802849148235742396e-02 4.801222813249033522e-02 3.631082474083510009e-02 3.199657848780259467e-02 4.095091055308688888e-02 3.566097406315697771e-02 4.602331872101535909e-02 2.990153509564428408e-02 4.298296174386217333e-02
4.075820797301814291e-02 3.103115220887366424e-02 3.918998556804315775e-02 4.756011476673280280e-02 2.607007154598236023e-02 5.328412368732383941e-02 3.100467557187850526e-02 4.023156200914043690e-02 3.397155226294346769e-02 4.077079352715304306e-02
3.725816802885165147e-02 4.338379158521962070e-02 3.681093422609846288e-02 3.928844659833604508e-02 3.309695337143808008e-02 3.610268660470514895e-02 4.469887708524583614e-02 3.474940257750498696e-02 3.674585458902175639e-02 3.363718406851532589e-02
3.412310388536005795e-02 4.194222397659715107e-02 3.359432278999925636e-02 4.337834362568607910e-02 3.328284877606913633e-02 3.826589679013571443e-02 3.925624664982707568e-02 3.574073234888380801e-02 3.603859682160342331e-02 3.802577284770135985e-02
3.566487870175215347e-02 4.135877197760669255e-02 4.034529097893270466e-02 4.123088680833576769e-02 2.981262396084334923e-02 3.937245315477477109e-02 3.910776071824689781e-02 3.778154389222027759e-02 3.663073870832539436e-02 3.475574729340588642e-02
4.120920788205188756e-02 3.554569124934446600e-02 3.869512163607374128e-02 3.363027320053030983e-02 3.476141980674509607e-02 4.687279462541343172e-02 3.559352930995440117e-02 3.752339405972653086e-02 3.688539542229943291e-02 3.442194479774501187e-02
3.444066951530684595e-02 3.643018028782320228e-02 5.391393539922822997e-02 2.666363853725103525e-02 4.616682599729222264e-02 3.605039946371477178e-02 3.036547171939808429e-02 4.918116684339656625e-02 3.566034843569638318e-02 3.631982686467536553e-02
3.313334816872102323e-02 4.190974742203548709e-02 3.665491622480254730e-02 3.515163146492480267e-02 4.080045156599056838e-02 2.761722859363137730e-02 4.763691192977402566e-02 4.337085140054347532e-02 3.479910471182847548e-02 3.947424762834812056e-02
3.465143749497915510e-02 4.148234282545548712e-02 3.479204845423361503e-02 3.476147482186508347e-02 4.483283680545856187e-02 3.223558444050558802e-02 3.578441772498025530e-02 4.064715796462039371e-02 3.435229823780761721e-02 4.146318081295718994e-02
3.532270178115347325e-02 3.541124637426152494e-02 3.255449095571031487e-02 5.308219071719057908e-02 3.247375738307333587e-02 3.409669095927184146e-02 4.084996562343566617e-02 3.639535285616436744e-02 3.461012744697471166e-02 4.451804158978054510e-02
3.711651485078866497e-02 4.032072424288729584e-02 3.477696815415060733e-02 4.404085615498908729e-02 3.029019491089596922e-02 4.007357760082544407e-02 3.671277755153121158e-02 3.637672822015081825e-02 4.257581155850905658e-02 3.297311756057805937e-02
3.345049307222727059e-02 3.089869025882568607e-02 6.391849240990882253e-02 3.583102275255931057e-02 4.155178520906725043e-02 2.804466098644329067e-02 4.555329693272738151e-02 3.594606212647857846e-02 4.003809467726449078e-02 3.610654656755706016e-02
5.079114898419636454e-02 3.198474101880829229e-02 4.181286630215373668e-02 3.067176730653419295e-02 4.512165282771548463e-02 3.377854760705607806e-02 3.964693897304841230e-02 2.958269530280988047e-02 5.975511838263956876e-02 2.616386486951220031e-02
3.179431242080416053e-02 4.243023017125939489e-02 3.664819211032820101e-02 3.594218509493889852e-02 3.392571609235146834e-02 3.794252756032485963e-02 4.412556072360979131e-02 3.469097356216330197e-02 4.016156048859315791e-02 3.797156940415255533e-02
3.989158632911203595e-02 4.073746399333925960e-02 3.193257668001612398e-02 4.959216826653790877e-02 2.554747550533154402e-02 5.191538624670845314e-02 3.588990644465545748e-02 3.368075830633131262e-02 3.736311156485589563e-02 3.687300115003289136e-02
3.376772745197381687e-02 4.547204547777259492e-02 3.591454146302154593e-02 3.050198871965843078e-02 4.207166206545882858e-02 4.118651918902271891e-02 3.092095366884942478e-02 4.359813886134907696e-02 3.144793136481842388e-02 4.489340934529731375e-02
4.389430760950666088e-02 3.000732946871643991e-02 4.536405740161464362e-02 3.701940507658014329e-02 3.430008141358456553e-02 3.392758119508842984e-02 4.941281193873098970e-02 3.224584955389233482e-02 3.807560321791717689e-02 3.464674571781514723e-02
4.770155139863634097e-02 3.062252730674861270e-02 3.411203098958571350e-02 4.472189085929541286e-02 3.985118064254000725e-02 2.734809402329337405e-02 6.394107189535612468e-02 3.305448462899764767e-02 3.380925688742239532e-02 3.607759250315227539e-02
3.114964747303956838e-02 4.586910078523384615e-02 3.520217314991749141e-02 3.566887244667944767e-02 2.981105532549332970e-02 5.937116937961670060e-02 3.113117918033531453e-02 3.742484713511033678e-02 4.089663290933301387e-02 3.847560658723739313e-02
3.651140005978030512e-02 3.326992498357584510e-02 4.264947878864079611e-02 3.298330564028374018e-02 3.647422814977600847e-02 4.146098515328140027e-02 3.892437942353289826e-02 3.190547482528469092e-02 3.886818167947000274e-02 4.224773949229064518e-02
4.590225271748126640e-02 4.015124215114162370e-02 3.013834425370095355e-02 4.130408988833643436e-02 3.831851610087644300e-02 2.907784160872727355e-02 4.958165302409042047e-02 3.443434362528288717e-02 4.321828743644855891e-02 3.044516249290412854e-02
3.658492835337427002e-02 3.395048857665818737e-02 4.050609633100357709e-02 4.671089245374149268e-02 3.088068337820928239e-02 3.570627323529405872e-02 3.407750595847502256e-02 5.426626114482591134e-02 2.787993741566555800e-02 4.374830763962635899e-02
4.072914443612575541e-02 3.841269652457844630e-02 3.042696414036936275e-02 4.316928137268365162e-02 3.396023759379711987e-02 3.401485698710138283e-02 4.695415400138660406e-02 3.186266865848746271e-02 3.996706469613177382e-02 3.900806694495553839e-02
3.705189964692128662e-02 4.316226250134814341e-02 3.460905266624196563e-02 3.675744390541732520e-02 3.600919856698720639e-02 3.709748455865567035e-02 3.667563908423535080e-02 3.486675274505079275e-02 4.214706116904028826e-02 3.542326965001573597e-02
4.212580668919926191e-02 3.024397019800478120e-02 5.651591681620714291e-02 2.941442755219737804e-02 3.883448993675218952e-02 3.367675555347723199e-02 4.461934970188065341e-02 3.838734942872690237e-02 3.362340226868971993e-02 3.531722465936769362e-02
3.465456707710611733e-02 4.142907195647441837e-02 3.021317788511299063e-02 4.464666923303420992e-02 3.109399982700163448e-02 4.349123557125476186e-02 3.580239369125669258e-02 4.221220820062528134e-02 3.181633922532105252e-02 4.233727591239127425e-02
3.985991590433753812e-02 3.784111384559539493e-02 2.886250480614023506e-02 4.602292886015704743e-02 3.780312946038488775e-02 3.680569475201437429e-02 3.687210948239429825e-02 3.256386764813672119e-02 3.915090791508221008e-02 4.306064823708628114e-02
3.675409074956457328e-02 3.704690378593650940e-02 3.258102124345806788e-02 4.468407256905587016e-02 3.612264396923852566e-02 3.749163113537209296e-02 3.030313672692339783e-02 5.023204329987231848e-02 3.454368416818386772e-02 3.820477107973161562e-02
3.481731343016093716e-02 3.698705605253296141e-02 3.620950532774519504e-02 4.117514908254242545e-02 4.175363096079300063e-02 3.306445168101563442e-02 3.564107843272861648e-02 4.002027723192243952e-02 3.466619946706697708e-02 3.981509480073764512e-02
3.951321807843626716e-02 3.872892828815674426e-02 3.504187370393527234e-02 3.968262772374658853e-02 3.223030577855216100e-02 4.552291950487760003e-02 3.691147263624015851e-02 3.200004399871449190e-02 3.941283754411645246e-02 3.610501189302882386e-02
4.280063827540477733e-02 3.261343874689641431e-02 4.302923834516744067e-02 3.442394791973144713e-02 4.656682366449847038e-02 3.357935875976567064e-02 3.136623807232662153e-02 5.100844817766214678e-02 3.390724328613697186e-02 3.219920689372929301e-02
4.288650420547977099e-02 3.002620377864377924e-02 4.107638234123497933e-02 3.288655413876032801e-02 5.560844614682119991e-02 3.138344240473846247e-02 3.576385926808704069e-02 3.703035393400806036e-02 3.464558115158821588e-02 4.103156611140530013e-02
4.059042470790669849e-02 3.528844695588945896e-02 3.824073984213153393e-02 3.743608272198958170e-02 3.660916476958110677e-02 3.650690248764817264e-02 3.616256917436375812e-02 4.459676704744587605e-02 3.450463309797523886e-02 3.373198651915902679e-02
3.439496476955560683e-02 3.810986113711113676e-02 4.661748044403248026e-02 3.269285228901556983e-02 3.658626617428200473e-02 3.584183021515204015e-02 4.016304114538567227e-02 3.873688093629591711e-02 3.365850952769541826e-02 3.851838220666176787e-02
3.876427786335046033e-02 3.274031046673421541e-02 4.443456229941520480e-02 3.486543534678199913e-02 3.162000181967867390e-02 4.960747147718393840e-02 2.971511776542710634e-02 4.303782320118713228e-02 3.358909713275330666e-02 4.056667067669847415e-02
3.984349811844410671e-02 3.298770490066847000e-02 3.589451430576382635e-02 3.937873543721574776e-02 3.925434212769406822e-02 4.230224704252549123e-02 2.844457804154615355e-02 4.456227948008477380e-02 3.627520914005602504e-02 3.799174706730348849e-02
3.342597600360233678e-02 3.407172861579865070e-02 3.866512178356252410e-02 3.658243024759333384e-02 3.715744828295568236e-02 4.693766146539055800e-02 3.193363119279769846e-02 3.490374872379712473e-02 4.190095120927765648e-02 4.195869308606089282e-02
3.424618856514435872e-02 4.499299283744093852e-02 3.762168619779580198e-02 3.326457597371925562e-02 3.881768060454758584e-02 3.667047182420749701e-02 3.919687741654748897e-02 3.303030902260463419e-02 3.828508004633020267e-02 3.848589766097714610e-02
3.969144293604076612e-02 4.128870918219225417e-02 4.000967250379861007e-02 3.483486887648340469e-02 3.317634853190550015e-02 4.125129296446116561e-02 3.666093525151185861e-02 3.797471418349059741e-02 4.510020661992065333e-02 2.814847184566157332e-02
3.168957400265396546e-02 3.727559458887028110e-02 4.109328552441505328e-02 3.116202280669162772e-02 4.342573129610906302e-02 3.317628789905689018e-02 3.780725945167708046e-02 4.628173744324506206e-02 2.952405460786823241e-02 4.824698518332254382e-02
3.494460909440390978e-02 4.157089092136461578e-02 3.834655791167177613e-02 3.443099356791077398e-02 4.248345401309891467e-02 3.218312792111577975e-02 4.059039799787798192e-02 3.600181904455431597e-02 4.608086956367625497e-02 3.051948471577554597e-02
