-1.114716836914988995e+01
-1.101750903335134701e+01
-9.373130226521311670e+00
-1.028135656977145551e+01
-1.001479982909721045e+01
-1.097499623030061144e+01
-1.058349617712001489e+01
-1.095656879748474388e+01
-1.039287154962226012e+01
-1.132189264565691289e+01
-1.029468632032649111e+01
-9.694469157151416994e+00
-1.043486134411089772e+01
-1.027424499984100237e+01
-1.029182022335147373e+01
-1.121505710184265858e+01
-1.012646439626968586e+01
-9.809003796289381683e+00
-1.131621196253846584e+01
-1.118208544509097280e+01
-1.103754757161670774e+01
-1.068196634266575451e+01
-1.013599415276604709e+01
-9.553382156134006209e+00
-1.017633596472925994e+01
-1.134820183921233472e+01
-9.946178088254935545e+00
-1.062015564526282851e+01
-1.042886164890983736e+01
-1.012643265868470976e+01
-1.084305304219045851e+01
-9.889075222555129940e+00
-1.043541090780800218e+01
-1.003989732357967668e+01
-1.124703891154119439e+01
-1.120009546926180022e+01
-1.097360386784054320e+01
-1.115731812286645130e+01
-1.020538007865926744e+01
-9.482275622216665312e+00
-1.210037134733659947e+01
-9.753685071920191518e+00
-1.072618414490199790e+01
-9.882309431535173161e+00
-1.068911338794135979e+01
-1.136653437244238063e+01
-9.967318218111079986e+00
-1.013617982406867846e+01
-1.034465119495671814e+01
-1.095943055620754691e+01
-1.057584432249979933e+01
-1.031750862056926543e+01
-1.059564592612502310e+01
-1.069275438751768448e+01
-1.052355418517955066e+01
-1.114300656118546939e+01
-1.111324872990527979e+01
-1.061946486707443071e+01
-1.074941069616752287e+01
-1.028754790166752464e+01
-1.045887323779980704e+01
-1.092298245259881284e+01
-1.016150360978709521e+01
-1.075391040724417202e+01
-1.049543101486301211e+01
-9.787473678433162405e+00
-9.701902439917599708e+00
-1.039120970123370746e+01
-1.139921697616433072e+01
-1.066207499873160991e+01
-1.098803484214653992e+01
-9.840328813737462710e+00
-1.027359600913773896e+01
-1.083215395017822935e+01
-9.794685532356577795e+00
-1.066257678768783990e+01
-9.993884051514433153e+00
-1.084971781743069918e+01
-1.046024147693763418e+01
-1.180542242376902529e+01
-1.106783596275352188e+01
-1.112691180287067816e+01
-9.935963252907505705e+00
-1.028319473859040478e+01
-1.094240052763260529e+01
-1.081751231869047025e+01
-1.021634362726772594e+01
-1.066235432896777446e+01
-1.032140556934679942e+01
-1.112308240006416327e+01
-1.122652578709976723e+01
-1.085512239420466507e+01
-9.963588101406973152e+00
-1.022168423660197689e+01
-1.004248793965679099e+01
-1.100089971695931723e+01
-9.706766759476884943e+00
-1.046998414664125754e+01
-1.146951610817227341e+01
-1.176751481618706485e+01
