1.014315206938908726e-02 2.376001496892262907e-02 8.221391974893188515e-02 7.316123732284307568e-02 3.366043205186899923e-02 2.549760839370307508e-02 6.622127199424536481e-02 6.444467823030533560e-02 3.544646506973796879e-02 1.025911955785899637e-01 7.291586364265992271e-02 1.523298234294261956e-02
3.074342632415493284e-02 2.559379253334154170e-02 2.313673058733074772e-02 5.293453358989536756e-02 4.608141819830410824e-02 1.435814893813231082e-02 1.645073408461016767e-02 8.750631143015438762e-02 7.680655090563869025e-02 6.317471057196116790e-02 9.331541409539734211e-02 6.430901716575261606e-02
3.738087217240863847e-02 6.847734689725158697e-02 5.468464089535798878e-02 2.113396861522828796e-02 2.310152551871965526e-02 1.628108002023052545e-02 4.444143934135418722e-02 6.618710336076440159e-02 3.664635563081156122e-02 4.686190248622941479e-02 1.015370714665205371e-01 6.330809241541571208e-02
6.619337941530878400e-02 3.585907499198129345e-02 1.412634207458011298e-02 4.134642090028048389e-02 5.440663147010296741e-02 4.719809878771928646e-02 9.975601199064754177e-02 3.496428456155041553e-02 6.188889759210527974e-02 8.666876468778954290e-02 1.724733795649346924e-02 2.715284114881868355e-02
5.110317978347661549e-02 1.110852314497137588e-01 3.978222306830477006e-02 2.150056858492052636e-02 1.988085003122093061e-02 5.152139535423655436e-02 3.117450319744782122e-02 3.651833933208126215e-02 4.021625735788119521e-02 2.840492034074268771e-02 9.625930905244060865e-02 5.689637581397938987e-02
3.263030270865711902e-02 7.975767325111753070e-02 3.311691594518198500e-02 1.455369380761418682e-02 5.883647136947182943e-02 1.772761855811916809e-01 1.888211743480073049e-02 2.261780412523926170e-02 5.301935889321393591e-02 5.669184475101819720e-02 5.639626773180167474e-02 2.120420040115174320e-02
6.050981205683582387e-02 1.387900574607866394e-02 3.103903471468240360e-02 1.425409887335791527e-02 2.916181490850771121e-02 7.999870400554431882e-02 6.121416160790683209e-02 2.574717741752519801e-02 8.225326270264048112e-02 3.243818920287694363e-02 7.695078951498893205e-02 8.023164608615174220e-02
6.918643980836984564e-02 4.767984343509584083e-02 4.095840073460919883e-02 9.348550678790240598e-02 7.479405629125190913e-02 3.294199727431322555e-02 3.699500846835698797e-02 6.485578461521053495e-02 3.846090793498276733e-02 3.019155327688744644e-02 1.671376221394711356e-02 2.872972989626045026e-02
8.217168239472801006e-02 2.981293244101131806e-02 3.302316635435802866e-02 3.231698826187224399e-02 5.785672782973526329e-02 4.411923857335004612e-02 4.537933793200193966e-02 2.513584994396006814e-02 3.635070559459772227e-02 3.706463178844108391e-02 7.831669101334633176e-02 6.225463715955644600e-02
3.252030544331852707e-02 4.997813229095604548e-02 5.180601814727259224e-02 6.783446496015296812e-02 7.869353281916308118e-02 2.335129680396021840e-02 4.615731886977915421e-02 5.546826567301062910e-02 3.035092432453048369e-02 3.319342878099777044e-02 4.935155651322344766e-02 4.120720617851292983e-02
2.451746416270283307e-02 6.427014188680288398e-02 5.773385033762860885e-02 5.569562886501625010e-02 3.816726043685932795e-02 5.373806171789766856e-02 7.412430708680765867e-02 4.352038822343566593e-02 2.133027225315202793e-02 6.218650082279959801e-02 5.028657485317079845e-02 2.105787766235046182e-02
7.125094258204379971e-02 5.292910538608995574e-02 4.110369772241194430e-02 1.244702995847536409e-01 3.763018943040709330e-02 2.761136497111628049e-02 2.145628224409227430e-02 4.358262993314301892e-02 2.530653659945841447e-02 3.308317730765573950e-02 5.022696471876053614e-02 5.074592920414547348e-02
5.145680024591223894e-02 4.183143219943710744e-02 3.371679667913995287e-02 3.784394189304515072e-02 8.376274150574307409e-02 6.188081848439080934e-02 3.782106331180298819e-02 3.739177258591951797e-02 3.204706831062992256e-02 3.287253025152497149e-02 6.711985726907583605e-02 4.089217974008009515e-02
5.837850849493511629e-02 1.815237040624062548e-02 1.708334905720237593e-02 8.710142834909959109e-02 4.463932786031178657e-02 1.190667666554190950e-02 1.960788174631835495e-02 5.848072004552118397e-02 6.471038500396575355e-02 3.876146122132701627e-02 5.151061542351297734e-02 1.502849616223455032e-01
5.215917191378795920e-02 2.996657529001195072e-02 6.697813008631478549e-02 5.878669755531668734e-02 1.376531229984562232e-02 2.807739487196149464e-02 1.255653831110248309e-01 3.509678402085589233e-02 1.126922701948632199e-02 5.812603731495417925e-02 6.893081965527700361e-02 5.139032751437019875e-02
8.870224701097526032e-02 5.177566051728180879e-02 2.457707204259487743e-02 2.721327042304856961e-02 5.133330596352625452e-02 6.449204059111240950e-02 5.627496137173497448e-02 4.583066413602373407e-02 3.257395211400213042e-02 2.874348622349163357e-02 3.541943091913685171e-02 5.893947238398190847e-02
6.872663836812333005e-02 7.529082900972539072e-02 3.807559260304907434e-02 2.988405187937209079e-02 6.271019169457885123e-02 6.932544394402082033e-02 4.205511488554863203e-02 3.867157731246322061e-02 3.289873987930289762e-02 2.159669786262879629e-02 4.141005921847348142e-02 4.238272878207889616e-02
5.426539542919358444e-02 4.681049226045461142e-02 4.092212871595089785e-02 4.280167528944876787e-02 9.439274774799309708e-02 4.194136582745946334e-02 5.616312478761435051e-02 5.707201563309900055e-02 4.450807327153425558e-02 2.745542609508381041e-02 2.791578263352669995e-02 2.797962142064422050e-02
2.469769827770605317e-02 1.405476804949314096e-02 2.386943639956476057e-02 7.542550980988080300e-02 6.150883116764249703e-02 5.466070532384372654e-02 2.523163305602922277e-02 6.602889211802435987e-02 2.979967726787826482e-02 2.080862213680126360e-02 4.505375561577663890e-02 1.928354851025218808e-01
9.085558970091119069e-02 7.513331793663953484e-02 2.217825977717999275e-02 1.456236544860310331e-02 3.618107827837667434e-02 4.923849412280015270e-02 6.010264395070507443e-02 3.110076250790937136e-02 3.226005955373349721e-02 7.260824555525130508e-02 3.805264025215644719e-02 5.664087025677368159e-02
6.263262386509575730e-02 4.405882210549028066e-02 2.703484222525091504e-02 2.997922816446037600e-02 1.009268205378806293e-01 4.211195122758829013e-02 1.934764890188177267e-02 4.095704106319405374e-02 5.114110910588170328e-02 4.658375586931586682e-02 4.418950081785939787e-02 6.046748234931356020e-02
7.022451823925091041e-02 3.322880652299545212e-02 5.902152627055980150e-02 5.877341298275898240e-02 2.654495379733971122e-02 3.090130617076233821e-02 9.386878302044077138e-02 6.092891209627258886e-02 4.488429428549556982e-02 1.497368427117019667e-02 1.890932956064443615e-02 7.084719863254630712e-02
4.937476244550674520e-02 4.730341000596554463e-02 4.977824866519775515e-02 4.157485717865443131e-02 3.842067820415019652e-02 5.228770448719873010e-02 4.341785585625318467e-02 2.621698224956132625e-02 4.501535761136722658e-02 3.201930044390809138e-02 5.134970695463651758e-02 7.655531450741048793e-02
2.881247596257931892e-02 6.508250289048092552e-02 5.305520144539389166e-02 4.688704713827489268e-02 2.721169490868510787e-02 4.560002621737430789e-02 4.677081235249878205e-02 4.784053414079499078e-02 3.123533590354828082e-02 3.822742448483686800e-02 5.527914170397478510e-02 6.860424409876315910e-02
3.326104629668035634e-02 3.256481331013944686e-02 4.022274217027894255e-02 5.943862444209588314e-02 4.569026981797552622e-02 3.014511532113825498e-02 5.922296043913156949e-02 4.679946999074521136e-02 4.726605535538705438e-02 6.088054811257604532e-02 5.791036695585558003e-02 3.913986039977258163e-02
8.537632761559288408e-02 4.677114244433211443e-02 6.431383680132272962e-02 1.428167104913095620e-01 2.958967110259691155e-02 1.497569811068877668e-02 2.925123902106498835e-02 3.339283047155558459e-02 4.669515477719924507e-02 5.616925095612215063e-02 1.964536256856079174e-02 3.331285571961910275e-02
2.124823585908846429e-02 2.630807277750482620e-02 5.152154715000010349e-02 5.727852594326451885e-02 6.234036555136295010e-02 4.159293148463540091e-02 4.673223046965158806e-02 3.722378604580637435e-02 2.071661262727476222e-02 2.445763269171650003e-02 7.060753032391228756e-02 1.289579619709355640e-01
3.672935015017707305e-02 3.395995707959230392e-02 4.561921450077725815e-02 1.086882025049212275e-01 5.852487746733571472e-02 4.450553622741547366e-02 8.816945034514821200e-02 6.535062628667950846e-02 1.789584148727038290e-02 1.823348723428287743e-02 3.019388453299746630e-02 3.788758091326987348e-02
4.089346901078869806e-02 2.838254459390101431e-02 2.868297655396636475e-02 4.992758380434564325e-02 3.679962201863898330e-02 8.194508939246131218e-02 5.190415118665551997e-02 3.381356256311211089e-02 3.375523019956992027e-02 5.529164655913978293e-02 6.071330411045625097e-02 5.688653105659889631e-02
3.207441428616446960e-02 5.103631186263311165e-02 5.278164168419241520e-02 3.426557180472063896e-02 3.427906616211764956e-02 9.244400818084666516e-02 6.505460355754368040e-02 2.492540133018266574e-02 5.409208793475292487e-02 5.451933264361939757e-02 2.733922892212121633e-02 4.158069276858518404e-02
3.821743951460616906e-02 2.160912051124708882e-02 4.305907117583059052e-02 7.613785646423484876e-02 4.508420321254268115e-02 4.096735996066587504e-02 6.860606176464145722e-02 7.564530572990849078e-02 3.219135531553013463e-02 6.080761875078890405e-02 3.669701949514071054e-02 2.586392138430144635e-02
4.699874483517176016e-02 4.593020666961455251e-02 5.065765099290662349e-02 4.755895993788594733e-02 4.564609451058092987e-02 5.268126713901545577e-02 3.260048992984200533e-02 3.205602654349576364e-02 5.329881914809807275e-02 4.357291840340397210e-02 6.263699049705483135e-02 3.554479459119654766e-02
8.102175018457473399e-02 3.090378989124992898e-02 3.322968068816976872e-02 5.638433338638691034e-02 4.653775141695538908e-02 3.549842763129169854e-02 4.073013075976696096e-02 9.708566715005165215e-02 3.731461233741641820e-02 3.539934200386903040e-02 2.248231779905479621e-02 5.254340536655045801e-02
4.807791234858566076e-02 1.149720729941046751e-02 2.013271564925694229e-02 3.809558346688217412e-02 8.415470988698119104e-02 3.334553348143273754e-02 3.109139034601688528e-02 8.510109217334166365e-02 4.098873602168710828e-02 2.625603896067554843e-02 1.005732132846715310e-01 7.676152476948061576e-02
2.654001873316153698e-02 3.185631108169885428e-02 2.238032187430561565e-02 6.331846576250209357e-02 7.778977145468396470e-02 3.017559267373266796e-02 5.120370651819737551e-02 1.432692450050939426e-01 4.064807329024401616e-02 3.299718936276598014e-02 4.546117251142594434e-02 2.694036924095352670e-02
3.453908743573156498e-02 5.838098809686756430e-02 7.180006435050806379e-02 2.500815953437685729e-02 3.274162374295869204e-02 4.333807718148152688e-02 4.917968983451990322e-02 3.313537027131713275e-02 6.206278328137460748e-02 6.464068146599467879e-02 5.006545208802253705e-02 3.375586811566176626e-02
2.009629430184193058e-02 1.852159047565116179e-02 2.420321240255006445e-02 7.629427882307462938e-02 4.620126252037509013e-02 3.121809096018885940e-02 4.684417413354721033e-02 7.160759734936285315e-02 8.423296951005641853e-02 2.936093331008191726e-02 5.721521582230080366e-02 7.583358611060683763e-02
8.937363505469367309e-02 2.453154158967144755e-02 1.750294607102995809e-02 4.826822377266581920e-02 6.508664694586556443e-02 2.822996303633952542e-02 7.236474598040620876e-02 9.958958060607370211e-02 2.594314662769728330e-02 3.567439507322450742e-02 2.429866990445728875e-02 5.728638897169098521e-02
2.242604460309373035e-02 2.358329893415633469e-02 7.806437151929006280e-02 8.980301263123727229e-02 5.547864674138522356e-02 3.755490379543317131e-02 2.388062549853253377e-02 3.308090952024742015e-02 3.353512624881344745e-02 5.830327474718262348e-02 9.936013602446927551e-02 3.009942250265345079e-02
3.939559117384323211e-02 6.335470623954175817e-02 8.073668720309773450e-02 6.605303894575773049e-02 5.805618879658583364e-02 4.638764628450605526e-02 2.587958860431266786e-02 2.648908124487793156e-02 4.785136501966251454e-02 3.674370188345683907e-02 2.952120269226786442e-02 4.184891410671864181e-02
4.647495206497041093e-02 8.475726156576701698e-02 4.923384949953932277e-02 9.724145213113160810e-03 2.914390483083493036e-02 1.029742810235969863e-01 3.816691791592697475e-02 2.948558761021742580e-02 6.870101180719047351e-02 9.739474442856227432e-02 1.700076441492400642e-02 3.069748004108631759e-02
9.351908283274087269e-03 2.751724452808255658e-02 8.145262896762225924e-02 4.178894608798908172e-02 4.882543511299817368e-02 2.650481567968122204e-02 2.345799654397048850e-02 6.079274676719902820e-02 6.088885106136990299e-02 6.442098939028696736e-02 1.303536581480902179e-01 2.878093966136773679e-02
1.580544528507080854e-02 1.425571084847302404e-02 1.399355806546152547e-01 5.828825502383112867e-02 3.610082063817757897e-02 3.298691050164252736e-02 6.961766880489886344e-02 4.864278762413562496e-02 2.688821178960400932e-02 3.701745437802504701e-02 6.909660833954490988e-02 5.254495908831770951e-02
4.438685271210407457e-02 5.805830728054046930e-02 4.645389052924915607e-02 5.840225977294173643e-02 3.515474056617194643e-02 2.478409893133089181e-02 3.901123624211715740e-02 3.770271840509614725e-02 4.745421132362617062e-02 8.849223477884826661e-02 5.136938179146476741e-02 2.916903871515171692e-02
4.703234164194664696e-02 5.827687471248763074e-02 7.213563115050602992e-02 3.695449535132397378e-02 2.888613400843450044e-02 3.335505060824657531e-02 6.199561409924187610e-02 6.139202929974934414e-02 4.898064574389473375e-02 3.532739686020840847e-02 2.785268380992379084e-02 4.557898304098799425e-02
4.263833055083399853e-02 2.109903448749535226e-02 8.484655105830440566e-03 4.877126063879506923e-02 7.169640833999829654e-02 4.527960362044381598e-02 5.478486787576337946e-02 1.268291921452891768e-01 4.670326986640097044e-02 2.576154925878510263e-02 4.431025039441283120e-02 5.757367431951732062e-02
3.738395466415185553e-02 1.790619283142259877e-02 2.513573104969315380e-02 4.984669917836870301e-02 7.154378281228351844e-02 5.683218888963468413e-02 5.890295574212625618e-02 3.639602245172236794e-02 2.427681131864565731e-02 4.640153332680697906e-02 8.509872180682001575e-02 6.244408136874284032e-02
5.484059279220565575e-02 2.216015222167414672e-02 4.843698034290747079e-02 1.073079497031154544e-01 5.656829099529657456e-02 2.781451434276928369e-02 2.432358561821940449e-02 6.131817114850847406e-02 4.562215787659507082e-02 2.409282012537973874e-02 3.895931404245493723e-02 6.567826311443676623e-02
4.006486782607961150e-02 5.527809670181360602e-02 5.897795324938683026e-02 5.026756205756074958e-02 4.549004018416685780e-02 1.583826237243235457e-02 2.057817917009414216e-02 6.862553596563061853e-02 6.954412255186520619e-02 2.864533299013521939e-02 3.161917999169180926e-02 9.181892519251841356e-02
1.947475112700959229e-02 5.292248697508161737e-02 6.942486157015748116e-02 3.631510706546008105e-02 9.660108337266384848e-02 4.051082521912627993e-02 2.807779581144538572e-02 5.111353696844955080e-02 7.332645863718653678e-02 6.325456940310981990e-02 2.169863939879839929e-02 2.550985530025058623e-02
2.147758400109153754e-02 5.379781778286930882e-02 7.961988667090677541e-02 4.462904989205905559e-02 2.280782105452720115e-02 5.519689143862554354e-02 5.359622326411638688e-02 1.748165697348888492e-02 4.766292353565533546e-02 9.056246015072803857e-02 4.997026396423626116e-02 3.814170389054124394e-02
3.453340065839128475e-02 8.475742354347218233e-02 2.876907930024208762e-02 4.052532630819828674e-02 2.365649373420593976e-02 5.538605389799804157e-02 4.044661751046518122e-02 7.068601559595109884e-02 3.641355534882041722e-02 4.788359558250776526e-02 7.413376309633182282e-02 2.772524263792481777e-02
3.786327975389314204e-02 9.550715514483716639e-02 4.202234644224721316e-02 2.363570067417599882e-02 3.051918969497595391e-02 2.554807757665503512e-02 9.305918740518190346e-02 3.680981951603432001e-02 1.967504774538324230e-02 2.389798964088476335e-02 1.044839237577163960e-01 6.252827418375783708e-02
6.547589731478183073e-02 4.826927457571743296e-02 2.181145707847159318e-02 2.171325266632245093e-02 4.195219699908031563e-02 5.312827806206769921e-02 5.187954844051446274e-02 4.671000429877952831e-02 5.011540772279610839e-02 5.014323907182823697e-02 3.461052919901771302e-02 7.547588009333305870e-02
5.085226844623949582e-02 4.344670069539796620e-02 3.054856824426401690e-02 6.739561387297697548e-02 2.249961664581925924e-02 1.184330406036673486e-02 3.016824245943365221e-02 6.453983076410371722e-02 5.341887918580315309e-02 8.104372630227342500e-02 6.021128272468886933e-02 5.957936886119120229e-02
6.095890103418541428e-02 5.342465545415440997e-02 2.796807654072685709e-02 4.863734832439334244e-02 4.670676363268365383e-02 3.228839356955315321e-02 4.563869125366735308e-02 3.086090835845934147e-02 5.830797839893656076e-02 5.873372165394998012e-02 4.677999358975206551e-02 4.181416021244941522e-02
4.474768648303423246e-02 1.524406820760873527e-02 2.404853702421751518e-02 5.880565385702874598e-02 6.695420400652771220e-02 5.094873937468932801e-02 1.166429727186632792e-01 3.387712335206387315e-02 2.151836431872159935e-02 5.055715307827531729e-02 5.095640550016602988e-02 4.927102716144458883e-02
1.491860134130068571e-01 2.394829228033560839e-02 4.544869752172875366e-02 4.908851009796097453e-02 2.180648511800211201e-02 2.170231541169154524e-02 4.362579466394238964e-02 6.277188126484316288e-02 4.051031625903908640e-02 3.333369984141520970e-02 2.964895667987488270e-02 7.582537426556808235e-02
4.164579070584344817e-02 4.288863488032056831e-02 3.086138307035979009e-02 4.591073277841555000e-02 5.544960978150423325e-02 5.202835872223308955e-02 4.691220843015535269e-02 3.283094338229761155e-02 4.733756032319150903e-02 3.837731053499771755e-02 3.996287340079719697e-02 7.847932612458079216e-02
4.133201781310841955e-02 2.200774745699292725e-02 7.011991883889875932e-02 6.470531292180478622e-02 4.386711788001638329e-02 4.154724247856420027e-02 5.214386321908923844e-02 5.023586665423550313e-02 3.895548872668010837e-02 4.517110971036181200e-02 3.268686833617927973e-02 5.232693727168247905e-02
5.354001514428827213e-02 5.545856901759111529e-02 6.212186181548669250e-02 2.781629700854280560e-02 1.943323430528499929e-02 2.560225694002584568e-02 5.375103944888344476e-02 6.304489661135935508e-02 3.351506245434624637e-02 6.388013452762715538e-02 5.777065693225736515e-02 4.734102423848848828e-02
4.151348567659109839e-02 3.069017764927345349e-02 6.467459289332629091e-02 7.958232533809475595e-02 4.528866694512431734e-02 3.297892477400856531e-02 1.964196227972482903e-02 3.727307341850023825e-02 8.265587837285587325e-02 6.153546550345410232e-02 4.422736676117408616e-02 2.882797203005209308e-02
3.396292946157802861e-02 3.151798625640469392e-02 6.012891685095974464e-02 4.162107354504492041e-02 2.774694966063615681e-02 1.732392479802102522e-02 3.447550187723324999e-02 1.121369809272908663e-01 6.622293442518079054e-02 2.432649253116110979e-02 3.192085426464277842e-02 1.178884375305328663e-01
8.641813080432544925e-02 3.544336789106985325e-02 5.909890599921484994e-02 5.366520296272973140e-02 2.596619626951545551e-02 2.106341535052732444e-02 8.556681870626341169e-02 7.296289065145003527e-02 1.744488232323308796e-02 1.319324933548953090e-02 2.268017681738151645e-02 1.187740251880241849e-01
4.874380530289618846e-02 5.087876936270591816e-02 6.383362396781906700e-02 5.060784839793407153e-02 3.866678761282051763e-02 2.805168265221579318e-02 4.242030378687038084e-02 2.711943628183422633e-02 5.566292671356697086e-02 7.010357123489163733e-02 3.355962041062967444e-02 4.550921404623942124e-02
3.475405611596815020e-02 5.747657257710751810e-02 5.216427784762111414e-02 3.654032492337254412e-02 3.753205883953550370e-02 3.390260492946788745e-02 9.570786670189934675e-02 7.173043372604682999e-02 3.614503803349653627e-02 2.364686102690435193e-02 5.318600068143160969e-02 3.311330775025721207e-02
3.872702239501975285e-02 3.089060997251957472e-02 2.297294282861424980e-02 2.845404017481311179e-02 4.931352891003566719e-02 6.938096828456055687e-02 7.182261018669577890e-02 4.763200633788967908e-02 6.147405176135888050e-02 4.367949564869348655e-02 5.591823123403988349e-02 3.990482296756408392e-02
6.309672397053163462e-02 2.048378865611383270e-02 3.746616334390186209e-02 8.057457479060607664e-02 4.353145417291340996e-02 2.101414079773462201e-02 5.173539995811666375e-02 1.030227058904703286e-01 4.196477411317584005e-02 2.840021593668692543e-02 2.725724605303824627e-02 6.260718494782811783e-02
9.569577258783110163e-02 5.301293448370338751e-02 3.429189832196621879e-02 5.098781742112727666e-02 2.342582951636435970e-02 2.853766983726563691e-02 7.205547898883926661e-02 7.984242259755615356e-02 2.980755666136232843e-02 2.610091948351908261e-02 3.828179880944267144e-02 4.224150430906310066e-02
9.582710557824644648e-02 5.216532876004555119e-02 3.148323860831470783e-02 3.002427906233374327e-02 2.976546535427183199e-02 4.419133554724279100e-02 3.464205174446003538e-02 3.144521921970448025e-02 4.807712830317061037e-02 1.110555143751693619e-01 3.410232144424468759e-02 3.564568350252060591e-02
7.488318891562985302e-02 4.528166236497493946e-02 5.965844923030915598e-02 3.465509398523876350e-02 2.591503869904001472e-02 6.036453468119380716e-02 3.369372045745728378e-02 6.975645020709304867e-02 3.881906103000825475e-02 4.865767099978450527e-02 4.176465730825672240e-02 2.536845534885390913e-02
3.974234836502484047e-02 3.710870184635244040e-02 5.646526292904965882e-02 5.753790220290090629e-02 3.765265581863379979e-02 3.606839540009484923e-02 3.973922716180810361e-02 5.324143708098889871e-02 6.689228992543079511e-02 2.833372621474133241e-02 3.440425189832226061e-02 6.854593405742095968e-02
6.964406954919699633e-02 1.590021999573386011e-02 2.718665473652135886e-02 4.454442205066384830e-02 6.609832023585818228e-02 3.274573270009645265e-02 4.998861927752943496e-02 6.929411531178779338e-02 7.445704465650580806e-02 4.047484644181582186e-02 3.113008461316504188e-02 4.664830420563340768e-02
5.009837713515340185e-02 7.299539880535114988e-02 4.671208460868379181e-02 4.287891489874355588e-02 7.755960124077940221e-02 4.998395764056920432e-02 1.369933020818270633e-02 2.893620100068214698e-02 3.346016663601724533e-02 4.677165697865707378e-02 8.933573159198215929e-02 2.341246613123408593e-02
5.261161955205037599e-02 4.559785330760549038e-02 2.468719183854713173e-02 5.751732100921057300e-02 6.762145905669098012e-02 3.375959574094836158e-02 4.164721342953112138e-02 4.533802467303115619e-02 3.404837896396709085e-02 6.129343587833140788e-02 4.401087519522133007e-02 4.567397558340771657e-02
7.017652707083449348e-02 4.641412477519556157e-02 7.071168314520079323e-02 6.267823514634425497e-02 4.738955898917920212e-02 3.096212691330377936e-02 2.495459781214818748e-02 7.649872050592616823e-02 3.983813740633823652e-02 2.003086467090229444e-02 3.595859286134167609e-02 4.081495213664861760e-02
2.307757331978347107e-02 1.189582007028946314e-02 3.550040682781884643e-02 9.451241876270481679e-02 5.259480246061488951e-02 4.745480680707158533e-02 4.530992651755851031e-02 5.854580905868830148e-02 4.895051370285586484e-02 6.083657916630356988e-02 5.073225391912110360e-02 4.385755007380379156e-02
3.569565961805348103e-02 4.562102309448229365e-02 7.036422931283997650e-02 4.760271268477726803e-02 6.179580234506153180e-02 6.163551441024873317e-02 1.750654299069723946e-02 4.149192989311156071e-02 5.379507225595153708e-02 3.844091963042722826e-02 3.420517682603817222e-02 5.044618470489126844e-02
4.998978643230812813e-02 5.962689971765224028e-02 4.034402949862839899e-02 7.701924586596865796e-02 4.146359254112137044e-02 2.426729592475148495e-02 4.333933507422367548e-02 7.568619080732727489e-02 4.615761469134949807e-02 2.483802672479763773e-02 2.580278370666976712e-02 5.620223499148226803e-02
4.529480290315358176e-02 9.304651870376706713e-02 4.634883534443016290e-02 2.189615537098921205e-02 5.875222338691238333e-02 6.356004103712184494e-02 5.514516273668156054e-02 2.156617060499387700e-02 5.749851275002617473e-02 6.765023220609872601e-02 2.890802558634541358e-02 1.750812090925722361e-02
7.768571150059341845e-02 9.752201041046426599e-02 4.629125197105291717e-02 3.731672162903135193e-02 4.565512093127424564e-02 2.861358492733507425e-02 5.038897961224091115e-02 5.196242647412208093e-02 3.846810789888616827e-02 2.556135849592575462e-02 3.561136688210526924e-02 3.160123436996634116e-02
2.606145083324501802e-02 6.086894482952119600e-02 7.845877642282728104e-02 3.086865555694347230e-02 5.897509334070443615e-02 2.226945776269816102e-02 5.946361628495937940e-02 2.465837214389221196e-02 1.514347184316746850e-02 4.133667950918040040e-02 7.428812740515132462e-02 8.807336344560204311e-02
1.177299348432216466e-02 2.618462416485892175e-02 3.599502380996810053e-02 8.228985375578713735e-02 5.563498101414558750e-02 2.971842483370066776e-02 6.602281554276666353e-02 5.877572893304464086e-02 4.748799081667275795e-02 3.337856838778311547e-02 1.135410849033509362e-01 2.873230016201659687e-02
4.631956798910218109e-02 7.139416886902796855e-02 5.351158873785838432e-02 4.921258295881933420e-02 1.074750144607646701e-01 1.745395197434809059e-02 1.642521614516136846e-02 2.692487499831201780e-02 5.434372728926457202e-02 7.100253888486182663e-02 3.451225265288952043e-02 3.547708560787565801e-02
2.301538581988295945e-02 2.657833118850132237e-02 3.720413304996796067e-02 9.027976206021454120e-02 3.429213380079745854e-02 3.509761911205021290e-02 9.171524947999804001e-02 4.279962982348471667e-02 4.636101812037882880e-02 7.332867420848375450e-02 4.509304977038531420e-02 2.939204324165520937e-02
3.855369610700861566e-02 2.720929386361076868e-02 4.534847808896330656e-02 8.707529875364083960e-02 6.783493599767839721e-02 2.482429196060857018e-02 1.888167689579207248e-02 2.403102264926250398e-02 8.871266670745012184e-02 5.682956052738458164e-02 5.023980457685744971e-02 4.909993787758897693e-02
3.829729711080550464e-02 6.838566179917451859e-02 2.484672136419988422e-02 5.835751419666158901e-02 7.111239155976771531e-02 6.301261212202070860e-02 5.637904459740145785e-02 2.957009802641975826e-02 3.215082147682786495e-02 3.506966584980996532e-02 4.844292628079951979e-02 3.444985578984569724e-02
5.440895708731516983e-02 2.806455418526671020e-02 2.494953295015044092e-02 1.078229582349960053e-01 4.518889903374306849e-02 2.599094810028262925e-02 4.770071283656791838e-02 9.087475609526479703e-02 2.861903324990455744e-02 2.407584004496840513e-02 4.967434549201778932e-02 5.494819501015719282e-02
3.459618351179453988e-02 3.379687260691789652e-02 9.172383665133171382e-02 7.489600247887026607e-02 3.409320763746659377e-02 5.762798666636916034e-02 9.368687096627004163e-02 4.475364478292680193e-02 6.547823367557398244e-02 2.422111491835784308e-02 1.539620309440208751e-02 1.856555879560299605e-02
4.257133956379856310e-02 3.806450235234565965e-02 4.194700667483970691e-02 2.783006289956414803e-02 2.082357980906973660e-02 3.250360444229100088e-02 5.411540167408747382e-02 5.477813585623673986e-02 6.052360039541550274e-02 5.373386822450401668e-02 4.466860847428773956e-02 9.323435827083545457e-02
1.807121361392194023e-02 1.603200097614604011e-02 3.738138447122474339e-02 2.105655662030603281e-02 5.444671748944975020e-02 3.826224049711507424e-02 5.577598077820956901e-02 4.663488881491231058e-02 8.441322771777694245e-02 6.045887760835538804e-02 7.840815482902879774e-02 6.554948109429256653e-02
6.441281765415479699e-02 4.954507418185541412e-02 2.536054094544343274e-02 3.010165664486876003e-02 8.419112574698409124e-02 5.888025883925822324e-02 1.416543017060254393e-02 4.008432521877721560e-02 5.069299651640401388e-02 7.592976226503724002e-02 5.155385955832336026e-02 2.885632391094537785e-02
6.362306363351470651e-02 2.396415502577189591e-02 2.613479842059979186e-02 2.733241884578906100e-02 4.491312737779182274e-02 1.165683538403707031e-01 3.341886554904832662e-02 1.991347282268700683e-02 3.155406378127979805e-02 1.241081685817757296e-01 2.170258447208170058e-02 7.483997144182902295e-02
7.739377671085181931e-02 5.021344349222186393e-02 3.620251840195688048e-02 3.743776088555206272e-02 6.661456601158767532e-02 4.701583112951964599e-02 1.887907170991555417e-02 6.540417938282780397e-02 6.921935995355334159e-02 2.479417457272062308e-02 2.449911744026520358e-02 5.230104699848411864e-02
3.458880382985102253e-02 2.000315548622182832e-02 6.344220535856451293e-02 6.638721043647052844e-02 6.161104326254615571e-02 3.497744739962577870e-02 5.168792408671856603e-02 7.386822595054572116e-02 4.487898943595402396e-02 1.995484908583777112e-02 3.959111380990588264e-02 5.517667925459043832e-02
2.395017064823446937e-02 8.364475888423403283e-02 5.203941686884106660e-02 2.645118749117953555e-02 1.805211847820635540e-02 5.984325524119054468e-02 7.819022635292548207e-02 4.367070174299211155e-02 1.371102563210961633e-02 4.349960609662262279e-02 1.178712841527798649e-01 3.700654311336294688e-02
3.032111499424916534e-02 2.808228662477933735e-02 5.456931640575374970e-02 5.027230428117100691e-02 1.983337946444424169e-02 1.971112411545803203e-02 3.287537793527178787e-02 4.686544104449701098e-02 7.399367164998918445e-02 8.107945937668301073e-02 4.716408754395635256e-02 9.508802902718373196e-02
2.088742534678890775e-02 3.931685585837575714e-02 1.239066626470843868e-01 4.979838680542363755e-02 1.712091091402976467e-02 5.384361476324090595e-02 3.090739045157381987e-02 3.805478674193552707e-02 4.288671101923165890e-02 6.323613106025724462e-02 6.922739749670181464e-02 3.419960047349025062e-02
4.023669151001670052e-02 1.898688960779994911e-02 2.743220479722311214e-02 4.530011147337709154e-02 2.245428380647228328e-02 2.984532038428715228e-02 8.156369633824676890e-02 4.759436689600254206e-02 5.009980466436232682e-02 3.266712166803407980e-02 9.399952627152374784e-02 9.319896034334283763e-02
7.383252932921145761e-02 5.660676295722436024e-02 3.539940526256568631e-02 3.058321846049133486e-02 4.457229532449859255e-02 1.537406838770293688e-02 1.920244956019140706e-02 7.495047785334016388e-02 7.873030965966855421e-02 1.645649527806108264e-02 3.888502541911355304e-02 1.124586767413683630e-01
