-5.165290383912858330e-01 -2.244330205640369114e-01 6.961274628152717137e-01 -9.653364839758390437e-01 -1.715788957550830940e+00 -4.414816862981972290e-01 1.206089856086258960e+00 -1.561950566296548715e+00 1.211303057959777218e+00 1.164911159199356172e+00 -9.482195664315495875e-02 2.518332098263350360e+00
-7.923365277419384123e-01 -2.254198487477631740e+00 1.209551242931376613e+00 6.547992357466849711e-01 9.555447224936876038e-01 -6.023125906844055688e-01 -9.000666639983576633e-01 -7.980740524793243917e-01 8.388426436143261444e-01 2.404923402017890677e+00 -3.952275164092114990e-01 2.678388737106043860e-01
1.054575265730874900e+00 2.465958816854022517e-01 9.673199087922386141e-01 6.831297233499445953e-01 -8.300278382721559822e-01 -1.845871642006808866e+00 -4.731497108674846408e-01 -1.242950346643665327e+00 -1.077180798137144624e+00 -7.554699685363371886e-01 4.799928711003637050e-01 -1.718117006671650848e-01
5.189010749513719434e-01 8.741654451303867424e-01 -1.261745028991991535e-01 1.196345257204079804e+00 8.213452545067749522e-02 3.493980889233185838e-01 9.534225763826886801e-01 -7.938843718617658585e-01 6.544238769060123362e-01 -7.241301344664871076e-01 1.404569577917274881e+00 -1.311636626628556845e+00
-6.677395510876403817e-01 -1.752432553598821385e-01 -4.923706198496021202e-01 -3.080135378202150664e-01 2.366103152855324188e-01 4.563511591117597188e-01 1.082745798066411469e+00 1.528207228448698607e-01 -5.969255331377003593e-01 1.066031546669072849e+00 -4.018949351236487944e-02 2.246019975283892467e-01
-1.891604584194125360e-01 -9.885532294245125140e-01 -5.881090189086013442e-01 -2.680380586501105444e-01 -1.311193782589094470e+00 3.518082028047985199e-01 3.974053344966193002e-01 -1.523461687928367336e+00 -3.818052615827895787e-03 4.636202905855327933e-02 6.035477180309961609e-01 -4.584108822968381292e-01
-1.222990279488123389e-01 -4.868713579665299163e-01 3.153619973729678283e-01 4.971597109270572412e-01 -4.195835973236852201e-01 1.243186147351965420e+00 -8.055523388093563941e-01 1.942623218258521911e+00 1.840110460767460376e-01 6.405280459700528617e-01 5.159880277863931886e-02 -7.067426503704650198e-01
-5.219167524939366531e-02 -6.427131514040654858e-01 1.330581283963322425e-01 3.459424999475626539e-01 -1.118090229636365729e+00 1.272491480162313282e-02 -7.960135126367517966e-01 -1.011633417107277833e+00 1.573205943981042632e+00 -1.234608193179412616e+00 -1.221726300675152199e+00 -1.175047877001578062e-01
4.984455554241907782e-01 9.655308271136892051e-01 -8.011614637525313887e-01 -1.221729786354938119e+00 -1.382002052001491732e+00 -6.872725843932875334e-01 -7.268065737712244845e-01 -8.579193656904180454e-01 1.371776856534704159e+00 3.372241539800144294e-02 6.929745847065708064e-01 -7.139744861087113370e-02
7.582171471705728694e-01 -6.584014061694737352e-01 1.169313952535063539e+00 4.652142673568410158e-01 -1.193188014275458952e+00 -1.747797817035696699e+00 -3.462488007480372665e-01 -2.818605192127940362e-01 -2.120919996757894221e+00 -1.567404255364021892e-01 -2.164191907724750119e-01 2.733053448277553144e-01
-1.099572842516039761e-01 2.403741702030323321e-02 -1.146328290056705251e-01 -1.626411238719473795e+00 6.204733946087943597e-01 -5.956676300979024674e-01 -6.363784162044558990e-01 -7.261987417111225307e-01 3.641137034420475205e-01 3.988451879583464477e-01 2.569504489433844796e+00 1.222448604983086135e-01
9.912373872331132763e-01 -1.193279113122949209e+00 7.056256528055329103e-01 -3.995927738428440845e-01 8.381863495473642622e-01 -4.298334005657531570e-02 -1.478049422904611230e-03 -9.270743837339187055e-01 -6.038588742244233032e-01 -2.393171446436881955e-01 -1.308148701008718939e-01 9.868048641957394285e-01
6.157891240545976252e-01 -6.066641021320332561e-01 -1.088726452828529645e+00 1.466723510962641752e+00 2.520065894582332877e+00 1.937165337558778511e+00 1.304392609679878356e+00 -1.188365851897124958e+00 -1.159935597310605582e+00 2.985716405458516687e-01 1.239354295612975498e+00 -7.227745693508040858e-01
-3.269748608387233468e-01 -1.815811880558448888e-01 -2.247184930553922655e+00 -4.636886388920570812e-01 -1.228449292795411818e+00 6.536442706245165768e-01 -1.391040564747333619e+00 -6.454344907767414208e-01 1.213508294961641309e-01 9.851857867984552541e-01 -4.899641003244377679e-01 5.717430266728186494e-02
1.721965783690130314e+00 -1.071250940345645164e+00 4.534105749264455976e-01 -2.609857743726546331e-01 2.520884816719140553e-01 -7.131916833586003923e-01 -1.676946754436078324e-01 1.144042522514972626e+00 -9.201950695855630746e-01 4.706417589297318127e-01 -1.710058656656610721e+00 1.338309922430954424e-01
1.098610005638620546e+00 8.200725074370289469e-02 -2.556430057028500347e+00 8.266487115330977131e-01 8.073676819182838971e-01 -4.975193683356526897e-01 -3.353412105274707344e-01 -8.877590506113018920e-01 -6.218676039944213141e-01 -4.874176696693778288e-01 4.514877324002065095e-01 1.306803195216955649e+00
4.247474670332764268e-01 4.358166447954837097e-01 -2.420398373716877716e-01 -2.232246724952427819e+00 -6.518771440543622009e-02 -1.768402039273101745e-01 1.674990084851345040e+00 1.105153972489540115e-01 6.501697365514818028e-01 2.948492968906747391e-01 -2.799590189475986701e-01 1.451544890085244288e-01
8.559361976136824479e-01 3.557148660232277160e-01 2.118425620651904207e-01 -1.357506538805550278e+00 5.809610505972188088e-01 -6.347503813676329543e-01 -2.653275485633224129e-01 -3.407396204795139494e-01 -1.331698563737934160e+00 -2.016357498680830584e+00 -1.937062099076627852e+00 1.799236914139894283e+00
-1.619726070151464026e-01 3.697160131298648511e-01 -1.534672214960377812e-01 -1.490955158817638404e+00 1.469856724870132414e+00 3.819796446938990009e-01 4.881165220842960117e-01 1.378376084690818848e-01 -9.305868363021246870e-02 -2.346078974237562065e+00 -7.152631579698478514e-01 1.070153396965874082e+00
-3.736393887365310196e-01 -5.910793785254974120e-01 1.660256647181804213e-01 1.612443243681995542e+00 -1.064963575994468670e+00 -3.577551679733430579e-01 7.733066023930902644e-02 -5.964282055992768949e-01 -4.595752303580016296e-01 -5.467917183230480704e-01 -7.654356193114666418e-01 -8.116275922117357489e-01
-4.085401573021323063e-02 -3.555356539600074695e-01 -1.665545052902633216e+00 -2.239914059465363816e-01 1.672447668072122862e-01 4.218836369327920166e-01 4.735938578606763150e-02 6.448426385680802175e-01 1.580604780974141699e+00 4.490407283834365604e-01 -9.405797420514899754e-01 -7.996262805052741784e-01
1.833798954391534064e+00 6.240157569292402728e-01 -1.517077279515854915e-01 1.069521112509879801e+00 5.325500959082499763e-01 -3.598609631709193679e-01 -1.124046694472669250e+00 7.228935415013616472e-01 -1.004097297794635524e-01 -9.261660612196269682e-01 -1.834529416702822269e-01 5.499766983012612659e-02
-1.173283692425833413e+00 3.282180997229924846e-01 -2.595105932786247460e-01 7.582628387431701311e-01 -8.828749134586432179e-01 3.197215398682822785e-01 -8.543115312841310649e-01 1.325130828035290476e+00 2.302100526460222063e-01 -1.897631591825114095e+00 -9.503148110784924718e-01 8.926872216932821846e-01
-4.506366823647889319e-02 -5.932137407128991180e-01 8.624636323949710359e-01 -3.085337607143571748e-01 1.357927989583808559e+00 2.186821263560324358e+00 9.833643801961282627e-01 1.266395618911035248e+00 9.935316963723379857e-02 -9.891351754907630467e-02 1.359062289608608420e+00 -4.013586880303400828e-01
3.363685278909939180e-01 -7.767512666280121936e-01 6.255829334992032420e-01 -7.828153059541441694e-01 1.087482848167104610e+00 6.651224253801230751e-03 -1.631970646285977766e+00 9.904743966373689146e-01 -9.532250528112147236e-01 -6.280668243163614051e-01 3.265423004766321302e-01 -4.183865437951962418e-01
-9.946454391583559040e-01 4.799166616765324078e-01 -1.268872768824523822e+00 -4.391577710253125599e-01 4.538054946596345451e-01 8.572939538344028776e-01 -6.502965082769011917e-02 2.302820059820147869e-01 1.343005165700876802e+00 1.226524321241518611e-01 -5.113521306125701216e-01 -1.395458886841005386e+00
2.410052778076820501e-01 -7.957564986590948131e-01 1.429036025725197057e+00 1.332466557506233995e+00 1.687933916190896610e+00 1.146593450505137834e+00 6.446695904073915795e-01 -1.541788208296131168e+00 1.188909594871789377e+00 -7.399809820328786536e-01 -8.911129642388675443e-01 -7.588515053090699736e-01
-1.105608000687923420e+00 -2.485144629366824010e+00 -8.268488161146548832e-01 -1.199100736515054999e+00 -6.933883416710733272e-01 -7.083836831963357117e-01 -5.379826894067889498e-01 -6.263496339751039033e-01 1.085836112891701566e+00 -2.987261919797112308e-01 -9.104148922167598634e-01 1.386581639288287371e-01
-4.566698372758866420e-02 2.277502884807181882e+00 1.285488675374399481e+00 7.553611204001715596e-01 -4.874351496637106540e-01 -2.394290955426002510e-01 -5.031778311041579244e-02 2.469618090687345779e-01 -3.019625234574646044e-01 9.880261529738813830e-02 5.911484844046409615e-01 6.695293431060713729e-01
1.624138135640774028e+00 9.062799089289379495e-01 7.724133826941395609e-02 8.307803356707882392e-02 -3.465203764579990325e-02 -1.290873551472490610e-01 -2.155939917996409161e+00 -2.837164591770430011e+00 -4.441011999564895008e-01 -1.669139670796518926e+00 1.361306253086851159e+00 -4.621766169058899032e-01
-1.470930360658874725e-01 -6.236483060855558813e-01 1.636858455391919875e+00 -1.453038448405629790e+00 -1.726895335673908349e-01 3.068818598357136440e-01 -2.347155449559460982e-01 -9.447985387725988948e-01 -5.105303831874713483e-02 -1.213788077839628388e+00 -2.867316995493162102e-01 2.039378752010234663e-01
-1.801552503068556688e-01 8.772250111856884081e-01 -9.185667057779486333e-01 6.821102243449606028e-01 -4.116899689452100941e-01 -3.153951461091793473e-01 1.508010035678896688e-01 2.702491990100691077e-01 -3.238078455469305394e-01 5.263331899458134622e-01 -4.351660327890150559e-01 -1.436976613348839582e-01
-2.199789295586642990e-01 -1.120822097296391429e-01 -1.305514608527754472e+00 -8.574663652221645727e-01 -3.809112715163706642e-01 1.005314424902484793e-01 1.599956852658110051e+00 5.846713049735680068e-01 4.149952398426684508e-01 -1.572833677973433542e+00 1.438168763570336628e+00 1.501385643791671443e-01
6.259740769701561680e-01 -1.887952677313373961e-01 1.301376652954717161e-01 -6.208896089509081673e-01 7.735163576494495652e-02 -2.983418518894237481e-02 4.842432607308636006e-02 -1.513245638072779453e+00 1.505260540724753238e-01 1.222206791149813787e+00 -5.881503984042170119e-01 3.128437212932464462e+00
-8.010399818144869899e-01 5.649672356234737292e-01 -7.486022101300401910e-02 1.597734337696809781e-01 -5.399245286735316895e-01 1.431653935169492631e-01 -2.781823719138457052e-01 -6.585531597968830031e-01 1.061427912581680788e+00 1.106593202652106589e+00 6.118446681107343466e-01 6.733986455671107096e-01
-5.288374503003948623e-01 -1.742694180254957814e+00 -2.533652140920286122e-01 1.721888407841911439e+00 -1.499855046390802027e+00 -2.151863716752620836e-01 -1.701586037112877259e+00 -1.044967833848607253e+00 4.435381683411571130e-02 -3.691724720108740393e-02 1.373641953085844580e+00 -2.899643509448117662e-01
-7.314756122870499366e-01 -1.560424354033880801e-01 5.280221485678249227e-01 -9.841130130000365073e-01 -3.720510991243610177e-01 4.008058933111410260e-01 -1.120623489901352743e+00 -2.097778512652839211e+00 1.040284328853948281e+00 8.677321039108473189e-01 -1.138276657819187881e-01 1.666995139055541530e+00
9.363269430740104315e-01 1.611660471850966947e-01 2.373966039268556649e+00 1.393000717501785113e+00 6.391550021967699058e-01 1.542974315382934503e+00 -2.048642863031112427e+00 2.617954917997745490e+00 1.312463674157911431e+00 -2.067944841503686515e+00 2.761762005952035914e-01 1.624648709786804979e+00
-1.292856118593415982e+00 1.204761636374656941e+00 -2.074916564842677502e+00 4.255204879304816945e-01 2.961025803733335349e-01 2.881145200062674647e-02 5.654771637762158187e-01 1.575134039617613224e+00 -1.139849608681048121e+00 2.986790996790355535e-01 -5.390303269437773936e-01 2.849258667044960003e+00
4.053027274037622751e-01 -1.476858652903776159e+00 1.008467028468371884e+00 1.375172238488604204e-01 -1.718518068794664677e-01 2.196983905079556154e-01 -1.246287030413386621e+00 6.116767540786712809e-01 -9.649093456474486796e-01 8.883272196977725077e-01 -5.643105015824593229e-01 1.581512740146796769e+00
-1.694486305180960273e-01 -5.819664048347110707e-01 1.562706681520929175e+00 1.112005078929011459e+00 -5.390334221770209933e-01 6.531986181862046992e-02 -9.634909494010786002e-01 -4.409914774148826488e-02 5.625315846851374618e-02 -1.920348784278440801e+00 3.057202655784975742e-01 7.370192771167013435e-01
2.788516687978355613e+00 -1.133210533371233009e+00 -1.707783698255487925e+00 2.284459154902066302e+00 9.485448138359403591e-02 5.733835820230547276e-01 4.111115689054762878e-01 -4.166456286351442606e-01 -3.410279935129258422e-01 1.519479041805718467e+00 -3.954461655927993258e-02 1.427707756839679432e+00
2.184685382048527469e+00 -6.163189980670408241e-01 3.191777856337051578e+00 -8.288987605848486817e-01 -9.025779860588666326e-01 3.499173376714217465e-01 1.045905432119513812e+00 2.107823943201216021e+00 9.758007813791467200e-01 1.039081984461081909e+00 1.230900864331530453e+00 -3.870689794728520150e-01
4.138157957190529146e-01 -5.058007942470708063e-01 -1.327438870726034725e+00 -2.124698939520517804e+00 -1.196449560379783117e-01 -8.136280394806847394e-01 9.658549634153752728e-02 1.753242140853291386e-01 1.866958837157599360e+00 -7.282503472539922189e-03 1.040065958218173936e+00 -1.516398247081476081e+00
1.682733233815816160e-02 3.644284491513334889e-01 -8.654800449111413330e-02 -2.709368209771562119e-01 3.524923438023384592e-01 1.126143571523359199e+00 -6.523774539877320588e-01 -3.072448248042885521e-01 -4.807125338427352124e-01 3.750876006129513773e-01 2.840066202749847779e+00 8.941217680804375290e-02
1.362955416502544592e+00 -2.978343627074047983e+00 -1.147487796133540350e+00 9.672248571599249001e-01 -2.023212040574995929e-01 1.889746559117407410e+00 1.149073032410921069e+00 3.151647638955188957e-01 9.431635884589639751e-02 5.532715568034699549e-01 1.210455760853866303e-01 1.056379360343364437e+00
-3.730284175502746827e-03 -2.727700548994753116e-01 -4.838284371956924623e-01 1.149610525753316459e+00 -9.035866272064221327e-01 -4.382806980950090248e-01 6.817223589599196165e-01 -8.608629962436672445e-01 -5.739690993328855351e-02 2.214458078413343856e-01 7.488747762422254262e-01 -1.429326621933527663e-01
1.721943981779002365e-03 -9.693612096075439055e-01 4.649526035986190631e-01 1.182079680755140361e+00 1.137942128388052643e+00 -1.592290257529217046e+00 1.102771352182517761e+00 -4.325914426283456460e-01 -2.058189265959525116e+00 -9.038070043128987319e-01 -4.280375973804834144e-01 -1.319103846520590206e+00
-2.314648250435103360e+00 1.706883848365952083e-01 3.903192000952266372e-01 1.851275355111960952e-01 -3.550646451641261137e-01 -7.157361543697060569e-01 -5.768315335831741136e-02 8.508289682823362288e-01 -6.289997409151233676e-02 -6.962706670893134553e-02 -1.228856434358410521e+00 4.208864446512710633e-01
-1.315842927699310216e+00 1.791536264085235697e+00 1.012970355895926877e+00 -1.136231454597279589e+00 1.469179345443658580e+00 2.591185350041508850e-01 6.955204629154773110e-01 1.676341992405293801e+00 -8.547153395335087556e-01 1.154981036324076005e+00 -2.230738752679356784e-01 1.215048328571203040e+00
-7.032964378590315091e-01 3.517911951574279605e-01 1.575434415085351925e-01 8.907180922947777191e-01 -9.288000186621908627e-02 -1.708114028114161576e-01 2.071849620063850039e-01 4.253025941653091890e-01 -2.603885553100492078e+00 1.568672654481676920e+00 -3.220972676989346528e-01 -1.037353221944474768e+00
7.980731537697064448e-01 -6.190796087871432984e-01 -5.606390988107675666e-01 2.780332699663248253e-01 -2.062120691998113320e-01 6.809811690481724911e-02 -3.156358014487729013e-01 -7.996144032750384101e-01 1.187616160859358505e+00 2.558984511126855543e-01 -1.305475055410864338e-01 8.615108742693825539e-01
3.191097941503803770e-01 -3.726765500328906855e-01 2.059401854880583138e-01 7.381528225239563090e-01 1.277656248623497914e+00 6.676592257673884534e-01 -4.609227572414320018e-01 -2.245329257732967543e-01 -1.521562017412418255e+00 -6.889501229413899086e-01 -3.942405740880557397e-01 7.008562906320366936e-01
5.159400278218911895e-01 8.034687499181665249e-01 1.326827939362003328e-01 5.532603119715837625e-01 1.966319231831994627e-02 -1.286709811986054053e+00 -1.551377498672292354e+00 1.238715620449613170e-01 -1.354260194089828839e-01 9.040004374643538787e-01 8.346191729856168307e-01 2.154188547299102474e+00
9.485480703440823946e-02 -6.169410988456842659e-01 4.347333204275992125e-01 -2.526360397287707449e-01 -1.754066960417626442e+00 9.738524432532091879e-02 1.000148363199305779e+00 5.803005013974139592e-01 7.755735116675155361e-01 3.699524955560342110e-01 -3.721685815943217568e-01 3.510731237743108801e-01
-2.454689728486777744e-01 -8.874381297288107262e-02 8.865532610415773063e-02 8.248938916202533944e-01 -1.535095812547195404e+00 1.990664848456195901e-01 -1.024524032975016180e-01 -1.190306699718793437e+00 1.907199898581934117e-01 2.239266903665743325e+00 -1.283618608156520624e+00 5.953319727097124980e-01
3.612356384293980982e-01 -2.708479113462069487e-01 1.520160052103590731e+00 -1.334485346619192159e+00 7.504461788132212041e-02 -9.451403782845589907e-01 1.199033928478029365e+00 4.269214967553273121e-01 -2.318474182125270233e-01 8.082713034939421615e-01 9.481817778828051102e-01 -7.224480888823647806e-01
-5.443677950525647180e-01 7.502635737170418873e-01 5.603176707348906938e-01 -1.191120205548907185e+00 6.928804640520289659e-01 1.215098684910913829e-01 1.355558229132109327e+00 -3.479683235679406628e-01 -1.255315542956862540e+00 1.851044795312443147e+00 1.947546079497962102e-01 -2.775372017515908563e-01
9.711967692433332022e-01 -5.995494341705653873e-01 -6.942837313723507764e-01 -1.508734771967360500e+00 1.101072575778262674e+00 -2.092622553743536395e-01 -1.047284169324959935e+00 2.521177922872998245e+00 2.089759854135652795e+00 3.967955232410944610e-01 6.934147565563545390e-01 1.264328491937387167e+00
4.655994838400318581e-01 2.892766933131693530e-01 -7.770432155159703314e-01 -1.330305148770817569e-01 2.122536103071282820e+00 8.724727215037487993e-02 -7.694447781631198469e-01 -3.086017172981227574e+00 2.774245730656602626e-01 -4.986155232663187498e-01 -2.472798070968639239e-01 2.034828025053454503e-01
-1.819046447914976383e+00 -6.718756971648164045e-02 5.919596159450385420e-01 1.703317184790596350e+00 5.901192244794948305e-01 -4.881920533929225425e-01 1.808584694058613218e+00 3.060052019824736069e-01 -1.810549628373207820e-01 5.029924397158900273e-01 1.467815304368232265e+00 1.177040738374406509e-01
5.747220258304793772e-01 -2.068271737054288018e-01 -4.511359373885785451e-01 1.323061716909975649e-01 1.388314349897225020e-01 -9.643484877986946424e-02 -9.265475515785781546e-01 9.194527757291893755e-01 1.475814738673193904e+00 -6.366499582235242150e-01 3.055165874740622955e-01 -9.498337598687682792e-01
5.394589479232777540e-01 4.942207570830845637e-02 6.400119264069051850e-01 4.461174714699839838e-01 3.077036993064850567e-01 -1.126317167612813419e+00 -1.881000789757837355e+00 -3.853871733266154287e-01 3.674585134448144497e-01 1.940069494493844138e+00 -5.458812205291086600e-02 -1.551144084155096393e-02
1.523889406088744236e-01 -3.010151995655638291e-01 1.065703377673366870e+00 4.087523868937780747e-01 1.937978196253863639e-01 1.843644222650100639e+00 -2.026245040450642132e-01 1.008021711842590706e+00 -5.229863417429718719e-01 -2.407002440875039007e+00 1.048124345516415978e+00 1.519431365516896948e+00
1.354636752542885514e+00 -1.032822125133620039e+00 -2.486533449443474320e-01 1.521193537722747235e+00 -1.210536702700959033e+00 7.248827596470702739e-01 -4.697452299668342102e-01 2.522072866755687426e-01 -8.198425400257848272e-01 -4.842405206977454801e-01 -1.045048133949121993e+00 -4.465797236419102312e-01
-2.797081218485037990e-01 9.533005500229221330e-01 6.927653103006403690e-01 1.079064248136848869e+00 -8.621020089006922182e-01 -4.953203104660334755e-01 2.272814156527986906e+00 4.714016681195121183e-01 1.297566362590827582e+00 -3.260923422898114321e-01 2.778732142901512714e-01 -5.357207833503371125e-02
-7.032553271698014363e-01 -1.453960421337612552e-01 2.014362253987691531e+00 -1.011462642980859750e+00 -2.724648818660098046e-02 -1.278159217336053199e+00 -4.391247951594658971e-01 -1.301044160903575220e+00 1.284143255497288694e-01 1.278465840204276338e+00 -5.151642815278915100e-01 1.296321438417239458e+00
1.506292591683241255e+00 1.341067504804712485e+00 1.372715754254538956e+00 -3.078267728355609245e-01 1.138347837510763405e+00 -1.242703316924798518e+00 1.265530482624643571e-01 -1.331103029945305272e+00 -1.111738809101505465e+00 -7.705351131726287939e-01 -8.582809326562176322e-01 1.883342062016595708e+00
9.016306827104485500e-01 6.054255089027089920e-02 -5.000989192260841820e-01 5.174342956041490249e-02 -3.692621456397418012e-01 -9.732533149818864970e-01 -5.701628796151032574e-01 -1.486024218216188908e+00 4.759449575464198001e-01 2.748095200362303259e-01 -1.840181539468038974e+00 2.685102667194821269e+00
-9.489731017531710666e-02 -7.207525057584587280e-01 7.303398309644262287e-01 -1.130246291454077784e-03 -1.271349451055328927e+00 3.792117215954574072e-02 -9.512758257771716242e-01 8.139739552596079175e-01 -8.867473479985348295e-01 7.481944333317495088e-01 1.286364662387985192e+00 6.897378621830341228e-02
-2.050404079653422418e+00 -2.029970634883695002e+00 -8.517527542926685014e-01 -8.155973466320902698e-01 -9.321929105927430070e-01 -1.548358474125250683e-01 -1.182777578544636360e-01 -2.610713944592266134e-01 3.240361715666236764e-01 -6.996528166105220325e-01 -5.848479071446514022e-01 2.673460208322984699e-01
7.098852783669096222e-01 -1.265760087437074244e+00 7.928502413021095707e-01 -5.614438805613145567e-01 -6.134368537346420736e-01 -3.667826859020710262e-01 1.282559782898109235e+00 8.630712767103126959e-01 -1.054804733659696625e-01 2.612170563876922147e-01 1.166097758319342814e+00 -1.605697935795749487e+00
-5.581913847781037052e-01 -4.526335099567878051e-01 5.662265081969237723e-01 -3.803542548799905831e-01 1.051486743422768377e+00 1.344703688900046989e+00 -2.561320390629461263e-01 2.379582572124948336e-02 9.869974238028119684e-01 -1.125790009628199195e+00 6.786433396997072487e-01 -7.802176657035382323e-01
-3.066146984326123537e-01 -4.919323538185212119e-02 -4.609426590101377563e-01 -1.264140810972254059e+00 1.107123135360234878e+00 1.221679334068942191e-01 -1.296152279679924080e+00 -4.369463832176324614e-01 9.217421686080505827e-01 2.512343242203052829e-01 -2.533888104279697351e-01 -5.345900300766755903e-02
-2.785546705758882080e+00 2.277681064240242303e+00 1.772043898975263210e-01 -3.524795615502718249e-01 -7.826274997300228797e-01 7.598370094155950660e-01 -1.104232229689460443e+00 -3.877209827714722667e-01 8.935024478221725852e-01 -2.036374158839917084e-02 1.522777846781524280e+00 -1.788749307744267103e+00
-1.988600100852354058e-01 -4.903690814757280525e-01 3.510699709145085889e-01 -1.448144195883110941e+00 -1.025689741781365738e+00 -1.270345744239489150e-01 6.822935054919414544e-01 -1.533797980594575838e+00 5.412409445673878050e-01 5.341941952434563490e-01 5.954344935969173580e-01 -6.408105224406105416e-01
1.195629909865819851e+00 1.192475040381552942e+00 -6.852538932107070657e-01 -3.343201946553163439e-02 -6.591469681037195327e-01 1.359624882297046644e-01 -4.957452756408771699e-01 6.620300285626664616e-01 5.017632207400180011e-01 1.306490537804284591e-01 9.411537006594683508e-02 5.845519960313909635e-01
-1.856152072223255844e+00 3.780317736921320199e-02 4.061658729041582594e-02 -2.044281835391180968e-01 -6.114996987898581038e-01 -8.872727633491638288e-01 1.764408883941454231e+00 -1.143858615284089941e+00 1.598264006285018413e+00 7.180026939350272475e-01 -5.041646818219469584e-01 -2.064494098875367945e-01
5.345020852239315001e-01 -1.321688933186477621e+00 -6.196617257631040765e-01 -1.501906336063454361e+00 1.465401271820985452e+00 -2.458873728976020523e+00 -1.204122060398933103e+00 -3.730435897552122210e-02 5.443394602622393386e-01 -2.701018365854412906e+00 -1.325385714218414002e+00 -3.004376144029404228e-01
-3.222687620737503811e-01 -1.735389836569895428e+00 1.071458109345028387e+00 -3.825098129762477539e-01 2.737055171032991008e-01 6.927880708263245424e-02 1.847039567257235948e+00 1.358223708566774546e+00 8.215473102498742630e-01 -2.082623117202720420e-01 -1.846938129674526585e-01 4.906799271625098546e-01
4.351675888129759584e-01 -1.065364164330479646e+00 -6.735530360105465020e-01 -9.247361513549867684e-01 1.278756910084104303e+00 -4.122573547454842086e-02 -6.063913716688111855e-01 -4.830196364914629004e-01 6.193570854911709667e-01 9.174153733624328400e-01 -5.667268360039164898e-01 -1.134119257380573620e+00
-9.334457961483533239e-02 -8.348986656383636240e-02 1.863474338430867183e-01 1.124700924619824738e+00 -7.882018541094484854e-02 -2.650258309274062363e+00 -2.563385084204264253e+00 1.175675334345715806e+00 2.197753976746326735e-02 7.407955426249114572e-02 -1.928251332256892159e+00 7.687081073576946810e-01
4.125521303532047046e-01 -7.551897640263800504e-01 6.129095707443457663e-02 -1.059834605760582721e-01 1.908932551331653293e+00 7.351335044650870731e-01 3.913931260986799887e-02 -5.660459230339569547e-01 8.045707517786567786e-01 -4.829678628315918210e-01 2.821948256150329737e+00 4.788925743145721614e-01
4.795278006852218833e-01 -2.249753887200127256e+00 -2.998760757844431968e-01 -2.234661007559884116e-01 7.105544583674634485e-01 2.134973441353157364e-01 1.556954610807814277e+00 1.885147021220902275e+00 3.001726717434538561e-01 -1.141997649814248117e+00 -2.286985263310219868e-02 -1.269148686395840775e+00
4.555560159755308036e-01 -1.192323440562111786e-01 -2.085142001002666945e-01 1.065325455038380054e-01 3.221912942337881725e-01 5.685637561979144383e-01 -1.147040898866683811e+00 -8.673134629377486915e-01 -2.946190377116454928e-01 4.653821710303811532e-01 -7.024629878005105299e-01 1.099674945790505953e+00
-1.144714315958420769e+00 8.516019802509136039e-01 6.060858841666502128e-01 -1.811665996921327126e+00 -1.861771424327640090e-01 5.470545158141506548e-01 2.097632188764935623e+00 -1.758687995587652764e-01 -7.290163263565812013e-01 -9.564858025080177351e-01 7.011328831902160497e-01 4.085124586209057385e-01
3.665595411596790920e-01 -2.199833375821698578e+00 2.513907031869718089e+00 -1.776952268848028593e+00 -5.000906865251891764e-01 -3.966684986289070736e-01 -4.009961598262449245e-01 -8.955367921568789802e-01 -1.087274631626821142e-01 5.520596445333603164e-01 -1.624586604605991136e+00 1.475698296190075975e+00
5.953003993102429225e-01 3.451594096146469171e-01 1.305384276173386128e-02 -3.847607962535779524e-01 -5.878441794520417041e-01 -7.546859040184578094e-01 -1.664038167541481705e+00 1.570021164639447298e+00 -1.458099577758066756e+00 -4.041105986227316871e-01 -6.332569204525709816e-01 6.410178358397063958e-01
-3.401652996285327024e-01 -1.074948062406148042e+00 -1.402984920805465663e-01 1.062838305269727446e+00 -1.474860654322890152e+00 1.511329580432308584e+00 3.853892771302709352e-01 5.202608003890106803e-01 -1.408759954422655447e+00 -2.313763235481572644e-01 1.395917432819054338e-01 -1.375763685840675654e+00
9.783128962065494871e-01 9.421148829077360398e-01 -4.196036940952714567e-02 -1.349001496103458209e+00 -5.069208453374413059e-01 2.143320858981126786e+00 1.271167695258526464e+00 2.466229871108029659e-01 7.975599834639499619e-01 -9.079602718319582655e-01 8.638593125398698058e-01 -1.222029887183709640e+00
-1.221734991436986162e+00 -1.144782712091456656e+00 -8.106321755156323805e-01 -3.816713785971078687e-01 6.565589028285373496e-01 -4.332047591484896043e-01 2.338659546898250868e-02 -1.073397401164664755e+00 1.020939779341928144e+00 -4.186066754207265483e-01 1.337960269379638634e+00 1.136110083905873536e+00
1.449964697718888251e+00 -2.898855225064868035e-01 -6.476063722445098980e-01 -1.703353757238255328e+00 -8.865935069912568300e-01 6.422827041551315563e-01 4.934354202326389771e-01 -4.346750232760492744e-02 -5.027031644942459021e-01 -2.938009534119166988e-01 -1.635373848291692411e+00 -5.529710743478651880e-01
1.935837985252295557e+00 -1.795595413212042746e-01 -1.406168283342948078e+00 1.230784788359866877e-01 -1.651683074880129443e+00 -1.194587489169192329e+00 7.255265832209237820e-01 1.997416997295258512e-01 1.488593461571990906e-01 5.080371336096031198e-01 4.478493229669603393e-01 1.843932783402588482e+00
1.925294392046017489e-01 -1.019443197761387365e+00 -1.064681570593273952e+00 -1.274751143210128834e+00 1.849624752113880222e+00 -1.210573692300510373e+00 -1.142015530976899923e-01 -8.161094880531585272e-01 -2.028741124753055569e+00 1.422030765054765222e+00 -2.817981475517004952e+00 1.180575148588661527e+00
2.290643589448794482e-01 2.775221852273876411e-01 -1.637051003006432470e+00 -9.665915365062934805e-01 -1.333271765632437322e+00 1.247520331873877231e+00 -1.408811719123778339e+00 4.024011754931365870e-01 1.691426561887944491e+00 -1.146670797422228300e-01 6.695787861820180764e-02 9.101436266585516410e-01
-2.067761927068711147e-01 -1.665922444258498780e+00 8.531549373171366801e-02 1.760567237159647025e-01 -5.251839346313760121e-02 -1.235920726435128403e+00 -1.789647328584793362e+00 1.448592610392574476e-01 -7.137715107390170399e-02 -4.484277428644966590e-01 -9.266891912598289593e-01 8.928879263256855880e-01
-9.813195919870644213e-01 -3.675297189469972636e-01 -2.792020341239948578e-01 -1.230931750386565326e+00 6.412204904644468184e-02 -2.282370218326227052e-01 7.010522273953634365e-01 1.676541459057409589e-02 -1.695354535231500259e+00 1.558098258808801706e+00 5.960061533494591668e-01 -1.389208569062753452e-02
2.426914210418778250e-01 1.835368937751107321e+00 1.302758100311544265e+00 -9.106978586701179601e-02 4.682570884247218013e-01 -2.208366466256629357e-01 -4.430238420625517287e-02 -1.488342430190368604e-01 -7.419744897919920978e-01 2.031169696692241011e+00 1.386581962475329721e+00 -3.050005919072460436e-01
-6.724824557382240720e-01 3.473888291880433687e-02 -5.828171121964056955e-02 -6.192369086797565592e-01 9.313321541516496049e-01 -9.191786477853440551e-02 -1.252684191748521858e+00 7.733671612093954983e-02 8.450145429024100707e-01 -8.366887681227103135e-02 1.123965863021987310e+00 4.253714261828795973e-01
-3.839473237085073154e-01 4.326464379238208480e-01 -7.646426242876518398e-01 -2.143889163178455348e+00 6.571395227779299741e-01 1.156851442577509159e+00 1.394038117889038753e-01 5.258959764939404868e-01 -6.868923967295896826e-01 1.187402953148784635e+00 7.939442173204409592e-01 3.889626696416901425e-02
