1.633669394538633524e-01 4.976853483176335580e-01 3.839751621922090075e-01 9.560790893181402017e-02 2.212185602030565246e-01 1.479618476394402027e-01 6.499669045000544543e-01 8.969488388651725153e-02 4.569735717296786182e-01 2.935488731457313039e-01
4.869725049707201436e-01 1.447377724084765727e-01 1.880395683051098721e-01 5.836736982825003750e-01 2.567564777201881698e-01 6.988609595278361120e-01 1.210359161745179213e-01 2.347547621921536667e-02 6.323994433760810052e-02 4.332076820538312001e-01
5.037860905386147836e-01 1.911101720675819349e-01 1.093396167845580025e-01 9.805081143495897322e-02 5.038422509019849782e-01 3.589685584908584026e-01 1.703315270647095536e-01 4.780040095225188690e-01 3.647484955848739885e-01 2.218184676093411800e-01
1.078604765494841911e-01 1.097219594446286473e-01 3.460579014403888376e-01 3.929236165374078160e-01 1.265216380179358113e-01 2.445112064552087128e-01 4.064348721439679513e-01 3.689297770344251437e-01 4.118815232184407371e-01 4.851570291581117633e-01
9.020185870574239095e-02 4.448590016545858616e-01 3.469542523041738713e-01 2.303676706678330910e-01 1.783940051049746067e-01 4.150617792072306411e-01 5.262360765924819495e-01 4.956724768866642705e-01 2.066693886699856875e-01 6.558349020632901760e-02
1.722956593767304145e-01 9.903555938667416014e-02 6.320801276947589642e-01 2.166043949533724977e-01 3.031780272277451171e-01 1.231908355219446666e-01 3.603806492965180297e-01 5.500010483677044704e-01 1.131730196209441014e-01 4.300606785536070231e-01
3.251042613034298978e-01 4.509679917956737061e-01 3.322728527467144755e-01 6.387931576518559584e-01 9.888585705119606883e-02 3.309670380324260947e-02 1.089689367739610365e-01 3.562509611958830646e-01 4.850394385461319069e-01 1.706198391319137531e-01
6.605489148694723700e-02 5.202973287404885072e-01 5.206569474920574869e-01 1.375154043279651628e-01 7.086707491204293774e-01 1.664710217959171623e-01 6.627197270102832549e-01 1.743507479938675719e-01 3.017291880554297256e-02 1.309026322649995029e-02
7.159867383717277711e-01 1.630996309946935452e-01 2.229758363426058987e-01 1.261629928893191477e-01 7.180712293387624401e-01 2.739108813997711001e-01 1.911085473802940915e-01 2.011741615104895020e-01 1.792286556073955095e-01 2.082813261649382464e-01
1.534644575839602676e-01 5.423424369265563705e-01 3.049652449913224928e-01 2.174180119210017137e-01 6.441995823173204405e-01 1.326936275061776915e-01 1.186764806103333264e-01 2.077694771247100558e-01 1.471122951263558742e-01 5.313583858922554803e-01
6.979468649347011500e-01 2.115708333488524606e-01 4.585515537212475623e-01 1.313833702830991546e-01 4.921004656255348886e-01 2.679664586835701634e-01 1.176865365734826308e-01 3.190753084315520183e-01 2.080583189777179265e-01 9.566028942024848436e-02
3.755812202541540801e-01 3.692201768234769643e-01 5.304052627265986031e-01 1.102098377862665568e-01 9.560769531847385094e-02 4.107750524708629891e-01 4.844392329245249540e-01 7.679644963586715334e-02 2.319193370557204315e-01 3.150457350040591908e-01
2.822655395839958059e-01 7.116013887897726375e-02 6.897042129300379187e-01 2.578472031432419431e-01 4.537014485774799044e-01 2.401074057837998266e-01 2.651527562641686764e-01 2.552891106203391547e-01 2.557161449834396416e-01 2.290560392345219465e-01
2.128543051970503419e-01 3.370650459677662636e-01 4.324137415073427415e-01 1.497364386373545297e-01 4.690378947966613588e-01 4.185154318976342935e-01 1.318200639592949641e-01 3.266378383523771411e-01 2.451092279139876484e-01 2.768100117705313279e-01
3.569078176951461234e-01 1.699417913993515883e-01 1.530337339594142199e-01 1.111682661426988128e-01 2.974396855045825516e-01 6.949889705254506111e-01 1.916299008621370203e-01 6.095110183781919932e-01 1.831365839715580202e-01 2.322422315614672828e-01
2.579488348031354628e-01 4.179946459039245443e-01 2.057049042900863378e-01 1.261975402976421301e-01 1.675063161718065574e-01 1.089038255901334101e-01 4.147378703561700464e-01 5.152199270092898686e-01 2.824753376028003027e-01 5.033107979750159888e-01
4.017486706597213075e-01 3.918827627673994174e-01 1.031018063494316822e-01 5.563117487618400858e-01 3.229776409237092860e-01 4.015695392691837062e-02 1.778339586641075609e-01 2.282917604252714117e-01 3.455031239398715925e-01 4.321915735817303816e-01
2.899978536729999057e-01 3.986552379753216524e-01 5.364176837623993999e-01 2.201498337716401577e-01 2.676670852948596635e-01 2.098049747044865021e-01 1.314624692150558050e-01 3.705441432501207499e-01 3.807350507459877353e-01 1.945656676071261804e-01
2.448083268064478180e-01 1.935054168591199553e-01 2.453523780718292746e-01 2.442994106985205971e-01 2.654949031227885059e-01 4.344661874748759756e-01 2.455081817927339538e-01 4.606530520194843659e-01 4.903406310853613559e-01 1.755715120688436937e-01
5.457948540258598102e-01 1.465181326310707188e-01 5.755098402535572255e-01 3.876182026830515270e-01 2.369488894475043628e-01 1.901859614860048064e-01 7.202920703280418779e-02 2.678741779691417024e-01 1.532563058729551342e-01 4.242644285980546881e-01
1.349087096642997974e-01 4.100064202541827130e-01 3.974688337281988559e-01 2.030237632012619198e-01 3.478827932001293810e-01 5.159182342496638762e-01 9.838454688477898946e-02 1.921943893393506658e-02 9.985291864136287832e-02 7.733343412421922469e-01
7.173286852573443340e-02 7.309402171696276485e-01 2.173029034705394602e-01 1.782869168708570984e-01 3.308452820725874544e-01 2.009420390882412089e-01 4.763249526915775967e-01 7.820718218787005294e-02 1.302650236627904690e-01 5.851526142601817249e-01
3.646702167456621346e-01 2.347621001833848087e-01 5.449458787431030737e-01 2.690347368002860007e-01 4.658287066018281797e-01 4.389240844540326369e-01 4.645101389739667574e-01 9.734874291533662793e-02 5.754920328619245184e-02 6.242619129621099217e-02
5.896690245123789031e-01 2.826223275156635739e-01 2.886397425362714486e-01 5.471062163833814163e-01 1.617579906055754413e-01 4.472466085848754436e-02 1.445682211299412490e-01 2.489732613451198784e-01 5.613129087415948959e-01 1.306256463715878280e-01
3.151057320842002851e-01 6.456962485936396101e-02 7.323385740708757141e-02 4.908167533004124117e-01 3.228348572186934273e-01 2.972086913263506380e-01 2.730777940704231521e-01 4.534655982364197979e-01 4.121663799610351120e-01 2.975207115360128940e-01
2.985168816817751480e-01 2.366415628740621002e-01 5.352571156404444253e-01 1.091396557352008884e-01 2.966154154178309854e-01 2.675155082617353131e-01 3.279994452715051523e-01 2.187984395341432964e-01 1.241675854015850955e-01 5.853483901817174706e-01
3.142140970361326779e-01 2.758775824324878334e-01 4.061358411391893242e-01 2.095863085388009472e-01 1.933119060038054060e-01 1.714855796227514051e-01 7.035405171426913906e-01 2.067767770009498740e-01 2.494545320650435882e-01 2.696168590181499125e-01
4.957863385438343040e-01 2.539354827056795050e-01 2.312746700804904909e-01 3.841867056313845175e-01 5.205305400764668189e-01 1.963206087917261089e-01 3.176115310481684995e-02 7.691879561628252315e-02 5.415140492633665481e-01 2.677716561859532773e-01
1.330376451121725867e-01 3.541277480094540686e-01 2.389095199957816662e-01 1.697987583923499799e-01 1.786722925536939344e-01 3.588725787061416428e-01 5.567979669529410369e-01 2.575196785660485155e-01 4.559043921938972233e-01 2.963594195175235924e-01
6.989814902796873675e-01 2.031581071994935650e-01 1.057979813757261578e-01 3.082937853915312942e-01 1.264984993138686953e-01 4.546105283141136932e-01 2.176101259272162913e-01 1.832527033543344952e-01 4.404483995513264194e-01 2.613483792927008276e-01
3.835429018240508192e-01 2.914687947793880296e-01 3.133280119877981384e-01 4.759322154069603461e-01 2.403964890090221629e-01 4.942774512633201223e-01 2.720423266240599158e-01 1.507681809955726537e-01 1.005755282897375369e-01 2.776680998200904971e-01
2.670771934589133423e-01 2.635737782787135886e-01 9.873253189540402708e-02 3.146392700008213694e-01 1.712888957871875062e-01 5.175897825652664430e-01 3.854139510479326347e-01 2.450790494357208693e-01 3.297324286891389900e-01 4.068731188408999389e-01
2.209840924387393435e-01 3.108258978939337780e-01 1.665268193782227790e-01 6.343367935668960955e-01 2.088535177275342158e-01 6.797523253205391969e-01 1.386224927540094520e-01 1.009561351248589589e-01 2.225838461378552569e-01 3.165580796574131162e-01
1.498738679938959872e-01 7.235303459275526095e-01 1.991828845076005772e-01 6.174966216584047707e-02 1.450640901369297797e-01 4.269060726201683309e-01 4.193693128460503350e-01 3.127406291485882450e-01 2.596177929835377096e-01 3.019653416698310222e-01
6.063459020143052713e-01 3.698965165592226212e-01 6.509551003783341505e-01 2.357329998385652436e-01 2.364780329687184990e-01 3.764347580271940608e-01 1.684474649310377936e-01 1.671655389742138786e-01 7.401480675972543777e-02 1.145288795486723993e-01
1.866746051768515546e-01 1.216386822719904282e-01 2.648188595963142933e-01 5.659735287545231142e-01 2.020254181083002420e-01 2.862148288506923821e-01 3.909137960488801022e-01 2.141522814295525601e-01 6.151514336220420542e-01 1.524365661408564332e-01
4.943493796999290368e-02 5.417668144178063722e-02 4.361984650939805808e-01 4.047175045939074289e-01 1.613532965843132994e-01 6.112152595362932983e-01 3.726784985454987265e-01 4.795654781936495858e-01 2.246224933137624946e-01 2.060373847268196779e-01
4.895718933688913976e-01 1.750950910161143126e-01 4.149798268255430189e-01 3.312654274104073204e-01 1.522626683190625718e-01 1.629576199879335663e-01 4.151990403503328930e-01 3.605578685868792155e-01 2.255952141055302951e-01 2.725153500293056585e-01
4.537295320578010882e-01 1.867266539064066366e-01 3.939060793716232522e-01 3.659932857362035441e-01 6.371468636879260572e-01 1.153565880187093079e-01 6.188577527043619131e-02 1.046782041684483355e-01 2.866236608785824314e-01 3.939533569038612404e-01
3.314083808793698571e-01 2.392834017825064830e-01 2.633496377385284859e-01 3.439606822344469239e-01 3.002458466314308350e-01 2.728190442478838351e-01 5.065834936040607417e-01 1.286781912413252904e-01 4.045798171396408627e-01 2.090915045008084894e-01
2.156731460458992666e-01 4.020606061277748333e-01 1.000165307281001975e-01 5.638810202572130947e-01 3.524444089270304392e-01 2.062634035228125828e-01 4.717420386014560263e-01 2.961568157076424623e-01 9.517198302394201670e-02 2.965900470581333548e-01
4.381229699961614044e-01 2.062389194638937773e-01 1.987940704996627173e-01 3.993466634272230253e-01 2.143684776233385492e-01 1.533529640482989287e-01 4.974264742828904406e-01 3.686899741417795084e-01 8.122621847293570729e-02 4.424332680438154974e-01
3.140687783022733659e-01 2.749169827044789516e-01 3.070570389014121715e-01 3.549542932380574944e-01 1.889957658075058222e-01 3.068233617219894294e-01 2.519971381621547435e-01 6.542803335396595310e-01 1.980017004876877817e-01 1.489046071347771560e-01
4.159524869397190905e-01 3.304268183751068455e-01 2.965557769379671416e-01 2.871667605246874255e-01 4.857308024466009400e-01 1.587526094253833009e-01 6.078285475465208809e-02 3.513815972397304477e-01 2.585547949367477671e-01 3.546954984194035099e-01
3.088318721480530771e-01 2.511523212172306341e-01 4.232481307455266406e-01 2.075336638765022390e-01 3.570397941515446316e-01 3.983234684910454404e-01 2.067749096025630617e-01 2.863178464780996579e-01 2.900689036887517114e-01 2.707090896006865144e-01
4.296146554381615745e-01 1.924242202825806325e-01 4.082065884798268263e-01 3.336911590505401426e-01 5.627049295496306947e-01 1.536584250838875509e-01 3.024445608019918352e-01 6.513199888342743882e-02 1.317254778253734437e-01 4.203979846045790558e-01
6.340612108912678790e-01 2.356289334773398192e-01 3.305791359400745977e-01 3.381842536072195426e-01 3.644803462511517766e-01 1.547239081171538633e-01 2.838924479993462091e-01 3.027226524005108277e-01 1.403120799411201880e-01 2.154150313748209034e-01
1.321776918872631934e-01 4.221849545722721198e-01 5.826055790248485522e-01 4.083468335917108116e-01 4.354493657402064843e-01 2.247992659329829113e-01 3.500362072933368429e-01 1.818657467232572822e-01 1.322481116104555765e-01 1.302862436236634225e-01
4.553803813040653292e-01 2.150809991260097531e-01 3.128037298784208109e-01 7.919908929932525932e-02 1.272191928513370929e-01 4.165034318630951304e-01 2.845964723301162014e-01 2.641026185603033150e-01 4.240968864484905287e-01 4.210171983388362182e-01
3.504877761688993676e-01 2.189351891278686624e-01 2.488547350935294833e-01 1.674253212257904022e-01 9.534476861051451035e-02 4.588582979607878087e-01 1.216463463858271088e-01 4.411236546543220727e-01 5.099283054012324623e-01 3.873956053712306336e-01
5.163544052699798881e-01 2.102348084364200898e-01 2.693796507478910529e-01 3.518690461044754469e-01 4.107067049708820194e-01 2.517961966826672837e-01 3.596807599233182717e-01 1.962015619636027219e-01 1.106189029752396163e-01 3.231579629255215691e-01
2.769889843852408884e-01 5.270619691492648418e-01 1.532274061258129816e-01 1.046299592272816326e-01 5.098787325444468221e-01 2.675358640506851904e-01 1.679521944244770082e-01 4.048063264324098798e-01 4.576067378863090118e-01 1.303118257740666641e-01
3.307630035460707996e-01 1.938487844547021333e-01 2.576848697594116278e-01 3.502252068666761309e-01 2.066931926419419696e-01 2.817868466091428825e-01 2.092864893639060919e-01 3.569799472457926282e-01 3.454766615957958198e-01 4.672549979165603329e-01
2.886966430209708112e-01 2.919925876032603007e-01 2.312162428982775519e-01 4.389542141393492636e-01 5.016224017629776766e-01 2.434718847023331634e-01 3.305866289612824915e-01 3.081737012339421655e-01 1.633343289844694235e-01 2.019513666931372631e-01
3.360265963772829378e-01 5.123252988523432916e-02 8.384982389603089503e-01 3.813952044492197602e-01 2.954102487388771681e-01 3.344366120559065791e-01 7.548813527531658685e-02 5.596501322474126822e-02 1.121897778619402319e-01 5.193576431711777186e-01
4.054299660156598928e-01 1.135437961310828692e-01 3.378681797908981155e-01 4.563420435553482424e-01 1.696354020290774534e-01 3.787456301403013814e-02 2.627589665176631728e-01 4.372528477162338501e-01 3.100630497935339402e-01 4.692311854364737966e-01
3.623784054207155880e-01 7.570348506953880618e-02 9.439026980861239813e-02 9.766399679920437227e-02 1.390610084180549655e-01 5.071176984992542547e-01 2.504107283532696071e-01 4.376462310716834336e-01 4.556767759583801314e-01 5.799514006012868039e-01
4.221163903194141698e-01 1.946615907263656575e-01 1.621004299998633491e-01 3.257862627715418236e-01 2.246336718539377886e-01 5.353053997194654468e-01 3.381660562004016879e-01 1.560812231858771937e-01 5.155319460223763972e-01 1.256170292007565137e-01
9.756218736881777653e-02 7.743675285383549989e-02 3.252281499005791887e-01 3.784567008189717585e-01 3.018712528759343039e-01 6.361370449050391951e-01 2.370453491758787445e-01 5.053592320446770314e-01 3.554539895247841863e-01 8.544934053148328656e-02
3.498812150000441545e-01 6.164620002540827093e-02 1.377328486497363114e-01 6.871454299952822753e-01 2.404865480808732747e-01 1.693101466195381932e-01 3.111386447306335734e-01 4.182846939373748296e-01 1.734799494977471990e-01 4.508943234633633335e-01
4.375221372821818111e-01 4.609122179583359236e-01 4.798858102723074781e-01 2.088320819517306970e-01 1.005334569700426506e-01 6.000430197566851420e-02 4.843240138187340782e-01 3.901748102779067362e-01 1.565564669275469056e-01 2.212547025655483834e-01
1.961613334048192270e-01 1.859055006465779314e-01 3.606693620349177287e-01 1.750281628415555346e-01 4.197871434956896297e-01 9.741048534791699187e-02 4.671758140155961581e-01 3.956626997749393970e-01 4.397932389984855472e-01 2.624062594394995784e-01
5.639515720810918120e-01 3.965121222665163314e-01 1.997061560341490127e-01 4.738767314839015254e-01 4.166727049386188542e-01 1.788578402159678449e-01 3.021580505702727848e-01 3.172118138758329708e-01 7.663568723252921211e-02 7.441732130112090060e-02
1.313800399504654881e-01 1.680356052061648120e-01 4.383794054067435830e-01 2.575532127289962836e-01 3.445107301323037663e-01 3.415711327609013970e-01 4.103527525560117795e-01 2.594715312752779446e-01 2.563310523255647455e-01 3.924145376575713384e-01
2.482460825552712247e-01 9.283793837918194458e-02 1.172230880646706608e-01 7.249546428945312648e-01 1.411933236641209899e-01 5.572589375380465615e-01 3.464291706623330303e-01 9.847902596785018670e-02 3.062645922882006322e-01 3.671131979857944483e-01
2.516625024438505775e-01 1.662996956007500859e-01 1.628716567985115382e-01 5.101885768104952312e-01 2.200912002633289288e-01 9.667746375743123399e-02 1.694643646068689780e-01 4.554099603365392435e-01 4.216153326669688228e-01 5.457192467152539583e-01
6.419275655165090910e-02 6.332220307741316390e-01 2.798554575939464772e-01 5.217201021572843295e-02 4.557013484597407516e-01 4.490943577145717347e-01 1.803628050282323758e-01 7.429331295856630990e-02 7.501960391785980065e-01 6.090988152483848422e-02
1.495508182440354328e-01 3.929245179408733524e-01 3.074403669555423879e-01 1.402131002634181556e-01 6.585488342026344366e-01 2.150116708701352020e-01 2.669732477302697582e-01 2.031222340485373534e-01 3.718968739575114757e-01 2.943183357870426953e-01
4.583249728972090820e-01 2.974748304642659269e-01 1.113853533828726428e-01 8.615906336204727511e-02 5.937618025478376138e-01 2.851576456545003024e-01 1.162220833464096825e-01 5.302504359294150094e-01 2.798001661771782334e-01 2.414636462382701021e-01
4.301038493665175766e-01 2.939695200951085718e-01 1.765555716019633348e-01 3.165347911214593801e-01 2.945026980331260091e-01 3.635057659702752852e-01 2.179739516919449449e-01 6.283256209543375270e-01 1.559408422456846910e-01 1.225873889195883554e-01
5.399391451999172586e-01 2.846369452597499183e-01 2.811588020776671359e-01 1.490868283294559671e-01 6.025647530266019514e-01 1.416143769224680327e-01 3.140995964274857499e-01 1.843677759304094832e-01 4.233888369076654890e-01 7.914293991858048494e-02
3.723832056598116447e-01 2.592227460911431525e-01 1.083909345343364722e-01 1.133664128920578579e-01 5.554082022039508182e-01 2.777670818775295203e-01 3.353997091140299425e-01 4.913475240992249971e-01 2.149511528080292888e-01 2.717630307198843354e-01
1.911000154257108119e-01 5.763801133814296929e-01 1.627506541692385067e-01 2.139371641606070684e-01 2.784074411114686454e-01 4.275183858435754325e-01 9.823613791950817908e-02 1.027433913527124043e-01 8.328220793506972974e-01 1.161046172850500602e-01
3.727446907750901484e-01 5.423398558190948293e-01 2.055764252831178973e-01 1.045509977587397721e-01 3.779715347780016055e-02 8.158796103187164472e-02 2.890066250470134102e-01 7.505207259060273639e-01 1.578034026638295839e-01 4.580721622374063218e-01
3.633287175126233004e-01 2.134020166627900450e-01 4.545272044306769565e-01 3.009681058798697184e-01 2.138960703015715115e-01 2.164415731263780729e-01 5.793062906339614404e-01 2.297934685842317193e-01 1.988440109461900307e-01 2.294925419217100915e-01
3.242027348615171833e-01 4.571901402220112653e-01 3.580001128956223910e-01 8.636404184838807063e-02 7.707121242144293616e-02 1.253949894273551358e-01 6.602637159659798805e-01 2.032685528174392187e-01 2.566007023394439313e-01 4.516437972008002788e-01
2.347250101728640681e-01 3.936043074921106166e-01 3.180032995608377266e-01 9.778506133518140298e-02 3.953908320439463719e-01 4.377371105359774139e-01 1.365887083542562663e-01 7.822092507712746778e-02 5.903487128073241497e-01 3.175960326203727258e-01
3.666500364716711036e-01 1.296508408175237603e-01 5.126605620174531364e-01 3.997346762127237385e-01 4.263268808457517656e-01 2.355169563827346213e-01 3.545291716082488165e-01 1.558768152854623779e-01 1.791373580308139868e-01 2.399167023276179145e-01
3.567284369760392870e-01 2.888924919865193397e-01 1.843502501106628055e-01 3.802162050596895604e-01 4.244285220859297381e-01 1.507470322458787926e-01 1.491169403814741612e-01 2.246510260640565970e-01 1.413055496745075912e-01 6.995635454152422383e-01
3.269981387563568598e-01 4.468402886944751740e-01 3.344550455128632027e-01 1.716386138366614023e-01 8.819871289750519372e-02 2.438926360091027423e-01 6.470466314805922714e-01 6.078452944370512645e-01 3.762953422582822338e-02 9.545510414955932221e-02
4.625215666991988606e-01 3.478705146421546823e-01 1.292135161081945371e-01 1.640842875445522320e-01 5.668022070819056513e-01 2.346150021231147575e-01 5.573645920074467297e-02 2.470839054272510049e-01 5.168146467865309956e-01 2.752578943863534522e-01
2.785381812335398499e-01 2.318229989715272221e-01 1.272587142012722161e-01 4.311827244804478099e-01 3.493991297261701545e-01 4.644576470519884426e-01 3.040796675843898678e-01 1.987487295384651187e-01 3.611067889825978483e-01 2.534054182296043845e-01
3.098210718560492349e-01 1.147234445136856851e-01 1.580280547053991569e-01 2.872200424970376975e-01 4.098990534898076521e-01 1.633629966428912783e-01 7.097761829456805671e-01 1.448981951532538059e-01 2.836298032607581510e-01 4.186411549354383532e-01
5.141785506469165323e-01 1.978836723424761412e-01 3.818030316018252712e-01 4.291795105839153468e-01 6.654373851197059597e-02 1.232148420201680666e-01 2.728645649014635466e-01 3.511255075361008338e-01 4.066622697003409170e-01 2.565443121548214300e-01
3.767779410858000388e-01 1.797325983003301153e-01 8.818776416513783578e-02 6.186604088447382743e-01 3.687110000858367376e-01 3.300209661218713730e-01 9.603874353473511316e-02 2.403040069534081169e-01 4.572463190918832354e-01 2.443202518162612413e-01
2.884432170901851666e-01 4.499589592562423523e-01 3.443289904301156668e-01 2.951663953993715062e-01 2.328507268343596448e-01 1.574153748076729253e-01 2.729960070296242880e-01 2.961081552063026257e-01 2.605830833269168756e-01 4.021490906192118353e-01
3.014167011361288950e-01 5.752206758272724318e-01 1.922234573625488663e-01 6.543329982835315306e-01 7.169060681937053370e-02 1.440193069903146494e-02 1.079139549481200749e-01 3.672471165909942936e-01 4.949873457918119724e-01 2.205652125411924902e-01
1.948173651405966655e-01 1.584615363004442390e-01 2.154646960267460609e-01 5.164615186357366383e-01 4.637251218759542715e-01 4.966314536112824696e-01 9.975393529014894844e-02 5.023106833468339583e-02 1.079083418417997042e-01 6.965449629426061495e-01
6.103313909411594018e-01 3.481822277065264593e-01 2.705589696792597421e-01 2.465324698695823824e-01 1.532080353859653077e-01 2.332107929782969435e-01 2.919155156481621494e-01 1.865787282075186404e-01 2.488286963692375453e-01 4.106531732142933988e-01
4.116165637142183420e-01 4.505502966876075988e-01 1.092463108320256837e-01 4.873711665410169203e-01 2.103976710350515256e-01 3.851919152121224266e-01 1.435989908806809268e-01 1.820046298995517953e-01 3.857931863725579946e-01 2.342292688251659261e-01
2.024671880333828722e-01 1.670919240141283402e-01 2.146138240793702412e-01 4.878498674515986400e-01 2.177823563344966629e-01 2.817270232813199327e-01 5.192263756222852411e-01 2.219175301001878597e-01 2.414463586203235146e-01 4.458775524629056131e-01
3.092908386644991348e-01 3.729126063079927222e-01 1.105542225334513740e-01 1.612769824944058628e-01 2.789679244462526797e-01 1.858600535638987306e-01 5.301631003164679612e-01 1.738230144316104120e-01 1.225550405996208292e-01 7.545962166418013206e-01
1.402110802452452565e-01 3.550096583904330805e-01 4.202481756483575359e-01 1.251035276046742473e-01 5.453861747135841931e-01 3.190627487957318764e-01 9.039283929117815364e-02 2.292082052146644511e-01 5.853689857874444513e-01 1.900086043086880172e-01
1.433566308622147289e-01 7.040338075048603317e-01 1.787140933048996794e-01 3.614546779452948444e-01 2.969732210095570313e-01 1.759582971478790281e-01 9.638689704212721754e-02 2.374605826828946609e-01 6.191583772995794543e-01 1.865034152006956880e-01
4.626817436564036878e-01 2.982184537539225300e-01 7.498531806123429622e-01 1.256922426352672650e-01 3.983662837316801486e-01 3.732735968559383055e-01 1.581244322276350311e-01 2.742884285159031751e-02 8.152530536753868629e-02 3.248359183076814372e-01
7.111293970722462610e-02 4.663270829920631577e-01 2.147155654424412197e-01 3.294764724497910580e-01 4.795340620191940184e-01 4.004084921593238366e-01 1.349098221650663620e-01 2.504958877045706522e-01 4.770051151934865952e-01 1.760145601668396398e-01
1.479180841021232873e-01 4.998840594773359403e-01 2.806734486287686403e-01 8.440018399179900765e-02 4.449311590255552451e-01 2.037885400169032191e-01 5.095500468352512913e-01 4.174252741247213017e-01 3.589470099183761920e-01 5.248219387916779749e-02
8.990807550376335444e-02 2.012025763614290752e-01 3.934316579863588181e-01 3.025497027672248151e-01 1.800171837451449153e-01 6.937304106742784304e-01 1.799522087317695640e-01 1.588909212108104430e-01 5.997900608729029859e-01 2.005272021463137544e-01
1.277754118058559984e-01 6.656830202718685974e-02 2.840750828379432491e-01 3.215136160998950388e-01 3.096522085302877425e-01 1.337656743390931713e-01 5.945630387582527820e-01 1.571988309771788495e-01 5.907835946306787545e-01 4.141042399936298857e-01
6.111330218534667402e-01 3.402910010668048768e-01 3.823662765673554453e-01 2.653314536183253858e-01 1.297617007021739377e-01 2.043712491312787427e-01 2.318097573622169283e-01 2.621306098142573426e-01 2.097971026096193681e-01 3.630078272745044243e-01
