-9.189320637246524370e+00
-8.147467738066515253e+00
-7.229641955093436323e+00
-7.422961558193006404e+00
-7.531234111655124686e+00
-8.254516621991564662e+00
-6.780298023725192635e+00
-7.671324973499212163e+00
-6.793910548756721290e+00
-9.325443479947775671e+00
-8.565064882229297183e+00
-6.899799110561380289e+00
-7.970170797151407527e+00
-6.722793226014531776e+00
-7.305886661278770511e+00
-8.551323391345324154e+00
-8.567954498021432386e+00
-8.530054412542368070e+00
-7.702138931419218792e+00
-7.820038314015622660e+00
-7.231044434709551716e+00
-7.392328264087178802e+00
-8.307533913705530182e+00
-8.860308534807051828e+00
-7.326522627612246374e+00
-8.017816343632718556e+00
-7.651045860704961399e+00
-8.058340121503359654e+00
-8.369812264760874143e+00
-8.509724990718043003e+00
-8.642937116284384658e+00
-7.665403535724216511e+00
-8.414899664161925585e+00
-8.527791517333985993e+00
-7.235468216413275755e+00
-9.523011934917587240e+00
-7.569147016963989394e+00
-7.400194968907943149e+00
-7.717638160659245017e+00
-7.423479601074226331e+00
-8.452622152840916669e+00
-6.985576941363936143e+00
-7.132807382577194488e+00
-8.297874082214645952e+00
-8.102781644006446626e+00
-7.686713852080941933e+00
-8.839522502688536676e+00
-7.759195885295703476e+00
-8.501189949297133452e+00
-8.127704015419061179e+00
-8.671489432093109073e+00
-6.573360133308081998e+00
-7.196029405560249614e+00
-8.057853980815966821e+00
-7.711626360882178233e+00
-6.291218693721031485e+00
-6.680077154696945740e+00
-8.771856298297594279e+00
-8.025197456446408140e+00
-6.543691930873945850e+00
-9.307604500317843588e+00
-7.257671287155192275e+00
-8.433804811428069925e+00
-6.681222423916697295e+00
-8.189770870065142816e+00
-6.091219755919841106e+00
-7.556051228194316849e+00
-8.536140509457865733e+00
-5.747973664960759344e+00
-8.623395514155783204e+00
-7.516916468772707027e+00
-6.649512921005954702e+00
-7.082461862974847477e+00
-1.014879969700566598e+01
-7.401909837271925419e+00
-7.683248675769019265e+00
-7.379174941073620708e+00
-8.008571037314437646e+00
-6.791260998251108738e+00
-7.833973531271674062e+00
-8.599152865271577184e+00
-7.932836476249121915e+00
-8.705576891817553786e+00
-6.076442172941966646e+00
-7.401486695126349602e+00
-9.317946147410065549e+00
-8.422293610809873599e+00
-8.393723669907378948e+00
-8.012420428188848476e+00
-7.900886963594879298e+00
-8.191391684318627853e+00
-6.924967583148780470e+00
-6.605831188476096294e+00
-6.469647377772441033e+00
-9.260792082658314328e+00
-8.995976932836086348e+00
-7.644948240816532348e+00
-4.781807024970624376e+00
-8.484590826328958002e+00
-7.997749459143324913e+00
