-3.158897776707477768e-03 -3.810869920024774204e-01 -5.289664251169609033e-01 -3.991596867220629785e-01 -1.045293540321441617e+00 -6.140840615085210175e-01 5.812227304332269195e-01 -3.515428461723647535e-01 -2.491898973427401631e-01 5.299818690900907070e-01
4.103697116873684658e-01 1.861288770710763929e-01 3.317242333491690065e-01 1.888932950596044213e-01 5.751555637599039539e-01 -3.429855233806820558e-01 4.396974290586864731e-01 -9.423500602270201698e-01 -7.765153790750197738e-01 -6.868000869893045035e-01
-4.157290922290967083e-01 4.334585959931527843e-01 -2.196561301955930190e-01 -3.154086233486902511e-03 -7.674069667398986105e-01 -1.038880245671887359e-01 3.742205208141844430e-01 1.268376727597299913e+00 1.992081684285267051e-01 8.986823876017070722e-02
4.245594510389941734e-01 -4.331652132998553562e-01 6.068941936869205467e-01 -2.757355939300421693e-02 7.063606521669890670e-01 -3.034364813189849991e-02 -8.181536314887628836e-02 -1.613724674718863272e-01 -7.478048253184975402e-02 -5.627661318124415057e-01
4.055563057067337884e-01 -1.217135281933123814e+00 3.175862552806761885e-01 1.696271760306406751e-01 5.441400487759209120e-02 -9.022443082883293761e-03 -2.661894087106527196e-01 2.136362347669572559e-01 1.851354771773523755e-01 3.764994490899150059e-01
1.806167398772141053e-01 6.734695363928601408e-02 1.685482101533340715e-01 -1.808953310993527963e-01 -5.003406652212601946e-01 5.034172082566813478e-01 2.480226249318915055e-01 -5.932633701644689228e-02 -4.826791469322378458e-01 -9.646075683277444135e-01
-3.050005274024522595e-01 1.154466050993958159e+00 -4.722968346740938905e-01 5.820622593511465270e-01 2.241271727348059239e-01 2.574248975889044666e-01 -1.266818173489783206e-01 2.028425430274399810e-01 -2.868758625747771518e-01 3.258426655811480499e-01
3.652653014388445446e-02 5.747460075298337356e-01 -5.774287656200236540e-01 2.217905775704669402e-01 1.077490810844949909e+00 -3.209726868488080309e-01 -3.311884334509759276e-01 -2.038778177291249438e-01 1.936662874638673260e-01 -5.492572003676249315e-01
1.934092788775849947e-01 -1.012082871554830510e-01 2.238097897946867143e-01 1.007350117517030741e+00 -2.893426847289774506e-01 1.231606916526043927e+00 1.412703896652043600e-01 -2.372769490702620471e-02 -2.035876887187482859e-02 -6.816511559723910096e-01
-3.210382711967659647e-02 -9.278783516138354726e-01 -3.730874502433350060e-01 -6.247956336530176014e-01 -5.870945239852605191e-01 -4.879559063249610529e-01 -1.339003638942211916e-01 1.473266429023581958e-01 6.636372486610777471e-03 8.646255699512399306e-02
-8.412379846853375032e-01 -2.172958682722668788e-01 -9.864725140706679385e-01 1.008460334819683279e-01 -3.132212031049964596e-01 1.670296849176893528e-01 7.332082513627261600e-01 7.079923551864096554e-02 -2.011355408565201550e-02 -1.668777832211581491e-01
-6.944603174079432006e-02 6.501434574173343695e-01 -1.531948929696314299e-01 7.842706486131932886e-01 5.015153248904146155e-01 -5.958518497041037643e-01 -1.360617558842776853e-01 3.080007292878753633e-01 2.032125084755197486e-01 -2.405716744597745649e-01
2.185445103331647709e-01 -7.677701672728712845e-01 -2.041587899090162583e-01 5.006672786577787138e-01 -2.121377180422184261e-01 -2.564581876684357553e-01 2.400022252108980347e-01 4.765066563644015374e-01 4.362208497612446445e-01 -8.594161921138766536e-01
2.406837616242194222e-01 -1.962514572664363910e-01 -2.046853159793299293e-01 2.617297539399077722e-01 -6.698251200312542730e-01 1.135675891391697556e+00 4.265908092318179134e-01 -3.649477925574934334e-02 2.738188539793096066e-01 3.876361843889035153e-01
6.535934305361773555e-01 8.521204427836970297e-01 5.199525550015006159e-01 -4.102589472066829890e-01 -8.592124417637425626e-01 7.738487705522796301e-01 5.046783054142858216e-01 -6.417838492285453666e-01 3.951724805652750971e-01 -7.507732942018482403e-01
-4.113636454102644335e-01 1.196760081538924769e+00 -2.824504948216542410e-01 4.573410163688074181e-01 -3.159976758724428736e-01 3.521163354261390710e-01 -8.504182618343026911e-01 9.250105517958821799e-02 -4.055931674428382983e-01 -9.079467861545290619e-01
2.602450206252102660e-01 -1.005191013186663929e+00 -2.271694049085057898e-01 -5.129402217019095600e-01 -6.212640015632248276e-03 -4.080168871182328072e-01 3.274332673444386999e-02 4.156835147212529225e-01 3.492454625647172656e-02 -1.741601250143200719e-01
3.118781378745766331e-01 -9.002108217278773639e-01 1.310312385875378682e+00 -9.884113583366976874e-01 -4.424649822835070023e-01 1.859571347734364777e-01 4.296108721697651234e-01 -4.554916906101557639e-01 -2.777389138141209135e-01 -7.752778207834751245e-02
5.923057654726364696e-01 -2.731322110381770307e-01 -9.690932202839368514e-01 -2.627886618234572258e-01 1.231759144729708683e-01 1.587685479909164976e-01 5.789954766718889007e-02 -5.048304656007472913e-01 6.698320347900506011e-01 4.179179482544803648e-01
-2.407590753081627691e-02 -4.787603331971679310e-02 4.970102710860216932e-01 1.166434684973130242e-01 -8.297663344574970901e-02 2.446870163303893064e-01 -1.595273435896773229e-01 -6.519024971979822114e-01 -3.494616247877457282e-01 -9.739083665716745993e-04
4.666671125013361898e-01 2.198393295818747151e-01 7.802679276691773524e-02 -5.234804330888123136e-01 4.029158941831705865e-01 6.525449746095031145e-01 7.547218507495033479e-02 6.445028168496529097e-02 -6.110430099337250676e-01 -1.841107277444533064e-01
-3.467069058064269349e-01 -2.246729847559147675e-01 4.676049454723876231e-01 6.234599578106351375e-02 2.211037505097067368e-01 5.526746635422121606e-02 -3.491482683200284876e-01 -3.633712222489554611e-01 7.917190691676908587e-01 4.306818954814200379e-02
-3.971314331196211245e-01 1.294201725064185182e-01 -3.421334904469038041e-02 1.042712761949917827e-01 -6.356076625132879299e-01 6.496024423990637287e-02 -6.057823579147788573e-01 -2.954923487006402838e-01 1.921618442235299429e-01 2.403663072891734920e-01
-9.391468694696577524e-01 4.253002478388400731e-01 6.172652369184175036e-01 -3.685219815389996767e-01 1.038103382776321304e+00 -1.886043910663993406e-01 -5.861953319790814687e-01 -5.314673466111837774e-01 -2.764420354372719713e-01 -8.307124201357902749e-01
7.674329511706701190e-01 2.393485684422305693e-01 -7.949628891955240473e-01 -3.896944645017049180e-01 -7.602868593696819888e-01 1.978468027685727493e-01 8.823221203365498866e-01 5.577160221393382411e-01 -1.174661343991064422e-01 1.722625840586638479e-01
3.501371139422138623e-01 4.869893364244805567e-01 2.755430092520189545e-03 -7.017329244456099735e-02 4.157843502215243653e-02 -1.175056215253394543e+00 -5.015906102260324628e-01 3.924179670513899820e-01 2.230638008615732915e-01 -2.841231120287653900e-01
-2.945159457560973804e-02 -4.643593202691249089e-01 -4.592200654352628919e-01 -2.301502131366922610e-01 -3.683703058746854442e-01 9.894864488651362588e-01 9.942836349220338654e-01 -2.364223733003289751e-01 9.589802565772059806e-01 -7.250848194069551278e-01
1.151229480159865703e+00 1.881855692992738249e-01 -1.113520847720140816e+00 1.175557263698751242e+00 -5.660664004606164035e-01 -7.725507250720565766e-01 3.247691117444603259e-01 -5.052285857455526275e-01 6.564511230065774861e-01 -3.024567642436465364e-01
-3.857622086957472884e-01 -5.686018595252954055e-01 7.658765886064260453e-01 2.304729745894879556e-01 1.564440913762555826e-02 -7.116845055234759521e-01 -4.360644491554385022e-02 -6.756788498207230154e-01 3.923823932048106644e-01 -1.467344292588091681e-01
1.084030267486205817e-01 5.938817584172110253e-01 -7.344204889885234122e-01 1.774350626771312167e-01 5.253145957012183009e-01 -2.909575600324261213e-01 -1.347593928131143093e+00 2.009773803668521541e+00 1.092903380916290801e-01 -1.234200451464427140e+00
-4.469074162804993477e-01 -3.370166669640384249e-01 -2.969352091752338052e-01 3.254562438003768543e-01 2.498644566900338759e-01 -9.480143123410696981e-01 1.647682986717070586e-01 7.698218538110510045e-02 -5.989344444278728030e-01 1.364032789206040819e-01
6.140930595053391006e-01 -3.902923119394605678e-01 -4.723045543714460837e-01 2.371788848688844431e-01 1.872445677938232821e-03 -5.331450250262882440e-01 1.334511606231890968e-01 -1.483430792087517269e-01 1.109838839791750464e+00 -3.720748719822362105e-01
-5.136403947758511057e-01 -4.641377213094061149e-01 -4.347428406162992531e-01 -3.242413227150995475e-02 -2.519596721676912177e-01 -3.354823369532204946e-01 5.554488143920806031e-01 -2.523631141855592896e-01 -1.724563838399963966e-01 5.804343472494409850e-01
5.890874213553884409e-02 -6.670248359141746075e-01 -1.929404327103267369e-01 9.611213483996429163e-01 -1.891886384523785991e-01 -3.244228025185693642e-01 -4.632455176467903946e-01 8.093153757019171113e-02 -8.449383259816622971e-01 2.495935139831890470e-01
1.705756296803185301e-01 -1.602174187591947629e-01 1.028152873384214488e-01 3.975323777504347067e-01 4.314591414002071912e-01 3.568489667896245221e-01 2.751057434969453874e-01 -6.835067337583518032e-01 -7.181025667414333569e-01 5.269510612674525030e-01
1.716428890914989402e-01 -4.670228976459528392e-01 3.046491382598560671e-01 -1.269749202625552131e+00 6.202931643198458106e-02 -5.022937316971467364e-02 -1.963270134912010467e-01 -4.659520780282041530e-01 -5.665640917941806576e-01 -5.950298781938649917e-01
1.175824768579255136e-01 7.354464894410646381e-02 -2.569369243610076792e-01 3.604960427516786248e-01 -7.577068058385971749e-01 -4.541775776967189593e-01 6.706690524271806397e-02 4.860292245858009452e-01 3.062781057652348982e-01 1.082583956425720584e-01
1.456983032478579021e-01 5.096019834609132326e-01 1.467286762897365704e-01 4.599980566157796380e-01 3.450554733062698443e-01 -2.365181472974144938e-01 5.318103468831533037e-02 -4.365507806096999288e-01 2.523854088060644152e-01 -8.552830555226967890e-01
-2.721408696977236641e-01 -2.741331931775267683e-01 -4.469204448938768892e-01 3.022068844123234066e-01 -6.035915799342937982e-01 1.027354459456045310e+00 6.703088572169775272e-01 -1.536183976746775259e-01 6.145399240486240471e-03 -2.528535671516072281e-01
3.879139686819363941e-01 -6.360900142074256136e-01 -4.413252380771739980e-02 2.498057138868896576e-01 -3.851414351269500935e-01 -9.350172241798728953e-03 -6.841379143475080360e-01 1.603141680724528284e-01 3.210153847799065430e-01 1.168745582572598307e+00
-1.075592184241457860e-01 4.647090323497612419e-01 -1.096537299846311653e+00 9.285778343868938967e-02 -2.335416748086111272e-01 -4.237141289748740103e-02 -4.688351651761705763e-01 5.179377342110719207e-01 -2.636635409748946945e-01 -1.604333926930949505e-01
-2.881103638168595604e-01 3.075178372494345447e-01 8.072152764709682182e-02 1.785123011535823256e-01 4.190293750526238314e-01 -5.362528804413727590e-01 3.122517589872991078e-02 -7.098202854105732651e-02 1.909364116500284758e-01 6.778220511982934182e-01
5.370612675388178880e-01 4.973784581946085193e-01 -3.576770196873458874e-01 8.923657513741466429e-01 -4.656463672652410429e-02 2.012787532013428360e-01 -6.222159786615421018e-01 -5.001836302961769620e-01 -5.374312966432059219e-02 4.039460910606137989e-01
7.799153968521237434e-01 4.811333968897395508e-01 -4.837213709186503063e-01 1.760279306906235852e-02 1.363344243811361782e-03 -9.452084457738690881e-01 -7.893342543271520961e-01 -3.018960084192041093e-01 7.755845311742962656e-01 -3.293773906684671071e-01
-2.854506925463847627e-02 -2.203532304000539455e-01 -8.228777241729896830e-02 -1.436222645537675591e-01 2.650980123747194717e-01 -2.647447122877795156e-01 -7.567423328547361328e-01 6.566422051225752066e-01 1.228718142371407751e-01 -3.676128368482992070e-01
2.918695914091047894e-01 8.236452257640524133e-01 -2.603721386339247768e-01 -3.266195237164309928e-01 3.085354347823636434e-02 -4.062223945510489709e-01 -1.812204521267598012e-01 3.332569809750804413e-01 -8.060635232185638932e-01 5.525977748709881565e-01
1.047867169131278947e-01 -4.886844538940521981e-02 4.892186157057876010e-03 -3.520847320408488357e-01 -2.586926966207638845e-01 1.784983559227635574e-01 -6.278499926087451888e-01 6.977370940774803298e-02 -7.510231899380118703e-01 -4.410864266933446909e-01
-1.879491423959755436e-01 -2.649948558013097699e-01 3.700096954028311291e-01 2.860284269725421949e-02 -2.897534695016013573e-01 -2.165703751430708424e-01 -9.219681871137520857e-02 -4.310181412494709097e-01 9.721101178448092739e-01 -9.506205624036320745e-02
-1.797644414395792034e-01 4.607333113011145009e-01 -5.213323760485596425e-01 -3.026691961613074966e-01 -4.429782723065016081e-01 -7.835321733257804011e-01 -5.358838200349700376e-01 2.079608084137502672e-02 3.310560914386875275e-01 5.562608157799751041e-01
5.037382428224249642e-01 -7.033913689735434849e-01 1.283570093062690765e+00 3.770376620727874245e-02 3.987252572660704431e-01 -7.955959620124594678e-02 -3.683153898932827186e-01 -4.125459038132716638e-01 -8.988362136227872057e-01 -1.564060210561234177e-01
-1.886856671740933244e-01 -1.474430044108471227e-01 5.544511238016117671e-01 -2.573441458762745215e-01 -1.031215723182019817e+00 -3.054671317029691302e-01 3.997148865709683196e-01 9.338649277095453782e-02 -4.372833799526439358e-01 -3.826705318266246936e-01
-3.229266848385957678e-01 5.855574861035243162e-01 -6.230385517727029532e-01 1.905304234806626251e-01 -6.079917852841305592e-01 1.059069119200895415e+00 8.653743747707167699e-01 2.359731253342071261e-02 2.735991198131579316e-01 5.937168370900357539e-01
1.732067727926795420e-01 4.932395767348195514e-01 -3.715056103677403798e-01 -3.503236441548359670e-01 5.725324571493172199e-01 -2.807861644844993898e-01 3.191640044369393747e-01 1.187708873417724770e-01 7.194959946596787281e-01 -5.717445097325265513e-01
4.667360998247890858e-02 -2.958525137799292160e-01 -1.314326550309896924e-01 -5.534940837288242488e-01 -1.096166968254327773e-01 5.882633746779438733e-01 -5.071373783125000534e-01 5.364626035192453513e-01 -2.842644205015297798e-01 -1.708834759861236827e-02
3.024345182569253554e-01 1.123432798586736281e+00 -5.741040232553118461e-01 -7.843273770412323431e-01 5.724785186302883827e-02 1.482814755264988404e-02 -1.571761853392465436e-01 4.599822972505562824e-01 -1.922642899137523564e-01 -1.537443284922647979e-01
4.202634305165121043e-01 -1.982441870705831666e-01 1.329877971994429253e-01 -1.039034672973313672e-01 1.465525607521311613e-01 -2.949335005751579919e-01 1.288878731679136802e+00 1.045505066150656248e-01 1.322372223350459786e-01 7.050534435678742495e-01
6.242976313010000222e-01 4.769892669029207055e-01 -3.544640794819290397e-01 5.033516019956237736e-02 2.834704480944895133e-01 5.323453590299254135e-01 2.310709965369231178e-01 -3.318616553708190753e-01 -5.226033048891220306e-02 1.369241369686054373e-02
-7.317439385726245415e-01 -7.349105867064700259e-01 -1.502364872264238815e-01 1.983954289288301226e-02 -7.704314368480409403e-01 2.882366154950400938e-01 1.577131554359154364e-01 -2.854908100298407247e-01 4.193731938935748027e-01 -9.347082121772555541e-02
8.751926947572847837e-01 -1.830668988321657809e+00 1.544291502389803228e-01 5.600429304443097500e-01 1.057824059426260427e-01 -2.033485458820685765e-02 9.296778727516041840e-01 -5.035697816023265716e-01 -5.226397107738335324e-01 3.629642608575599505e-01
-4.148568729060046062e-02 3.616860131647076648e-01 -1.602067777383036906e-01 -3.024103011971015498e-01 5.074362166243570060e-01 -1.024494026124546930e-01 -1.469428656549331691e-01 8.118165903773200132e-01 8.865769671158011400e-01 3.504500076576357731e-02
-7.899125510232944958e-01 -2.121366305304227262e-01 -5.600843035337496056e-01 -1.014679780585964863e+00 -4.030329439895343202e-01 -4.084295656906675731e-01 -1.539793370689070684e-01 -7.798281301405494970e-02 7.113528773639958835e-01 2.028113895190884197e-01
-1.140666611082170323e-01 -3.049486707628267235e-01 -2.631253518605055075e-01 4.847139876557495231e-01 3.760964336787888662e-01 2.435920437209957434e-01 3.461366523022969127e-02 9.632784148075578257e-01 -1.510903362137541173e-01 -5.847465130870073136e-01
6.295456639784771102e-01 -2.071945079725572014e-01 -7.710207495567938940e-01 -8.661925286383906908e-01 -2.873075584767947888e-01 3.843895021576207993e-01 4.727043054159514313e-01 -2.659132957130890818e-01 2.428949099520785471e-01 -5.117276591685353537e-01
6.133425106690245654e-01 -4.898820533121163723e-01 2.345670991719558257e-02 7.406274114178328372e-01 4.661508986496968876e-01 4.176427550632009211e-01 1.341163942857482305e-01 1.973878668313885365e-01 -6.269209004530220675e-01 1.486250868606053543e-01
-2.856016494627796609e-01 3.167908968011852178e-01 -7.049314847942947937e-01 6.801281058355281850e-01 -3.756619751588137213e-01 2.144293457944646819e-01 -1.900566566773854715e-01 -3.029694490533204054e-01 -3.430322654480078004e-01 7.552788053534061075e-02
3.994287695709540231e-01 8.223339532336185753e-01 -1.461480581021578906e-01 1.071681338003990902e+00 6.587698205159268072e-01 7.585033401185318214e-01 -4.361526331557530889e-01 5.540701866032270440e-01 -6.619947720262530089e-01 -1.543397559675969144e-01
-5.874020609127255099e-01 1.058096271332969129e+00 -1.011365150034730792e-01 8.533676058632141403e-01 3.995044561485102674e-01 1.347741324118106598e-01 -1.733473781323319890e-02 -1.091222889882679653e-01 -8.041996034085073797e-01 -4.072644905148061212e-01
-5.362682652143405670e-01 8.216610930364451892e-01 7.855489087335256748e-01 -1.403649690022767738e+00 -6.703453281896994964e-01 1.012274264343368257e-01 -3.757328730368104663e-01 -6.451735330291955006e-02 6.153907585117809331e-01 -2.032852104999895437e-01
5.002885545386638322e-01 3.539254556405527219e-01 6.308985940684918026e-01 1.264580545499420117e+00 -6.545107695646174006e-01 1.089529746933841636e-01 -1.837125558964178840e-01 7.045462308062687695e-01 6.430511964948210091e-01 -4.295275824733887221e-02
5.815431468212518551e-01 -2.468161444689006279e-01 -4.917265479665138828e-01 6.832202764479516910e-01 -8.071078899372705617e-01 -7.028990983149699945e-01 -2.759879283000581385e-01 1.194230357980470281e-01 2.675509991592781578e-01 -5.514407836029875387e-01
-4.927179859429977604e-01 -4.268551462716352329e-01 -5.103838737663021208e-01 1.240951562812494302e+00 3.079428851532939881e-01 2.617948986262395583e-01 -3.583275036495985749e-02 3.551676223183182768e-01 -4.425115652406451106e-01 1.536862081318212669e-01
2.856453226609343421e-01 1.363706753561773066e-01 -4.993152240711098422e-01 -3.985560327277696824e-01 5.349178465008959105e-01 1.282089997426414829e+00 -7.780712776962090960e-01 3.953112606906765136e-01 5.854863408047125128e-01 4.154611919497140926e-01
5.011635989240436073e-01 4.008636787528925272e-01 4.879424203296816032e-01 8.091044034380584504e-02 8.438504092249289323e-01 -4.453385629820165170e-01 -1.832398455473032151e-01 -8.025569136184490526e-01 4.149879634819427232e-01 -2.498962744527956359e-01
-2.971800856817154446e-01 -6.219043155702218550e-01 -4.130645960754997237e-01 -2.786944809522822752e-01 -9.991056387760733903e-01 -9.892746730665341603e-01 4.095830116281902467e-02 2.000543862762407810e-01 -1.285448921114393572e+00 8.924361236010068810e-01
3.305390831784656980e-01 -1.712723443544593716e-01 4.557618542583168897e-01 8.279022807969323855e-03 6.096544107249025624e-01 -8.137812940413148288e-01 8.132917285394290763e-02 2.575923261165141698e-01 -6.145432016420675492e-01 3.310556435829994926e-01
-1.234190413679882442e-01 2.117411245297843581e-01 -4.501567887820217551e-01 1.171370034321649545e+00 -4.290466207725053827e-01 -5.893062663421010372e-01 -3.123579214211565924e-01 -4.223732693745549382e-01 3.261964994550833885e-01 9.058105389907185057e-01
4.305103127310270783e-01 1.170652526425236817e-01 3.247891334205149638e-01 -3.464963169720980951e-01 8.663268019489049898e-01 -7.538950282734463437e-01 5.045244914008204518e-01 -8.382447960182665136e-01 -3.048612981462752169e-01 8.018537789604284205e-01
2.805327555195378242e-01 3.205583014353954319e-01 -3.346994149639590521e-01 1.154258834381524518e-01 2.600316757947543356e-01 -6.989295496775704830e-01 -1.848676683541814192e-01 -6.656871157706076847e-01 5.948208198308448935e-01 -2.838685289540873735e-01
8.992169669078452221e-02 2.406882023886088573e-01 1.305244643618585165e+00 9.611110092827995777e-01 5.218623958284877018e-01 -8.117153671516276203e-01 -4.255557726527444684e-01 -6.873102547125483630e-01 -4.701481843108513692e-01 1.564056110152974188e+00
-3.697648229093879468e-01 5.004927027407095608e-01 4.053878106402843823e-02 -9.560945676359237089e-01 -1.499590326515201980e-02 -1.588375396363712333e-01 2.260076331347356526e-01 -1.525500305710319471e-01 4.013143462948640661e-01 1.420626244111804770e-01
7.615237446614917527e-01 2.888569520263167822e-01 -1.976050364186721364e-01 -9.086404963967769088e-01 -1.069767245690155938e-01 -5.703786310521199443e-01 2.818807534163178530e-01 -4.763431744382685129e-01 -4.378680961893022805e-01 -1.555231686641596889e-01
-2.756242980648211938e-01 3.324587694590332432e-01 1.039889003056667427e+00 5.417154871037642705e-01 -5.290614948633390879e-01 -4.847315512693532447e-01 -8.754518933619570564e-01 -5.150937968357410107e-02 -1.346706992242561740e-01 1.300702051978539497e-01
-5.517860690430240744e-01 1.546846082194419658e-01 -7.333529325557344714e-02 -4.704245082843498960e-01 1.501728422457318246e-01 -2.233060111422667526e-01 3.583848259940284331e-01 -8.530829407810475162e-01 -4.547877175134457106e-01 1.773600683590004223e-01
-1.412284963178647990e-01 -1.920328009919862744e-01 -1.320181641150329488e-01 -2.089344134120451613e-01 1.414726915292441323e-01 7.767722909425806010e-01 8.827167512808454797e-01 5.632187965634609661e-01 9.522254853695518717e-01 -1.701480037049839982e-03
-2.568744703622761749e-01 -1.771318631334884708e-01 4.810575788004332054e-01 -3.100811366211372877e-01 4.699412068832071188e-01 -7.786539936188859867e-01 -2.448898082766556294e-01 3.353259242915290206e-01 6.741410591457809298e-01 2.634488233441415472e-01
3.659499311545434952e-01 4.610761118173381523e-01 -4.641377747023376354e-01 2.359960007159721262e-01 -2.324984892911677314e-02 -1.405151645805023941e+00 -5.018611704822214387e-02 -2.314612833686156834e-01 -9.635624889818725780e-01 -4.553520340516866161e-01
-1.780196562672455574e-01 -4.205543253667423098e-01 7.940779092139518477e-03 2.701548619398874695e-01 4.614092805572770351e-01 2.365652213796277104e-01 -3.044105370048632020e-01 -2.188978074348747471e-01 -6.454326422215682646e-01 -6.095212391932760543e-01
-6.884955261688898709e-01 -5.743388081427759362e-01 8.198121668776208182e-01 6.891755604106045707e-01 -6.519406848753305228e-01 9.741659858469910171e-02 -3.014016657634860027e-02 3.529046310464687419e-01 -2.700887005251524919e-01 -7.575581840455859473e-01
3.286903189869180841e-02 -6.800361411308729620e-01 4.788831548790419002e-02 -2.995467163210147055e-01 -2.722246605178970102e-01 -2.531151430593420182e-01 5.605335498757219037e-01 -3.386617617658082557e-01 2.269727567954317460e-01 2.720919349905832618e-01
1.957316749961519886e-01 -3.747249209189861818e-01 -2.076303708319209851e-01 2.528123994398276397e-01 4.415971687495500175e-01 1.217678948164919173e-01 -2.490930359835099306e-01 3.205213467195225929e-01 -1.059288211397966029e+00 1.443802825635334408e-01
9.712675273112916230e-01 -5.583203136508581022e-01 9.358505774684605649e-01 -5.661880273844386302e-01 -1.584356694513624708e+00 4.559891703473008540e-01 4.011007280594170998e-01 -3.652064538860887444e-01 5.236627845388082125e-01 -2.511642197171218838e-01
4.499145131687359855e-01 -2.140099166692370318e-03 -7.162105811270698397e-02 -1.118644519510241936e-01 -3.126286299542774261e-01 -2.643782124676337299e-03 4.978305833992118790e-01 -3.806104911228528898e-01 2.443428035245467089e-01 8.094762437629590135e-01
2.146868399734732091e-01 1.025046657865548300e-01 -3.442311926639660125e-01 3.595129471106372487e-01 -3.967497027021308492e-02 1.427512166694792362e-01 1.773397638905812451e-02 4.790327091416195504e-01 3.698703322121057457e-01 1.993136665644487382e-01
3.093600336832338926e-01 -3.760338652949134497e-01 3.069740808807224774e-01 -3.620086007149961871e-01 9.095950581948548663e-01 -4.697178427907391374e-01 8.503999740270120622e-01 1.552875056454884606e-01 1.347425827838935608e-01 6.347381363399263732e-01
-8.646666422405978325e-02 -2.800377686996676219e-01 -1.906812485177827865e-01 -3.775184905887880027e-01 3.902787056957015555e-01 -1.002372657227707409e+00 -1.251963993121279484e-01 -1.529396978608571489e-01 -5.802853354407108144e-01 -3.697835960569172409e-01
4.608903489728735092e-01 -2.870413690767754655e-01 1.764678283559836108e-02 -6.744355168971361003e-02 -9.763120325863124949e-01 -4.101668004890911545e-01 -4.669940206030159802e-01 2.104252819394756002e-01 -4.805602568055498680e-01 -2.939870105453936122e-01
1.439184171944393464e-01 5.093641523850630515e-01 2.377769041143130702e-01 -8.290545830772136360e-02 2.316575736242099115e-01 -2.814200969085625670e-01 -1.480465245943294317e-01 -5.139295669821731805e-01 -4.211066201028391270e-02 -2.365644880287798291e-01
1.516932024997360851e-01 5.687440615764732810e-01 7.394661697284886648e-01 1.247978535848652371e+00 3.185129120430109095e-01 8.489014715092157992e-01 -3.802182929645049336e-01 6.758934353942895601e-02 4.277833067640826048e-01 8.279456718083617606e-01
1.515291893031360526e-01 8.475126310858444034e-01 -6.504601020513449405e-02 -5.818861827765999806e-01 4.431258640455026376e-01 -7.572396112548082092e-01 -1.085991600870660767e-01 7.017986485464153823e-01 -2.719808770819575616e-01 -1.296994668969796871e+00
-2.578057027056934736e-02 4.899611681217701242e-02 6.776328413232871606e-01 -1.648435254332469568e-01 -7.844850030973574695e-01 3.581901247658113574e-01 -1.030366211035934176e+00 -9.602832849938899851e-02 3.347522864437249002e-01 2.612904695222962870e-01
