-8.788732677855771058e+00
-9.697584337038200886e+00
-2.477732435195131977e+00
-8.412566375355204684e+00
-1.307213030086056449e+01
-8.472360808168946988e+00
-6.743903475596640718e+00
-5.692988762076114817e+00
-1.745108544947988705e+01
-9.447060204434418296e+00
-9.771000685527690521e+00
-1.005606802476752648e+01
-4.677295807201457656e+00
-1.003017544851815224e+01
-1.278128683931317333e+01
-5.334369014258076191e+00
-1.595242988070560308e+00
-4.425655819693657733e+00
-6.050349896968413077e+00
-5.731571071311555521e+00
-7.842587319928050249e+00
-4.746436859831572264e+00
-6.823022239298885516e+00
-1.138898419603016521e+01
-1.074129184555731875e+01
-4.346731725324012530e+00
-7.318818941363041120e+00
-8.699646287386295640e+00
-9.728000198618104832e+00
-1.847050458731458455e+00
-6.378299915565457390e+00
-7.489331754486540760e+00
-5.389372099050231846e+00
-8.955293820825682261e+00
-6.937801506415595121e+00
-4.878132547677072495e+00
-1.853181908203836770e+00
-1.012592039298981206e+01
-7.939039560667702666e+00
-6.571102365504601472e+00
-1.120506066611559604e+01
-7.853749006412241052e+00
-8.132754467053210590e+00
-1.276748093933199435e+01
-8.413241271861163995e+00
-1.025814897406928772e+01
-1.175533025806220699e+01
-5.375833115167332643e+00
-6.052990714125676242e+00
-1.059317402736273017e+01
-7.914794904494829808e+00
-7.171279025219122083e+00
-5.137362619372972894e+00
-8.656613929822375653e+00
-6.340439032723759638e+00
-1.032797315695086837e+01
-9.307865972911738339e+00
-8.864069383487926501e+00
-8.270834882455472936e+00
-8.834669667316402908e+00
-1.130662452540823892e+01
-7.422936527837821430e+00
-7.542979722224359307e+00
-1.032169473734343690e+01
-8.780496124165775740e+00
-7.862647395090432312e+00
-6.565237172018067113e+00
-5.835486518450901272e+00
-1.144735807732039490e+01
-5.465393904589511465e+00
-7.476740176395303195e+00
-8.647403480836604928e+00
-4.082239122482735461e+00
-3.253488439679419475e+00
-1.062330594705366593e+01
-6.596120992103130520e-01
-5.978693439451857827e+00
-7.395677374572278140e+00
-7.946676790650789357e+00
-9.087199685739305366e+00
-5.716774307242730835e+00
-1.057070381353697641e+01
-1.168403064182376028e+01
-6.590343736648042849e+00
-1.730334615114407981e+01
-6.858294622920363182e+00
-7.653559572564328839e+00
-1.492054384135864886e+01
-7.228477464026250132e+00
-8.140705757718770030e+00
-6.952181241237517462e+00
-7.687166834465937626e+00
-6.226189005364966889e+00
-8.803675751277625139e+00
-1.214036674397942761e+01
-1.055365276233892935e+01
-3.331784521018350542e+00
-8.572635170956758088e+00
-9.717549026147098701e+00
-1.141194505516602753e+01
