-5.089601289040456278e-01 -1.251936702688869196e-01 7.234324123247161120e-01 -1.652247519191787140e+00 1.669632349583999531e+00 -8.803741777840671245e-01 3.439069626272843738e-01 1.450886324898235102e+00 -8.826670879199537412e-01 -6.658833945842711211e-02 1.163004565948913216e+00 -2.006432031754016521e+00
-9.048170916071291980e-01 2.115031923695362970e-01 -1.097929705728397876e+00 -5.388744391205396722e-01 1.910060037038370240e-01 -1.483672658841193481e+00 -6.781553688609579522e-01 8.193606341159650475e-01 -2.471605971228394705e-01 1.313110149742604538e-01 2.610959341099743924e-01 6.805637897183733909e-01
-6.682756744114313197e-01 1.567140894337898382e+00 6.504054579221739685e-01 -4.971870319208940292e-02 8.051234101180663669e-03 -1.371602439675281004e-01 1.339075633711065416e+00 1.367176039746304195e+00 1.025911815973069352e+00 7.603826270866652637e-01 4.178818342254205787e-01 -1.790653567663033352e-01
-4.717191380008539658e-01 -5.605728188406490231e-01 -1.551360115068961321e+00 1.071494839471641702e+00 6.473885224026756369e-01 -1.102312329494936183e+00 -1.855458083706023498e+00 8.838901253155875271e-01 -9.189924978016554835e-01 1.054491812615504287e+00 8.936032906832298561e-01 1.536008599460839230e+00
8.282265184433214023e-01 -6.551217915578370077e-01 -1.554390097005486915e+00 -1.164657780443415058e+00 -5.350837326955737439e-01 -2.234921317180006195e+00 -9.617359445525417438e-01 -4.990976892479407345e-01 -1.304432850438369818e-01 -1.067828840878714214e+00 1.633062374932757743e+00 5.655717329043958852e-01
1.007715350170564683e+00 -3.524600888782019048e-01 8.300416325726324152e-01 -9.481719117545422959e-01 1.502301179116958263e+00 -8.464505617193616160e-01 -1.301791720963197063e+00 -1.017147693275724185e+00 1.246781093942415097e+00 3.655483337793810628e-01 -1.595714548383198317e-01 -1.029598120445972542e+00
5.384624446043254631e-01 -1.290944156342534122e+00 9.467042088180896986e-01 -1.010773481508539184e+00 4.011352648605646665e-01 -3.890586359334829436e-01 6.834489577283252570e-01 -1.053880724420234727e-01 1.373764495111075679e+00 -1.244273385790094916e-02 -1.016913293448070021e+00 9.282987049101555366e-01
-1.571867982119631302e+00 -1.647495497592516456e+00 6.717776276767331023e-01 7.511999911240510031e-01 9.025575040006115213e-01 2.518061466229942535e+00 2.475488851552503852e-02 1.095977031833677229e+00 -8.725232388979236031e-01 -2.783195471340670357e-01 1.912662127230009383e-03 1.508502441950624551e+00
-8.218126801323373254e-01 -8.885783086205678583e-01 -2.598232280777321712e+00 -1.241303990938666502e+00 -4.993875203915633110e-01 -8.113124920155704300e-01 -2.334612731115824680e+00 -9.361427424381868478e-01 -9.311947419873850551e-01 -6.894852591789859542e-01 -7.399851204545472294e-01 8.083020199217313406e-01
-1.224825366332940479e+00 -1.398702022418831126e+00 3.755361573913240103e-01 -1.053292789006051722e+00 8.751475744313345073e-01 7.517667312149846071e-01 5.767734555254009354e-01 -1.752579866741902359e+00 2.057603460080628111e-01 1.365012483011341704e+00 4.170789424978683102e-01 -7.900374961920514361e-01
2.411809108718896699e-01 -1.498948838398613814e+00 -5.585942442242962658e-01 3.018649169830122658e-01 6.647493373411751671e-02 7.103905076271636032e-01 5.196415056537144472e-02 -3.755696422375165433e-01 4.982116003276474414e-01 -4.896867049072040623e-01 8.365661214520785371e-01 -2.311620602475551234e+00
5.344847305550405325e-01 -8.059100015902331826e-01 -1.734096325358025048e+00 6.428436721618459027e-01 -7.975991149300357685e-01 1.663139074346479118e+00 1.024651200791114498e-02 -4.069644446902151991e-01 6.429447370652456861e-01 -1.484490320818782294e+00 -9.593213432954013076e-01 1.150639121143906679e-01
4.887182202886525967e-02 -8.706632670936883533e-01 5.737468774528560987e-03 -2.389887637080243821e-01 3.382700133035411172e-01 -2.364185213379076667e-01 1.323012230549921453e-01 -1.521157330798481866e-01 1.890874417223397996e+00 1.289087066947918192e+00 2.524199571469893932e+00 -4.051204757554491276e-01
-9.577094827520720166e-01 6.602208001463516496e-01 -3.211365975854627020e-02 -1.134444906394887487e-01 3.156873518226567255e-01 7.014272149275639912e-01 1.130408683180576662e-01 -1.201004851944771357e+00 -1.241249891511416958e+00 -4.983122244517635552e-02 1.125101456572677044e-01 -1.324673293495307380e+00
-8.635652425698201462e-01 -1.024025571457468864e+00 -6.684798690775681784e-01 -1.011392618164022039e+00 -1.582435029980894914e+00 6.956449356377035764e-01 -5.865622410741665460e-01 8.335872845519937124e-01 -7.165783099122233768e-01 -8.276839970493103937e-01 2.649907306043661204e-01 -7.347546744467787772e-01
1.256813192028399584e+00 3.274433690507506656e-01 2.605053853155063770e-01 1.016956400752276224e+00 -7.447999421498783246e-01 2.030229412922654131e+00 1.371276068183203245e+00 -8.853667282578284725e-01 1.469292700406299224e+00 -3.785147948626089720e-01 -1.520073225323255173e+00 -8.937780640926736853e-01
-3.402009891528504637e-01 4.041695159049812358e-01 2.086920618546535433e+00 7.660724746439568911e-01 -3.910442805551906376e-01 6.662967731958926443e-01 7.525089542483521798e-01 2.081230987691681911e+00 -2.136612897427512259e-01 3.747578414157948928e-02 -5.494030542925767424e-01 2.411863937263040381e+00
6.655335575115903790e-01 7.738344855521499532e-01 8.170457280364930019e-01 -5.322614569874568602e-01 1.437503868068908952e-01 9.860460478162381970e-02 6.900600350017700446e-01 9.023510984447503658e-01 -1.255494476886068467e-01 2.494481373085869202e-01 6.797806602555732658e-01 -8.895436718708472634e-01
9.358580218394804140e-01 6.446379634314332030e-01 -5.633278847304911130e-01 5.706833017091937910e-01 1.515658405221747274e-01 -7.216832798331462850e-01 -6.633209402940722921e-01 1.284954970487598214e+00 -1.144778248659121367e+00 1.385398638371599933e-01 1.376989870445391562e+00 -1.606823201881431296e-01
-1.985672535886300105e+00 1.109474254907600876e+00 1.182435298793428791e+00 -4.835290770614212447e-02 -3.972031582451006626e-01 -5.472233657828992071e-01 -3.501801881814350231e-02 1.304483411448029262e+00 -1.439444446247975518e-01 5.925242001401954672e-01 9.389622482639456980e-01 4.082835993449029921e-01
5.062096552248586123e-01 1.155330236048009107e+00 -3.711896914562552441e-01 -9.920033644500059200e-01 6.148056598049077559e-01 6.012624575039356989e-01 6.997298088501079372e-01 8.943720178291564293e-03 -8.913586195349270103e-01 -6.030957918435269072e-01 -8.403536738408958762e-01 -1.194227689947200410e-01
1.362866263905438080e+00 2.830013433185968319e-01 -1.078096435820639964e+00 -7.615132300651356045e-02 -3.198906026311276740e-01 2.506726716925162801e-01 -7.269424783752359565e-01 2.889034394588354537e+00 1.125680257951559238e+00 9.547334269262752748e-01 -6.374822552119004948e-01 3.352226053303201114e-01
7.030340426939640786e-01 2.977572421847596851e-01 1.305970023860119511e+00 4.485924122964152772e-01 -1.248891855655797217e-01 -1.979801975354960331e-01 -3.049728871406938435e-02 -3.551679177957914879e-01 -1.998470485858657927e-02 3.366197996349387100e-01 -1.470253862368733122e+00 -1.568650387589700657e-01
5.515564227042110135e-01 -5.999443833575412999e-01 2.808701874216655292e-01 4.398288460184542580e-03 -1.625859020272696132e+00 6.771539527440931794e-01 -1.292577279369850451e+00 -1.316396136663505745e+00 -1.111894539648073721e+00 -7.361402972334144534e-01 1.439884507591457363e-01 5.671187321543383897e-01
1.932786015289986725e-01 9.108615922275010712e-01 -1.692938863404104044e+00 2.433743846024503110e-01 -5.753274696968069257e-02 7.882914254424472356e-01 -6.608520900248212593e-01 -2.929793619366216975e-02 -1.184816423305609101e-01 -1.965659835998583849e-01 -7.152299758258534590e-01 -2.334136613307849384e+00
7.058659386177369433e-01 -4.065233536208199272e-01 -2.249211514779511922e-01 -4.574280788122953522e-04 3.756379754026941686e-01 8.827844368536015285e-01 -1.436580626245331782e+00 5.227991789820075619e-01 9.334548497434447256e-01 1.685467944666018347e+00 1.529068967817201141e+00 -5.084493671292195094e-01
-1.795858088452610302e+00 1.184088575771061524e+00 -1.241704700561713226e+00 7.528265452153062309e-01 7.810752133101350747e-01 -7.267314913508957641e-01 -7.712460166935339867e-01 -5.539111940067602546e-01 3.333208041850038161e-01 9.416568800422912000e-01 1.327518765749510443e+00 4.694858103140805983e-01
6.211915084809672694e-01 -9.339891752628379229e-02 -3.535773111807202218e-01 1.655603222415556797e+00 -1.548527748883467225e+00 7.811349993386895729e-01 -8.247624747576689508e-01 -1.058508176073413187e+00 8.348121377732502513e-01 -4.704065327567775734e-01 -7.314160861355194498e-01 8.065359726613620384e-02
-1.779836440615517823e+00 1.239927416576682262e+00 1.035998024199765721e-01 9.772813777863556539e-02 -9.334072431516484691e-01 -1.927611831486902849e-01 -2.814308254477482785e-01 -2.490756319500003757e-01 1.189687176632229226e+00 -6.464869085741273835e-01 -1.466085259616697112e+00 6.772071249377790148e-01
-2.227311164968106827e-01 1.067661185136665747e+00 -2.892960632602732951e-01 6.750648088091443580e-03 1.642337931032494369e+00 1.490068310727444389e+00 1.136544297676224780e+00 2.950043463476720307e-01 5.360198671551070770e-01 4.524904274459010112e-01 -4.800179080106510565e-02 6.534342423389872812e-01
-1.360759699541167711e+00 -5.204023135459323601e-01 8.734368700673679209e-01 -1.181635796823811702e-01 8.227260650394545571e-01 2.053225191533437077e-01 3.836964156598517972e-01 8.824485204283681952e-03 -5.984879544672637719e-01 4.109223352508356575e-02 1.617579495673146517e-01 1.537643373617581632e+00
1.285660587849536851e+00 -1.346679630025376662e-01 8.057269567870988247e-01 1.761394236268621238e+00 -7.174393852209481892e-01 -1.455033431661002297e+00 -1.438403927429166895e+00 -1.118905105023435764e+00 8.730924405048617887e-01 8.107128116003001761e-01 -8.360426592372166565e-01 9.910888500902277354e-01
1.358982197177468265e+00 -3.490782308337889717e-01 -8.812333223386408232e-01 1.149853662841897384e+00 -7.450701574404784422e-01 4.548126588859574548e-01 1.457259293196056515e-01 5.055006275072878585e-01 1.277210889109160252e+00 7.724437758809994670e-02 -5.008050008068584136e-01 8.733871090179833041e-02
4.639079735339188826e-01 -2.266668299318636282e-01 -7.113222544932823466e-01 -3.339599116250250299e-01 8.386564788661059200e-02 2.093779489979534780e+00 -1.157356938386536527e+00 1.597552535023741616e+00 -3.783184014463499174e-03 -1.693823406993347991e+00 1.451002939365393929e-01 -1.142965682143889827e+00
-5.922667125723090065e-01 2.864443864327722439e-02 4.180647953338941791e-01 4.412143350750070137e-01 -1.054404831747704163e+00 8.180683854558488122e-01 1.825328157958738151e+00 -9.126575234110700929e-01 6.458397082869112849e-01 -1.063443161214507660e+00 2.182361748712400781e-02 3.794188733362499621e-01
-6.187063042598350826e-01 1.493910446981104201e+00 6.484705005421927959e-01 -3.317240350804472326e-01 -1.252360757748047559e+00 1.812354234638312023e-01 1.849256024557681233e+00 -8.319238699657185432e-01 2.050805890259807251e-01 8.911437231939374204e-01 7.042620709047139327e-01 5.580157856840571862e-01
9.744515121510639588e-01 2.940695046128098955e-01 1.942034339199155246e+00 5.915293374135386362e-01 5.059453823276270912e-01 -1.099325530310621746e+00 1.589181805622308152e+00 7.196834164542398327e-01 4.646459731068407484e-01 -2.130842888799540091e-01 2.295749186144911413e-01 8.696028993866568024e-01
2.381002423235300744e-02 -2.460435527931352784e+00 -4.964202805987856237e-01 2.286921452617577621e+00 3.503227059465156557e-01 -1.407686499758716292e-01 -7.284280116973524954e-01 -1.065321465720164396e+00 8.061899041745271832e-01 -2.852573826973098803e-01 4.317374270372197897e-01 -8.012812401252833450e-01
1.456091720589344884e+00 4.966578000760214773e-02 4.814492561876686505e-01 -1.651347797363499570e+00 4.280401362875425886e-02 -3.626085396065185096e-01 -2.093642827886675051e-01 8.600730181349182102e-01 1.553606283430835067e+00 4.370952274740864119e-01 -3.750471324010588581e-01 -2.125685463690357491e+00
-9.760767353820367642e-01 2.635418900693654809e+00 1.356624682930757997e+00 -5.818256232767637232e-02 7.756123889299941787e-01 6.031191168283112081e-01 -1.503711960373708578e+00 -7.732749587793211754e-01 -1.044819847713224892e+00 7.692406307612066341e-01 4.149873831177762762e-01 -9.017165021080361664e-02
1.725941773165389881e+00 9.796858082654633093e-02 1.166812750525479281e+00 -1.672833654161810069e+00 -8.367035897282997237e-01 -1.045495952251310978e+00 -7.849701752473313698e-01 -1.529227015954139679e+00 2.323075263604290619e-02 -6.721138983632332087e-01 -2.757100857355650469e-01 1.112996282742243354e-01
-6.749586436878529661e-01 3.721320765084348836e-01 1.526780711635006726e+00 -1.600425993498580057e+00 -8.615538105705219385e-01 3.408677695405357699e-01 1.489425069765410337e+00 1.448579799358837628e+00 -5.035724611717589116e-01 -1.801735403878821085e-01 -1.099262744855996760e-01 -8.938958189649923725e-01
-7.799416254063734621e-02 1.055780141615925594e+00 7.437014585566565916e-01 -3.768265429935443445e-01 8.592610227676800161e-01 1.251107477189773887e+00 -1.349745005479098925e+00 -6.434102768757508084e-01 -1.211578999501130793e+00 -1.994391665002800629e+00 3.327475088864773056e-01 1.388751816678513995e+00
9.543821755269880081e-01 1.101472995236982610e+00 -2.185591051222230963e+00 -1.273943009675584825e+00 -1.857217689405428751e-01 6.100324842689191368e-02 4.477588934604975202e-01 2.595960178807736884e-01 6.729451692208154867e-01 -3.894275396759196539e+00 -2.028661262558339562e+00 1.101386104888294248e+00
7.691083079141334267e-01 1.448305026767487680e-01 -2.106384797013626020e+00 -3.038364113406335498e-01 -5.081137470708326775e-01 8.205079787475664244e-01 5.298694490194170159e-01 -6.743656538326413541e-01 -1.331904138587009845e+00 1.859606098261471718e+00 2.662695812338026768e-01 -2.033137966837900504e-02
-7.850962756656935104e-01 -8.345223663961977012e-01 -4.821135142456082767e-01 3.164688262777139993e-01 -1.547785701951261306e+00 8.830444200501431640e-01 -1.553738634409790986e+00 -1.225281448481717161e+00 8.616998026514633979e-01 3.482035795424127111e-01 8.748823997755557080e-01 1.519782975548834292e-01
1.596879339125024222e+00 -9.836684449161486876e-01 -2.467788057483637054e+00 6.509818711387198586e-01 1.195580336039085978e+00 -6.453111454892781484e-01 -1.003041053177292197e+00 -7.532909974336565728e-01 -4.029564664237171856e-01 3.988955834740844364e-01 -1.441595658088299370e+00 -3.230943302526345651e-01
8.376238230167235566e-01 -8.758344676201048618e-01 1.682956541295157260e+00 9.043550626561611683e-01 8.815366359570492305e-01 -7.718534858380735608e-01 4.267847896910998556e-02 -8.809192858855658947e-01 2.955984581594272576e-01 -4.671311063498454486e-01 5.632762208246984148e-01 5.471024277844116490e-01
-5.776785741908395666e-01 2.385904203807275026e-01 -1.177043132724393537e+00 4.072404313250337915e-01 7.940220717341425205e-01 1.292259344685390277e+00 -7.547328097436586392e-01 6.347522220876965493e-01 9.316213659062697605e-01 8.708146317690215188e-01 2.821903889379946406e-01 -9.633947882099687110e-01
-5.417910730936983388e-01 -4.173776513524695697e-01 -7.469745456739393941e-01 -7.978234380918123314e-01 3.401268465167140431e-01 1.359431080802281810e+00 6.386717774101123846e-01 3.809270779651888206e-01 -1.238980570814168347e+00 -2.034104054664995220e-01 -2.775765198025026415e-01 -1.879060356457645131e+00
3.712793874339408440e-01 -3.271390366861184340e-01 8.152943500963220069e-01 -5.181496594000013500e-01 2.010497244431328490e-01 1.105547036831981078e+00 -1.527554341636994661e-01 -1.825135210911926764e-02 8.247263763612752707e-02 -3.038392014258746165e-01 -1.581158957824823075e+00 -2.115867146459667614e-01
4.343817071887591252e-01 1.505728983438781698e+00 -1.130966599267533151e-01 2.719144306501896757e+00 -1.403460750769999654e+00 -4.052998629719192225e-01 3.209821163932111837e-02 1.722220393567542196e+00 9.359692615288131012e-01 -1.386929168025171411e+00 -2.033609273714675147e+00 -8.219973097966226661e-02
-7.914820476693759099e-01 2.701813089609692575e-01 -3.148326231947766174e-01 -1.144707457897534253e+00 1.591141013018290806e+00 9.548544454193117481e-01 -5.607192186120881772e-01 9.489901648686404068e-01 1.309267509899408044e-01 -5.726248356663532491e-01 1.600618911020840418e+00 1.207229832303737371e+00
-1.326033448197982523e+00 -1.898724572638367247e-01 -1.272842133757038918e-01 1.126660901160176476e+00 -4.261477447757062720e-01 -8.696026322980346945e-01 -6.691615545409461685e-01 1.073998670086870055e-01 -5.788863856845875011e-01 3.874402994197535532e-01 6.121975941092291373e-01 6.610596339464797078e-01
3.537843475116457248e-01 -3.963751710885039525e-01 -3.022991521949773275e-01 -2.245604144165322669e-01 2.820528197975693985e+00 3.705428234530261378e-01 3.583112665005784292e-01 -7.155939368316792670e-01 -4.082090273314591400e-01 1.012098913844746928e+00 -1.049978581853726833e+00 4.884493051066927660e-01
-3.509050574311511905e-01 1.104640351330858694e+00 -3.790593521047517789e-01 -6.130080934467012632e-01 -9.581615636131756153e-01 -4.056787508967960587e-01 -2.153820695380527450e+00 -1.108322602428153614e+00 2.058238694229693966e+00 1.861101557064631651e+00 1.274900015789886210e+00 -2.147156560041344697e+00
-3.735834684752428192e-01 9.123575848118087306e-01 7.247164677407655908e-01 -6.338294385612239790e-01 3.651553932474886910e-01 -7.008021845858390941e-01 -1.711592117145833924e+00 -4.955021583752897696e-01 9.622164269879553145e-02 -2.708902440895080144e-01 5.433162179386433754e-01 -5.744593339016343947e-01
6.116040210353969053e-01 3.645137031113823145e-01 -1.085227717096326927e+00 -1.103230525935834302e-02 4.615301523761971558e-01 -5.091865158598081198e-01 3.023617421806296113e-01 3.053437762270602707e-01 -2.724808452147101878e+00 1.280240295514982751e-01 1.333879727964729645e+00 -5.318410981842313090e-01
-8.440994488768257531e-01 -5.884655623449213113e-01 5.914515674306566190e-02 9.629872287673076070e-02 9.263890013182569660e-01 -3.889204360612076861e-01 1.367300389042042652e-01 9.532193309598234743e-01 8.248324779702934650e-01 -8.095529509240741994e-01 -8.098456282741250956e-01 -3.585190732851513684e-01
-4.281129093037182587e-01 -7.410188231964188743e-01 7.311241790028480958e-01 2.220178671770071333e+00 -5.733476913977824108e-01 -7.690801952337129599e-01 4.626730403935265801e-01 3.794553952426232835e-01 -1.108768645754919735e+00 7.636935182606405803e-01 2.014173516095847383e-01 -1.897464376159845534e+00
1.932787670237317235e+00 -8.513878771010898738e-01 -2.291276036088432555e+00 6.497305145792568737e-02 -5.511930445569483972e-01 -4.792759877164299437e-02 -1.698134229024547359e+00 5.904068145429568482e-01 3.787681389489907513e-01 -1.839359458690979776e-01 -9.215551896994297332e-01 -1.132103994876584863e-01
-1.646377728994060652e+00 1.522332553070146588e+00 9.821209078903376799e-01 -2.705523525396136275e-01 -1.403412517452369057e+00 -2.223386058282683930e-01 1.023140038594990253e+00 6.659105530944936513e-01 2.765526480553544553e-01 -1.471341377182590060e+00 1.262189317926475818e+00 -4.306167777055676382e-02
6.212499215664111230e-01 2.101476633095516189e-01 8.077834222571439460e-01 -1.989825012978406527e+00 8.682206325251561330e-01 -4.174678972646486685e-01 -2.982487917788141929e-01 -7.189280086822748272e-02 2.440583374593962573e-01 -9.224239107743460453e-01 4.394017293261913704e-01 4.383422409413243459e-01
-7.763791359705666251e-01 -9.128626916789924772e-01 1.545995039464145293e+00 -9.632299859920061547e-01 -4.671988559220339732e-01 6.591089610629181639e-01 5.035783634954396071e-01 -1.171763834648713365e+00 -1.748792703202288745e+00 7.936534113097970522e-01 3.925718575907959362e-01 -7.662874699385775479e-01
-1.455803195202800993e+00 1.294805403029312352e+00 1.170111409775322908e+00 -6.635314227809713250e-01 -3.567854996296588310e-01 -4.513079783828190528e-01 1.400008661077746241e-01 2.083905680720301787e-02 -5.820353389158341439e-01 1.612682226989970713e-01 -1.188100806347264893e+00 5.965803124615687292e-01
1.131827439846631922e+00 -6.075580955351629342e-01 -7.653966104424352324e-01 3.101961533630740939e-02 -1.273104480601973398e-01 2.978022647563048197e-03 -1.803253634336830129e-03 -7.960343091398124349e-01 3.455331713241282521e-01 1.239517752043648002e+00 -5.589921351448496889e-01 -3.362176189823441463e-01
5.477591395712348987e-01 -1.203828502398855693e-01 5.995103597096352877e-01 6.685739195678938041e-01 -1.447215332431438073e+00 1.306479242880178027e-01 9.822549294952235277e-01 -1.912079361503554509e+00 2.033499842385281475e+00 -3.844440326576553102e-01 8.005686339957752695e-01 -2.822978530343439596e-01
9.167326124649008978e-01 2.164473433335871722e+00 9.442262609362112036e-01 -3.378630912703993183e-01 -5.759755679156733921e-01 5.539026641652045058e-01 -1.346627034066179762e-03 -5.975185033331344153e-02 1.801314002966040995e-01 6.239898656015038236e-01 -4.258433628113439950e-01 -1.524461082038220061e+00
-1.006331947844479185e-02 6.666377383530910361e-01 3.834592309433200730e-01 5.303271728063336798e-01 -2.836271072958126416e-01 2.548080631718642186e-01 -3.592843002720287338e-01 -1.714634833779932643e+00 -1.922876487027273429e+00 1.952813132662949425e-01 9.718293911429085608e-01 -2.857223219820920868e+00
1.153833843984200191e+00 1.365143272759227755e-01 -3.426966872500867844e-01 1.068456360168979158e+00 -1.618837918764031825e+00 -1.427082156916238853e+00 4.318859566641277126e-01 1.180469803613455992e+00 3.284804377632665751e-01 1.801042554729332112e-01 7.572758050456782630e-01 8.171007116666099135e-01
1.611716786579211469e-01 -1.230399769969356072e+00 -1.614645284363866728e-01 4.793296558195613843e-01 -6.441948503762499056e-01 6.406651298371668357e-02 8.682075365352558416e-01 1.165195447450215305e+00 1.324080936895694581e-02 1.025818113811346022e+00 -6.545784720648573085e-01 -9.478637890062779903e-01
-8.231624924884253791e-02 6.046672841644466084e-02 -4.604042832926788509e-02 -3.381922985970426277e-03 5.593217158590122473e-01 -5.054842028709689572e-01 6.840615360187721761e-01 1.189297753584252604e+00 3.345219049723143212e-01 -3.983766732458017823e-01 -1.878249659436916463e+00 -1.090557765352937691e+00
1.432220450361704422e+00 3.642505038408235807e-01 5.297966908827167476e-01 -7.713967804722595689e-01 -1.322330916112978150e+00 -1.675501253010704517e+00 1.306198659467347145e+00 2.372332019133307490e+00 1.637848535887331258e-01 1.411355002978865292e+00 4.869759767853012317e-02 1.273494803869668512e+00
-7.044964615211248837e-01 1.008277622965036757e+00 -7.220766679900724183e-01 1.315710018987902963e+00 1.009174081975623194e+00 6.698426895919159518e-01 4.680593976416469459e-01 -2.457038684212047366e-02 1.188175012459558255e+00 1.964600467882745283e-01 5.027250932636924130e-01 1.096483064153570969e-01
-1.877838777740735043e+00 -1.071736235133105897e+00 -4.349978261091282383e-01 4.709421787496221867e-01 -1.149024032470797652e+00 9.097559379735348228e-01 5.642647250156920258e-01 -1.242979678353756778e+00 8.403075596007556491e-01 7.805894916671718420e-01 -1.223725540259045369e-01 -9.020091856997179969e-01
3.294896440156337425e-01 1.195253709527660968e+00 1.298773562665019865e+00 2.595124780414752586e+00 1.682556845687416924e+00 9.006083678382343916e-01 1.632446739917016387e+00 4.781346067295246804e-01 -9.683804014213945877e-01 1.417994712823586356e+00 -1.657782966738742036e+00 1.074320917735833297e-01
7.072383881302085618e-01 1.303215403753000601e+00 -1.092195628166609200e+00 1.293929792814496382e+00 1.146824541847750067e+00 1.224637141262795215e+00 -7.733608632579144215e-01 1.321293569487199004e+00 -5.215437571467392841e-01 -7.703812627109553057e-01 -1.034774963877753001e-01 -1.368745872975875244e+00
-6.609247135226406500e-02 -1.595975696632120355e+00 4.571934613116653834e-01 -9.588427359506498382e-01 4.835709374044598330e-01 -3.132866735777618539e-01 1.626733957857665613e-01 1.790237652333011020e-01 5.539197069799066675e-01 -4.222254070556857863e-01 1.552287842151786501e+00 2.069546678301414366e-01
9.402601379871772247e-01 -1.011075763094469337e+00 2.534326965761023454e-01 -1.697846840676132674e-01 -1.078573755787488819e+00 2.010368558329482358e+00 -1.161942306741422515e+00 -1.816163791576042685e+00 3.984303185622265486e-01 2.261150677578689816e+00 -6.299921890925553880e-01 6.761405666529465286e-01
-1.927714653815991941e+00 1.662799819191963513e+00 6.195393315494532871e-01 -3.572699540409735031e-01 7.757792678907485806e-01 -8.268177492792158079e-01 -1.817564409624047028e-01 -4.813808051869518656e-01 5.686527814380675228e-01 7.618102813816773899e-01 -8.740992175803995456e-01 -1.110919204384214432e+00
-5.475786610739638016e-01 5.714965532570046580e-01 1.766493389239329304e+00 1.611124556287008458e+00 -1.368880341598463501e-01 -6.007219541967681042e-01 -8.136034400429192903e-01 2.607714652596999638e-01 4.849068765629573341e-01 6.958758542480667497e-01 -9.862051595561899253e-01 2.398701346816575763e-01
-9.621075612831975210e-01 -4.656598442046768760e-01 2.111580527587272549e+00 -3.909738223283360514e-01 1.772363400776165943e+00 9.962155219896859926e-01 -1.083806118873124946e+00 -6.636340205665842706e-01 -1.588096237107338604e+00 -2.710113692476206482e-01 -1.314193278673097431e+00 -3.187795843321132860e-01
1.167985736160110255e+00 -1.891908408400748476e+00 1.705708114978356782e-01 -5.021666157507005401e-01 3.031122383297863432e-01 -1.986919056464534927e+00 1.339920284369510439e-01 1.135419871137806291e+00 -3.297596949940273525e-01 -1.346118047034438048e+00 -4.881732672460596945e-01 -7.983147783347805948e-01
7.250941608813697981e-01 5.369766367237439608e-01 1.487352995788599364e+00 9.276094347562957587e-01 1.996809400478373187e-01 6.684453492944650299e-02 -3.111368955958746518e-01 -6.585915314612622584e-01 -1.074915612984663982e+00 -1.436850412970548385e+00 -2.381698795571173255e-01 1.466205231775453033e+00
-9.045016541809727251e-01 -2.228189831524530984e+00 -2.822844140790710998e+00 -2.786371560317385310e+00 -1.391353466586280563e+00 5.356090747507226135e-01 -1.147751170408219057e+00 1.794821925092146553e-01 2.876785605534490919e-01 8.241876166389268121e-01 -1.371691411539861793e-02 -1.146626094479514135e+00
-1.141993421092301508e+00 1.910740649358125542e-01 7.085851553356349308e-01 -9.730608154183069403e-02 -3.324336742863583383e-01 -5.089069781250510349e-01 1.742523519394894471e+00 -5.729839432836082436e-01 4.309767856600053015e-01 8.390719558321513283e-01 -2.651359690100459077e-02 -3.221527066900463088e-01
-1.614810658572214952e-01 -4.946018102683854556e-01 1.783163940779452394e+00 4.628815499500516517e-01 -3.983850583420893154e-01 -2.550711452067282448e-01 -1.374874981893941639e+00 -5.840650997718695864e-02 2.425010150734697945e+00 -9.009503809331877167e-02 3.440682087261004440e-01 -1.118533381925191916e+00
-1.956023189044954202e+00 -1.152349992611150231e+00 -1.019417763701073065e+00 -1.250389005020936251e-01 -2.149436757010697363e+00 1.155421538421281369e+00 -1.219746901663532945e+00 -1.136623862478619129e+00 7.676082382711469920e-01 1.716088076165930565e-01 -9.055808356538034287e-01 -5.786155525300863411e-01
3.228922507845159440e-01 -1.211106468986759666e+00 5.883909055821757716e-01 -9.873503757101131928e-02 1.596339372496496711e+00 9.864949911236826907e-02 -9.809006945072222816e-01 -9.829530576009729015e-02 4.901669942696237903e-01 -5.595676876187120896e-02 -7.586746191629875069e-01 5.413390251141995124e-01
-5.276170492133462897e-01 -1.634351315847020647e+00 -6.254658500663948795e-01 -3.973003464921068817e-01 8.427173521890235497e-02 7.171430695653179255e-01 -1.487634877084220264e+00 -1.177886999774463844e-01 1.079014614221491142e+00 2.028852452877420554e+00 8.476099449306385702e-01 -2.463091113897124609e-02
-1.233451689594035505e+00 5.630987075211038029e-01 1.067479188341115215e+00 -2.555477302463156630e-01 1.162596820259261809e+00 -1.797238552878581072e-02 5.123139844995762138e-01 -1.767545318033632462e+00 -1.518858236146456431e+00 2.988642764420838538e-01 6.234494084477379960e-01 2.075845365155863043e+00
7.901578560135158469e-01 -1.257229795169323650e+00 7.273424021791579097e-01 1.687824024898318065e+00 -5.740375581928408577e-01 -2.012417706789749516e+00 -7.792294341507810529e-02 3.273074427415316734e-01 2.166974162817958682e-01 6.356659641354456269e-01 -2.262982759497065470e-04 -2.712160731417490034e-01
-2.145323623149884895e+00 -1.129527256929012402e-01 4.224217948084364460e-01 8.110652854048828742e-01 4.516830787032072858e-01 -6.872632127159181703e-01 6.525034032085585967e-01 -5.404589461142571549e-01 5.384740410044153158e-01 1.115249602074253943e+00 1.266909873061738745e+00 2.956929900130010266e-02
1.989013027191672167e+00 -1.269690576473604171e+00 3.177348674148527952e-01 -2.214590554231593789e+00 -9.027913571602856901e-01 7.570648209486499636e-02 5.412681182533361779e-02 -6.037776739900354572e-01 6.075992929942385379e-01 1.062303062599190939e+00 -7.152805807978034336e-01 9.788060205009185832e-01
-7.484534394449544603e-01 -1.669333917402552103e+00 1.039558239964743169e+00 -8.223609366200829163e-01 -7.571736421284404051e-01 -6.134309622614166901e-01 1.030053397017773875e+00 -4.946859426706063517e-02 -8.220391917771318058e-01 -3.949381576727096776e-01 -1.060378828313889077e+00 -3.926553317844321267e-01
-2.403117288626744619e-01 -6.953407392647740215e-01 -2.981535326880727643e-01 6.760149864899676064e-01 5.616842296622222008e-01 -1.152373364295551150e+00 -3.347105228338159155e-01 -5.155659956786043385e-02 -1.698930947869197405e+00 -1.289142961642873120e+00 -2.954330582459249177e-01 2.107627291939688341e+00
1.156219627782204329e+00 7.854276897440785055e-01 -6.688145072899537302e-01 -1.140012267992648987e+00 -5.598573979439097625e-01 8.023331754503298940e-01 8.473125079381580438e-01 1.933013007753277557e-01 1.153876956561433520e+00 -3.011042023558830882e-01 2.106365040274420508e+00 1.019655582886009881e+00
-4.801170255739686810e-01 -7.644665370893330980e-01 9.888802073940656800e-01 3.851462880192187965e-01 -5.476748324857214634e-01 -4.855160353109840288e-01 -1.078755765153310842e+00 -5.832405164018823474e-01 -7.935428620614466411e-01 2.855530457823526325e-01 1.434169719220662165e+00 7.740086403172303786e-01
-1.074917417804514663e+00 1.074312615627973644e+00 -1.649722229693083353e+00 -4.859537797863425213e-02 5.988012026727053128e-01 -1.527815618636835904e+00 -1.278024387275434048e-01 -3.703225362146254085e-01 1.028852080956361270e+00 -1.781286249620484874e+00 1.897644602005429393e+00 1.238197788336341948e-01
-6.383168500688753966e-01 -1.014334651692007094e-01 1.005992522992164712e-01 -2.579629955229337579e+00 -3.352973673233571872e-01 4.895408058839473830e-01 -1.097553010360525994e+00 7.467101525540160711e-01 6.114009658731618391e-01 4.977494470943035210e-01 -4.156706222884653523e-01 -1.654976434849787070e+00
