-7.840204214520004378e+00
-6.654973875528398253e+00
-7.422981947350459464e+00
-6.840244979082392263e+00
-6.566206893803986588e+00
-7.843559322651531218e+00
-7.446576745235431893e+00
-8.464927073595760021e+00
-8.295690898005242175e+00
-7.699638837850541151e+00
-8.358399515684833858e+00
-8.626474723507861597e+00
-7.591037135515550816e+00
-7.443008232016966375e+00
-8.857789194792159648e+00
-8.296188549666467793e+00
-7.408514282231013937e+00
-7.878747275079964751e+00
-7.282417940644090315e+00
-8.382456131184795822e+00
-8.149720864581563973e+00
-7.397888437270879081e+00
-8.022143571742745394e+00
-7.600324781308435362e+00
-8.306637011418976257e+00
-7.631279475768745435e+00
-7.843870853877928262e+00
-7.995042931527517993e+00
-7.806466867538992105e+00
-6.926476133514144706e+00
-8.436710024105508410e+00
-8.279244394098700610e+00
-8.616629754072954839e+00
-8.171028016790764070e+00
-7.779178419092966479e+00
-9.178350858325373451e+00
-7.097708056537486598e+00
-7.686031587476172433e+00
-7.897114612260105915e+00
-8.135619183441729518e+00
-8.183701786663542421e+00
-7.690088192634925157e+00
-8.355225246634732983e+00
-7.750452291008435246e+00
-7.401415346434985665e+00
-7.602017805517855109e+00
-7.075731262276256039e+00
-7.641291508302362701e+00
-7.136756944683879667e+00
-8.222440150500897715e+00
-7.815679781486655209e+00
-8.917139139268122960e+00
-6.963591563452338207e+00
-7.541671070579686109e+00
-8.464055026682352434e+00
-7.889765669028497186e+00
-8.114858360353633060e+00
-7.966071398363048672e+00
-7.588189924830707866e+00
-8.221550581740336483e+00
-7.515299201827884801e+00
-8.241356052670708365e+00
-7.838323033776097404e+00
-7.710922964628104559e+00
-8.461090125901952419e+00
-7.148920096701981031e+00
-8.413102872792583398e+00
-8.677204135513402861e+00
-8.665442890618635374e+00
-8.797478186854862159e+00
-7.601369143005492823e+00
-8.490654194884154293e+00
-7.304057565636967730e+00
-7.920473508271678398e+00
-7.629105944172906106e+00
-8.055155048419992525e+00
-7.546643444106876153e+00
-7.572486226034189194e+00
-7.686018614598845389e+00
-7.951395594535895839e+00
-6.586774901993283748e+00
-7.775249482575373960e+00
-8.212566139469211990e+00
-8.931712592775998161e+00
-7.462364995280511337e+00
-8.694223187070035053e+00
-7.963459167242691983e+00
-7.343654915513997850e+00
-7.536736518261401230e+00
-8.014588998268607156e+00
-7.597477580516339479e+00
-7.385090709493279171e+00
-8.186910590516944808e+00
-8.256841964897258634e+00
-8.789258790674665534e+00
-8.554991961248804344e+00
-8.170729841240326863e+00
-7.816960835305152067e+00
-8.626868397316172832e+00
-8.589450609481843912e+00
