2.458835209300433700e-01 9.422520064273425325e-03 3.529087292314865565e-02 -6.591290535993082900e-01 3.044765318298470747e-01 2.568303337900671446e-01 -2.607443056700510242e-01 -3.595468686776651102e-01 1.375769167257770709e-01 -9.705273887428321478e-02
-1.466321135816357202e-01 -2.510317610782489273e-01 -1.608611333291414258e-01 6.093772764708706990e-01 -2.827384900000015546e-03 5.339696814723545598e-02 -3.463562674213450654e-01 -6.529650328066040066e-01 -2.445594037531407805e-01 1.987495042527587519e-01
1.357091962024308263e-01 2.727037283722621996e-01 5.854294517911665663e-01 -1.706164068512930065e-01 4.493281219729508558e-01 5.107563066108298244e-01 -4.456835523362164264e-01 3.721654225545358297e-01 4.517189046450389434e-01 -5.744329430657486579e-01
-1.276575529702199674e-01 -2.518487925866763621e-01 8.250865684731298333e-02 1.420739258042535702e-01 2.009526612169271476e-01 -1.048421134194440635e-01 -2.206051079026106199e-01 1.601085575282360507e-01 -3.694423006234259232e-01 4.265122362269965772e-01
-2.088329984854420118e-01 -3.557080635478988007e-01 -8.428586754051037386e-04 8.895304970423886792e-02 3.175202706183905543e-01 -1.453488179183489437e-01 3.212818794817416945e-01 -1.087437029503443425e-01 -3.520621327754551166e-01 1.176800237073127309e-01
2.179104732872197692e-01 -3.751917327534979307e-01 3.935987882066341315e-01 1.531946518520513612e-01 -3.957606996950170930e-01 -8.783090357412221688e-03 3.066605905828209133e-01 1.154156586931163742e-01 9.796974763280735798e-02 7.223998000892805083e-01
-6.141513297463629603e-03 -6.453333102930020049e-01 1.391536181877450207e-01 2.071981384927997494e-01 1.626389813503476278e-01 -1.152235251750814565e-01 -7.730264120741746625e-01 -3.526293209797242700e-01 -5.595561855964150677e-01 2.091498081122851460e-01
3.437199024684917670e-01 5.366463126124202537e-02 4.262307381992925040e-03 2.245643953454086184e-01 -1.304160298661738090e-02 -5.913503286776212731e-01 2.098897676778259391e-01 2.902642654112995435e-02 1.272207471038854787e-01 4.152003449769502419e-01
-5.192076767294696166e-02 -3.989438631092735443e-01 3.159083013442454679e-01 2.466852109796147663e-01 6.547903351590043108e-01 2.633047297184097982e-02 -9.022282050525703978e-02 -4.006797186943542588e-01 -7.906941330457034622e-02 -5.632082836101153234e-01
2.229921135567725088e-01 -1.223567447521702392e-02 -8.126696715435983986e-02 -9.039181108094608563e-02 -1.488812712175529018e-01 4.714001129507124910e-01 -4.209709538943154361e-02 2.453452224658770331e-01 -4.954962025149600158e-01 -2.906604192141793441e-01
-1.546351163981589671e-01 -5.025353425962546527e-01 8.963040348646325595e-02 -9.432492363130424995e-02 7.053429113405973450e-01 -2.491602400059199640e-01 -4.339074600909815782e-01 -1.429182514228570511e-01 2.074821926471068778e-01 1.882889621468542551e-01
4.426262230435351608e-01 3.385373446188632562e-01 -3.320525381007948806e-01 -1.409643613849861921e-01 1.236701684449264260e-01 -6.343464108627213660e-01 -3.436500678581829726e-01 -3.715719051817595875e-01 -5.145780911046656803e-01 -7.718378941449637043e-02
-1.419309041958913831e-01 7.325590218154907907e-02 1.632438929247634896e-01 3.837393623682004429e-01 -2.422626067528646787e-01 2.555077460709893056e-01 3.645228743920983505e-02 1.211627642899381317e-02 6.749557229636947431e-02 9.493343380040999979e-02
2.044543626542681958e-01 -1.469573761465860495e-01 2.464128644273607671e-01 -3.845284514850214053e-01 -9.400290768903284133e-02 -5.418772582956177947e-02 -3.673694595903948534e-01 1.588452355916790126e-01 -1.056557458119699866e-01 2.888837353295125587e-01
2.958486661504245996e-01 1.122810531715491278e-01 -1.768303037676369482e-01 4.477649513855082308e-02 -6.728178997466599531e-01 5.593707659241975438e-02 3.480354570970890515e-01 -3.796925433522811422e-01 -2.389271002281640466e-01 -1.006856186739969461e-01
-2.213920744651703618e-02 -1.566938825857201456e-01 3.468686262701258238e-01 1.275278724610245940e-01 -4.133224195120830946e-01 1.542088455494457222e-01 4.225124313692112804e-02 -4.426550061787352108e-01 -1.163121736907747894e-01 3.920785961946650633e-01
5.765354151052495824e-02 -7.661141725186192131e-02 7.692972676214129835e-02 3.485228326055974102e-01 1.634063756652927024e-01 -2.919716452216306601e-01 1.796625352664383557e-01 -2.414687724820596681e-01 -1.080740344484072829e-01 -3.910296958531184752e-01
9.067586791841210359e-02 -3.955077547073400646e-01 -5.538763116977454271e-01 3.568122005189461321e-01 6.010503121750802036e-01 -5.064150662151604282e-02 -5.416789370097820772e-02 6.861388054807179282e-01 -5.294519116396059211e-01 -4.079189663252941883e-02
-3.155617787314924927e-01 -4.416819707963380304e-01 -3.898984451557328534e-01 -1.916980597225732483e-02 2.905773053520998017e-01 -1.534845041396632470e-01 -3.668008445401824830e-02 -1.206446176086973521e-01 -2.118482740179815083e-01 1.771591930335344178e-01
-8.981159444548292292e-02 -3.097797902175951079e-01 -5.458881947034525256e-02 -5.243352170020408876e-01 -1.339727477432879343e-01 -4.801380301731199979e-02 2.616732648656039384e-01 -5.260120898663946942e-01 5.589640584967351389e-01 -2.215590662611792439e-01
1.172265422227935922e-01 1.428599564010432921e-01 -8.619165732339613417e-02 4.428804446019054541e-01 -5.864735026006551166e-01 3.214843685816592411e-01 2.147539108798646457e-01 3.650209968965942298e-02 2.879921623472270209e-01 1.394421009423673918e-01
-5.756538441570317743e-02 1.040764319251822195e-01 -4.223599269114392679e-02 8.059697948267861012e-01 -1.240787143870107495e-01 -1.246342954610301229e-01 2.739716237774071361e-01 -1.756980669249977589e-01 -2.754762901509363315e-01 3.724542153604500916e-01
2.703827094012853371e-01 -4.653597211510517723e-02 5.097307146925622590e-01 -1.177769497811625848e-01 -8.807424357566333642e-04 -3.932481567101824838e-01 1.150122293730392597e-01 7.057456386979137249e-03 -3.032993638238613010e-01 -1.538866355023794652e-01
-9.831614294598907400e-02 -1.465399798393132169e-01 2.465014906638663406e-01 1.467658011513053307e-01 -9.301789201519426731e-02 2.123196960128799216e-01 -2.070131672259083178e-01 1.704872859824027864e-01 2.361285868758062623e-01 5.269343630233116471e-01
2.377802042802661942e-01 -5.033866745663728715e-01 -2.238671109119818869e-01 -2.371416284583294232e-01 -1.815210320091083240e-01 -2.858752667088559352e-01 -2.906506219444829897e-01 -2.233264011258072890e-01 -2.867461939765972856e-01 4.764131280924977507e-01
-1.227634954984453408e-01 -6.620936264272150318e-01 -3.522452104884682966e-01 -2.300724689605966877e-01 -2.819323065176499998e-01 -3.324209460406670757e-01 -1.820132016972474120e-01 -4.929474114858182210e-01 2.515791782114267794e-01 4.985634748059821209e-01
1.076520191407684540e-01 1.313230829840879299e-01 -7.958326260828342547e-02 -2.146049619900117500e-01 -1.798675039735623260e-01 -9.079086157338454866e-02 2.877604444328277222e-01 -4.184488948338413450e-01 1.187487151712581790e-01 -2.291601324381525515e-02
3.550768601951871661e-02 1.412032640175912290e-01 -4.135867109596252228e-02 -3.293934052892738551e-02 1.156206518590592175e-01 -1.489211803920977018e-01 1.115422759746031722e-01 -1.520376811987373955e-01 -5.777898141111679209e-01 5.774024317160678654e-01
-8.198946301519229041e-02 5.060275521545887223e-01 4.996646368232272040e-01 -6.402721273853378969e-01 -2.272866888451729461e-01 1.003941191506465963e-01 5.186779061886285236e-01 4.581742871220531588e-02 -4.268464080776284142e-01 -7.855828980465521735e-03
-7.031143295044965658e-02 -1.804553251303916139e-01 1.088724473312066912e-02 4.200198781349658711e-02 1.830901873984115691e-01 2.423843852424765466e-01 4.072190136061126231e-01 -1.230203619519254499e-01 5.979595377824935970e-02 -2.138678292560390048e-01
3.086574975387237907e-01 -7.274897745099331847e-02 -2.232211031368572240e-01 -2.651076348703977903e-01 -4.940515536250216465e-03 1.303015580152101227e-01 -3.463676955015900227e-01 3.078854827375092640e-01 -2.004735696589876603e-01 3.263959051684722887e-04
-4.148871848860760658e-01 -4.847424239171990168e-01 -7.646106343537747430e-01 -4.911410483145238204e-01 6.912580297116549533e-01 -2.766485748260510968e-01 1.606295559887990498e-01 -2.085365737940072794e-01 1.390277366154252514e-01 1.434171053012149866e-01
-5.267911267474385643e-03 3.533227635389153409e-01 -4.028776358387448631e-01 3.214257848672080059e-02 -2.572898635322002914e-01 3.347114733728517311e-01 -8.590605827177995313e-02 -3.849945946952235687e-01 -2.213001409523579835e-02 1.255534715983035454e-01
6.693939689342007782e-01 5.677825988488200554e-02 4.491675675320320194e-01 -9.747105575962168589e-02 -3.654472723299634906e-01 -1.324874066432212283e-01 4.753435563600670322e-01 5.523078478810017344e-02 1.577859581547251533e-01 -8.140677712424945200e-01
-5.705400590104722225e-01 -3.842874888336402228e-01 -6.096056977890559198e-02 3.432341719051789641e-01 -3.627113765269067425e-02 -4.239267014084175354e-03 1.889183825284121987e-01 -9.945071491239841910e-01 -9.592980319602940897e-02 -3.175902239768048085e-01
2.091641860643318751e-01 1.179751779680342644e-01 1.406473048815672089e-01 -7.607107641805155307e-02 -1.895176067760940830e-01 -5.669560586695922451e-03 -5.503466030461190428e-01 -1.119863930320890710e-01 -2.073133438026062425e-01 -3.364699100040302038e-01
1.047677542493638675e-01 -4.516150552853893940e-02 -1.052294350053835509e-01 -2.323880366923706253e-01 2.188950531002280264e-01 -4.677605892287876044e-01 2.237736684855215763e-01 -5.324644304027322805e-01 -1.337427980392052462e-01 -5.767698806746629492e-01
-1.842557345271725322e-01 -1.609026446969579194e-01 -1.327720804216250550e-01 3.810429694340135352e-04 1.281123131767201717e-01 2.892640201067898098e-01 -4.584849467632319264e-01 3.442630755428459643e-01 -4.158463761946474824e-01 9.818003815893355801e-02
8.864974088894901627e-02 -2.619524702300872754e-01 -3.049386522921715970e-01 -3.798157392965482160e-01 -2.923810676633081806e-01 6.401090967856855329e-02 5.745799374793814085e-01 2.572388282065290674e-02 -7.208262740705555227e-02 1.379047945015119403e-01
3.112859100683591090e-02 4.769350297716014320e-02 -1.591137353565401924e-01 3.424486370396180313e-01 -5.181649429692639086e-02 9.773188251715812791e-02 3.606019511109578857e-01 -4.006449257285178422e-01 -5.514834722359298613e-01 3.775150236505401408e-02
1.244664916976932489e-01 -4.730313713936710185e-01 2.978898586621348682e-02 -4.549855481306924743e-02 -3.057752717590019320e-01 -4.291454375861530196e-02 -3.967590224759797723e-01 -7.816195307942006010e-02 -1.776417404831048819e-01 2.709913463971148906e-02
1.930679453850148997e-01 -5.293219096550628722e-01 1.088275259771549625e-01 -4.004757033568302760e-02 3.277955172662063710e-01 -1.450936716925317893e-01 5.388509765211081659e-02 4.392171604966799148e-01 -5.958938676659854272e-02 1.405925758388761604e-01
-5.354239017761046604e-01 -1.956271388900250423e-03 2.712687696967504003e-01 1.785922080120950772e-01 -2.695856723058211862e-02 2.086830490798579352e-01 -4.712568607787155361e-01 -1.769940262905165401e-02 4.443735815738123485e-01 -5.074021820669952776e-01
4.129635603828388235e-02 3.375356882567039918e-01 -3.310152939784542503e-01 -1.255494318251843266e-01 -6.655115161555332781e-01 6.519176552185997897e-01 4.539201509904999821e-01 -2.297553074892769998e-01 3.970381150594900349e-02 6.142489474966937417e-03
-2.717560540879474518e-01 -2.728818686522343495e-01 -1.106960209219530998e-02 5.458198154544583597e-02 -5.209825917948767149e-01 -1.024719836249184529e-01 -1.688291742332028722e-01 4.933224902726048855e-01 1.218603671938719019e-01 -3.985066828801110406e-01
-5.117254384547486046e-01 1.971233094636370142e-01 -4.826189581945473650e-01 -1.438138402232375379e-01 2.183175253675157801e-01 1.226281998658119293e-01 -4.070947770053594539e-01 2.266266627606235706e-01 -7.048861898333924625e-02 8.257614138824746763e-02
4.504818323022192761e-01 -1.898937979137712839e-01 1.786474957967343902e-01 -3.705760152779022376e-02 -3.307581971588882674e-01 -2.420938685402146406e-01 1.247679756345494440e-01 -1.388209043145369748e-01 -2.136178050612602963e-01 3.816570393075465750e-01
-2.609297145094769399e-01 -9.359968335008047105e-03 1.743175121042505049e-01 3.010035623702190799e-01 1.057056185029020962e-01 -6.851828393962884622e-02 -1.011032072331819048e-01 -3.129562620462194439e-02 2.554721627478971288e-02 1.332096808908529995e-01
-5.262320325915675889e-01 -8.646339947428163808e-02 1.805333346336522593e-01 7.364173803084085590e-02 -1.729475629531063707e-01 1.383516684392920859e-01 -3.516010596289089185e-01 8.963549737503145876e-02 -1.330675953636603071e-01 1.574336601022321702e-01
-3.477774121235871485e-01 -7.004165854707784522e-01 2.089586581239297469e-01 7.642069749245666843e-01 3.529488416301593268e-01 1.635916706787854391e-01 2.747019541453474267e-01 -2.517753675761068566e-01 -2.246260941934510591e-01 3.819494939313567428e-01
7.119296696976754601e-01 -3.323981835958184639e-01 -2.220247550464230987e-02 8.016690267069313813e-02 3.642653602707961458e-01 5.555262223816438416e-01 -2.119346464975342403e-01 -7.891664210588468509e-02 3.419417529474082923e-02 7.086277839365296982e-01
-3.527412027476130585e-01 5.079141876485638862e-01 -1.275588967842821164e-01 3.920314093510475772e-01 9.445811259308439876e-04 1.858947273496290575e-01 1.895247796290979725e-01 3.118836404722352129e-01 5.601463979638323515e-02 8.056598573222116533e-02
-8.626066810262610074e-02 3.941920247124953147e-01 5.331152269041175007e-01 -1.490608794795009184e-01 2.108925960518088713e-02 -5.877138447092995488e-01 -3.070846810382675263e-01 -7.695274728904563655e-02 2.883370989185843336e-01 -5.934401502059555300e-01
1.659397619676659941e-01 -1.603655997707198744e-01 -5.538125870406997997e-01 4.545805793627903831e-03 3.062451124804809258e-02 -3.592415925514707009e-01 -1.922015998080136012e-01 1.082917884807312742e-01 -4.260302986202471609e-01 -3.010374463548109447e-01
-2.653362022890679572e-01 1.955371212020333704e-01 3.280204311428243369e-02 -3.725275279383805649e-01 -9.574249264154083283e-02 3.327713341039448824e-01 -2.591731021454736772e-01 1.250713326737586464e-02 -6.185534961377957969e-02 -2.748617367983640647e-01
3.116749206588088628e-01 -2.239764336840766590e-01 -1.463670205454781492e-01 -2.582458744542160279e-03 1.925607777810376675e-01 -1.242998414764489024e-01 2.769322336557604736e-01 -1.057581086200532622e-01 1.090959678412214695e-01 -4.280594472851407400e-02
-2.068910364695376522e-02 4.890697638574438844e-01 1.073407989961647768e-01 7.342838668363989990e-03 3.569129481906549994e-01 -3.329316758452978142e-01 -4.155572895500712627e-01 -2.828433502773643540e-02 -1.113342613758937227e-02 2.496658031892981522e-01
-3.060408830685784620e-01 3.450925512021654762e-01 -1.205351564523476499e-01 -2.149545144063096380e-01 1.563998529437859719e-01 -1.171029089457512190e-01 5.859711939655529722e-01 -4.262526878122927659e-02 1.363189396714538926e-01 -3.464474601861805003e-01
-2.874825514182591801e-01 1.787530269697050478e-01 -1.662261540762616230e-01 -3.114044069879309262e-01 -2.183147393721282803e-01 -3.228890256869391129e-01 6.325148584221442771e-01 -2.160790733060811708e-01 -1.960947618806527515e-01 -3.676801298762418235e-01
1.146001811604654558e-01 2.420993334488226369e-03 2.746311068160782187e-01 -1.277008929437958851e-01 -2.656453027052571580e-02 -7.628144386868833393e-02 -5.260264409364057842e-02 -4.150973643581543776e-02 -1.832440038655806513e-01 -3.872940595244068196e-01
5.805673425636896645e-02 2.644821870635038485e-01 -5.165157762194725333e-01 1.052818217124342620e-02 -9.971864837064338405e-02 1.611434184327408536e-01 1.300929572749569552e-01 1.568142215059680766e-01 -3.957717371739054996e-02 -4.049325229024481887e-01
-4.197141649449394607e-01 5.289975492176072214e-01 -8.081752990404734993e-02 1.006696178170385231e-01 1.464352531934648427e-01 2.312856201954892610e-01 2.471832587894153554e-01 7.894669857737912633e-02 -1.411800463593375354e-01 -4.599419969999093277e-02
3.872819143065766023e-01 -1.502962720374705031e-03 6.215409256694589546e-01 -9.294978473794364426e-02 5.610483484760928619e-01 3.154587041944091896e-01 -7.103419132214630616e-02 4.150889437514219127e-01 2.530124547857033335e-01 -5.992213995359254447e-02
-3.177933903190245379e-01 3.411432764691316177e-01 1.736421255505763983e-01 8.207415839077084052e-02 2.335649002066391700e-01 -6.346065030931481443e-01 2.984526146388290502e-01 4.043288150099614842e-01 8.245481040877093715e-02 -2.877467992337132685e-01
-3.238062607827577738e-02 -3.300479141684401485e-01 3.587813545791888881e-02 -2.291092619734504954e-01 -3.094254368958479495e-01 2.331502578382010915e-01 -3.319216620077420909e-01 -3.953374088312170964e-01 -3.360229458012929937e-01 1.848165427019806961e-01
-1.595739275141653257e-01 -9.762932582835671946e-02 2.823847430278679793e-01 -5.721135194863032902e-01 4.003440641483460571e-01 9.400057850184560804e-02 5.156513861908341295e-02 -4.024221558084310479e-01 -1.444752235258073558e-01 1.164698670233373264e-02
7.227533629673149607e-01 -3.819258211199607622e-01 1.638955893327429247e-01 -3.857993659363638250e-01 -7.449667832915810028e-02 2.991699219821179478e-01 -2.767102000794999586e-02 2.197701178986269932e-01 -7.131464474657834840e-01 2.002433034468393755e-02
2.766425625921688503e-01 3.017372662765294145e-01 5.892379692814883607e-02 1.942586730391533678e-01 3.426538018506985334e-02 1.314705156609521086e-01 -6.245274260616989065e-02 7.689108365394549741e-03 -1.490343186232823969e-01 -3.821913817773402999e-01
-9.146188270278772514e-02 2.001162650449692382e-01 3.335503004378059105e-02 -1.979249748739330128e-01 1.748893144056128945e-01 -4.204957077563072770e-02 -1.483158894952472662e-01 -3.372921025237450299e-01 2.071278619497595730e-01 -1.110095074363781076e-01
2.243341122789735131e-01 4.278059790706494891e-01 4.621547255275011423e-01 -9.067672466491617789e-02 1.478191483337282508e-01 7.569651557636921657e-01 -9.301056942970435670e-02 -5.347389167231084706e-01 7.254805078365865467e-02 -8.126883022190435624e-02
-5.443570507427656358e-01 6.539813993649414015e-02 -3.601702168583574282e-01 2.101255727593502043e-01 -5.327543256537613514e-01 -6.880046028488785437e-01 5.129574222516789517e-01 1.867215514705866108e-01 2.763151630529982472e-01 4.918870677760797672e-01
-2.227631183664927350e-01 3.398497405109939251e-01 -5.946607562054461171e-01 -1.472495150462482527e-01 1.470772082045907203e-01 2.972190166063451988e-01 2.359900106366834838e-01 1.732258789267238086e-01 -3.505513297905473724e-01 3.991773299467867298e-01
-2.021064026469001837e-02 -1.030418671814461035e-01 2.139891318159373723e-01 1.567947968812782589e-01 7.948506069563332499e-02 5.419571111373543415e-01 3.566418761009271798e-01 -9.422665849295193408e-02 -6.359335279939010155e-01 1.124495875239266661e-02
-3.457924283804643673e-01 1.525228942903130141e-03 -1.381792887179942586e-01 -5.905867464270296852e-01 -4.395888155180974199e-01 2.131964158042798096e-01 -2.500003879296246526e-02 -2.913315203377818685e-01 5.595709615120282761e-03 -4.917780290378861441e-01
-2.357853213565904993e-01 -1.297128520408963662e-02 1.266990921817567617e-01 2.691784067605551001e-01 5.938273083814502029e-02 -3.663622081549285925e-01 2.207627211724539074e-01 2.098988027452269034e-01 -3.698903790139920766e-01 3.156357990900013899e-01
7.528940719947430082e-02 -3.193128987154822962e-01 -5.589156318771577592e-01 -2.003932474723762736e-01 -3.094201615539463601e-01 1.018468484154217008e-01 1.681860475283008249e-01 -2.111920179151489663e-01 -2.278276425539312866e-01 -1.628014142279182452e-01
-2.227075006392389145e-01 -1.559755724465278492e-01 -1.134513199434020042e-01 -8.101937116365550695e-01 -6.847454508738608746e-03 9.246243128041826964e-02 2.093449127243006760e-02 4.691375156557677784e-01 2.009031015749259963e-01 -2.175689293401238955e-01
-1.827727783219828817e-01 5.805835349753515201e-02 -3.273912077110160967e-02 -8.048872310122567875e-02 2.542400571806624487e-01 -8.737075920153002107e-02 -1.220794106614049856e-01 -1.244158531310729648e-01 -2.019144530928760894e-01 1.040721177922159651e-01
-4.589863301042432925e-02 -3.202811029966306511e-01 3.034255638831869217e-01 1.752723529652929213e-01 3.433783294922703733e-01 -1.713325503458194010e-01 2.494759604302940748e-01 3.150293277620052623e-01 -1.126693115933026339e-02 -3.356907599569746159e-01
2.514516483763672983e-01 -9.696550909248362327e-02 -5.170446674693917055e-01 4.090794434392652779e-01 -8.543584384165603396e-01 3.016850378272250000e-01 -1.002488613316644128e-01 6.106086775670638983e-02 1.873268777646548144e-01 3.577945847969475346e-01
1.176424909389576917e-01 5.734169847863698211e-01 9.250596153859381998e-02 -1.434063639564608916e-01 2.545321984105052837e-01 3.298285129767420387e-01 7.141372582710622252e-01 2.181520768346612849e-01 -6.407756070837731244e-01 -3.525842715537038652e-01
3.958133044632900638e-02 -4.244249117304949581e-01 -2.200498734650388200e-01 1.317074588931795021e-01 -1.468735620489019789e-01 8.297846357760143565e-01 -6.382310675864510952e-01 2.764531783527546804e-01 1.129022516161802547e-01 -1.983721362582534509e-01
-1.505133047566481752e-01 -1.001107590170803446e-01 -9.233222693143523785e-02 9.484851409260999788e-02 -1.717604517332093350e-01 3.653325421022760727e-02 -6.631883932574446083e-01 -3.922666029468016013e-01 5.217887234063760954e-02 -3.970165748106714854e-01
3.295833384505941072e-02 -1.957217941248836357e-01 2.282724685618768290e-01 -1.539254636291749190e-01 -2.944889973268924321e-01 -4.963579810169056472e-01 2.737015873947218902e-01 -6.828285563037679307e-01 -8.449001794164211487e-01 3.121592229252619366e-01
-2.089626583959064976e-01 -2.242348235150829205e-01 -1.266447763477587807e-01 2.273058187445088363e-01 1.658371694051992418e-01 2.127343200571735760e-01 -2.480922958489849006e-01 -2.990507022076173416e-02 2.204230146803545787e-01 -4.183781854506516962e-01
9.804578244148849653e-02 -3.609968057995245894e-01 -3.881138731701352929e-01 -1.109009882637584411e-02 -1.753313711605206937e-01 1.283330411853999820e-01 -1.529091251891589454e-01 -3.397182371872019546e-01 2.662961929019359020e-01 1.868156369598889255e-01
-7.742467588418736057e-02 -2.617382332132747735e-01 2.033924982611208798e-01 -1.539571593999587984e-01 -3.885724632118078281e-01 1.475109163482084262e-01 3.116426145710056161e-01 1.086933314833911784e-01 2.975814871919097576e-02 -4.604527101334201511e-01
1.869350521767846052e-01 2.971489166869512588e-01 6.078896334292475112e-01 -4.403273639408860490e-02 -3.499362087560105583e-01 -1.751622495903424337e-01 -5.889166843456103972e-01 3.653754409704806916e-01 3.547167404225552434e-01 -9.615479300396378992e-02
-3.340802477162259643e-01 -2.753495554068925988e-01 1.077768721571491922e-01 1.470794537863780171e-01 3.919201230747178522e-01 -2.560092983801166566e-01 9.042425919275318691e-01 3.176929290753867652e-01 1.893568438387226160e-01 -2.223220739429412809e-03
1.409286316927639560e-01 -3.512204329005033099e-01 -2.198324448482928128e-01 7.789681245970965229e-01 6.085807828928392338e-01 -2.117803729224096432e-01 3.884260476555976282e-01 -3.786638594050451556e-01 1.966968844673814554e-01 -2.330633459758301163e-01
1.219186471868951988e-01 2.475286612303103650e-01 8.752140914998579602e-02 6.125803605745727687e-02 6.584183198839015094e-03 5.557972777233768230e-02 -3.619825323082647150e-01 1.116849110388018901e-01 -1.809336588665635681e-01 -5.123025978626760679e-01
-1.804849503508663966e-01 4.152222166947491244e-01 2.768461553871228720e-01 -1.296181273851428062e-01 5.205608363664174926e-02 5.213861150084885265e-01 4.997460944745321480e-03 -3.956786397032756586e-01 8.140916068532162431e-01 1.455903886555990137e-02
1.363828313139944966e-02 -2.738477097351207923e-01 1.229716858984470362e-01 6.148721519884966513e-01 2.857116708398375615e-01 6.106163474815327064e-01 5.609559691877597648e-02 9.392907347234827342e-02 -1.927546225104928845e-01 2.122193636459818178e-01
-7.683618449605841838e-02 -1.458196513408216988e-01 -3.471886649723577301e-01 -3.418940945192950331e-01 2.153050758303058365e-01 4.246220369459253741e-01 5.869880468676160756e-01 -1.566087632434666824e-02 -2.284283361869569595e-01 -4.248046445513827263e-01
5.897758487316850928e-01 -4.189309326315057702e-02 -2.575290112852017810e-01 -2.453735118277362293e-01 1.472794089447933552e-01 2.590947102516638623e-01 3.020972219088035454e-02 -9.790281300807621157e-02 -1.094321840371346166e-01 -5.271393818934847486e-01
2.610584728510158548e-01 3.822267376914347259e-01 2.092093255137218999e-01 7.564246615142342089e-02 3.183529025580805194e-01 -1.811510262086061807e-01 -4.064857024663505181e-01 -5.881711443320202654e-02 -1.522339654522137653e-01 4.376683804879474837e-01
9.666449387425538053e-02 2.532723794630951653e-01 -2.177115251751010339e-01 5.640947458905643669e-02 -1.677367087871683704e-01 -4.610656018683171875e-01 -5.454249371184345385e-01 -4.044867862917426171e-01 -2.915453174071126058e-02 -6.947961508572703115e-02
1.240572868902750092e-01 -1.561496630699614821e-02 6.456306281192870922e-02 -4.456070109506703458e-01 -1.686067003743909887e-01 -5.483483275191910478e-01 1.938379457480122192e-01 6.761909498659557372e-02 -3.405477337679718025e-02 -3.023961925580898602e-01
-3.705562413927875887e-01 8.007301945993900924e-03 -5.035164277331399818e-01 7.480398163441127901e-02 -6.261918822897073744e-02 2.551908090145483254e-01 -4.217562650855812278e-01 -1.267265037982839848e-01 -9.235063788690979492e-02 2.920899998595500313e-01
4.897585590457139149e-01 2.038285696101330979e-01 1.083783145841285961e-01 -2.382549513124495588e-01 -1.779816340017437992e-01 3.236076387893856987e-01 1.748885145222835447e-01 6.906588931579927815e-01 -3.281444143481533904e-01 -6.828147712258968438e-01
