-1.286915782610399361e+01
-1.298112790992221299e+01
-1.493816270038826843e+01
-1.235702529580906806e+01
-1.541683790459411263e+01
-1.241481226219429068e+01
-1.540315983019945634e+01
-1.093568079150966454e+01
-1.006696613864331269e+01
-1.142593047809883799e+01
-1.219530373090354658e+01
-1.420946914993864674e+01
-1.190123002695708010e+01
-1.239030200269913706e+01
-1.214608958670685546e+01
-1.114506616570321107e+01
-1.440170003020534928e+01
-1.359167032168554101e+01
-1.271230560378579177e+01
-1.052440147518752411e+01
-1.377066011605435847e+01
-1.442285698367060753e+01
-1.339429628211443202e+01
-1.495632719117165088e+01
-1.228772973787824796e+01
-1.360083712656541799e+01
-1.095171791463206112e+01
-1.274318864957291275e+01
-1.467615396389214055e+01
-1.318748040757269813e+01
-1.571778938727152664e+01
-1.556388210399103933e+01
-1.518662601923749378e+01
-1.417148237018217216e+01
-1.319664866057412489e+01
-1.289334474153281995e+01
-1.219781184800642215e+01
-1.436852693712961937e+01
-1.399181823295990945e+01
-1.612868633497169668e+01
-1.205718139721982318e+01
-1.428523722171115296e+01
-1.539726569697098313e+01
-1.045065648341295628e+01
-1.458948325849252470e+01
-1.328581957227677002e+01
-1.546546501824955477e+01
-1.045815156099485677e+01
-1.133029168919024166e+01
-1.435561665693825617e+01
-1.297698133330730030e+01
-1.544768674088591176e+01
-1.571971670825110934e+01
-1.265798412795176731e+01
-1.131034846122716075e+01
-1.322235660052300332e+01
-1.278918330211906351e+01
-1.417626898684396508e+01
-1.678785225667968461e+01
-1.383127777319958618e+01
-1.402418018699427726e+01
-1.305964299417558294e+01
-1.570141174433403819e+01
-1.227187496804681111e+01
-1.322203777035411143e+01
-1.412028923466239938e+01
-1.100075524975205532e+01
-1.547427635967951076e+01
-1.379820879857815186e+01
-1.291686518416615570e+01
-1.321564457133873027e+01
-1.257144631820651526e+01
-1.531593839259414835e+01
-1.422566749615857162e+01
-1.298610158705140094e+01
-1.320374877937834057e+01
-1.147690577104819631e+01
-1.051491732365242804e+01
-1.093886629927245124e+01
-1.513685874571384105e+01
-1.285410344597434573e+01
-1.468663340536266837e+01
-1.167183623191718844e+01
-1.054035517139686640e+01
-1.280242575446086128e+01
-1.225969983055978219e+01
-1.409581299625677708e+01
-1.135922036045867323e+01
-1.378658104382252780e+01
-1.234273813196105962e+01
-1.600532378483744367e+01
-1.548389508616884136e+01
-9.707836117745687332e+00
-1.305317365051731926e+01
-1.373487769983270468e+01
-1.263831566218454405e+01
-1.391027718381126199e+01
-1.470270851824912661e+01
-1.177753652370287085e+01
-1.105001594063132231e+01
