-5.409758458445299567e-01 -3.968241709937287420e-01 -2.361242323180980929e-01 -9.283870775817464061e-02 1.112866965636360117e+00 6.728543950268430773e-01 -3.572269571752157424e-01 -8.548017204214429787e-01 5.186049099449933086e-01 1.110488358493499028e+00 -3.718145941312324398e-02 2.173317245093566163e-01
3.286506965557380311e-01 6.497110152340581646e-01 1.662310882268235035e-01 2.950775877016528770e-01 -1.519485259161470481e-01 3.722444029082754846e-01 -3.092355860598118289e-01 -5.279449140496946802e-01 -7.150191550707904811e-03 1.074372803856071673e-01 -3.165634738802686199e-02 -5.271139754425737678e-01
-3.940178902799287286e-01 -1.649957088115376891e-01 -1.159361832030261885e+00 7.065818673385115822e-01 -6.070893152109275714e-01 -9.063090749999497264e-01 9.216955222113955015e-01 2.560202209017359287e-01 -9.433958288124744129e-01 4.126100740547071211e-01 2.623405788559225391e-02 9.496661255315212991e-01
-5.281130788689181177e-01 -1.325191897690755904e-01 -4.021997729804466931e-02 4.396407659858901362e-01 -1.293739711940611603e-01 5.186702628598248710e-01 -8.660812289015028531e-01 5.433106205236687067e-03 3.439679007593841042e-01 7.669121969891425084e-03 1.469698795563003868e+00 6.283152685622699352e-01
1.348617135125951272e-01 -5.668663271955690641e-01 -1.933874270003352047e-01 -5.756166999421206965e-02 3.661703449102848840e-01 -3.399390497790745203e-01 3.499690728241918736e-01 2.557974653342624805e-02 -8.358489087275571272e-01 -4.799401199285992514e-01 -2.648598719683523117e-01 -6.454122359935740016e-01
1.271639563701048442e-02 -7.158908143181370587e-01 3.288904947476426477e-01 2.762946981208134756e-01 -3.335073319511853152e-01 3.501956199110861645e-01 3.934200973063065598e-01 4.157957186626355384e-01 -3.115540607678943807e-01 1.863194200122208488e-01 1.619863379996533681e-01 2.902351864785370772e-01
-3.827618324982383635e-01 3.321449606640324292e-01 1.291565971217701258e-03 -6.610079089756685233e-01 3.608045871575057961e-02 -3.546776394929826437e-01 -1.879912704239396215e-01 -5.817967656969145196e-01 8.570373493304396240e-01 -3.435978376607894402e-01 -1.079240785653334811e+00 2.126125313051895616e-01
-2.765361522535426109e-01 8.984649879515659299e-01 5.408030831490245882e-01 -1.330004120157847192e-01 6.014815641737387697e-01 2.226441290553909658e-01 3.630890632235431181e-01 -3.391386655731672417e-01 7.228398033889800178e-01 6.844838804848509817e-01 -9.457265184492735788e-02 -1.678597660553451942e-01
-1.670050825506158021e-01 7.437113805829477231e-01 3.090123626924451417e-01 -1.811478754133169500e-01 9.680401507773862824e-02 1.274369258014660833e+00 4.684750101875991835e-01 1.983365791440578618e-01 7.134331439336551173e-02 2.213679814341012186e-01 6.586183689081587245e-01 2.452259317168676012e-01
4.457033527563646902e-01 5.228995008387956611e-01 -2.743974122102320161e-03 -1.704057974309847734e-01 2.873173237501835398e-01 5.826931285192977761e-01 -2.699106336440740272e-01 -6.521065169049999888e-01 -2.361246430346833625e-01 1.282534133237321239e+00 9.207103092890764340e-02 6.424066733929126860e-01
-8.948018508882765861e-04 -2.865906021643596646e-01 5.013860993511446047e-03 -1.031195678391699122e+00 -9.422912892371607119e-02 1.952957848116421147e-01 8.642822666272546028e-01 1.702735293207850720e-01 5.482439849212904504e-01 3.204627655539940001e-01 6.086945415546406446e-01 2.134059233191113736e-01
5.633597931217430022e-01 3.601559012441141877e-02 -5.338922573916156100e-01 -7.285106779589626269e-01 -5.432968064138721243e-01 -7.320746022187332169e-01 -2.826484963137436759e-02 2.759817996910980398e-01 1.895246491673077682e-01 -6.870242200899127905e-02 -3.398501565632679466e-01 1.175094954044258344e+00
-1.071542277958809353e-01 6.045497963372635786e-01 4.156552517040643657e-01 1.087889847596923004e-01 -2.917294277462728277e-02 1.056928128658328081e+00 -6.201143490733403152e-02 -7.507210102945683916e-01 -3.365920422807748280e-01 6.007332294930337602e-01 5.064079578052368413e-01 -1.219826370970815976e-01
8.515298952917508268e-01 -3.368767148762289998e-01 -1.802408470517677386e-01 8.973051737848812548e-02 -7.358372618303460344e-01 8.381434580710389604e-01 -4.452517306545972775e-01 8.168683889445882418e-01 1.061292587277208876e-01 5.690177324416555438e-01 2.041178013764351484e-01 -1.672107308788405300e-01
3.429084782707488288e-01 -1.665063432455170245e-01 -3.934758528160172131e-01 -3.556907673373390505e-02 1.188373480980689179e+00 -1.171810531027887237e+00 4.395209507655904457e-01 9.954250339446660822e-01 6.866752492372967974e-04 4.971545911051719058e-01 2.202563592879642207e-01 1.724055998061197470e-01
-1.913098597941476908e-01 2.909939011676211384e-01 6.295773928276213738e-01 4.907580191345180531e-01 -1.111930422803586727e-01 -2.511262762177365326e-01 1.499771188472321937e-01 -3.084289139538580748e-01 5.583742918555969492e-01 7.493308804793789857e-02 3.621616494978756040e-01 9.752788297077936708e-01
-5.374802330900201319e-01 -7.874368045145532791e-02 3.185990421321032162e-01 7.215183761794397022e-01 -2.081541142365176400e-01 -6.840602442804292194e-01 3.639111259881561838e-02 -9.271768005291285142e-02 3.826332116549305273e-01 -6.592211130379120876e-01 2.350228343952991961e-01 -5.660384578215603701e-01
-2.940309982617822504e-01 -1.888980520851916423e-01 -7.748524869569239915e-01 -4.717722852954822077e-01 7.971605478666662359e-01 -1.862286156199065013e-01 6.689777771433357278e-01 -2.682073768324679253e-01 -2.808128995633021319e-01 7.141274406628698168e-01 4.635585341312986607e-01 -2.231043857907161476e-01
-2.703386232961099700e-01 1.990466923072577443e-01 -1.231054716201873012e+00 9.367190551011228550e-01 -1.757970875227589103e-01 8.693531266762265508e-01 -2.712381545310474373e-01 3.448001625953298621e-01 2.531079446793069176e-01 3.210681217453307812e-01 -5.138904420572010939e-02 4.025700913656323210e-01
4.659766359428197946e-01 2.570524981872415737e-01 6.170802180480883248e-01 -4.038747115709593882e-01 1.553474415900373273e-01 5.307063045852451477e-01 -6.379422002323899277e-02 9.266900476991981606e-01 2.384178778705231816e-01 6.794270299114109068e-01 1.661521139734339070e-01 -1.628267794595975593e-01
2.700381913028413461e-01 -5.194263463892877519e-01 2.625209368461376216e-02 -1.842012900334355843e-02 -2.428311839629139213e-01 6.144867809725587104e-01 -2.909584485047577163e-01 -1.764140858885947793e-01 2.103616095884537282e-02 -3.167066533097577796e-01 1.275183906701353176e-01 -1.172133577471123761e-01
-1.418069051621368218e-02 -9.707641275888275745e-01 -6.472589622705321455e-01 -2.436590429607938812e-01 2.983413305035857999e-01 -2.922576470559884454e-01 -2.333501340119223944e-01 7.603464171950609085e-01 -6.784987176972165912e-01 2.506778438038985701e-01 2.597009374802879220e-03 8.399888658971772504e-01
5.786631448465410221e-01 4.818752661600219506e-02 -6.006888222569972680e-01 1.238041045004846380e-01 -3.404026977692506395e-01 -1.881012792941519352e-02 -2.493102515466116276e-01 1.383587325511530242e-01 3.108311479419742073e-03 -2.579710703189638799e-01 2.845654832909054188e-01 1.080379233658718685e-01
3.567573682310851702e-01 1.740444266534097173e-01 -1.566314388070902508e+00 -9.247625296982526777e-01 1.086084161369383488e-01 8.736229897931457877e-02 -4.313150850297418626e-01 6.907836507742284304e-01 -2.711529370772012282e-01 2.475324939508784794e-01 3.113918947305317486e-01 -1.852430039268979922e-01
-5.779742114459096580e-01 -1.356914675216069621e-01 3.903775220862134021e-01 5.057041133829928148e-01 4.316621946619059874e-02 -8.066942412821697106e-01 4.736061634382784380e-01 4.013012353292648160e-01 2.115577023103366594e-01 5.284842596926737218e-02 5.159013019565681507e-02 8.051858049201607859e-01
4.700045268963515821e-01 -7.303219730833309109e-01 3.038148262110119124e-01 1.411182274238265422e-01 3.258509262422947805e-01 -5.731115014197899482e-01 2.681398394785602379e-01 -5.301961483181205637e-01 -4.235081985562588747e-02 1.974039640318437927e-01 1.834924324695500208e-01 -2.510946193151177286e-01
9.058049513652070839e-02 -1.694029783956947088e-01 -2.770041888525663909e-01 -5.209423364865977124e-01 3.484542297593374305e-01 2.148153056517015935e-01 2.594470986807896340e-01 1.492192542933464816e+00 9.079721784518369754e-01 2.546300270979278690e-01 -1.005462496662250516e-01 6.392567488108925611e-01
3.758081473470359923e-01 2.708635015707064331e-01 1.510708993743025363e+00 -1.901099150445491881e-01 -7.910756693689602326e-01 -2.004255299478274466e-01 -1.881718662430251487e-01 3.653287853788498851e-01 2.079856913054675682e-01 4.608600706432307015e-01 3.228865987750515476e-01 -8.952817812305714495e-01
8.273766378749941586e-01 -5.015124875540606375e-01 3.441992550935610851e-01 -8.092700903834748605e-02 4.111417728119464154e-01 -5.278040631780308578e-01 -1.888381626767372257e-01 -3.208136164759685660e-01 -8.390109821423951120e-01 -6.103550581986489920e-01 -2.469120765913613291e-01 3.324928811890573987e-01
6.902935263039144953e-01 -3.195915738644029142e-02 -3.325138219063101253e-01 -2.117012434517486774e-01 4.792726093935466558e-01 3.515749977935860027e-02 -3.249498850704844455e-01 -1.830068506795605177e-01 -4.151054903359413517e-01 9.556735536061265746e-02 -3.302783022963981518e-02 3.058778043540046343e-01
-4.367811792075215055e-02 -6.200901596155905526e-02 4.202760215103675812e-01 -6.582666419084802767e-01 -3.595230269594577033e-01 -5.404496053764822339e-01 -5.065955075599567342e-02 -8.488474748526264602e-01 3.638158806648716936e-01 -2.400788817390654140e-01 -5.842528174034991029e-01 -2.125240464667018936e-01
3.000751814581376076e-01 3.325538407525123197e-01 -5.347155123386942988e-01 -4.900094352901891714e-02 -3.418656714757403181e-01 -5.984146182015592785e-01 2.575344327173659797e-01 5.056129097837674946e-01 -1.785301795703385930e-01 -4.308400816196690242e-01 -1.408304550877967687e+00 -2.770581703892009973e-01
-1.027847730937909931e+00 1.334161242364905187e-01 -1.646008613628141548e-01 -3.179470736333251946e-01 5.057371233070170335e-01 3.676235142706339443e-01 3.038850509500565789e-01 -4.603116384498029956e-01 -6.690090015940046431e-02 -2.371306095327783692e-01 -7.851920577815094671e-01 -3.362972008311279071e-01
3.435558681290653005e-01 2.708192507607805055e-01 -1.732729852814036686e+00 8.906484127068997614e-02 3.462570886501157852e-01 -1.704419660175242601e-01 -5.046449468859089960e-01 -9.233842843471455619e-02 -4.468112923894118627e-02 -9.852868508409508286e-02 6.635779472286280622e-01 4.802833151853999061e-01
9.736053503522421604e-01 -2.894399240587182121e-01 2.057263513586659459e-02 1.377922769830663141e-01 1.508763894334943720e-02 -5.653447937759283060e-02 -6.000246420778854867e-02 -7.457595172518428628e-01 2.689645569160769578e-01 -5.031510325384465354e-02 4.435083278923083738e-01 -3.765361425887231439e-01
2.581307568896151206e-01 8.948392154746609428e-01 4.247808725723800638e-01 -5.845234458516571086e-02 -6.605200017935508594e-01 -6.615032251944107100e-02 -9.085894804913667855e-01 4.305503532551725465e-01 1.593299770358144463e-01 -1.827340609551056372e-01 -1.541149092298357837e-01 6.356687373538024710e-01
6.160409013846288029e-02 -3.466993377574733581e-01 -3.879916197882653517e-01 -5.168257725146996329e-01 9.666920940991610700e-02 4.879255694795880949e-01 7.409834582857365293e-01 5.233098167443277493e-01 2.419736732389890232e-01 -8.133361397289136374e-02 -1.467951557179432431e-01 7.042721112686066709e-01
6.172641410442671894e-01 4.392672707026164525e-01 2.257742148034612428e-01 -1.131431586481407070e+00 -1.528271506575473171e-01 -6.124415549701518469e-01 -2.795010673551636543e-02 -9.382182670261280943e-01 -7.409003423613730321e-02 -1.576517506448100459e-01 6.052787541904508517e-01 4.040191966208853125e-01
-7.727451335013187095e-02 9.040342321202381459e-01 -1.173332969912204427e-01 -9.261957699458689408e-01 5.345119564242220012e-01 -1.104753037303956020e+00 8.247207622339199906e-01 -3.462835844590950174e-01 1.530207784967373141e-01 -6.811997226858873891e-03 4.015870979254639872e-01 -2.832106563825094736e-01
-8.606460242140119288e-01 -3.367598304875503712e-01 2.426807964303339116e-01 4.654735326353214298e-01 2.452828408543515637e-01 -2.485701673146718804e-01 -2.827951220980474134e-01 3.966354221805443170e-01 -1.121458160631487289e+00 2.206954942014895393e-01 -7.349346432848405941e-01 -9.373993850557325036e-01
1.387110943532985086e-01 7.163623838058210680e-01 3.654694711501321192e-01 -1.501276561138756849e-01 -1.536208013866580402e-01 -1.309720890494175671e-01 -2.487883649839186528e-01 2.388351256100565700e-01 2.226855075868293954e-01 -1.970410631879802588e-01 3.919389840833448768e-01 1.714952322561436870e-01
-9.302624018026974806e-01 -7.754730806804692733e-01 -7.264787410789295130e-01 4.521566082601480852e-01 -2.084255692129929199e-02 -1.820008768649705733e-02 -2.457398970082819711e-01 4.486834501774294437e-01 -4.724062303357208226e-01 9.232429463279006043e-01 2.226652089468832418e-01 3.922764716532403106e-01
-8.124011487130045062e-01 4.055495849108479711e-01 -5.870267049537105652e-01 -1.211221298260938495e+00 -8.326122555294643846e-01 -1.168910242787900983e-01 5.424132870944027296e-01 -4.166899487618343501e-01 3.927403306050150089e-01 3.287543995899773197e-01 4.358387860561580562e-01 -1.700116577757954384e-01
4.642274605228982054e-01 2.275968479973384251e-01 1.194569762006595370e+00 6.850372097799509730e-01 4.582246216777810521e-01 -1.790609541590687248e-01 -1.555641705678516284e-01 5.979306518866712300e-02 -3.874313803075926099e-01 8.154125197269813663e-01 2.100078741308941330e-02 4.043926956326463484e-01
5.802561500627753110e-01 -3.345557793644208244e-01 4.470285597788267729e-01 -4.604763611969300841e-01 -3.289138722275565252e-01 -2.804353576357276334e-01 -3.528205656482746311e-01 -2.186386035094658731e-01 -1.454996541973993862e+00 6.421122540066427353e-01 4.414015803480754174e-01 3.696162495455147523e-01
-3.578496911654442392e-01 1.468269750100328064e-01 -2.771443766496639594e-01 4.448070413677810975e-01 8.810365581591202977e-01 -6.647591254846527131e-02 -8.772820663562097554e-01 -1.876007731959062619e-01 7.779151722833869131e-01 9.459745925097544361e-02 7.858514645819211775e-02 -4.091459892210637106e-01
-7.702908135630638364e-01 -7.065844657729253298e-01 3.450865198878357853e-01 1.932294039821832732e-01 -3.130748115966402317e-02 -1.438475219013745532e+00 7.088431774438169741e-01 1.981997957489755324e-01 -7.248041637364187606e-01 7.744910939911158199e-01 -3.836842158925771185e-02 -2.854308398705538985e-01
1.893383833478138878e-01 4.436669624733996509e-02 1.173632243654992718e-01 2.424707730667492733e-02 2.482294165982043832e-01 1.184446564231607768e+00 2.290781980999919143e-01 -4.917893985758820530e-01 9.988293310179706397e-02 6.681247096486830905e-01 1.307130832322791036e+00 5.375435829736639054e-02
-2.564804591736318251e-01 4.081248737391979242e-01 6.907221190646312126e-01 -2.163421383872065062e-01 1.584159739476506956e-01 -5.445203592258568426e-01 7.087057771215259372e-01 5.701897126554098527e-01 3.319185960478898689e-01 8.651501933951574186e-01 3.537308668057563832e-01 -4.557595563525074223e-01
-7.330962180756053215e-01 8.152971849439234475e-01 -5.338747814029044525e-01 7.362860096405813293e-01 -1.604382914572055618e-02 1.344703043153200051e-01 -2.596909949389305527e-01 1.685310126860486146e-01 -2.131531032246462565e-01 5.534581954777242907e-02 -9.722238558515291507e-01 4.211759089745066229e-03
4.018697170951911479e-01 6.702323967002818961e-01 5.773717267190551228e-01 4.551704630811055363e-01 -7.353963392786625475e-01 3.503660773245443477e-02 -6.362983934013749510e-01 -4.726680949660531650e-01 -5.869258102054771831e-01 1.523852081042552098e-01 2.218427292657174366e-01 5.836539398850710825e-01
-6.368944293567235793e-01 -4.403229172357773780e-01 2.501888264342103652e-01 -7.832335260249578823e-01 -5.136391930296730912e-01 3.910305179787721408e-01 -7.026826373881388532e-01 -2.934851177531845323e-01 1.645881393283232519e-01 1.611710673840099362e-01 -2.463002460371058466e-01 1.685755478228371518e-01
1.778171923949190825e-01 -5.078786549098884828e-01 -4.998922802712453262e-01 7.079289413795684105e-01 1.312892965963264463e-02 -3.374110137530031417e-01 -1.970169684030944335e-01 -1.880455704860706789e-01 -1.120668376452462534e+00 -1.299192159870455443e+00 -3.674356813431877561e-02 9.330026139799513230e-01
5.276056579497149374e-02 8.387111142154190374e-03 -2.059398514606716468e-01 -4.057729966347480288e-01 -8.771743690428227547e-01 6.925857891882452044e-01 5.117565572052679146e-01 -1.707564358397191950e-01 3.379284887358364187e-01 3.174264141066072686e-01 1.588122501036894341e-01 4.940628515194053771e-01
5.943965125326953203e-01 2.859347932242383705e-01 5.718996891180715414e-01 8.562729763750681622e-02 -1.662765864778382729e-01 3.190145710801425838e-01 3.357954041871074602e-01 6.120380025302146754e-01 -7.317528066441153500e-01 2.237408252776653395e-01 3.174670628083502422e-01 -9.179010322414344822e-03
-5.235534214324136931e-02 1.607052319857958100e-01 -7.294267319688091389e-01 -8.727963728065687432e-01 1.063087355438772086e+00 -3.092713786591431147e-01 2.420755699339902645e-01 1.297537822107090122e+00 -4.127452056481735743e-01 -4.429073828134624802e-01 1.146220148740333400e-01 8.659027807594172899e-01
-3.146752568602431133e-01 5.403797664700550341e-01 8.214575559151450490e-02 3.621319297892962030e-01 -3.110709797631829310e-01 -7.508940166630209689e-02 -1.367840769567246761e-01 9.254774430956434761e-02 3.006675103173355734e-01 7.802748464819670993e-01 -2.989373805447719246e-01 -4.100716120137998799e-01
-7.815380748052114246e-02 2.880779045035463670e-01 9.516935037550597332e-02 -7.331800269853655516e-01 -8.049960343821025432e-01 -3.322280016552057180e-01 6.174452271325940877e-01 1.588890314933499581e-01 6.215137346638974769e-01 -1.833477229993553392e-01 -1.005737789827942513e-01 -4.734940143008402047e-01
-4.452742328139218664e-01 -2.733426983658082121e-01 -7.565142655446185360e-01 5.495607985584490818e-01 -7.358835492643733822e-01 -1.602412532340360615e-02 -3.432955545091606608e-01 -3.047043490854825509e-01 -7.258421567642360517e-02 -6.973236671969058609e-01 -1.082683363450452241e+00 2.123519101994021940e-01
6.178485090966995275e-01 -8.104383008479342232e-01 3.622483400020847788e-01 3.925955293692020009e-01 1.784315325328310053e-01 2.506762959745057473e-01 -7.282927174820139626e-01 1.899892966176398579e-01 -2.361158459453591985e-01 -5.789555728673845270e-01 -2.681882440278803847e-01 2.878707101560284976e-01
-2.905764078450897570e-01 8.598484672567612702e-03 3.177785720885394349e-01 -2.330428152743133918e-01 -3.333702975684512682e-01 -3.813280232636646061e-01 -7.957630654290949179e-01 4.472436937767446108e-02 5.871566096795080014e-01 1.957557129670321472e-01 1.967060188578199087e-01 -2.193112841129341850e-01
-1.617273281026748999e-01 3.181943613511468288e-02 2.277865755872024722e-01 3.538025152666731676e-01 -7.487836149008547659e-01 -4.821973615607150210e-01 9.170535397357029161e-01 4.946515722779277757e-01 -3.811355524988094823e-01 4.255666246062867614e-02 -2.946695534112667159e-01 5.250194117183936138e-01
-2.038250143992871577e-03 1.802128107687138089e-02 -5.344952835275914582e-01 3.280222167476414680e-02 -8.196838279821377915e-01 3.092987096727886076e-01 -2.830707449187127578e-01 4.552647536108300752e-02 -9.268875631130486514e-01 -1.078088326553969356e+00 5.341272641893024531e-01 1.593200938947524070e-01
-2.713611302476650056e-01 -7.993147682878110061e-01 -1.485671599915072520e-02 5.847092667925466586e-02 4.079360218123490034e-01 -1.667747771771802834e-01 4.730924957120826169e-01 1.478471213406096774e-01 1.128972614774003402e-01 3.137663509823493957e-01 1.078905677982261307e-01 9.856023673234465265e-01
-1.254700316688124040e-01 1.943393289368290644e-01 4.999047562149946389e-01 -5.957577941820442480e-02 -4.860197515091657094e-01 -1.513692511509952821e-01 3.100641833685490178e-01 -5.655026587489930812e-01 -9.299368363087257006e-02 -9.600875951729401225e-02 3.473160719990820988e-01 2.462962634939636075e-01
-8.574115282163465857e-01 -5.501294184198796122e-01 8.828735589662476402e-01 -4.871584159862740737e-01 -2.219241686310847173e-01 -7.267274330439421615e-02 5.275505954410596166e-02 -3.274965297436714662e-02 1.838136385705644305e-01 5.214189465139519308e-01 -5.635474360811033590e-01 5.484611507459178359e-01
1.043266515374881909e+00 8.394465232597222437e-01 7.601534554265551059e-03 6.556756597964488176e-01 3.829693305453063523e-02 2.344263186071311733e-01 2.063875963219764242e-01 -2.139006209198021993e-02 -4.431330890990320959e-01 2.562333500348121240e-01 -5.025190096467444523e-01 6.686495844250974763e-01
2.963245022229883396e-01 -1.594450155496345278e+00 -5.804729828765280431e-01 7.225421458046582535e-01 5.273708537534277374e-01 -7.009691714480830171e-01 1.641670590341432201e-01 -1.158916166938372821e-01 5.580159028201114868e-01 -3.269325798220560908e-01 3.425106712249625929e-01 -9.756444811038315068e-01
5.420480228567641223e-01 -5.176245094353673082e-01 1.436805268969784943e-01 -1.156623313105177159e-01 6.674420397763103363e-01 -6.398723227816519588e-01 -4.708757989471655803e-01 -8.545998138965583968e-02 5.309791317374839420e-02 1.388052883953224681e-01 -3.551267758675095143e-01 1.464609927046429672e-01
-2.686508655209077778e-01 -2.814256114135358922e-01 2.181974957832793702e-02 -3.486533457036997685e-01 -4.922326543248807806e-01 4.055118484902667797e-01 5.672038162087389424e-01 2.498689835194894404e-01 -8.531153456813937719e-02 -3.298103582576052822e-02 -3.703739176038482045e-02 7.755486990721124352e-01
-1.627597224542710608e-01 -5.626479557834276335e-01 -1.745530520103742989e-01 1.802091172017853682e-01 3.061653072613209625e-01 2.051990785213887170e-01 -4.889981236966067790e-02 -2.092430927271705654e-01 -3.243902468197844557e-01 -3.026243802218251885e-02 3.319381360187795837e-01 4.478502848153138594e-01
-3.891301803523034564e-01 6.322775622943949125e-03 -4.924621554171988991e-01 -3.579580700187550146e-01 5.252831469975121070e-01 3.488754949708292030e-01 4.783270161870106785e-01 3.880000814845967483e-01 -2.162125894444436036e-01 3.940266333001624099e-01 5.160577296337882647e-01 -2.970516761015678520e-01
-2.343043899919751427e-01 -1.909465352642357450e-01 -6.511537402508795758e-01 -7.507914940927443714e-01 6.560501791455217724e-01 -7.592361755654488675e-01 -6.175752392179452155e-01 1.163615570493677476e+00 -3.804211355435447306e-01 1.759236620675656837e-01 -1.909390544575696735e-02 -2.947686127171087467e-01
6.283564488548808447e-01 2.659135473949288397e-01 -2.981776893263626271e-01 3.801149306666913863e-01 2.862553117967517879e-01 -1.035000152343408031e+00 -4.272570424056452154e-01 -1.020575872753901603e-01 -3.100245983934859506e-01 1.065008407441448979e+00 1.507550303400634062e-01 -1.065931355062263775e+00
3.111432564376253596e-01 -6.331068839532025261e-02 -5.815964670931037528e-01 -1.086569424409133677e-01 -2.863706927700904736e-01 6.846955991736988767e-02 2.811629838059304110e-01 -6.567802414090707641e-01 2.593263682619531552e-01 7.340368702600164053e-01 7.947587020106457179e-02 4.002564179985305115e-01
-8.499114759147675668e-01 -8.985094849666244166e-01 -7.428058182636907425e-01 5.080183820479997614e-01 1.324444206226834231e+00 -1.912559140116312784e-01 7.342165169491475796e-01 -1.305079581397129984e-01 2.416328432024290318e-01 1.631577692033971128e-01 -6.317557729564228508e-02 8.938299138369404373e-01
1.273578935189344508e-01 1.190768919054773500e-01 -3.194426497004766441e-01 3.747819328221915769e-01 5.969376679636054922e-02 2.058362997505363556e-01 -1.526400590268028011e-02 -2.969948937789665400e-02 1.129445832108233905e+00 2.174977839627235676e-01 2.731548627524320316e-02 2.769019038107797814e-01
3.871967434405950148e-01 3.059184917349536681e-01 -5.786761446121906766e-02 7.545087014093737610e-01 4.091307777041237048e-01 -4.134023844383415969e-01 -3.201702400262158021e-01 3.003190333367557474e-01 8.754219470037376549e-01 -9.769977621613690211e-02 4.869788289501472689e-01 8.324503415745865276e-01
-2.318784917460711137e-01 9.671894473061515285e-01 -3.149380045332730860e-01 1.951875822109417902e-01 4.995671331820281669e-01 -2.070552558566044754e-01 6.887328690899321426e-01 4.623842319660202427e-01 -4.891559937493958343e-01 5.250355253790491838e-01 9.237295497121560395e-01 1.179746055593761389e-01
-4.398584048115186662e-01 -5.163474267861372091e-01 2.300661986525949776e-01 -5.035262825043970158e-01 4.639769282113624382e-01 1.280856195400174036e-01 -5.558159631787588095e-01 -3.553181101468099734e-01 -6.108984294309803831e-01 2.403640856251909874e-01 1.105133668110579448e-01 -3.275326582431498657e-01
-3.094735614563612902e-01 5.920994844006082225e-01 1.634005678018431162e-01 9.567755601445006031e-01 -2.458826301714995832e-01 6.242164102892741040e-01 -4.230050361706430007e-01 -2.901830012656307911e-01 2.042733388958275498e-01 -5.492875220216770771e-01 9.346480170962214729e-01 -5.715988469107385894e-01
-1.721189392962723386e-01 1.557832463418319102e-01 -1.285998524407598209e+00 -4.015164622062365740e-02 -2.534158764289108356e-01 -2.008895931281639013e-01 2.853061882424981488e-01 3.479775243057270928e-01 1.166214558163958942e-02 -6.484668706149300244e-01 3.094496113017874972e-01 7.023706318101792523e-02
1.470075738062182891e-01 8.623786686762539844e-02 -1.159615945034049057e-02 1.335183043773213174e-01 6.662613807492537288e-02 -8.839495995099422299e-03 3.170331532086472226e-01 1.323692328585545069e-03 1.373735369640349591e+00 -8.466291699396546466e-01 2.378086991651364723e-01 8.831318899797061528e-01
9.630416194366600013e-01 8.025456258645019547e-02 2.837459648680663027e-01 7.454539388099665764e-01 8.909114925419786557e-02 1.822174254323082887e-01 9.699474087487149065e-02 2.506413016128216098e-01 1.978599846039381938e-01 6.638326313564577030e-02 1.017201679754299093e+00 -4.449189019106141174e-01
6.424985859797116561e-01 2.024856165885377812e-01 4.547599657433289977e-01 1.454671585923001942e-01 2.398694498019239563e-01 -1.316452830467547963e-01 -4.570449198376873023e-01 -5.954615070890419970e-01 1.312584365643725270e-01 -1.579710534755035256e-01 2.584910866086539416e-01 -1.742070355059779363e-01
8.308598370311367498e-01 8.835443097112356536e-01 -2.314382738591896083e-01 -8.430744638184253237e-01 5.636340290195569480e-01 5.236822536434253550e-01 5.836739629241333160e-03 -8.234991634082908796e-01 -2.317750654776943031e-01 7.627779288322046325e-01 -1.145502649634763809e-01 4.022561831110741393e-01
-6.994243702454752132e-01 -6.450623857167512298e-01 -1.115350184163383385e-01 1.630691554491812689e-01 -1.188862449931339382e-01 5.575753351006378089e-02 4.585745360973281920e-02 4.410860124290214013e-01 -2.170009861912818583e-01 -2.249069235457336335e-01 6.521616322273341426e-01 -2.793306868405020515e-01
2.982240324072059079e-01 6.303778947767373353e-01 4.694486857776306032e-01 6.063986990120153742e-01 3.077173860604933697e-01 -1.212779192162621519e-02 -3.254504267910371951e-01 -7.434985327436844926e-01 3.743897241177915891e-01 9.445999801589280431e-02 6.743966669544003700e-01 2.619331750248670571e-02
3.708249249711446927e-02 -1.994072018833815685e-01 -2.036157086179699593e-01 3.904706037247371309e-01 1.310384895208200451e+00 -1.529031970429831633e-01 7.089446894908970620e-01 -2.594907395035376263e-01 -5.953704398337553716e-01 -4.329750177404607658e-01 -2.785018506091606061e-01 -5.437443804692022598e-01
1.656120643816512764e-03 3.181350972600974214e-01 2.031762202065634515e-02 -2.940468385990874234e-01 3.315389863176891327e-01 -7.803970386238094914e-01 5.754355703121583065e-01 -1.497834172809620057e-01 1.094274620708672874e+00 4.315850028620317191e-01 -1.511072592034245210e-01 6.793285924533763731e-02
-4.490504897988887856e-01 -3.799624405257607807e-01 -7.102500056456140243e-02 6.855451918882684570e-01 -4.414412860844244002e-01 2.188242139801845065e-01 -6.563526955408698349e-01 -6.339728446353307678e-01 -9.253225022236234443e-01 -1.080608278421849033e-01 -3.318555576942608387e-01 -3.736696706768451864e-02
-1.429765779074287750e-02 -2.153540170404574239e-01 3.105492473236718398e-01 -6.864781072505388160e-01 -5.796997659993027296e-01 -3.131125735045925396e-01 1.192596298737176874e-01 -3.489612981711738837e-01 -6.400220640239138170e-01 -2.883612138986011431e-01 3.350756619207608256e-01 -3.495789627777186048e-01
-5.837919584157968272e-02 9.532744944999791414e-01 1.057221260774641403e+00 4.477685660574041993e-02 4.907790192087810865e-01 1.854681659829195695e-01 3.623265305650814061e-01 9.852581970215652518e-01 2.612242009526537512e-01 6.007302570181386470e-01 2.498170479755373596e-01 -6.063572303982148748e-01
-6.149718571930068434e-01 5.939835384306577648e-01 1.146342190431027114e-01 -5.587249953421670190e-01 -1.116996541124554848e-01 -2.080620784013942903e-01 8.447088225783927484e-01 -1.658916218510056995e-01 2.714211523383270319e-01 -2.032054997151339359e-01 4.587428967545396641e-01 8.415972686588554796e-02
-7.530134546825300035e-01 -1.902696888091985616e-01 1.043826371876521442e-01 -7.656363058577968506e-01 -4.702624669996151030e-01 5.635286434954525081e-01 5.870652149388270180e-01 1.232793599244948329e-01 -1.864087321853630519e-01 1.413150872159512073e-01 -4.020966252605932822e-02 5.561507301207819776e-01
5.384836540096735874e-02 4.581082225541862063e-01 4.400458388863955350e-01 4.662179414669085920e-01 3.840857751512555263e-01 5.498159502907499219e-01 -1.295101502300446683e-01 4.024887715502256658e-02 -4.349980672886292199e-01 -2.816775203276558615e-01 -4.271937335487690501e-01 -3.554761502200409207e-01
4.135924320266819998e-01 2.656369864682955328e-01 -7.308182792607728628e-02 -5.422752014929679287e-01 -1.291669582546104422e-01 6.700157482961678346e-01 -1.237045937327555384e-01 -1.365510151726637422e-01 1.324609237321493771e-01 -2.780185991946229063e-01 -3.924639056497931100e-01 -5.391415054332042711e-01
1.365371942689312668e-01 -2.701732934775662454e-01 7.936800318962873579e-02 4.265789643304803563e-02 1.161068060818987585e-01 -9.144185932626349711e-01 -7.124627271679250251e-01 5.863927049860793161e-01 -2.289010101354318760e-01 7.498987916085333438e-01 -8.324969225244739368e-01 -8.977396440511613285e-02
-4.719366656726183690e-02 -9.584575455242093367e-02 -1.183308844810987553e-01 -8.673001742188615748e-03 4.397391290546509013e-01 2.913648411626654222e-01 3.088872154917854385e-01 5.316325491122546598e-01 2.560517745635205733e-01 7.580935448821740641e-01 -6.161870683663128734e-01 1.341353248558755373e-01
-9.206478293767572652e-02 2.061850403834822321e-01 1.023088861264454669e-01 -2.006255376465552742e-01 2.715866516187633306e-01 6.878153013732266619e-01 -8.329847864918131506e-02 1.061191185326403108e+00 3.005793573125299933e-01 -1.022862177283628271e-01 2.994037787395019690e-01 2.512842741967581950e-01
