-9.225781524128821687e+00
-8.038541103883027006e+00
-9.222539375017644758e+00
-1.199229737331115153e+01
-5.655821562101645661e+00
-9.986153285844901362e+00
-1.115703766124792295e+01
-1.257560673573189725e+01
-6.990531692617826920e+00
-9.715196489867674146e+00
-9.635981410275228143e+00
-1.134295740321289792e+01
-1.302617483839638624e+01
-1.079713604124717108e+01
-1.047151564994030615e+01
-9.121108084989856479e+00
-1.086539847804872672e+01
-1.468611181358336815e+01
-9.179983497046217522e+00
-7.793731115366266060e+00
-1.022400070029948793e+01
-6.648858879652985721e+00
-9.443190782469196520e+00
-6.803657357143658047e+00
-1.338840497835161258e+01
-1.256177171471174248e+01
-1.113209727347262934e+01
-9.013599178984026850e+00
-9.994669032866454472e+00
-1.097208973172797819e+01
-1.139612223081513775e+01
-1.165268088354987874e+01
-4.217451609158818115e+00
-1.058542273691705482e+01
-9.595868690671142787e+00
-8.830539611749058437e+00
-9.115013778836887681e+00
-6.439099990500389836e+00
-9.742790855170078146e+00
-1.004833727344566974e+01
-1.170724349401175068e+01
-1.219914656062281288e+01
-1.162290289286871392e+01
-1.074741084028641147e+01
-1.178330954716911094e+01
-1.211463648661829140e+01
-9.274007381856245402e+00
-8.934410708228723408e+00
-8.748048155896048783e+00
-8.156924486470153113e+00
-6.456037146194246290e+00
-8.831780108619954106e+00
-9.450647934997240540e+00
-8.335413726975959392e+00
-9.446080684714358355e+00
-1.241664591279542051e+01
-1.063017966154011162e+01
-9.004022143450304938e+00
-9.602187442641419324e+00
-8.669949198926628853e+00
-7.903567472463695509e+00
-1.003023890041979094e+01
-1.105808397132690857e+01
-1.131170826753649372e+01
-1.058789180795560547e+01
-1.042003935002437842e+01
-7.287693239302592829e+00
-9.848203062230663107e+00
-6.119754178152476243e+00
-9.067579581574893410e+00
-9.102364464471797589e+00
-6.823059220039111139e+00
-1.063419481501466457e+01
-9.499441281624832811e+00
-7.839061425125018800e+00
-1.055980860165751878e+01
-6.037773689912745212e+00
-7.409037050039291472e+00
-8.033990379878598986e+00
-1.149344797330618562e+01
-8.007281403178490464e+00
-5.934328902676880624e+00
-9.454539539070701437e+00
-8.932603655276903254e+00
-1.204022493507534897e+01
-1.216873360434170337e+01
-8.386810617835536164e+00
-6.919367844585975647e+00
-1.177599067538658950e+01
-6.906909996510963268e+00
-1.127586189169386977e+01
-9.105064878206412970e+00
-5.355136060354100280e+00
-9.427986667700034573e+00
-9.935939667535850006e+00
-9.451448583968639738e+00
-8.044237822123875503e+00
-1.156519245940868323e+01
-1.115088322006532806e+01
-1.151891791543462595e+01
