-8.324602113252553559e-02 6.446263175520593469e-01 -2.905877025183430801e-02 6.185118765446897537e-01 -1.399580294719700246e+00 -2.729027830904046450e-02 -7.159012822766789297e-01 -2.029705517641214874e-01 4.661195820104165888e-01 1.424251102357225518e+00 8.540789401514640999e-03 -4.805195871382944017e-01
6.453497343958933818e-01 -6.558282764652849373e-02 8.776816012379381471e-01 3.509415365884299698e-01 -1.317284437856665935e+00 -3.069401625657424693e-01 4.138661382222960095e-01 4.274127457019041842e-01 1.073556232061781301e+00 2.146035579634334223e+00 7.517963786052396036e-04 -9.895688606488932670e-01
-5.352896207727537714e-01 -6.828838433533012120e-01 1.325021944209919145e+00 9.663844221768265186e-01 -9.871538940824467825e-03 -1.039356511144729600e+00 2.441165024611354484e-01 -3.990104185560976180e-02 4.111515957207916849e-01 3.928525950805946132e-01 -3.206430364854654380e-01 -6.107878014293468549e-01
-5.366864609129697872e-01 3.209578442906589890e-01 -7.473272312865011369e-01 -1.809171660421074579e+00 4.824832918163389772e-01 -1.883117444874033986e-01 2.677526948235962601e-01 -6.457976085689838275e-01 2.881674636673774159e-02 5.038490539474698576e-02 -1.551463773428721993e+00 -9.327824679253639006e-01
4.449966987499665017e-01 1.379714859105951152e+00 1.487166750391226033e+00 5.374731827248470095e-01 1.668317247192877328e+00 9.115005121122561615e-02 8.409672483062617943e-01 6.114643221575016829e-01 -8.248586576917515956e-01 -2.924600006377431338e-01 2.896156118944278046e-01 1.106786901208896001e+00
1.899090651789756001e-01 -1.163508823210058774e+00 -3.504828184221970289e-01 -1.486634527461631883e-01 -1.558597265835772072e+00 2.892220441212927651e-01 1.152660291959620942e+00 -1.112517621438496418e+00 -3.071741063831447405e-01 1.099907618634950790e+00 7.242638011608470983e-01 5.239420711970552702e-01
6.397028159710192730e-02 -4.438263787142535666e-01 1.276774080573645609e+00 2.104094902971688150e-02 -3.979594319590823992e-01 -2.995477955776053580e-01 -6.620602940430656003e-02 -9.088475963600523011e-02 9.052090455648273415e-02 1.404120596597670245e-01 -2.084081175601139257e+00 -1.478595661453216747e+00
2.927039687597641771e-01 -5.274817674130556355e-01 1.576557283809755516e-01 -9.774319241122317869e-01 -1.168026957600873272e+00 2.350943787852255717e-01 -9.433835162834909305e-01 9.104919335996006780e-01 -7.693236343559350932e-01 -9.562998571646026402e-01 -1.427191942066346142e+00 -1.269815590062345345e+00
7.189617870059252791e-01 3.259433557695751715e-01 9.188790226866635491e-01 1.408772234925712796e+00 -9.734540972037930562e-01 5.312798314900810670e-01 4.337704484951308004e-01 9.801058867799542496e-01 -1.088051477463483352e-01 1.433087499901341655e+00 -7.749474137245971894e-01 6.412402695131790009e-02
-1.425617499206660366e+00 1.450585828325330118e+00 1.066348800237052252e+00 1.837441671820241984e+00 -1.727393895637504340e+00 4.874573665943047196e-01 2.113188140555317673e+00 -6.943563913436713586e-02 3.803706328437425066e-01 -1.443350621092033270e+00 -4.139464446424928612e-01 -2.953712969239815078e-01
3.565285339831703593e-01 -2.336138732794725004e-02 -1.977690707890728650e+00 -8.772050144679262307e-02 3.118334763017177047e-01 1.020839597085616113e+00 5.964694202946100310e-01 2.263011929671366218e+00 -1.123685131017043259e+00 -4.938949588406212760e-02 -2.113578667753154491e-03 -6.856469275859211621e-01
-5.690025022990704562e-01 -1.703869934552178167e+00 -6.583383355335966636e-01 6.115222351961159264e-01 -6.067634987524404000e-01 -4.705311487911014723e-01 -7.391115615360699387e-01 -2.004673498010252963e+00 -1.113566299430900630e-01 3.057898506590448484e+00 4.568673403983605219e-01 1.155012267309447394e+00
-7.697706806970160409e-01 -2.802797692638085425e-01 3.557005020548384411e-02 -1.565131092096180287e+00 -7.398218661066021662e-01 -3.992231605465137445e-01 -4.139765876174748560e-01 4.207249374895684069e-01 7.627070526360868463e-02 -2.207941225249359540e+00 -5.628798260816965104e-01 -1.018472695085593349e+00
-2.636065760917485901e-01 -1.931230802766410182e-01 -5.766634778012444951e-01 -4.887005647162821487e-01 -9.535646546224677556e-01 1.633787584947365312e+00 5.773791219091111565e-02 4.615459918048460120e-01 -1.955670145849359720e+00 1.143791677224558434e+00 -1.100128874325630557e+00 6.973352515491787473e-01
-8.097056115445584457e-01 9.264949071985624229e-01 -7.582366867480820893e-01 -5.140059509429673046e-01 -1.327608842999353334e+00 -3.604025187547926778e-01 -3.472711491034438658e-01 -5.855672412183795528e-01 -2.063328516216408615e-01 7.338910621005324542e-01 5.851157636977036974e-02 8.591394307838382538e-01
6.873291940266534894e-01 1.436838694408938411e+00 4.569221680744650627e-02 5.919599688721023378e-01 5.706277635448184782e-01 6.167390789979508847e-01 -4.641125137491385333e-01 -1.108378020476830317e+00 1.401603092600605116e-01 -7.336622463514697046e-01 -8.040109727830654363e-01 -4.926341412451369361e-01
-1.041833847826221904e+00 -1.352373107803081786e-01 8.829547353021089950e-01 -2.398106598781475807e+00 -2.830981175833722219e-01 -2.987639288394266512e-01 9.297782267842333859e-01 7.698923957991598011e-01 -3.194583287306090869e-01 -4.711468814954233864e-01 -6.458098377779309951e-01 9.656610126649680659e-01
2.225600128852152637e-01 -9.370619298135099973e-01 -1.720176948513281456e-01 -2.798145444580547814e+00 2.732586918707859414e-01 -5.247097656847602432e-01 -2.168364356731959486e+00 -2.589026214736651066e-01 -1.956021800842005831e+00 1.996039137459204360e+00 -1.513239382716888848e+00 -1.254295431684653538e-02
-9.833659082582252298e-02 1.077519856642593504e-01 -3.920406558296053029e-02 1.637116230152024565e+00 -3.357934306706688576e-01 7.415554012084999425e-01 -7.643268782947776341e-01 -1.322026694159706084e+00 -1.513782953568672873e+00 2.152932260650221696e+00 2.328747899743154604e-01 1.080021842733658533e+00
3.635418345725947020e+00 -8.269908365238122228e-01 1.397375447610074706e-01 7.301836527896574669e-01 -5.314469401868450182e-01 3.447254863788596357e-01 6.085801180944154787e-01 -1.141269419208566394e+00 2.991227647482770369e-01 1.932343534817178687e+00 -7.562095512326245661e-01 2.028347730736831167e+00
6.123231957499879474e-01 -8.506143644499233325e-01 -9.921323256993577200e-01 -8.561931663395360159e-01 7.155068087023443990e-01 4.904420236334074978e-01 7.471492320878435622e-01 -1.652588038049189079e+00 1.032371181908654512e+00 -1.188967322610388955e+00 5.778402972547543870e-01 6.287187180513980067e-01
9.039650790503211963e-01 3.178620158650458660e-01 -9.970589324095190387e-01 2.055654080094811764e+00 8.362665784896431420e-01 1.588479040309231261e+00 4.319738271400573870e-01 1.119665652913926168e+00 1.060350913251461691e+00 -8.786538686783519347e-01 3.420488474386684796e-01 -5.500497213948357667e-01
2.105788406038550664e-01 6.854149134932916443e-01 5.535699344057490867e-01 -5.233577752279173767e-01 -8.018765573953392511e-01 1.094025878542618679e+00 5.178599446417849750e-01 -3.080276897159605065e-01 -2.470857944822465735e-01 -3.146558686016854289e-01 -4.179429485003673117e-02 -1.221974215707696043e+00
1.665290054000791775e+00 -1.834238576956594091e+00 -6.899946262611347247e-01 -9.968390070034860440e-01 1.214279526014256705e+00 1.886814890643011333e+00 -4.567952963060645799e-01 1.237431020380396429e+00 5.624214473535281700e-01 1.541319783103081820e+00 1.352120679050387686e+00 2.789941402043266017e+00
-4.718214160490541986e-01 -2.313136277457477963e+00 1.385039950545249976e+00 -5.834774606605178798e-02 5.982073780276134789e-01 1.985887156927389707e+00 -2.900853963145115344e+00 -6.595356183687894891e-01 5.353584897012703819e-02 -9.532895197149326982e-01 -3.180817826308723895e-01 -1.181567295839011100e+00
1.720236682445296150e+00 -6.395583954029268048e-01 -1.734017567454019249e-01 2.766997013893380819e-01 -1.163357145071600707e+00 -1.599356763801961678e+00 -3.397458497755409534e-01 5.976277446826725459e-01 -2.939166941291084356e+00 -2.532699397114663853e-01 -7.652401929040508755e-01 1.159002256420011090e+00
2.243153413877080338e-01 -1.727084485176653361e+00 -3.838936485333968029e-01 6.293505951942127696e-01 9.694563268365293807e-01 -1.161467392140922872e+00 3.854670040074549275e-01 4.390527060963293760e-02 3.727315365420664217e-01 -1.597507731288074218e-01 -1.129116906580134083e+00 -1.062287493434357133e+00
-3.239315890167260847e-01 5.032072779142632291e-01 -3.406755767554559000e-01 3.578728736571857860e-01 1.024813018487001459e+00 -4.146146517996642800e-01 -1.017462584140954363e+00 2.084527311932611593e-01 2.886335090885997490e-01 -4.762522098672174464e-01 -6.137060909419109755e-01 1.538570616459414397e+00
-1.986374695914540744e+00 -3.958406561825962844e-01 -8.045778818746871508e-01 -2.621231643585107407e-01 1.130263419839476313e+00 8.594154924075725344e-01 1.011808774660730270e+00 5.825721912590324791e-01 -9.600533889476756677e-01 -2.508417582913656241e-01 -4.774064795882031476e-01 1.473194725571579156e+00
9.117184081542806240e-01 -4.529946296592453070e-01 -1.965103217447864703e-01 -5.745460974473017846e-01 -1.355683553164943156e+00 -7.830768150566245200e-01 -1.153148640422854587e+00 -4.472165813625999520e-01 6.353210338639283528e-01 -5.510389095185556085e-01 1.284757352064950675e+00 -4.316785606331469682e-01
-5.183250794407492368e-01 -9.447911855566428763e-01 -3.026318375767431679e-01 8.041114424551405460e-01 -9.128717703769956282e-02 -1.506254482805332362e+00 1.010605129667159069e-01 -1.552869816101589029e+00 -2.638477058776729223e-01 1.205961932756959065e+00 -6.024689613152155454e-01 -2.151010711521729457e-01
-1.361794652330681199e+00 5.133953768505210569e-01 -2.578998602875047230e-01 -3.174988252641913089e+00 1.268379270635735079e+00 -8.816942652495272092e-01 2.839042603419588695e-01 1.333030787208322243e+00 -3.782886641849251830e-01 -3.618179035961071044e-01 -3.363682370655489418e-02 7.687814999808209038e-01
9.609446455458661163e-01 1.681974120316480636e+00 1.322223449499826176e+00 -1.877225439642689619e-01 -1.092647564174054065e+00 8.252095569965109956e-01 1.185916243872256137e+00 2.308458928558585477e+00 2.155629420557381160e+00 1.261332785994488059e+00 6.928266020130412484e-01 4.133662018764636820e-02
-4.681120834239748119e-01 1.701920726808399786e+00 -7.792549635069535574e-01 -6.610797627235553975e-01 -6.414405922465205023e-01 1.412380900252729665e+00 -8.370506733597079529e-01 -1.526629845702884847e+00 3.813963544226628977e-01 -5.931573563044405528e-01 3.338271466076116467e-01 2.257039565458868469e-01
1.742707112688649529e-01 -8.133414670246456868e-02 4.651664345391907651e-01 -1.633030786983477478e+00 -9.612101371374757175e-01 -2.743213087968977559e-01 1.403472098655719646e+00 1.600346469747474298e+00 5.992880333603233245e-01 -9.168222790995977922e-01 7.371642149197923377e-01 -5.898726054831302523e-01
3.126032689165037515e-01 1.418444315083110974e+00 5.195514658882820491e-01 -1.901724492317988569e+00 -3.709464417488054222e-01 -4.435508930198954203e-01 -1.169707100515927189e+00 9.224301920823770873e-01 3.940547829054650841e-01 2.162190674809389535e+00 -4.867058746619644105e-01 1.674619455979186045e+00
8.958666242096243555e-04 -6.047781859566681018e-01 -1.483940795101684751e+00 5.494441952911106597e-01 -5.663076511240940913e-01 -1.128651669380908024e-01 8.065794468920611804e-01 6.627779911674874791e-01 -1.135747425759784240e-01 8.880053228233019125e-01 -1.797402661655875949e-02 2.613396507639551558e-01
7.426470687214431488e-01 1.517594382461187053e+00 -1.438298685220059658e+00 5.212167685084927449e-01 3.660909952854027316e-01 -5.554119699423985812e-02 -7.956151517689316055e-01 1.837038448305977401e+00 1.898879403161167989e+00 1.950505299821784777e-01 1.237943557712007259e+00 1.109945605833800419e+00
9.953092820395025297e-01 -8.663710934951175391e-01 8.375018127706567173e-01 -3.598207109710420126e-01 1.353815604292116337e+00 3.201665982969990054e-01 1.386727753925075524e+00 -1.480495153803604191e+00 -1.529136104700229204e+00 -3.096938309063275718e-01 1.095451985977836384e-01 -9.919593785545449682e-02
-1.349475392302138976e+00 -9.354080487564044866e-01 6.423947831548544318e-01 -1.431209625586459255e+00 8.493141566831216016e-01 1.383492872817259078e-01 3.326298809789376976e-01 -3.449008035176394284e-03 -6.021763870318816991e-01 7.487391060521898789e-02 1.965975434982929482e-01 1.426253355787253208e+00
4.867899981712466295e-01 -6.882765572217358629e-01 -8.608539571684089564e-01 -1.058182105858278321e+00 -2.979165620228082026e-02 9.655451538758685892e-02 -3.656930135785328717e-02 8.539720548667276701e-01 -1.368517798991207401e+00 -2.421596369851981012e-01 -1.910410261456564118e+00 3.462756788091064242e-01
8.996648156742241553e-02 -3.272093526503194738e-02 -7.635646843958796559e-01 -5.158391846581709128e-01 6.633577485524412287e-01 -3.777347310347892173e-01 -2.436803120142410961e+00 -1.044199251833072051e+00 -5.114280616162879545e-01 -1.945887995334541209e-01 8.740281889050385833e-02 -6.897334862896090657e-01
-1.199760835562979411e+00 -7.214343657576798297e-01 1.189435910252020667e+00 9.822790774273122416e-01 -2.014348092725894157e-01 -1.942724028865338237e+00 -7.460574445603813665e-01 -6.202216808909539747e-01 -5.274133335289350466e-01 3.758822368794000890e-01 -6.425733709459737764e-01 6.488577020102775927e-02
-4.432826409155155578e-01 8.798668708599396426e-01 2.905407767466975863e-02 1.629132737735266012e+00 -7.973416157475651245e-01 -6.519102603218975833e-01 2.306213273083574100e-01 1.150558743197430678e+00 -5.965946274599912558e-01 -1.171861078429408121e+00 -1.556554762175636375e+00 -6.802046477972025773e-01
4.211233811318172426e-01 -2.026961972343762852e+00 1.327821071811024156e+00 1.826412185332794591e+00 6.782383546007229036e-01 -1.448948515205519039e+00 4.597596988492870518e-02 2.238520335408323181e+00 -2.110029624363809919e+00 -1.301315011609991690e-01 -7.691371242493775240e-01 -1.030027312091095659e+00
-1.545308382136876268e+00 -1.741918622186211962e+00 4.981681748290696099e-01 -7.903726551994020300e-01 -1.606107360779096993e+00 6.755113714494520583e-01 3.022193209702096484e-01 -5.121706529233904792e-01 1.577708782367884810e+00 -5.462547509355851760e-01 -8.973689455453406350e-01 5.792616804773466077e-01
-1.530584461467557000e+00 2.936029233640433111e-01 -4.108369601526018489e-01 9.173487676331493201e-02 1.099253850768380225e+00 -5.677128785068423777e-01 9.434840128527435255e-01 -5.699772870242281186e-01 -4.381975170130310016e-01 9.654576566733569232e-01 1.887608096166458471e-01 2.253686062271542667e-01
5.881098882749650203e-01 4.688121920162156564e-01 1.713180113656375958e-01 -1.707568458849876014e-01 6.304343864452549573e-02 -5.600547073121062702e-01 -4.854046772575818514e-01 1.971750659089826496e-01 -1.263495993998930311e+00 6.084333579797277514e-01 3.838527292400933932e-01 1.919730592405415881e-01
1.724499534670760059e-01 1.038279898350706665e+00 -3.335598546624992111e-01 1.872034765777674137e+00 -5.973066221106778650e-01 -1.167735636501417984e+00 1.850753643901853485e+00 4.860928258924204770e-01 -2.061682986836706477e-01 -4.432311933893047784e-01 8.975684994780457338e-01 -9.969904119668825393e-01
-1.201763717878445714e+00 1.171827252437155797e+00 9.832607785922178323e-01 -1.261586344565070572e+00 1.035468529112961278e+00 1.196581351213651834e+00 -2.489971766114424945e-01 1.207494815460590010e+00 1.010536261408587100e+00 8.888194207439947814e-01 -8.136616044930513603e-01 -4.768100273122292676e-01
3.804301686862240350e-01 1.557734801083962006e+00 1.495405338304937048e+00 4.670270823952143435e-01 2.174244429126516998e-01 -1.774441140605913514e-01 1.924984739396961464e+00 -8.964873992877661069e-01 6.631699272229956144e-01 -2.200472527173651105e-01 2.169737066023405547e-01 5.721294152724687443e-01
1.065261026023950064e-01 -6.979707613732059057e-01 -8.567119729929454364e-01 -1.082898633821206102e+00 9.689159530249259744e-02 1.282487555217165731e+00 1.820713094410597310e-01 -4.073764341029655345e-01 1.109941452495198266e+00 4.971078455286263575e-01 8.629883898391188524e-01 -8.051823254842295496e-02
-8.987394049985193700e-02 1.233370147023981955e+00 6.164813967216338231e-01 5.997800041553579264e-01 1.994108177340359403e-02 -2.153793442907400379e+00 1.235771202466520835e+00 -1.133540862332324539e-01 2.181923187548090670e+00 -1.030092658246984372e-01 -1.518287342330791045e-01 -1.570511635934223271e+00
-4.723752883251906565e-01 -6.399450622230327124e-01 -2.947379807828031661e-01 2.977772430655359348e-01 1.998265361037879995e+00 1.526932719713678388e+00 5.379391968781023214e-01 -9.940199413226795677e-01 -9.089316548039347854e-01 7.499303503458044640e-01 1.110645520592656865e-01 1.061211834196551518e+00
6.766506609622155999e-01 2.852951576905455866e-01 -3.680541698528398964e-01 -1.775021740134523004e-02 -9.678579864687859580e-01 3.133228409363146283e-01 1.062936656435808258e+00 -9.296931646355748313e-01 3.252127496584014121e-01 -1.586319685880810404e-01 -2.943997592980621136e-01 -5.160555156876185379e-01
1.920185962849005001e+00 9.066908050817048537e-01 -1.385913293992410145e+00 -5.929036846239048586e-01 3.024803048170815467e-02 -1.623217310685296066e+00 -2.548670164407309396e-02 4.972122985392872230e-01 -1.748681486106090421e+00 -1.213468770077951397e+00 -1.499027207796205907e+00 1.145907388508073055e+00
-6.110374466829017193e-01 -5.605223603205043981e-01 6.768050881882858860e-01 -8.128482450502371170e-01 1.406740568979619077e+00 -1.977957806474169578e-01 8.986862933007583321e-01 7.894987729298220680e-01 7.998706999226684600e-01 -1.242265583012626351e+00 -5.718614913884724205e-01 -1.988889527730085538e+00
9.397031195218376043e-01 -1.292311745074206319e+00 -4.655387935634366925e-01 6.534469644007194766e-01 -2.465979205558147536e-01 -1.568618063396745935e-02 1.281678962766387375e+00 4.278840451090497043e-01 -8.321555804618769869e-01 6.456701387346697185e-01 7.026753019224853125e-02 -3.975261871651520340e-01
2.154046485809170797e+00 -5.084181788429018578e-01 -1.025923916194681151e+00 4.721394395528311777e-02 2.129894802755487149e+00 -6.960718763775207707e-01 -4.345349961085056556e-01 4.890327966265398674e-01 -1.643876579271972560e-01 -1.045690076773806654e+00 -1.027253291803817137e-01 -5.217118405858403932e-03
-9.394411952024446233e-01 -7.029586386819427490e-01 -3.532802675360222633e-01 8.809231733399566222e-01 -2.125185915986577134e-01 -1.204820383208340950e-01 -3.264933219158385191e-01 8.262496382990232036e-01 3.634436744355769022e-01 1.865424488638608644e-02 1.052091519995750346e+00 5.013302514140934862e-01
7.132473212571883714e-01 4.479718773651122365e-01 7.051073182164596664e-01 -1.628844160323597301e-01 -3.949765463110095631e-02 9.187183157269483702e-03 6.483459291849622171e-03 -2.034350685224461386e-01 -5.956018475725241013e-01 5.523783693661354910e-01 -4.245444261010621889e-01 1.277721947249014667e+00
-8.940340327427280798e-01 3.918237598135675404e-01 1.636466202728978692e+00 -1.604751034903800777e+00 7.059717107401273228e-01 -5.675025099672439399e-01 1.155690527025970277e-01 -7.030192724397150705e-01 1.355326131360133357e-01 1.540973263148836203e+00 -1.052538727383710349e+00 1.873700898630836220e-01
9.790209118913556496e-01 -6.128930704281618791e-01 -1.209745240244987752e+00 1.767704226745809848e+00 -4.992795982403580024e-01 -1.262150751833800155e-01 -1.153836577250530793e+00 -7.804687495409865505e-01 -6.004368174384535628e-01 6.292336833664308182e-01 -9.530219887940052370e-01 -2.134919893918949541e-01
-3.428021205952037631e-01 -4.552399619785575391e-01 -6.445515954631689803e-01 -8.069907131137235567e-02 -1.380385190437223963e+00 6.829146862358069781e-01 -1.095703046708261352e+00 2.362451858410044570e-01 -8.574854289337119351e-01 2.079916028568070896e+00 6.735944272601253058e-01 -1.316752423016253060e+00
-1.295515169615150119e+00 -3.274834243242730758e-01 3.967340210651286170e-01 2.063160099795867675e-01 -7.339315754884395693e-02 8.104428882673269108e-01 -1.027589743134253775e+00 -7.764324607190397076e-01 -4.898734448424442445e-02 -2.974685477639008035e-01 -5.898145369908924796e-01 7.792997468764176205e-02
-6.315653623850479015e-01 8.598527790231349499e-01 9.476915412748740386e-02 4.060224606169494654e-01 -1.597629602967279294e-01 5.819512384827204426e-02 8.104937958456337466e-01 -1.954500564924293027e+00 -1.247715609206832443e+00 -3.457829256823682917e-01 5.183322280499636642e-02 2.113389059609938614e-01
-3.164919121192235618e-01 6.261005215994126516e-01 9.160942927542375935e-01 -6.147126663708598615e-01 1.623311604078572001e+00 -1.297210407164546941e+00 1.131244457731541475e+00 1.223036896113129268e+00 9.067918057407554910e-02 9.364526162694644107e-01 -2.380872753639550199e-01 7.237540597304702450e-01
-1.071915433457828332e-01 5.731802259598128835e-01 -1.309772208565337243e-02 7.170887063878501611e-01 5.619089790231093229e-01 -1.660190652326053451e+00 6.929167512480631785e-01 3.664520770331475275e-01 -2.393442108035920945e+00 -3.071161331139897754e-01 1.610513731426016060e+00 3.763603472225248159e-01
-7.377570577942996755e-01 8.701275824487132438e-01 1.060993353199501055e+00 2.756093119544171244e-01 3.296156486276572983e-01 1.175489545792483659e+00 1.710292550770698083e+00 4.436304341823704700e-01 5.106173733049167440e-01 1.190944892865046345e+00 -8.257215549909817653e-01 4.462350928599385091e-01
-7.990314584500376460e-01 3.431384694374559619e-01 -8.349801915870231905e-01 7.166283692796702187e-01 1.500368064790988665e-01 8.443254250953929896e-01 -1.894482644640826940e-01 1.193269386462522341e+00 -1.967260999784236963e+00 9.345663000805218834e-01 6.102382266872333760e-01 4.628130381839749008e-01
1.037615806709006439e+00 8.529916371868023761e-02 -1.662925186314741177e+00 -3.581216992710521962e-01 1.026456875362578458e+00 3.957665398097733878e-01 -1.273273670984692574e+00 5.622254902552493716e-01 1.178007448611491315e+00 1.285537910968264641e-01 1.421035596408133650e-01 -2.228403923738752346e-01
-1.309613448437781102e-01 6.441877098991695139e-01 8.107200439295192407e-01 1.973244533971837189e+00 -9.564102633644107065e-01 1.726221049318386047e+00 2.498306065156747635e-01 1.408175520912201550e+00 1.872157885574524228e+00 8.641045585415899621e-01 -1.730731547025989636e+00 1.657172728473289558e-01
1.047052299668332354e-01 -8.345409837243181750e-01 -7.414538897803898410e-01 1.937246145178141143e-02 -6.734998162921177478e-01 -7.057109804254687591e-01 -2.549543791266158932e-01 9.963015117641912388e-01 -5.620134082255315855e-01 -9.542815774795495587e-01 7.918474808600214354e-01 -1.346910071803782971e-01
8.963022027106616330e-01 5.670795135359291833e-02 6.914226085366181884e-01 -1.234224072093713209e+00 -1.120171946838822485e+00 -2.991632883334206516e-01 9.601935035598948565e-01 -3.561492451225915512e-01 -4.333200503806218795e-01 2.649164090738404323e-02 1.170134838261261079e+00 -4.088637496010177896e-01
-6.648530213588989962e-04 2.852231179056746502e+00 1.099541768985375478e+00 -5.552394716923624296e-01 7.261132242665381542e-02 1.077899839036866175e-01 -3.776130949094223532e-01 2.090673925911434861e+00 -5.367206814323080000e-01 8.424546512202941706e-01 -8.217994329644896512e-01 9.904969168092804532e-02
-9.756466884896802805e-01 2.554850467826097482e-01 9.603864880534157544e-01 3.420703443237815833e-01 -1.053906618654861793e-01 -3.686643730530572149e-01 5.970136722010257468e-01 -4.965354864888678055e-01 9.757363715222563405e-01 -8.762523010941765111e-01 -1.003722442833150374e+00 -1.487542751400461105e+00
3.943089628534240942e-01 2.116040716863853088e+00 -2.897673412648824609e-01 8.906531565547675111e-01 -2.111719331154545895e-02 8.194377533554338955e-01 3.621812572580558331e-01 1.128127229195195591e+00 -8.528419228978980637e-01 5.841040596910928029e-01 6.729894935387846777e-01 1.026306601356380632e+00
-1.723418923533677760e-01 -4.053665105228427268e-01 -5.640692679029354339e-01 2.965172889212857599e-01 1.387896494363547673e+00 7.299747110292021945e-01 7.759136407612818309e-02 1.563230727882346793e-01 6.607436483766842006e-01 9.882997188815686451e-01 -4.094135406142787592e-01 7.063349776392379153e-01
1.597839551048898965e+00 9.201251751625586506e-01 2.709696183390772894e-01 1.380312276762445389e+00 -5.539863203227102240e-01 6.546227536621719301e-01 -1.056943554656648576e+00 1.825798480770433052e+00 1.397580754184836627e+00 4.870732582262064514e-01 -1.680121642562934170e+00 -6.503158945321271256e-01
-9.076092515138498573e-01 -2.789663787364783931e-01 -4.866173027919551974e-01 -1.112978120649536828e+00 -5.152675991476861339e-02 -9.717826574189560862e-01 -6.864689470727037834e-01 6.211402880627034939e-01 -3.293922440660302930e-01 -1.084806350110717466e+00 2.820502842801821952e+00 -7.624235165443080664e-01
-4.286972888634109080e-01 4.089600856998387712e-01 6.902999415479530443e-01 3.945068542339843359e-02 -3.140503591748429191e-01 3.034011650389827341e-01 1.278601949397995208e+00 -5.237506589438223337e-01 3.807252197899120283e-01 5.074064103480477872e-01 -6.200137687218817417e-01 4.000053645435579508e-01
1.290218678719159406e+00 2.050773496875461510e-01 1.185852726924721823e-01 -1.185632270994472215e+00 5.419179851834504680e-01 1.443650062830725167e+00 1.898658362778785635e+00 2.659344339220672815e-01 5.540816612523854490e-01 7.681979434193898504e-01 1.014227887292518560e+00 1.033228620805806269e-01
-4.103614593213820716e-01 -2.322941313162636412e-01 2.358520405771511452e+00 1.157616114406423286e-01 -5.120174709208908936e-01 -1.133321552514452435e+00 2.855256820620997726e-01 3.944004860028215154e-01 2.064853497929854675e-01 -5.160268188180049398e-01 -9.171989707960958027e-01 6.800927449600226993e-01
1.186108079455476805e+00 -1.083979682937487726e-01 -4.543299690899851861e-01 1.105666875648375180e+00 -5.222781790551188630e-01 8.063247850551720219e-01 -1.267164719319874955e+00 -1.032487434772876078e+00 7.044141480030011726e-01 -1.320840677592338419e-01 9.204186826902768237e-01 1.528861306549856858e-01
-1.906648182170159744e+00 1.022520755102003687e+00 -1.035171703608961158e+00 -1.498427016833892678e+00 1.212105699227955302e+00 -3.477553726451229621e-01 1.228572156450100872e+00 -9.265176989709603683e-01 -4.462785411232269017e-01 1.275841607890520590e+00 2.579670904761359740e-01 -1.722023190078965982e+00
9.717901108956198408e-01 4.734283590569939304e-01 9.161162484207098222e-01 1.415806572523220952e+00 -1.703126324591019425e-01 -2.527523269045255372e+00 6.328330510048586488e-01 -1.187315382307105871e+00 1.586265530001335355e-01 -1.750898699141074211e+00 3.565087521070470777e-01 -1.999704373803384616e+00
-5.244500923728958597e-01 1.700742136656148151e+00 4.571359748628224806e-01 9.049427251747224066e-01 2.530717744056670826e-01 -6.498272985488362519e-02 -1.266614175357425043e-01 1.627251882272437333e+00 -2.092912949388892052e+00 6.281875882379335529e-02 -8.410386963962503126e-02 1.100218882445593627e+00
-1.104732370281868298e-01 2.549047215798186036e-02 2.331530500926725646e-01 1.339735427372573451e+00 4.642422651580926929e-01 1.444265879546658971e-01 -3.534863096885482725e-01 -2.083344501177446795e-01 3.227692158283905766e-01 2.344000025513096747e-02 8.251022776071903486e-01 1.879119068827531214e+00
-6.479224370445346715e-01 2.445030103085580997e+00 1.929231622827409509e-01 2.024328727126465832e+00 6.831017536501848841e-01 4.630672953073625142e-02 3.726309317688134559e-01 -2.645104171851200725e+00 5.463889923947476968e-01 -2.043686515629058675e+00 -1.105224393213935619e+00 -1.103349010800336982e+00
4.395668665513319251e-01 4.326029611240496120e-01 -1.740424421773711927e-01 5.116582003822908176e-01 7.373306544706631493e-01 1.113835865202049552e-01 -1.178016662803559877e-01 6.940439296389517843e-01 1.364216597409569909e+00 2.766573414901867811e-01 -7.657865523641363970e-01 7.650821190173779929e-01
6.005972339278056182e-01 1.401676212255115628e+00 -3.153468892665964862e+00 3.274101178074695362e-02 -7.739163133177258125e-01 4.580476435084736009e-01 1.539635976779166082e+00 -1.581430913370158509e+00 -6.914208232411489519e-01 -8.996620016982365131e-01 1.723959236533086470e+00 7.224753789520651504e-01
2.859243735108205064e-01 3.754197104957441300e-01 7.307295723693488232e-02 2.575987236785049372e+00 -1.370812526045715574e+00 -4.293010676870316344e-01 4.410974369665441319e-01 8.661004239620563316e-01 -7.422586650429793265e-01 -4.022834432737537047e-01 -8.387445032258894484e-01 8.525931190445553698e-01
2.223288675978732254e+00 1.682457413236712607e-02 -9.222254391809062701e-01 -2.522557100092792104e-01 8.698948603687021164e-01 9.709096821160606572e-01 1.119994492825057364e+00 1.017738936899899471e+00 1.642637498748482860e+00 4.209306349938983227e-01 1.806183861294624826e+00 -1.287160267879037534e-01
-8.568459567454010661e-02 1.258540431251051750e+00 -1.113905173278682215e+00 1.366205031545063342e+00 -5.217935633008229379e-01 1.623762283394941219e+00 -1.346368746681317008e+00 -8.205750883713187616e-01 -7.454790837531460879e-02 -1.069292900629807086e+00 1.479708305302872118e+00 2.794315420817808260e+00
-7.361283909240962098e-01 -1.530665105744916654e-01 -9.357747982212820670e-01 1.542550708811989413e+00 9.026100117866223682e-01 -1.120811524793214220e+00 9.709177031177349537e-01 -4.741840140294062422e-01 1.041107734305311672e+00 -9.412791164948295375e-01 -4.621420367157952902e-01 2.935466576252163118e-01
4.249918994105510994e-01 6.774620602850547346e-01 8.752474582238106357e-03 -5.470994877875340334e-01 1.033281492958447956e+00 -2.264441205308012517e+00 1.711704639367293557e-01 8.792497783966309877e-01 -6.683345714510524616e-01 8.018217648094411176e-02 -2.086724624134910777e-01 8.356273927495306841e-01
-4.940407644292156286e-01 2.092443324403583382e+00 6.929516688474309793e-01 -1.016304546469367187e+00 2.075747237665287681e+00 -2.951168370952370612e-01 -7.046114922305810047e-02 8.175834006932598541e-01 -7.920473032174436823e-02 -7.796117534702737828e-01 5.775557152766082059e-01 1.877758613692862288e-01
8.319645893182866514e-01 2.795883727360268245e-01 -1.808898501018858074e+00 -1.139141736760113544e+00 -2.305718533835809103e-01 -1.457582990908098619e+00 3.207851461040368557e-01 -4.920868393068410507e-01 3.827131016829353471e-02 -1.451138096107372766e+00 6.671013672851473508e-01 1.230155004982070865e+00
5.421378296362470151e-01 -9.658119752004530600e-02 9.214509326326991712e-01 -1.341720900076613932e+00 5.188934553410049499e-01 -1.151172673282791603e+00 -8.910452709331598831e-01 6.623737838265929545e-01 2.696673467011808878e+00 -1.452685141010956915e+00 5.428751207774812348e-01 -1.530310969875071203e+00
-1.900247856294737581e+00 2.277636181405212346e-01 -8.308485804686264187e-01 -7.631152891861895382e-01 -4.880305044336574749e-01 -1.103449946882937516e+00 3.616733821195022847e-01 1.439082919983486995e-02 1.525283744610776315e+00 -2.800377483573261994e-01 -6.157051800424262478e-01 -1.550867419262201563e-01
