-3.995665579965111736e+00
-3.958938185857973746e+00
-3.981375582905793742e+00
-3.861961650750403319e+00
-3.960024255838024310e+00
-3.950739441375371364e+00
-3.952187428958167548e+00
-3.983671062691314546e+00
-4.040570931616876749e+00
-3.984931476894145064e+00
-4.026681053027456159e+00
-3.900007012192754807e+00
-3.960143488558077962e+00
-4.010370930077666429e+00
-3.889027965315166036e+00
-3.889597401814649302e+00
-3.860453406591317638e+00
-3.865636046144275362e+00
-3.935514685867842921e+00
-3.894752741311633404e+00
-3.947843920878614021e+00
-3.911413975044063740e+00
-4.073264935328131386e+00
-3.878190159206189591e+00
-3.999811848382382351e+00
-4.018580959865008850e+00
-3.977254590620861840e+00
-3.971300553372917541e+00
-3.949645585128243042e+00
-3.883536958534400618e+00
-4.049284848454223429e+00
-3.869537408203664874e+00
-4.017632791683015903e+00
-3.885901301824248311e+00
-4.078507854408406352e+00
-4.060378346747129719e+00
-3.779109564754588035e+00
-3.917451970778299319e+00
-4.092867645315452663e+00
-3.891822618222894103e+00
-3.883510772166594904e+00
-3.807896883399100485e+00
-3.920795791186109991e+00
-3.898704977992978549e+00
-3.928756500332811541e+00
-3.825688213865223730e+00
-3.862099555704994192e+00
-3.918864677153046649e+00
-3.943852043535716057e+00
-3.893658850226466406e+00
-3.871222231089918253e+00
-4.005129512063873243e+00
-4.050450212747142231e+00
-3.947809010651976092e+00
-3.963334366853271007e+00
-3.917162595431871175e+00
-3.934422804122817308e+00
-4.088816230210696290e+00
-3.878288946714625318e+00
-3.803913465380080794e+00
-3.966678624563554134e+00
-3.937427876340220401e+00
-3.983218655890178539e+00
-3.921421686591988198e+00
-4.103112256162342319e+00
-3.991605927996940029e+00
-3.887435721450309245e+00
-3.908735020744593669e+00
-3.943988240583479854e+00
-3.928271767206378051e+00
-3.983299459143923027e+00
-3.971338695355051129e+00
-3.963575062192221665e+00
-3.986901172506897240e+00
-3.896660049736778042e+00
-3.957744980823663994e+00
-4.001623724921559599e+00
-3.890874788887557223e+00
-3.949787537833868267e+00
-3.898736640909746143e+00
-4.003957567944312679e+00
-4.006437696129057535e+00
-3.972897363694083417e+00
-3.991449241130013537e+00
-3.952113457722288281e+00
-3.979841809998950986e+00
-4.015861912288723801e+00
-3.908149517945274098e+00
-3.912662046260175774e+00
-4.001883481895940342e+00
-3.946235247505299526e+00
-3.950326499696612537e+00
-3.977682973342375305e+00
-4.008221261502380450e+00
-3.912165925236982034e+00
-4.016992908260367479e+00
-3.973733937763165081e+00
-3.930989087433808926e+00
-3.977270311536146075e+00
-3.870502164881752361e+00
