6.893039343239611323e-03 7.580131113646325358e-03 7.046332823729305889e-03 5.688265082470365247e-03 3.857555345308992696e-03 2.554522321739915135e-03 2.071894848067540144e-03 3.412606172219060513e-03 4.760595451552137973e-03 5.296203640706549642e-03
2.518380634030987619e-03 2.532127971613022145e-03 2.571270903344324756e-03 3.480609633683291564e-03 6.051825831000466616e-03 6.828374242462186515e-03 7.514424851760775209e-03 7.700492958741857359e-03 6.067340179844028618e-03 4.372860835462115403e-03
5.005780830320639974e-03 4.475807961133161823e-03 4.029285747529194432e-03 3.253886430047253989e-03 3.052863963486872161e-03 4.022889545571364973e-03 4.042146608425911149e-03 4.693456699505318616e-03 7.969345597155487460e-03 7.685589811398794990e-03
4.374428713560323326e-03 4.472825889046367492e-03 4.836592766920478313e-03 5.132118650528740868e-03 6.189146040537715082e-03 5.415697885344955033e-03 4.750760968379056336e-03 5.326939317194935401e-03 3.710640289742321140e-03 3.161132516124503470e-03
6.162999098562780935e-03 5.573697713573787585e-03 4.493336108010454431e-03 3.644952341578270791e-03 3.931137999226276721e-03 4.086634774478820065e-03 5.374859135501165903e-03 5.487483109696218719e-03 4.100686311399228540e-03 4.135838355332349670e-03
5.130669119279577563e-03 3.053370120821343077e-03 2.267958418204880488e-03 1.986332025753456600e-03 2.451573142799989141e-03 3.141874272062028951e-03 5.559513636141836558e-03 9.977531263032857201e-03 1.101919701774173137e-02 7.977729074518801963e-03
4.411122095292943635e-03 3.684259140276614601e-03 3.854764837859241729e-03 4.332359166931947468e-03 4.216394477147212411e-03 4.801246493992948443e-03 5.027099811024327708e-03 6.952894630761038280e-03 5.989867876139182319e-03 4.170172982355990592e-03
8.330446654510589855e-03 8.950740625779904022e-03 5.510656953641523449e-03 2.724863620091727209e-03 1.950533829646760101e-03 1.988798044511202404e-03 2.846765875890380857e-03 4.534379050810394794e-03 7.196550682895434120e-03 6.718960058829215320e-03
5.342902240873193855e-03 5.432521773201405731e-03 6.620305672505602361e-03 7.419136785131810914e-03 4.150851738132084641e-03 3.718949435156261325e-03 3.416211928943421478e-03 3.542027372161706943e-03 3.693152183933366261e-03 4.547620943315314364e-03
3.715396674558912784e-03 5.621173188369570084e-03 7.125703854123065402e-03 6.615527785473756736e-03 5.947685996862798335e-03 5.361884672409929740e-03 3.643617830418614985e-03 3.379996113409527991e-03 3.489086880984882018e-03 3.324881635421146706e-03
2.765958809373934846e-03 3.063182089932281037e-03 3.892243969167669820e-03 5.529834654906089393e-03 7.553366456933508985e-03 9.221033711883959774e-03 5.749930010409953600e-03 4.545301222433185441e-03 3.580219427751640034e-03 3.283462635768807838e-03
4.444424962412368320e-03 5.523000114628064117e-03 6.945545116761536221e-03 4.505466933139743065e-03 4.256569507413419419e-03 5.292430943084557374e-03 4.866316926488635682e-03 3.799967754268141883e-03 3.436733970870961725e-03 4.134564846348959093e-03
5.140348381736966135e-03 5.665595246777964215e-03 5.447906312115824261e-03 5.198861594478540113e-03 4.993105962073622443e-03 4.446817664133298313e-03 3.656043508075835190e-03 4.196714283068482543e-03 4.040957203130797308e-03 4.542000907991131098e-03
4.070543892634022505e-03 5.180676182704241871e-03 6.777439318030147042e-03 6.384792295647455547e-03 4.332365875032376766e-03 2.987114425109812718e-03 3.609069876842184270e-03 4.590505041111403277e-03 5.279420104945404743e-03 3.855384498889914083e-03
4.230053302683341176e-03 3.043520712214769445e-03 2.992320882543265601e-03 3.154540970683689625e-03 3.670551478381690359e-03 5.334178728746680372e-03 8.031119416594340379e-03 6.640006772500362670e-03 6.296908631780228326e-03 5.263252843436856329e-03
8.134271848707593996e-03 4.188424345465058957e-03 2.127451358074650915e-03 2.229699989087850602e-03 1.901514316056261656e-03 3.435056208682402655e-03 4.878685825442890915e-03 6.388554422753137466e-03 8.287040673055412476e-03 9.813564833966861162e-03
3.421353983656711447e-03 3.715543574282839569e-03 3.827080656162469043e-03 4.221515297645930809e-03 3.921349748170047805e-03 7.346509574219642520e-03 7.627561559060726248e-03 5.778230158314885158e-03 4.611982008912960361e-03 3.509936569549703799e-03
4.500503702506978253e-03 4.505594520739032542e-03 4.098689777023298113e-03 4.773431010923406131e-03 5.291903223334464348e-03 5.424383678100305577e-03 5.539595049503666380e-03 4.253447380038892327e-03 3.980936376236808225e-03 4.758739767930050824e-03
2.725844444742863467e-03 2.843098490928318463e-03 3.007938727970870148e-03 5.011585834913278095e-03 6.387583998607228655e-03 7.602359115139780028e-03 7.559355241248354867e-03 6.503879929833255268e-03 4.539373970553936891e-03 3.136884536608663260e-03
1.027733565964722255e-02 8.172440002111112933e-03 5.217177721973357760e-03 3.011985204750555929e-03 2.366413588481411975e-03 2.104978943944403082e-03 2.603940101992766563e-03 3.678529963668850707e-03 5.538119770920627884e-03 8.642167552932764757e-03
6.021597663086909226e-03 4.217313980414227545e-03 3.712317159882177076e-03 3.838320477029109890e-03 4.408864865441862457e-03 4.228900328224414508e-03 5.212071576599592269e-03 4.555671728312826567e-03 5.489638547651303456e-03 5.593149990060167914e-03
2.709073864985595947e-03 4.289140962372757319e-03 7.780763215990061342e-03 1.031507998028370968e-02 7.728064448799826062e-03 4.230868345383354337e-03 3.763121517924737300e-03 3.356461251381041237e-03 3.258470574771818104e-03 2.384610618634078975e-03
3.184313692951562264e-03 5.308945092541196738e-03 6.340983169214405198e-03 6.257005154287955187e-03 6.379344221257478818e-03 5.776903448303662321e-03 5.295330921456440666e-03 3.452509506999087985e-03 2.758446492746254291e-03 3.453514620889734568e-03
6.392532632186174318e-03 4.888356086539577539e-03 4.508870933336336928e-03 3.451598975834416043e-03 3.423691275985485307e-03 3.276066562330637571e-03 3.798365780546226339e-03 5.780133443572896094e-03 6.324548424545780624e-03 6.136478466935733900e-03
5.205355080894533311e-03 5.594284719997890017e-03 3.683825988413475579e-03 3.005945820842400446e-03 3.095441074191710492e-03 3.313673358549552948e-03 3.775283411118832491e-03 5.801328498153121745e-03 7.010902528237817483e-03 8.180206351332548753e-03
4.137185879769434207e-03 5.292901179392842624e-03 6.931061400908429364e-03 7.466695825028838406e-03 6.022536913416940384e-03 3.674493330482833837e-03 3.559092636147113096e-03 2.951200317505687284e-03 4.495319969397961433e-03 3.477868260770212126e-03
5.755082905926685137e-03 5.659471787105154611e-03 5.385435022924377722e-03 3.672289196227687767e-03 4.345997124966374803e-03 4.245972338584086750e-03 3.708381908655029435e-03 3.827127292216570432e-03 4.870191448531136121e-03 5.936478934162100346e-03
2.238544081540793079e-03 2.558989867636476782e-03 3.780485473242682117e-03 5.207450777909647041e-03 6.896207508362458584e-03 7.656549670319920571e-03 7.598994907068475427e-03 6.076726898923971894e-03 4.809849482218265040e-03 2.770705100446329248e-03
1.704040386291960424e-03 2.161566661800965339e-03 2.363747377978993834e-03 3.693945518956016309e-03 6.238170857586797929e-03 6.824431454232051872e-03 9.943399096956417188e-03 1.004195295716421230e-02 6.015394291877061012e-03 2.980146508605852236e-03
6.166854429389144292e-03 6.443519350149915122e-03 5.420062549468085411e-03 5.283846032095424437e-03 3.548956576868839835e-03 3.020409886033127451e-03 3.078866401072339384e-03 3.796593108440998385e-03 4.575508883966121487e-03 6.824292766392897093e-03
2.836818700226586415e-03 3.940790584409190750e-03 3.419011011800067446e-03 4.077231683174030973e-03 4.399466433068011453e-03 5.782894465797676700e-03 9.143813242179853196e-03 8.327502539891345687e-03 4.094309818680278920e-03 2.485550517878759406e-03
2.870938274372904567e-03 3.089642856218880601e-03 4.072228144032474101e-03 5.844919046467790189e-03 9.809950550014153586e-03 9.184220435442282809e-03 5.732551500831957296e-03 4.007515128155177998e-03 2.827892386763891566e-03 2.739213902081841408e-03
4.299368229921260443e-03 3.084433300220991003e-03 3.567305130223216107e-03 3.869595146088842391e-03 3.493490401729183042e-03 5.140035443148002932e-03 6.523873383992182147e-03 5.739263255432435276e-03 5.830349452459726231e-03 6.266364783482168861e-03
5.808709229628571807e-03 4.202979160570348600e-03 2.980603446926638565e-03 2.754023149144297581e-03 2.937175417508882270e-03 2.816393226989200374e-03 3.481774494561766520e-03 6.609452562755620784e-03 8.753313516797948599e-03 9.878028910286235781e-03
2.793312416618026588e-03 3.411846476865108228e-03 5.036202749582674616e-03 7.110802425563290605e-03 8.199046761926329085e-03 7.106391141278139457e-03 4.701859662288376124e-03 3.947241425391428450e-03 3.096199532352115515e-03 3.502962173945392901e-03
2.647711098312380013e-03 4.549104308348576702e-03 9.295052191593322632e-03 9.326527259740129833e-03 6.345569594592469567e-03 5.481122695931837929e-03 3.618724321930602648e-03 2.923799660564501898e-03 3.174740962221873474e-03 2.531101572410237276e-03
4.539422059367008259e-03 4.123933614143641090e-03 3.879834001465100584e-03 3.777066290886559995e-03 4.975526383098604136e-03 5.154433122468286312e-03 5.191554161029885740e-03 5.094753650002700578e-03 5.126496931732118893e-03 5.370706484475413177e-03
4.623873000662871366e-03 6.053106386642325733e-03 7.102368617872866982e-03 6.876988790705299524e-03 6.011714562411886627e-03 4.358823918569960931e-03 3.703831261160728770e-03 3.096659130089723152e-03 2.540023051932568682e-03 4.136172955940048065e-03
3.101428820417905744e-03 3.314508804321895843e-03 4.834717061553091277e-03 5.326735148139058289e-03 6.681926513165444524e-03 6.102319565977215761e-03 4.777245547674793813e-03 4.442019553720906976e-03 4.567600243265702506e-03 4.375912063169593719e-03
3.352280548428742540e-03 2.763079076097883953e-03 3.486303390988461284e-03 5.450685197847917121e-03 6.157078484178496632e-03 6.229142652931687896e-03 6.751590514288815549e-03 5.655883458391362632e-03 4.415898443007839312e-03 3.906429703250329823e-03
5.129484274153203738e-03 6.987229705759106721e-03 6.081877890058383189e-03 5.008856679066371609e-03 5.700046531918864269e-03 4.056621616530110656e-03 3.752532828959586567e-03 3.115562753020534488e-03 3.776869871494147220e-03 4.168494293043712579e-03
2.960219215204097643e-03 3.055464813347744547e-03 3.550913997100410210e-03 5.344662184695646821e-03 7.312585550086078169e-03 8.778762578918129431e-03 7.593167258895681428e-03 5.317551788901506843e-03 3.105258502926542923e-03 2.681410362203141134e-03
4.573764700034630218e-03 3.231845793902092187e-03 3.566308282155763402e-03 3.104723383780584340e-03 4.207510914410865846e-03 5.102893132606174144e-03 5.541033805803507149e-03 4.885148111449739809e-03 7.837624520335668282e-03 5.789969440007204995e-03
1.015873249880831775e-02 9.191911746175576714e-03 6.575098889505596490e-03 3.638875994528919904e-03 2.597610926156539244e-03 1.863539087003286947e-03 2.685862718255156104e-03 3.484545544557246435e-03 4.573803602487850825e-03 6.441946813237500388e-03
5.234361856985478116e-03 7.694649190023031618e-03 6.153938189327640661e-03 6.461209655218926734e-03 5.579451389985489243e-03 5.172271610750569897e-03 3.557013058416991658e-03 2.602745559164165983e-03 2.949005970798480002e-03 3.111699678863670028e-03
6.135719736505302474e-03 4.898430807247392688e-03 4.180581088020411326e-03 2.992285552572980772e-03 2.623332270732405165e-03 3.088263918422450884e-03 4.696047060242414424e-03 4.998620929596899083e-03 7.521570213674134801e-03 7.684662607654804169e-03
1.007664503843707336e-02 1.128528694386825293e-02 6.947316205868319175e-03 4.635093625846757950e-03 2.651798209038907193e-03 2.101122377829390143e-03 2.176690183673410904e-03 2.746573018152272203e-03 3.789376550646827730e-03 5.874754507580712964e-03
3.755145960309314371e-03 4.555026120473338117e-03 6.778558176477875348e-03 6.730444932204868343e-03 4.938810556272183773e-03 5.206137456665404714e-03 4.403306422374421956e-03 4.139782463389982473e-03 3.824706853195466733e-03 3.299229678782247301e-03
3.114543155819624997e-03 3.064679964118242981e-03 2.764344422062752545e-03 2.928867334662714136e-03 4.465391042564668782e-03 6.009669883828106657e-03 7.133052830269714928e-03 7.776146030651930052e-03 6.771919242115490359e-03 5.154458347079336408e-03
4.775938699346724166e-03 3.840086946121596366e-03 3.111876728268466331e-03 3.496541055844374409e-03 4.209901432099892593e-03 4.449532332273750147e-03 5.506180541089779161e-03 5.780683653542421571e-03 7.067841574957977116e-03 5.625728666264164478e-03
4.372323455200423370e-03 3.327776743471577443e-03 3.128481978600918412e-03 2.913616948294587335e-03 2.987490177049271708e-03 4.586035724918923091e-03 5.278097140182878150e-03 8.057067484607573910e-03 8.758363251733521093e-03 5.787272959807315646e-03
3.678573865126992266e-03 5.836566819277180448e-03 6.203240404471392633e-03 6.380837515444954394e-03 5.749314937335304153e-03 5.010290938899954021e-03 4.747806013604851001e-03 3.923782999257541954e-03 3.331619921134430524e-03 3.000000102373105715e-03
5.190494383886953833e-03 3.329509486411560363e-03 3.074997200598951399e-03 3.641356328803422530e-03 5.809193141396861056e-03 5.979313757687549843e-03 6.477011775007836952e-03 4.619438521475179894e-03 4.260178286035876290e-03 4.880360827328709267e-03
4.853959968906159869e-03 3.491871422340499936e-03 2.874388040885430314e-03 2.784844185574899492e-03 3.022637885103334702e-03 3.649015510078079845e-03 5.393047457975371807e-03 7.552528178233393515e-03 8.776669608189435409e-03 7.214496620298364686e-03
4.551359570720201614e-03 6.058732504657857870e-03 8.864438247478430635e-03 8.220338977985875220e-03 7.528378734035632257e-03 3.978094885221626631e-03 3.722902099097216699e-03 2.894888597001982547e-03 1.896142876076858377e-03 2.601933112309084192e-03
3.322575953259819959e-03 1.875655797629542003e-03 1.290511720716567851e-03 1.689313710136822839e-03 3.751368076970816590e-03 6.015266395098963978e-03 7.624244054295679571e-03 1.101098468429721235e-02 9.814175707377552002e-03 7.305112280090796800e-03
5.530202011262324094e-03 3.997859378159102431e-03 2.550635853427920229e-03 2.152161978905737377e-03 3.188354505906439151e-03 3.609769033675601455e-03 6.695988237622224788e-03 7.645074022919935881e-03 5.862932303582744399e-03 8.066542684694736134e-03
3.914293361552598736e-03 4.020262838903811142e-03 5.356104432208172450e-03 6.586633846432619031e-03 8.567143227044392989e-03 7.209451194975040854e-03 3.872055516151798500e-03 2.710943257179136007e-03 2.897998058843896923e-03 3.538189242358138076e-03
3.967023584899186453e-03 2.526117538277877165e-03 2.156353747143587626e-03 2.230122561585775025e-03 4.478831790949778721e-03 7.877532993549122772e-03 7.840409461424998477e-03 6.230624678388711236e-03 6.189029931618919567e-03 5.833972437887594009e-03
4.544011969916801966e-03 6.298737128199901648e-03 7.375816809914749299e-03 6.729294916025488349e-03 4.748422448013519051e-03 3.428485433240819735e-03 3.436528216107527164e-03 3.362121487828850699e-03 3.456396479390758027e-03 4.786647044606717402e-03
3.108327168709602850e-03 3.808284187041688883e-03 4.039415103600167700e-03 5.551372601945241646e-03 6.115125921917986297e-03 7.159970286742064864e-03 6.255629996009863525e-03 5.533448281807778341e-03 3.739519784154923029e-03 2.978660780526626566e-03
4.848408891211025348e-03 7.880017924340088423e-03 8.046296127965486822e-03 6.206574534908390443e-03 3.624339728024280911e-03 2.823306069663065500e-03 2.872062085927456869e-03 3.255004736614585444e-03 4.528188962040557292e-03 4.560687213678276362e-03
3.736837422769755633e-03 3.559177522670064955e-03 3.300104195598596666e-03 4.707632977020244011e-03 5.011649197384980721e-03 5.778782481109114022e-03 7.034002030069786207e-03 6.560729290910932016e-03 4.608495318323273769e-03 3.627457779208944060e-03
4.013835125784857676e-03 4.009164864620442040e-03 4.173560126188793559e-03 3.918325565531250582e-03 3.658677611570273092e-03 4.859610597579504428e-03 6.583442046096364686e-03 7.085613260003297692e-03 5.219751186548865669e-03 3.978364799018548233e-03
5.794506941711132300e-03 8.002845101306544501e-03 9.030975065264981033e-03 6.202863276205996743e-03 3.918574765706772482e-03 2.251834099506816716e-03 2.848521732532506567e-03 3.584088730883438871e-03 3.043714009515306393e-03 4.746635977571938246e-03
7.970238706757278718e-03 4.989620163485197768e-03 2.319933109023939333e-03 1.857867691602362644e-03 2.520262023551550577e-03 4.188158251246950313e-03 6.002841946763576471e-03 5.231341823718723034e-03 6.090177428905527851e-03 7.807032460129768696e-03
7.242693873315646062e-03 5.491155014706212110e-03 4.632067634979915131e-03 2.853704478301300786e-03 2.011993503580861153e-03 2.636928667813768449e-03 4.182135155231430160e-03 5.978332597937941612e-03 6.134510352111867577e-03 8.250359272455156170e-03
3.597606909385429094e-03 2.714069300509651828e-03 3.644561506784210238e-03 3.097819191267213359e-03 3.887658436893660138e-03 4.162794013553467419e-03 6.477353862960906657e-03 9.062711523579666806e-03 7.036676419918130171e-03 5.157546913135103821e-03
9.493885390229998139e-03 6.871663034981038976e-03 7.537217736938264454e-03 5.447774680936774694e-03 3.277863846833194063e-03 2.712714170406138603e-03 2.710359571929578642e-03 3.058855071189832756e-03 3.529415080284724771e-03 5.054932047838429227e-03
2.282678489806563155e-03 3.137308336738170011e-03 4.643135541358946877e-03 5.826341443995504930e-03 6.071291953538017136e-03 9.275968956405884064e-03 7.225715390151422196e-03 4.554364034782812896e-03 3.655233254016292295e-03 2.782370517198395378e-03
2.687836650592571441e-03 1.872326539783448519e-03 1.712816359771870533e-03 3.496259487129753894e-03 5.887376110565710821e-03 8.905493055126542656e-03 7.600206908829457847e-03 6.043103752787672665e-03 6.005290260199564085e-03 5.641801726204508094e-03
1.787648515131878965e-03 2.163317297515812872e-03 2.532462711207494020e-03 3.606096658966075758e-03 5.959837783578497174e-03 9.314051091211706865e-03 9.633646342759798892e-03 7.732428715676087361e-03 5.984528917312605459e-03 3.142899829608288963e-03
3.990373172069283485e-03 2.558663393012385739e-03 3.327643066639944351e-03 3.471293011739207558e-03 4.075044643435954579e-03 4.924207046932404901e-03 6.386856184495128159e-03 7.475627790818728524e-03 6.566327617992189815e-03 5.723411504712427531e-03
1.560906137381902654e-03 1.416861910682667893e-03 2.230201456962896140e-03 3.735795685314760323e-03 6.782731284042637677e-03 1.117085318276431899e-02 1.018179455325985208e-02 9.630882016703310941e-03 4.828282482785445882e-03 2.906571053142369999e-03
3.198619866987006694e-03 4.073525613709371232e-03 4.492578034191209435e-03 3.503470853733591482e-03 4.222304715903152372e-03 7.500209221188222988e-03 5.959464833117528344e-03 7.148698821409560367e-03 4.688960165966242315e-03 2.933261962442290302e-03
4.577420996180167449e-03 3.858262130351950477e-03 2.901062283227665971e-03 2.318112560167387079e-03 2.609862477634463784e-03 4.505883918124547333e-03 7.435383614978739210e-03 7.341090656771311583e-03 6.986135641215617149e-03 6.779580493360932297e-03
2.762073055261289340e-03 2.451065456673255736e-03 3.116785310219054392e-03 4.268928534674624846e-03 5.261732354217936100e-03 6.703830579270423327e-03 9.085141932165381046e-03 7.115395399132713045e-03 4.901831997384965139e-03 3.815567100496082120e-03
5.931351810541003744e-03 7.924130918057546366e-03 7.778450302917904423e-03 5.142879847094465259e-03 2.938908821230947887e-03 2.967095681950994695e-03 3.392366118692891411e-03 3.589338534887386196e-03 3.381734972980205908e-03 5.660312549625652091e-03
7.313338308396901723e-03 5.676002657665614980e-03 6.137025690440806903e-03 5.613998659802865374e-03 3.230657106093667331e-03 3.182111531434303735e-03 3.229049807045962939e-03 3.843576449431219261e-03 4.185044349528093711e-03 5.722540712670969899e-03
5.731378690103715139e-03 6.324597534271267363e-03 4.788946660791773384e-03 3.887310793910072823e-03 3.156066724438261455e-03 3.427410919257321831e-03 3.119256470913496504e-03 4.903040758504200423e-03 5.774877347242452982e-03 6.985616999738410160e-03
1.967668120633395308e-03 2.697829501909308932e-03 4.302904784737840438e-03 7.197135635636579300e-03 8.530041130603419064e-03 9.673816175871981921e-03 6.290481412633742823e-03 4.280431711327056625e-03 3.682415573177603985e-03 2.292972514782671677e-03
3.663058082915019754e-03 4.795263619754555097e-03 7.234813855110913162e-03 1.022976384282914958e-02 8.752793804377751938e-03 5.931356072912095240e-03 3.133162307573776877e-03 1.873479014565009081e-03 2.062103507571500047e-03 3.367411071701119710e-03
1.469864797323542456e-03 1.598427932454892300e-03 1.829957412475148983e-03 3.991203115835601986e-03 6.338545658230042637e-03 9.279781369531905910e-03 1.157077614598467190e-02 9.230342399039201742e-03 6.391309438020460580e-03 2.662042262904268548e-03
4.941820658112302915e-03 4.925279142972006051e-03 3.433390942890606444e-03 3.739105513070010902e-03 3.516881398897310062e-03 4.422230628700232584e-03 4.657375508244534189e-03 4.752255141649088660e-03 7.203656667280346551e-03 6.061536555521487499e-03
9.390685304621318799e-03 1.099484263405913972e-02 5.897360899607029423e-03 4.265636582471211621e-03 3.645027171957683238e-03 1.994003725909289110e-03 1.553465147027597746e-03 2.832038748469568271e-03 4.265333352509252315e-03 7.084796215005764904e-03
4.354729439202744377e-03 4.588595655077788021e-03 4.571762182651760084e-03 4.570351611920977705e-03 4.440183012341323600e-03 4.978037631891959157e-03 5.459140105627962453e-03 4.777182001521368578e-03 4.106541637388928974e-03 5.235162818625753792e-03
5.290388849174133823e-03 6.583756883279053701e-03 6.357981386520984886e-03 5.188032015145553622e-03 4.360174466469651615e-03 4.166303851307030619e-03 4.247700987905361769e-03 3.918483559638909382e-03 2.685492991660201265e-03 4.766361964262043685e-03
7.051312713349709715e-03 4.298659422511699919e-03 3.450611162199069409e-03 3.229036070695232453e-03 3.163955951283808649e-03 3.543719288395807097e-03 4.080180939140174573e-03 5.044448600540470638e-03 6.830559052799168619e-03 7.936534990001310394e-03
5.498344349473645830e-03 4.676247268712633437e-03 4.241914747389794425e-03 5.374442108742836025e-03 4.921770226251197256e-03 4.662487591678312129e-03 4.282691638098821973e-03 4.527268332369445425e-03 4.335274822811339968e-03 4.558253932694314101e-03
4.031743665161348703e-03 6.046397545943836375e-03 6.264521744010887079e-03 5.380923774511826331e-03 5.316979789608992230e-03 5.781895969573886025e-03 4.769076259086691902e-03 4.039619469260940371e-03 3.037887617611226884e-03 2.963182301557957827e-03
4.088250631789620490e-03 4.908709425088373171e-03 4.445129870971891752e-03 4.327457616552303835e-03 5.750690141912370018e-03 6.225962604565295211e-03 6.514306268519695284e-03 4.258527293491491325e-03 3.659209253771316100e-03 3.214893690353440997e-03
8.724173938399300970e-03 5.206821715086990855e-03 3.249181233894297451e-03 2.581037910513766815e-03 2.294184495683083014e-03 2.607822332303302588e-03 3.044448099101745419e-03 5.620804691921340614e-03 7.168459999475879953e-03 1.083090391263757599e-02
4.181488103314719325e-03 3.015688118667439466e-03 3.739019835307542429e-03 4.247507584285307829e-03 6.456343544287593099e-03 5.947456376805207098e-03 6.381152945889377419e-03 4.991909897937872598e-03 4.489359752233103122e-03 4.211280480640460129e-03
3.963117333417089452e-03 4.093467807712252923e-03 4.608780518102726341e-03 6.449113209517966586e-03 5.786927029087059887e-03 3.627444005378813348e-03 3.268979523105251805e-03 4.513836580667075424e-03 5.178154858341803800e-03 5.327893623530553791e-03
3.257561000293830462e-03 4.299525436511900632e-03 6.190292853096626344e-03 8.091485498440787599e-03 7.244052837013632840e-03 7.487375176552076017e-03 4.692767858142022318e-03 3.135531672656689025e-03 3.037149757139809888e-03 2.167447170174773008e-03
2.186862664147697262e-03 4.240019678136817786e-03 8.320646606412504531e-03 8.050397529205489261e-03 7.459153981163171160e-03 7.931680668563605499e-03 7.376128730727654625e-03 2.750273751766420510e-03 1.608344486636377078e-03 1.547019403535030650e-03
4.588201584769560984e-03 3.076733069747959910e-03 3.252249762277823354e-03 4.914707347551105013e-03 5.788636617877583081e-03 4.698859179981012407e-03 4.335877591554657823e-03 6.050137816615326278e-03 5.761860215400763791e-03 4.694608888779295240e-03
2.531478337232931017e-03 3.475598460732424750e-03 5.514530051413358072e-03 5.675661512882077334e-03 7.456100190140063644e-03 9.028340408311552254e-03 8.083686126844843306e-03 3.614629731093475969e-03 2.084826360204065053e-03 2.584704367475367144e-03
3.999501589439712242e-03 3.735668437366003805e-03 3.581091828822019919e-03 2.887682343302188249e-03 3.108548370457272104e-03 5.689453441470078941e-03 7.556618015169230644e-03 5.497502897122787981e-03 5.139565878100859839e-03 6.651792536278262370e-03
9.255015953483334071e-03 6.596311591428645309e-03 5.178584780567650411e-03 3.833922067069942506e-03 2.418138066194322824e-03 1.935487765989524255e-03 2.118873736488100391e-03 3.464435372732031088e-03 7.021159436571368373e-03 9.505726243097794431e-03
