5.097363549570945729e-01 5.128103441919906746e-01 4.436660298722321927e-01 4.483277233319257205e-01 5.575070743640915261e-01 5.793850134914189098e-01 5.425198154769867998e-01 4.881485772173456694e-01 4.815103256868819015e-01 4.109114506514713883e-01 5.266459357754604831e-01 4.988313549831634997e-01
5.535128957767052604e-01 4.551490010530838126e-01 5.632445650468640430e-01 4.089013737847825292e-01 5.972777753982529969e-01 4.675316541988497887e-01 6.616885652860526879e-01 4.052864939492190066e-01 6.656699073429461766e-01 2.987816335308124405e-01 5.144844293075812036e-01 4.084717053248405061e-01
4.449753552938772172e-01 4.487737549008976590e-01 4.931616449758934873e-01 5.688243745057588452e-01 5.437148302300889302e-01 5.206973057883368394e-01 3.732966389031325827e-01 5.441573397131331813e-01 4.847269808280572079e-01 5.039137111153930704e-01 5.596330850944918334e-01 5.141249786508883535e-01
5.340663620153567326e-01 4.468613358294001303e-01 6.149175791885763687e-01 5.244266606044339918e-01 6.073289877626275590e-01 6.246238261500801636e-01 3.537582100789193884e-01 5.758673846203932190e-01 3.804563365130796959e-01 3.906870852684559137e-01 4.372101543675509516e-01 5.097960776011296602e-01
4.425941012692692356e-01 6.230800421983201387e-01 5.902734175601472844e-01 4.286544774791897217e-01 5.278270326880596386e-01 5.359127071618352556e-01 4.681824601709473344e-01 4.308872773812005841e-01 5.130637180294987942e-01 4.791477800024799838e-01 3.821396463606803184e-01 5.782373396984699099e-01
3.787847539623507842e-01 6.093258278026808528e-01 4.385689948934142768e-01 4.385487496464508528e-01 5.285029480721966655e-01 4.940833269831634289e-01 5.593097392996985162e-01 3.756110810446008363e-01 5.275629250562279271e-01 4.322378401190717367e-01 6.113701763426087066e-01 6.060936367775902056e-01
5.946440999928856996e-01 3.812436355898695117e-01 6.080107058170215462e-01 4.507097775781074844e-01 4.867897465221275866e-01 3.598219714693230431e-01 5.728106662161923657e-01 4.881695578785827383e-01 2.855652726718981849e-01 6.346117415567702480e-01 4.251457752054582651e-01 7.124770495017413996e-01
6.365030786921925809e-01 3.119738198834338672e-01 6.609450690484078850e-01 3.908490120440336058e-01 5.878425285109725174e-01 5.470251756234545404e-01 4.151676429862751205e-01 5.370528538012728781e-01 4.993201512062588887e-01 3.202060924990783874e-01 6.922263607960008613e-01 4.008882149086186453e-01
5.352515336705165883e-01 4.212318241386282525e-01 5.086294374795913287e-01 5.530029455095231139e-01 3.792117777205807339e-01 6.137160734392959061e-01 3.977697360898193035e-01 4.559978310947261360e-01 4.082310874608797713e-01 6.360762059995695994e-01 4.599163490354177819e-01 6.309651983614807946e-01
4.285074245327046283e-01 4.053885340572275231e-01 6.048469792526585120e-01 4.591260973812121282e-01 5.132987039091434500e-01 5.479630225451623815e-01 4.180921187963366203e-01 4.109210235930697563e-01 6.377861099653148180e-01 3.512337335136505034e-01 6.620828790446184886e-01 5.607533734089177324e-01
5.233684039669899146e-01 4.191177326616670196e-01 6.486783189823817075e-01 6.051059627532805463e-01 3.602341494671408295e-01 4.065123893874910133e-01 6.288279869962576374e-01 3.852476895133528090e-01 4.755154560748219295e-01 4.963451216356939977e-01 5.339894001896574594e-01 5.170573883712905605e-01
5.944400570549155383e-01 2.948851315670382167e-01 5.917987434429095028e-01 5.355973856003883871e-01 5.105854500444750865e-01 4.895148556097111969e-01 5.099303967009357619e-01 4.872820527291192305e-01 5.509049284878262398e-01 4.513270395702204119e-01 5.564810605743143457e-01 4.272528986182008159e-01
5.444530454329098434e-01 3.974651607182860813e-01 6.486565218411746159e-01 4.942112135042609489e-01 5.372265335373050954e-01 4.786838089494770965e-01 5.655887346140648919e-01 3.336208734997722081e-01 6.538507906970076888e-01 4.124200360781592467e-01 4.421683764065365008e-01 4.916549047210123646e-01
4.701427882772352129e-01 5.900475654454746532e-01 4.085556426466960267e-01 5.106999843714966625e-01 5.224377377337865447e-01 4.926992524041979293e-01 6.184327131003481970e-01 5.706094561340354643e-01 5.831445448846661606e-01 5.491389519384951567e-01 2.328103213683866413e-01 4.512810416951716919e-01
5.396691151791904728e-01 4.646443913512164348e-01 6.691480800103642990e-01 3.717074908198955141e-01 5.668043897821662958e-01 3.071898896891915309e-01 4.107611578401492158e-01 5.478440077879707104e-01 5.068271763496337012e-01 5.129382422802148955e-01 3.970957200944172927e-01 7.053703388156136178e-01
6.614427086461172056e-01 3.383086341179892820e-01 6.590720306372450654e-01 4.241668129860204361e-01 3.730750526664534661e-01 4.697084410192221005e-01 5.316636451624486837e-01 5.208553664897724866e-01 5.903685381476120320e-01 3.767214341393481658e-01 7.323248022286568126e-01 3.222925337590883399e-01
3.903225639160615712e-01 6.227991287942873377e-01 4.355434220662863787e-01 5.596746659499736154e-01 4.404728343524064726e-01 4.234053136466602862e-01 5.403332666385348704e-01 5.731547746894192219e-01 6.672818061537100220e-01 3.567471252831900808e-01 4.685881938159237592e-01 5.216769046935555432e-01
5.230508383859080457e-01 3.638603628975081161e-01 5.510190149430602702e-01 4.455343269445327659e-01 5.327463738859421483e-01 3.672959823896564391e-01 6.967816456276259007e-01 5.253038859721749221e-01 5.322718753687707416e-01 4.905092153026395785e-01 5.520782467466164301e-01 4.195482315355754666e-01
4.441766166184922815e-01 5.266936848403305227e-01 4.519287807799555745e-01 4.683971385577122559e-01 5.201779530871148971e-01 4.640475260965594151e-01 7.172001067997235690e-01 4.371235199107945668e-01 4.370627481194705455e-01 4.310497928040262217e-01 6.411065568556278960e-01 4.610355755301668301e-01
5.108385735800039518e-01 5.464525399550153040e-01 3.813897819241516274e-01 5.404166174901621211e-01 4.359536872268187091e-01 5.293126108360078907e-01 5.132711254842050597e-01 5.386585569956768849e-01 4.643069194436159064e-01 4.197880830400534391e-01 5.514772335954215565e-01 5.681342704289056300e-01
4.722283788371456348e-01 4.527538678138273154e-01 4.725962755861559117e-01 5.444021684207631662e-01 4.593389622166418329e-01 6.621615327241117122e-01 3.121880603920278441e-01 5.976740607094241930e-01 4.820515147150571389e-01 6.745163384719796706e-01 4.230446458534128373e-01 4.470441942594726714e-01
5.950564686329673503e-01 4.748174358927195193e-01 5.817589498904891521e-01 4.787945992867625455e-01 4.864458774920335515e-01 4.875168331578775271e-01 5.010816215571733956e-01 4.100844623150958768e-01 4.486332133103835829e-01 4.806000725952459529e-01 3.925944985219004812e-01 6.626159673473175360e-01
5.396752118960070899e-01 4.942360560816533299e-01 4.474243132466423356e-01 5.346769063893661578e-01 5.484171647532416483e-01 6.119687188711373516e-01 5.276775190485065714e-01 4.910576388916040314e-01 4.630624472841292638e-01 3.710999267446224437e-01 6.017450225021824251e-01 3.689590742908495091e-01
3.838671396053194851e-01 6.765293417841724555e-01 4.135923366687500602e-01 6.505976660839867254e-01 3.890672405714349358e-01 6.224359714922276243e-01 4.444753714075691531e-01 4.751774706823178596e-01 6.644127148788351311e-01 3.148264235484740658e-01 5.121626055490648977e-01 4.528557177277996448e-01
5.341390948356615764e-01 5.322955735977480396e-01 5.283804048796818531e-01 4.279687937986166313e-01 5.002584035046215849e-01 4.944880604196841833e-01 4.330767968280221369e-01 5.429414428302232754e-01 4.876640870789069049e-01 6.161420820209608795e-01 4.038709757417408008e-01 4.987742844641266382e-01
4.313595746226775995e-01 3.565111355528317594e-01 6.132401776245810510e-01 4.787840420852356726e-01 5.869545504937178082e-01 4.186572663770864455e-01 5.710460737511779961e-01 5.448849431048335967e-01 4.733003454495763318e-01 4.841599856908915256e-01 5.485470916106081063e-01 4.925548136368309571e-01
3.367458455188656052e-01 6.368046674548935027e-01 3.556671239830891951e-01 5.240935102166806026e-01 5.248176080560675860e-01 5.628900706947678190e-01 4.474570380840350303e-01 5.511710091661035094e-01 4.408319846879367732e-01 4.484898894878499020e-01 4.895854300863258790e-01 6.814458225633897026e-01
7.213567545598971176e-01 4.843168012741069228e-01 3.295745841324979608e-01 6.413538110003114134e-01 3.933996107552692467e-01 5.862474108864943467e-01 3.430692761631493615e-01 6.965165762709437658e-01 3.832418232655667722e-01 5.247975454766939940e-01 5.373222263398305110e-01 3.588035798752474692e-01
4.227739927336506831e-01 4.776376980969789243e-01 6.323381193708670356e-01 4.753764454463051958e-01 5.278538560014511827e-01 4.398547478035409464e-01 5.181827260928195678e-01 4.578556070291148750e-01 3.982166078364586248e-01 6.545390920603282314e-01 4.691878254420444594e-01 5.261832820864754678e-01
5.198317328842165796e-01 5.464486215204039654e-01 5.742730538334082091e-01 4.472003777963314830e-01 5.903987647974091590e-01 5.570154677671348420e-01 4.107716519866753124e-01 5.404573021342566896e-01 4.247243710024383168e-01 5.168615706276904476e-01 3.763678757260402463e-01 4.956492099239926397e-01
4.276758169456666425e-01 6.168948329015744303e-01 4.358581655279590850e-01 5.625717375181849000e-01 4.129287763686774193e-01 4.153193415716835424e-01 4.439653492844635174e-01 5.339476899236927920e-01 4.878291894202777534e-01 6.794121933512700107e-01 3.447235627703205685e-01 6.388733444162435493e-01
6.247185012464107068e-01 4.642917958918462151e-01 5.572847834889097518e-01 4.071623336966393447e-01 5.804732503601013338e-01 4.165090608236982073e-01 6.239529569183351887e-01 3.186878532677144271e-01 6.378893961291909331e-01 4.430846113633674088e-01 6.554300536146536738e-01 2.705154031991557351e-01
6.252933801321743923e-01 4.219062148637048870e-01 5.657916227402507436e-01 5.351452502763992536e-01 4.635856687579679170e-01 5.474994086244289182e-01 4.804048343773301699e-01 5.065160849217409389e-01 4.683363898946062420e-01 4.620476333783871681e-01 5.353788939693325810e-01 3.880946180636569154e-01
3.500622890422697142e-01 5.355093604369252080e-01 5.376909432578893533e-01 6.453138567844781681e-01 4.191327538091137450e-01 5.611767709098275381e-01 4.337043988345289369e-01 6.878901007523063882e-01 4.540231876647775611e-01 2.730504760455846891e-01 7.244150909386799508e-01 3.780307715235943222e-01
3.952926163058297915e-01 4.729828905006108197e-01 5.857911785269496185e-01 5.061391886896841052e-01 3.127917069540795403e-01 5.971900291523755122e-01 5.669131336152776202e-01 6.247685794408669446e-01 5.082053092790926874e-01 2.799358706873628089e-01 5.778522438884776680e-01 5.721372529593730105e-01
4.491119175142811448e-01 6.459591316353485713e-01 4.191948493631491579e-01 5.453910302916784580e-01 4.698805544449996541e-01 5.976672943161184248e-01 4.355112393573319918e-01 5.773189098569591060e-01 3.773098108429626674e-01 4.737241821712611656e-01 5.911979119680096373e-01 4.177331682379018529e-01
6.144361805677350796e-01 4.562802061159615952e-01 4.428168081731163608e-01 4.503933924297481850e-01 3.622926094118996687e-01 6.554911675186967379e-01 4.621395609217212042e-01 6.725883926561018189e-01 4.215127610549816994e-01 4.836118978035058302e-01 4.929852964239297419e-01 4.854517269226696907e-01
4.043079441078089031e-01 6.380829382429630270e-01 3.635221324870516746e-01 4.097562788353231178e-01 5.598773462154367220e-01 5.413232469897228949e-01 4.660550205203873309e-01 6.246463104868928973e-01 3.651491600817868832e-01 5.630723420144355673e-01 5.201844055151945145e-01 5.440228745029795920e-01
6.040253292475947777e-01 4.796975391536634770e-01 5.568507025647277953e-01 5.675501788970266359e-01 4.254249937386428426e-01 6.076733301863683767e-01 4.191592566881585658e-01 5.930287255884918451e-01 3.943054378324624132e-01 5.765470782546899819e-01 3.797657816746878856e-01 3.959716461734985593e-01
4.211803909308128313e-01 5.711966774481425091e-01 4.334382822890944786e-01 3.015101486694329869e-01 5.942588554221195363e-01 5.504218722044429413e-01 6.033576367920699957e-01 5.736898800257129727e-01 3.840969850373073258e-01 6.579979920098627533e-01 4.015794630273650245e-01 5.072718161436189366e-01
4.344247007463668542e-01 5.500975338409603843e-01 4.343551495054298051e-01 5.144623168088284793e-01 4.308823285326370267e-01 3.073714177537902881e-01 4.763679860817819911e-01 6.437681186658552601e-01 5.288982499511477586e-01 3.370908463395557719e-01 6.432626717864322607e-01 6.990186799872456502e-01
3.966135524442368498e-01 6.273551886245564146e-01 3.717183869915583472e-01 5.409257297694975986e-01 5.021369517234686164e-01 5.499693559944716093e-01 4.610762204836829081e-01 5.540039121988966642e-01 5.973582623739750463e-01 5.446139565192413823e-01 3.772611303897782653e-01 4.769673524866974157e-01
5.527266443995364487e-01 3.844271147842853176e-01 6.418738345484114038e-01 3.373862280810643877e-01 6.626443049849076727e-01 3.864804442161822173e-01 5.395390681659549825e-01 4.967986001882735980e-01 4.278179107736866382e-01 5.424953020658226377e-01 5.598485974558403688e-01 4.679619503360593069e-01
5.428475523912938971e-01 6.158733544022997330e-01 4.268177588327763394e-01 5.132179643181409290e-01 3.556891193122501682e-01 6.136378088991805146e-01 2.931680552806517071e-01 6.275009520674590391e-01 4.004369512663745190e-01 4.976949412293162345e-01 5.344626010880104694e-01 5.786529409122350698e-01
4.892696058286842287e-01 4.726187896661272481e-01 5.290784745781315079e-01 5.048213220740851437e-01 6.368554429105446335e-01 5.266120724045560975e-01 6.083849111081489625e-01 3.499461065512924351e-01 4.795551369464570723e-01 4.265726829995543090e-01 6.043873281882622406e-01 3.718981267441342498e-01
4.423169152093124890e-01 5.351316219033015464e-01 4.607701255951149322e-01 6.481356694850853861e-01 3.340759096870731248e-01 5.783026405873752385e-01 3.991534377812309686e-01 6.709187236559479572e-01 4.029599780212951288e-01 5.673926907683355392e-01 3.173905047909663102e-01 6.434517825149057568e-01
6.325901377000281434e-01 4.402356591371243688e-01 5.540119888591619191e-01 6.054779094411697482e-01 3.447645838462479184e-01 5.407681449504512239e-01 3.987938383469442627e-01 5.998209786355507278e-01 4.131958104304067070e-01 4.221456981215822024e-01 4.460665409324353070e-01 6.021287095989098503e-01
4.820941126601114846e-01 5.499384393186831366e-01 3.307653724522987004e-01 4.036713209448980488e-01 5.837688608497098031e-01 5.246719329998390524e-01 4.618606894897643311e-01 4.756052404265166955e-01 6.289984776713720693e-01 5.533188687479280166e-01 5.294320268738963442e-01 4.758746575650246169e-01
5.164391252037978663e-01 4.849937686402896464e-01 6.020081372379724183e-01 5.522319591883189105e-01 3.688842219433728919e-01 5.600856032796652784e-01 4.964757566038894843e-01 5.226051909208262458e-01 4.168415157933149651e-01 5.961759426976842580e-01 3.935757765921050200e-01 4.896830018987978206e-01
5.130040248036980000e-01 4.988258443922322094e-01 5.927847317240824143e-01 2.920596772400412267e-01 5.353703806597701620e-01 4.365871214430788183e-01 5.889587173716894775e-01 5.008389549582352718e-01 4.681661577734884672e-01 5.546080298162698874e-01 4.246017381554539893e-01 5.941946216619126142e-01
3.215000528402955915e-01 5.056561388166932458e-01 5.064576061393553097e-01 5.415918375107311444e-01 4.559482931008110862e-01 5.854494385911621634e-01 3.745012417734609467e-01 6.629076064447013694e-01 3.380703922073916567e-01 5.298536446569555025e-01 6.772710647026688457e-01 5.007926832157514330e-01
5.711461357576259612e-01 4.406048861635619152e-01 5.649515534837599162e-01 4.493929706244625955e-01 5.404983098402815767e-01 4.437232247343066982e-01 5.275109927549490596e-01 3.949498075007025211e-01 5.203245622995269493e-01 5.712112844315779814e-01 5.006311787228018284e-01 4.750550936864107454e-01
5.112031297096326643e-01 5.443762699491444534e-01 4.588242351885664649e-01 4.857379367677985282e-01 6.331341469165531199e-01 4.381025772400302665e-01 4.477557697000124626e-01 4.963441349772577116e-01 5.634562176482899032e-01 6.023707735025201071e-01 3.737710533266201396e-01 4.449237550735363200e-01
4.929685477015305906e-01 4.458612354843739523e-01 4.402275138065208093e-01 5.931705209825171021e-01 5.775401971938496359e-01 5.355779129057645083e-01 4.675218908217150804e-01 5.627303813139590272e-01 4.075016033148999850e-01 5.753723939500479112e-01 4.192207430584791172e-01 4.823070594663381172e-01
6.289906564374928566e-01 3.933774398396528982e-01 7.082781292360003089e-01 3.806659454302698808e-01 5.234256415564375597e-01 3.210630368692284908e-01 4.085231640678923526e-01 6.532437130766431954e-01 5.819005501294094440e-01 4.352772137976178568e-01 5.116182717341596353e-01 4.536362378251775351e-01
4.119787134152893548e-01 4.041373393260996316e-01 5.975621448752888032e-01 5.397580754896031952e-01 5.597329677709661500e-01 4.764247849698807769e-01 5.231493050132399736e-01 4.333020672204725421e-01 5.465319396193685231e-01 5.104665049916377040e-01 4.538997439958346036e-01 5.430564133123439996e-01
4.123818463526107703e-01 5.669317381112592980e-01 4.969517475471126877e-01 5.511727306973950302e-01 6.543672282564950704e-01 4.030794943879172365e-01 6.675009592791028012e-01 3.515925322607612591e-01 5.957068379248684487e-01 4.127748624943779476e-01 3.961447577632614125e-01 4.913952649248921611e-01
4.188940524491737705e-01 5.605050757328351452e-01 5.275671178563142716e-01 4.227006777353103373e-01 5.211909238603525951e-01 3.268658224883705943e-01 6.387737644015496485e-01 4.139362753984563992e-01 6.216262122284513802e-01 4.664678507350931147e-01 6.305638202258285752e-01 4.509084068882415197e-01
4.752572899081666247e-01 5.225302508454230388e-01 5.114012013119011435e-01 4.719654833538410865e-01 5.718843956750156998e-01 4.509531917147460156e-01 4.779898329256922485e-01 5.536043528986798190e-01 5.203214937847591148e-01 4.726725396625974240e-01 4.711618874188518435e-01 5.002580805003378206e-01
5.760926367420413641e-01 3.570761448739553368e-01 5.103564564180999019e-01 5.612870031538326199e-01 5.444291708686780362e-01 5.538880835228661148e-01 4.388617834482914648e-01 5.862488505377401182e-01 4.637835952858507804e-01 4.192967700019625266e-01 4.281190216498101941e-01 5.605604834968231920e-01
3.546702764004376895e-01 6.815270766796279744e-01 5.495732486981921294e-01 4.316774844812809597e-01 4.928868110008244874e-01 4.538423876149749736e-01 5.920102986205436624e-01 4.720810895067235058e-01 4.906552694707752016e-01 5.460225500301205681e-01 3.607193985290862992e-01 5.743341089673608124e-01
4.123957545633857302e-01 5.556897476653975820e-01 4.717641046673163308e-01 6.047710513871236149e-01 4.953678730393823448e-01 6.582124792111426759e-01 3.527503280693989884e-01 6.875765931326663916e-01 3.969582674309907189e-01 5.169939819693813998e-01 3.729001133721990269e-01 4.746197054916389546e-01
5.665735348173064345e-01 5.013317183877475935e-01 5.382169892198123140e-01 5.217466672276096507e-01 5.154495565261627554e-01 4.061299953690696851e-01 5.195848573889920718e-01 4.251046112722505210e-01 6.098377755047433846e-01 4.051241354685616303e-01 5.878686290346990528e-01 4.030315297830671106e-01
4.151871773905689289e-01 5.290195700758673070e-01 5.505537760902361466e-01 3.596529026079091640e-01 5.435407782687149414e-01 4.799712983509967779e-01 5.436326525021559775e-01 4.770609962929547310e-01 4.196572805072176782e-01 6.203560745851610658e-01 5.587084018616922387e-01 5.026590914665388654e-01
3.802291528836776457e-01 4.870094647667483900e-01 6.294543954293093657e-01 5.293619325766831807e-01 5.849588679999671026e-01 4.385606574409300906e-01 4.497971951220586240e-01 5.516113759532506045e-01 4.594302723894567730e-01 5.120267041357233762e-01 5.068866034358530115e-01 4.706733778663111933e-01
5.113637176343022173e-01 6.200793600636906877e-01 3.648675724024103006e-01 5.736087070908995056e-01 4.280769806529231003e-01 5.274485338305994198e-01 4.674372177297356212e-01 5.037239502627317567e-01 3.877257872268964900e-01 6.472224953663070490e-01 3.269211523951208176e-01 6.415245253443762063e-01
6.786329024730201054e-01 3.852410571487349111e-01 6.388613514074555910e-01 5.452046928251563784e-01 4.299957587718774565e-01 4.490027984384904469e-01 4.383878097321393663e-01 5.405895408662263479e-01 3.475326152950329872e-01 6.109966629817210615e-01 3.900657772159120684e-01 5.454890328442478786e-01
6.974428973571301649e-01 3.182705458550380007e-01 5.320755145118187812e-01 4.085120960418618385e-01 7.508442228583822597e-01 6.125967986305610458e-01 5.125392921004023883e-01 4.892258566779498219e-01 5.567574113164032168e-01 4.479329297344637473e-01 4.668107468562276985e-01 2.069916880597503783e-01
4.917363920170752523e-01 4.047181858350251127e-01 4.972321371771502019e-01 4.851661928779669730e-01 5.151140300467299538e-01 4.038751523583797853e-01 6.113720130609058279e-01 5.322728818006563500e-01 5.489323411067057457e-01 4.981624119703458864e-01 4.794179604040408882e-01 5.320003013450480545e-01
5.230563591182606498e-01 4.148852333112142965e-01 5.555568217856312607e-01 5.046235794442851530e-01 5.400950281759291371e-01 4.871894830578858415e-01 3.864934485515274520e-01 5.472832346154083982e-01 4.156398620066223959e-01 5.284225945731977347e-01 4.573957033167992403e-01 6.393586520432547049e-01
4.552795999399116833e-01 5.008357333261909128e-01 4.649717814161902218e-01 5.449136680379265130e-01 4.300021832186950999e-01 4.579809930597348311e-01 5.370284875103117361e-01 5.267698203313562200e-01 4.683725590362890490e-01 5.545375974786981299e-01 3.860773813522072606e-01 6.732301952924988342e-01
4.593658854132244840e-01 4.086022876225511857e-01 4.461164534657666714e-01 5.339855701082349970e-01 5.820369952930311008e-01 4.221532113972366607e-01 6.728308633508799375e-01 3.614315430005949348e-01 5.831337256089920151e-01 5.522941165097250416e-01 4.921589141504099651e-01 4.858904340793908649e-01
3.109505300115348314e-01 5.606659491389093253e-01 4.802894586948380229e-01 5.652199482931733465e-01 4.889978339325478096e-01 5.834672886523631918e-01 5.505684262742304158e-01 4.489438701023750200e-01 5.072747943915985047e-01 4.594164031948041460e-01 5.747900727040795577e-01 4.694154246096006178e-01
4.947488932888938762e-01 5.476054623050248260e-01 3.901675838067091284e-01 5.130169501545522870e-01 4.495796477575472738e-01 5.733890197043123305e-01 4.722892757519125406e-01 5.777579674549133681e-01 5.591912322206353814e-01 5.430968586899013184e-01 4.596899897025439330e-01 4.194671191630370277e-01
3.678411199968946721e-01 5.356298355366961861e-01 6.567177803699090211e-01 3.530805607538224367e-01 5.457592817098118054e-01 5.817960496199119369e-01 5.106843322551233300e-01 5.080493690174888721e-01 4.472471104001141118e-01 5.670024849460213456e-01 4.046044120712611880e-01 5.215876633229713510e-01
4.752938726556409366e-01 5.158768991307539631e-01 5.727077043357093888e-01 4.620498867276858768e-01 6.808666289237981228e-01 5.075685476600028112e-01 4.279642412911947025e-01 5.978425903655999463e-01 3.536529388924775641e-01 5.920125979460335586e-01 3.329065399921128376e-01 4.812575520789876271e-01
3.427498569771087467e-01 6.604992844035100230e-01 4.213186298079493186e-01 4.894775469113161748e-01 4.606238037429054577e-01 5.207574845477505043e-01 4.241888425213714564e-01 7.114693371466702665e-01 3.329322216621224961e-01 5.508961694897611672e-01 3.725645763326245197e-01 7.125222464569138658e-01
3.270707676192108337e-01 5.770548476596771836e-01 3.815594296526219065e-01 5.573070744661585696e-01 5.659274515027105101e-01 5.324319008613049853e-01 4.101185507837097899e-01 4.991826135598609882e-01 4.620487030813428264e-01 5.313630739080003051e-01 5.466806266840762429e-01 6.092549602213448434e-01
6.299769818073083227e-01 4.173809391598861107e-01 4.791165819384818336e-01 5.786224681236812328e-01 4.446359487183175752e-01 5.277727229124031805e-01 3.988910637468984222e-01 4.754766474197741344e-01 4.681323981791808420e-01 5.906055750272217741e-01 5.097655770735696201e-01 4.796230958932669042e-01
3.826531826374567347e-01 5.066341910073433041e-01 4.919043205520403084e-01 4.738690153010226003e-01 3.442085835153474438e-01 6.300441335327729986e-01 5.505693335384699294e-01 4.126528065733265915e-01 5.573325967881292975e-01 4.955210409426372142e-01 5.222174276105679969e-01 6.323933680008517744e-01
4.777629975296348586e-01 3.984513262284344881e-01 4.138266223293411983e-01 6.218634337683903723e-01 4.527010235557790141e-01 6.927770292487045456e-01 6.775182341652773443e-01 4.275728105180946481e-01 4.492976403626819382e-01 5.160466341764162745e-01 4.925425954433762521e-01 3.796396526738696764e-01
5.648384473170054987e-01 4.970428558051391277e-01 4.796981072632178766e-01 5.032864727004293659e-01 5.503463237519801154e-01 4.725093115951278788e-01 5.323642347418435783e-01 2.936084463797966615e-01 6.987867009273829311e-01 2.311849740142475351e-01 6.249188722690073305e-01 5.514152532348601810e-01
3.772660284602177283e-01 5.980189343553461434e-01 4.430203089354048940e-01 4.234574454271958222e-01 5.531072220466755063e-01 4.977467843221042298e-01 5.326096614060744638e-01 5.421085058724037786e-01 4.817938568558488566e-01 6.387920124868810001e-01 3.267959895131883341e-01 5.852832503187219704e-01
5.586237697393174884e-01 4.779296021965186991e-01 4.476364414600368935e-01 4.517355538059449338e-01 5.206281455762273858e-01 4.702673573061891821e-01 4.705141502114176810e-01 5.178846067569011780e-01 5.666603657620448153e-01 6.313607615263622241e-01 5.383129678865219425e-01 3.484462777725251259e-01
3.359297467254924729e-01 5.569852266793614559e-01 3.680210778496612600e-01 5.752923710754411779e-01 2.860772784382272782e-01 6.987102406252861941e-01 3.857397752363798116e-01 3.879209717537820956e-01 7.049760730330600911e-01 6.354213260644416827e-01 3.461684770045361237e-01 7.187574355143708793e-01
5.256268118957977409e-01 4.631798137279484751e-01 4.567405972103432688e-01 4.953045640370897784e-01 5.025288881698085630e-01 4.052443826765012025e-01 5.838460831699576747e-01 4.780045418027613069e-01 5.213275448507228571e-01 5.586708945407186100e-01 3.740248542959436762e-01 6.355010236224534204e-01
4.132266851146441100e-01 6.459796842864354849e-01 3.026973632818157345e-01 5.809058491132057522e-01 4.205595982617633122e-01 4.996128766629086004e-01 5.196126227586094215e-01 5.467238234070996850e-01 4.895559451222569747e-01 6.799112012363173196e-01 2.629108576290918320e-01 6.383034931258443345e-01
5.174882896121505427e-01 5.304956764664983115e-01 5.790300850059183491e-01 5.168339140670961118e-01 5.149668777651792428e-01 4.988985519788081691e-01 5.115036621058757227e-01 5.283076673990867445e-01 3.837553927538805421e-01 4.577487556552464754e-01 4.796799827359808921e-01 4.812911444542683492e-01
6.123694382298152661e-01 3.375086054715326078e-01 6.612465451976692332e-01 3.749597747215620558e-01 3.826349710655142511e-01 5.703000111733178557e-01 5.913189220170714799e-01 3.811856591624931401e-01 4.736730954732293331e-01 4.926916468020372530e-01 5.428572529875924646e-01 5.792540776981119910e-01
3.821886136694730984e-01 4.840041525352334895e-01 4.675595482203706577e-01 3.998226074334847446e-01 6.285509194886971240e-01 5.959843496818661990e-01 5.830000522769936966e-01 4.727032891320723795e-01 3.541416487253857825e-01 4.710232857578381949e-01 5.500841212751632625e-01 6.109374118034260892e-01
4.706748446740177672e-01 5.109628984384653183e-01 4.749074614437654995e-01 4.320357541208864616e-01 5.450859835831584066e-01 6.902667464181475587e-01 5.323365911481763302e-01 4.635379379459496074e-01 5.036874915214728521e-01 4.212131007870658639e-01 3.775355009634709935e-01 5.777556889554710251e-01
5.358324681306996240e-01 5.012327470799866624e-01 4.707840024350133379e-01 4.037638726057364291e-01 5.647328917848275509e-01 4.093760032662701609e-01 4.756939956806287562e-01 4.439047985058729440e-01 6.247106878901880211e-01 5.376780486174441709e-01 5.664228450631993983e-01 4.658676389401475992e-01
3.861105191942115211e-01 5.527961120891682345e-01 4.382520338412227989e-01 4.085957753833922013e-01 5.840210970440837812e-01 2.949921561739091702e-01 7.247545004912798738e-01 4.659205807587141202e-01 5.089609784088923172e-01 4.458892982552159490e-01 5.871549902249209030e-01 6.025519581349794151e-01
4.320613847235659777e-01 5.925325717430312000e-01 5.940569025126276603e-01 4.895618750903871219e-01 5.400478453791138778e-01 5.828588798097623647e-01 4.912222714557666348e-01 3.575367481341499842e-01 6.327254287919830134e-01 3.503124538434890800e-01 5.743118798104204226e-01 3.627717587057034399e-01
4.506200659214354420e-01 6.042717224011188160e-01 4.430362148581762916e-01 4.994411605789372821e-01 4.931650056944877902e-01 3.644462743278866212e-01 6.175131746321598225e-01 4.894564904859268206e-01 5.374065749791352431e-01 5.946334469725929051e-01 5.100537539396964304e-01 3.959561152084738467e-01
5.487749078328539865e-01 5.133051011381946083e-01 5.652713521052862289e-01 5.487228332352034332e-01 4.441989028174707643e-01 5.989865886716840837e-01 4.683237035944998738e-01 3.778806008194050547e-01 5.231546806381857095e-01 4.806172267388280073e-01 5.310086412806610534e-01 3.997554611277241987e-01
5.291993883582762903e-01 4.991632944067589395e-01 3.391130036986840235e-01 5.753430885727233157e-01 4.263605195554187599e-01 5.726595866712009819e-01 4.526736126021836393e-01 5.222041059717190681e-01 4.640369770484641387e-01 5.623007271022848474e-01 5.322214117687479318e-01 5.247242842435462240e-01
6.548237904268131571e-01 4.402562511686843871e-01 4.445770886410406186e-01 5.887352087368159514e-01 4.842857282459295809e-01 3.870535084608811571e-01 6.637430418815279953e-01 5.137963468462236616e-01 3.759523011689503424e-01 5.120471135267872231e-01 4.986534043500526758e-01 4.360762165462876983e-01
5.154765739013698056e-01 5.791750006437919041e-01 5.209695543453833899e-01 3.057401667233581311e-01 5.352431124053144140e-01 4.808722047634152452e-01 6.670644916236300181e-01 4.432773338627714055e-01 5.019515302858410521e-01 4.560419103838406207e-01 4.011640288538896870e-01 5.930240922073889420e-01
4.510435806471202458e-01 4.780841667798930161e-01 4.956991076395663720e-01 5.342429103784547273e-01 5.836949229445252962e-01 3.658701112824315205e-01 5.611969932911812231e-01 4.355285755524162528e-01 5.295776393135921412e-01 4.073707028857091461e-01 7.868640107551920782e-01 3.708272785299029928e-01
