-7.260986908351918956e+00
-6.498419741323928633e+00
-7.416541095596552502e+00
-6.746313877512170265e+00
-7.161638623105872625e+00
-7.067183165710139825e+00
-7.569347059221558816e+00
-6.998392623981958494e+00
-7.238163907128856600e+00
-6.808650661012236149e+00
-6.627377260894475874e+00
-7.224199028637583453e+00
-7.229603065152245378e+00
-6.705148048268446459e+00
-7.065971287545780299e+00
-6.540859289084152373e+00
-6.247230241157725850e+00
-7.501976565797670027e+00
-7.472054872489063193e+00
-6.846442870650062851e+00
-6.775116666844814617e+00
-7.230456923709032147e+00
-6.775828653364325938e+00
-7.256776608046077826e+00
-6.846319474182636533e+00
-7.204549340766583931e+00
-6.996429488414463549e+00
-6.879819008768545352e+00
-7.397614015630847639e+00
-6.739924547545419031e+00
-7.174081965237397718e+00
-7.556065429266171307e+00
-6.716106030757064360e+00
-7.068799366441419707e+00
-7.302887368947898139e+00
-7.013349566781345246e+00
-7.163566436769141177e+00
-6.960599989421161204e+00
-7.137852173609455342e+00
-6.941765887974723270e+00
-6.524821457836649685e+00
-7.039498343211148423e+00
-6.425470045184166423e+00
-6.911261239141423651e+00
-6.818588444672265325e+00
-6.642287495282347187e+00
-7.261310723734288430e+00
-7.748845872058999440e+00
-6.526550621714681810e+00
-6.844364939361674338e+00
-6.952522265032427207e+00
-7.031118087952950901e+00
-6.792280622489254682e+00
-7.083805295111774925e+00
-7.007960551902154833e+00
-7.017914429315077030e+00
-7.344014060243573283e+00
-7.265233791331412228e+00
-7.334420847147987033e+00
-6.600770857436383920e+00
-6.845947431449282305e+00
-7.292435637421752048e+00
-7.007033542671372572e+00
-6.748154633414309878e+00
-7.295643057282092059e+00
-6.912489807230996597e+00
-7.060397341784603320e+00
-7.362324438077766153e+00
-6.878616728338501574e+00
-7.048470776331360987e+00
-7.216319723440447476e+00
-7.608418008479362449e+00
-7.474208553030353031e+00
-7.376612857687958602e+00
-7.396554125849702288e+00
-7.302579425809440750e+00
-6.802488419527597863e+00
-6.977283555488050126e+00
-7.288164471588691740e+00
-7.064958199577114684e+00
-7.043597232563138633e+00
-7.092601207076134173e+00
-7.036537369459303193e+00
-6.869944577291073884e+00
-6.791174105822671336e+00
-7.019872727185169303e+00
-6.974015237908672837e+00
-7.100827787819492976e+00
-7.037796438994107895e+00
-6.875154528354156191e+00
-7.071990359705862872e+00
-7.284061063733199504e+00
-7.210016065354262871e+00
-6.851360964264523901e+00
-7.298111268205060398e+00
-6.957674809079571254e+00
-7.052633497609924085e+00
-6.879071909890328129e+00
-7.297272803395228991e+00
-6.805443773507068528e+00
