7.342426515165471901e-02 -1.008599831001057677e-03 7.635357925394602174e-02 5.058612528844182166e-02 -8.937858850520374529e-03 -1.467239563669927582e-01 1.563352110269267958e-01 -3.487215399373558983e-02 1.667980061792882773e-02 -3.359030399437314407e-01 -9.420684952399313583e-02 1.083908777055146754e-03
-1.483069886860604453e-02 9.456339548778963655e-02 1.247569996498427980e-01 -5.080781686155009386e-02 1.463708392377118528e-01 1.135994818508527376e-01 1.746245041447241908e-01 1.011032966869801070e-01 5.212901787370863294e-02 -2.057835118540234098e-02 -9.897328555613045531e-02 3.668589489481093729e-02
-4.551216273318561822e-02 -4.705163612278755181e-02 -1.160774121916265944e-01 -3.421826616518908737e-01 8.442508618249605634e-03 -2.551406273448913672e-02 2.008785901047741851e-01 -1.667972501014266529e-01 8.284854986682547648e-03 1.763244413686895773e-01 -1.430416744510306162e-02 -6.588044004424924160e-02
-2.835684986633597859e-02 9.553429370309340918e-02 5.398480976828960997e-05 1.090529070245290222e-01 -6.097770344461232034e-02 6.197336547207499269e-02 -5.299736273443914764e-02 9.997835641842585386e-02 7.394756544601842341e-02 -4.478895408151262192e-02 1.646735757802930133e-01 -6.021135821292540602e-02
-9.574979483759431254e-02 4.190415584967086687e-02 -8.664066436100163748e-02 -4.107180416332975592e-02 -1.041889782336282572e-01 2.171187556490306036e-01 1.803499575665331450e-02 7.428801521210286196e-02 2.703378382823508688e-02 -6.960086749572043374e-02 -8.239271731089148343e-02 -3.496682687314433408e-02
4.108217310290529500e-02 -1.286950309088264258e-02 6.816581335682958542e-02 -7.229050378804684207e-02 1.448782474130016762e-01 -1.100119971941157654e-01 -8.088742813255991870e-02 3.208932377967794319e-02 -6.561802768345392778e-02 -3.733067186371107852e-03 6.976956527919901674e-02 -3.832891953286416548e-02
-3.316358902067365055e-02 -2.280188510891334175e-01 4.836893397664621119e-02 -9.178261134498338913e-02 -1.851901026513909920e-01 -8.401209750737903548e-02 1.834277698569993509e-01 1.043945038397807168e-01 -1.245669562747104371e-03 -1.444058939251334495e-01 -9.576146649388585230e-02 -9.055849600893689511e-02
-7.792082861140810224e-02 3.438126216342179964e-02 -9.729556007820075458e-02 -9.857567238397660359e-03 1.625400190061128958e-01 6.478880197831558829e-02 1.785968038538285618e-01 6.595242480430878185e-02 -4.998519525104588856e-02 2.236375302153953762e-02 -1.457352075142792358e-01 -8.520348963023861855e-02
-1.086473761456125536e-01 7.449490279705587702e-04 -1.432176041584586057e-01 5.289188066594432969e-02 -9.825020582378472811e-02 -5.591383558919087345e-03 -1.111308785526996384e-01 -6.230358616745469702e-02 4.105204673316415614e-02 8.072541171830910356e-02 -1.129560011854274662e-03 1.244267666906987424e-01
-4.386476025289109959e-02 8.489204363265291306e-03 6.170122902003049442e-02 -2.224065221915729959e-02 2.198057078976668466e-01 2.186984269605457831e-01 -7.832770187142423790e-02 7.074061089866069685e-02 -5.259606308809150477e-02 1.242100115617617365e-03 -2.194819446163574772e-02 -7.185921239498917201e-02
-3.108140782800089541e-02 1.103463198438390247e-01 1.758649284596452422e-01 -5.920843896915389815e-02 2.163659485573028729e-02 2.376629704462820403e-01 -9.533660842775959487e-02 4.130562646789511655e-02 1.044939803336957934e-01 1.628225863649388622e-02 1.395102052325670333e-02 -3.172491524704027649e-02
-6.452415824200800898e-02 2.049124511390336689e-01 -8.073359119636930314e-02 6.978730451301261295e-02 -6.225584375412995808e-02 -7.546872638607034917e-03 -3.721137947908195742e-02 -4.250323322896659706e-02 5.760200363539111357e-02 -1.858521575411671845e-01 -8.338339926663146384e-02 2.063388464637307823e-02
7.633415649246386159e-02 -1.010945561098603868e-01 -7.225705340543611688e-02 -4.724015196130075533e-02 5.170525708998374020e-02 -7.438280225406492321e-03 5.870695926580781626e-02 -7.104611559130337428e-02 -3.012972796895717342e-02 2.921452828015503461e-02 8.451442967379317259e-03 -1.191834152525559631e-01
-9.384919600488023095e-02 -5.254408894435744909e-02 -1.273764475118297065e-03 1.128513816322503603e-02 5.553851092396284994e-02 -3.722686308853507663e-03 4.575599360320062314e-02 8.861901174996138220e-02 1.650774917960603702e-02 1.655994629508469318e-01 9.385941374283143790e-02 8.182596285577414807e-02
-3.256294642519088484e-02 -4.122679953573821221e-02 -3.091405473597144682e-02 -7.868586785001975212e-04 1.270881185456240459e-01 3.290800823870687793e-03 6.896060627486814976e-03 -1.125480668577632654e-01 4.021922046283855912e-02 -3.647249401161964388e-02 5.371104299420229045e-02 -4.254292529471361516e-03
2.039726297600986948e-02 3.017629676171368347e-02 6.600138400655695958e-02 6.520700369123444418e-02 2.335595560684549099e-01 -4.662411043458125626e-02 2.932071656161748530e-02 1.272472302358099994e-01 1.026196686007106867e-01 1.269116290999186270e-01 7.307538133079717613e-02 -2.154645829597668927e-01
2.286684198494748355e-01 1.557707803283191889e-02 5.878906585451350308e-02 4.939995286676238107e-02 1.191310266921949412e-01 1.312548403175800293e-01 2.046393724923077362e-01 1.655803374750905721e-01 -1.402401564009033152e-01 1.747969075317340193e-01 1.355203586919524195e-01 -1.767536722198530807e-01
1.763933969427348980e-01 8.203539923886409360e-03 -1.905578214274110047e-02 6.069601684616261761e-02 -5.748290611820666002e-02 -1.915796240529766825e-01 1.949861748954251350e-02 -4.126086759926629599e-02 -4.073008634674077366e-02 -1.395841207098847403e-01 -3.279745077067663245e-02 -2.823653085992572920e-01
-1.354357796562468685e-01 -4.295205869625629697e-02 -5.689283226427447465e-02 1.061254073490686400e-01 -7.804091528676006251e-02 -1.482385776237741815e-01 -2.282393269917293993e-02 -1.388736118400657193e-01 1.431700395993754649e-01 -6.236462416841364459e-02 -3.250429645912056992e-02 -4.079899035427719117e-02
-3.706204236713850353e-02 -1.985752515467423818e-01 1.541447556640014940e-02 9.533375473311969661e-02 1.927058425318446955e-01 1.263115142109177691e-01 -2.866551193623736657e-02 2.924004615236274265e-02 1.976570822800420846e-01 -9.342432203971039184e-02 -7.474298223000040708e-02 2.433965105482164409e-02
-1.549248061772117227e-02 2.234265102371458048e-02 -5.247887855397836282e-02 1.040969914734617661e-02 9.207443116584240750e-02 -2.052222946114014290e-02 -1.120761763076197765e-01 7.250136857228652032e-02 9.736366690518741263e-02 -5.888429986046414544e-02 1.146207851629167662e-01 1.749450256518731428e-01
-2.357392020404749378e-01 -1.472287650842768469e-01 1.667910331452175307e-02 3.024047241108332104e-02 1.312460561218527499e-01 -9.260437766115871272e-02 -2.112766726504061165e-01 2.746295635135057034e-02 8.161863998268266418e-02 -2.543399744453960984e-02 1.415230498879914145e-01 7.503612374432673537e-02
1.992136574160854098e-03 7.064425882622245734e-04 1.209820055462485422e-03 2.547648857622883400e-02 -1.340612339223783492e-02 2.222702356649600922e-04 1.258631685573582681e-01 7.088682139656654613e-02 4.070527089128581077e-02 -2.099397009248679669e-02 7.769185890394775251e-02 8.133424184055573075e-03
-2.230028901663058394e-01 -3.805742492955167117e-02 1.012474397304330004e-01 4.851622468306367869e-02 -1.219842836929778754e-02 5.830585932328339639e-03 -1.869643564347681364e-01 -1.105031306134213465e-01 1.259630477482832356e-01 5.923774179392842648e-02 -6.446641817006536213e-02 4.865828649020298435e-02
-6.925345575299292865e-03 1.045377444191268324e-01 -8.099426091254612048e-02 -7.114407927847193891e-02 5.876436193824421950e-02 6.581335558897215623e-03 1.634923515957123138e-02 5.043747435745821184e-02 9.614540645625996307e-02 1.437776662171380559e-02 2.210903705642057737e-01 -1.675770181729075992e-01
-1.423011633904613660e-01 -1.090101546563754520e-01 -4.603030125014985485e-02 -5.208367998472968052e-02 -1.335104378123039837e-01 2.986467445192763845e-02 1.281080494111284385e-01 4.750293554047068517e-02 2.341188314757380179e-02 3.235909854563185500e-02 -3.447042453814773508e-03 3.547253131227839917e-02
-1.102240819068815575e-01 -2.085158253451606380e-01 5.156807483682986082e-02 3.104020896024100098e-02 2.007151020685524027e-03 1.258969886566918273e-01 2.061717440118823186e-01 2.900505940951864647e-01 -6.749289889624206229e-02 -9.967560215952234182e-02 -1.920795355517809222e-01 5.281836807144234952e-02
4.772183114246739133e-02 -1.578989141358446910e-02 7.857303848429397428e-03 -1.270200214428271746e-01 4.107866385441664298e-02 -6.265973477568990979e-02 3.278944295755098493e-02 4.200020424347514214e-02 -2.698202520544562208e-02 2.995742647126918567e-02 7.741186957499970878e-02 1.513119515909359114e-01
-7.012583068337529396e-03 -1.557084079609445115e-01 -1.155702796608426564e-01 9.958935232392923664e-02 -1.138517231400374002e-01 -1.587733997970971200e-01 3.543403152699196174e-02 7.746448115588261407e-02 -8.201113981311340673e-02 9.884326596535630838e-02 -4.766677736901279300e-02 -5.135139769856372771e-02
1.378968257904240324e-01 6.207136551635127758e-02 -3.492774384831563023e-02 9.268196579664958468e-02 -9.167977489409441516e-02 -4.560711871802008294e-02 -1.887623722554104475e-02 2.893587342317628930e-01 1.524083666182334852e-03 -1.741936657724875090e-02 2.290880190531146329e-03 -4.833265585410796011e-03
1.597982686383926654e-02 7.377004062150896435e-02 1.174458136092048147e-02 -1.327077679130515657e-02 6.498181263401306418e-02 5.271763316418884987e-02 -1.502301831404888877e-01 -1.196811595254255317e-01 -8.524761463309799003e-03 -2.471669009246650617e-02 1.111893286480904880e-01 -1.667366170058099950e-01
-1.868970960160082073e-01 1.138077317239165470e-01 -1.866213143565630672e-01 -4.165837830896534921e-02 -7.629597671991185381e-02 -1.546050129459076716e-01 -3.705696853856136480e-02 -1.104515472846193530e-01 -7.466052884172465209e-02 1.055771991527798548e-02 1.037920158277836902e-01 3.120043256653910746e-02
5.584364171501410290e-02 -1.458314423269387594e-01 -1.827017530842177037e-02 1.456371934971872617e-01 1.074561794984134483e-01 3.018030702812228572e-02 -5.630252114822851400e-02 1.121234769291539757e-01 4.070593567130986745e-02 7.935847454024939907e-02 5.763102798853142472e-02 -1.266107240592828469e-02
5.750797000466568998e-02 7.391085797395272050e-02 -4.158435933494753628e-02 5.521608049584093847e-02 -2.423319096475034379e-02 -1.372687819410696175e-01 8.462782851019473584e-02 9.452127265912106668e-02 -3.357963161726240306e-03 7.834566810413501337e-03 -1.309964301107496842e-01 -6.349905131905210498e-02
-1.360164681099071404e-01 3.580772283907481673e-02 -1.068719837231884573e-01 -1.805037011757011922e-01 -7.456437631951295941e-02 -9.006370215054661232e-03 -4.100566200320021615e-02 -6.451138952831540763e-02 -6.211843305770106682e-02 -4.027230472225518110e-02 1.583685107859636454e-01 2.220867561841978477e-01
-7.868715020246236369e-02 -1.306490459448425845e-01 1.934629104647416775e-01 5.118094548968365326e-02 -1.738439336304813398e-01 -6.325185001200538115e-02 2.076608815169036226e-01 2.311672127881258809e-01 3.977956434782178863e-02 -1.157685787772824160e-01 5.938145117294443831e-02 -1.617862290789711943e-01
-6.003635236243644313e-02 -1.815617270742925227e-02 -1.159912010890245676e-01 1.408264268441904166e-01 -4.228435613527595227e-02 -9.928243746435221062e-02 1.067719069392945586e-01 2.544132479080190787e-02 -5.437597874379249824e-02 -1.871939710091275744e-01 1.479277459060385868e-05 1.674188901983381661e-01
1.115924757217417324e-02 -6.849504306098834483e-02 -8.706563525413496540e-02 -2.306914474975292617e-02 7.212031080697238472e-02 1.330225692079428368e-01 7.935180264759530977e-02 2.029883159888230815e-02 -2.882902368629038439e-02 7.805318164071466114e-02 -9.512236000169031758e-02 9.919083135255610945e-03
-1.011630502368588425e-01 -1.155715095279655769e-01 -6.474303388609289889e-02 -9.352087461674085667e-02 -3.700961330776388059e-02 8.075644770920437088e-02 -3.096091530733954475e-02 1.645589578163566269e-01 6.704091855228400121e-02 1.353821523763539814e-01 -1.009404093071336189e-01 -9.902114662531904393e-03
-1.665522324889471759e-02 -6.501038604286345224e-02 9.638784844315206879e-02 -1.298948188741808063e-01 5.123578375262594076e-02 1.770982461845583070e-02 3.215913283887255475e-02 8.283529662053833176e-02 -2.098314555922127511e-02 7.955210952641648958e-02 -3.676922184094656709e-02 3.089049700203061466e-02
1.736814581383799849e-02 2.018064206193113108e-01 1.745510641998801460e-01 -6.434723560851250690e-02 -9.238902048642326503e-02 1.584635829349286817e-01 5.340905407419580669e-02 9.428637487684431162e-02 -7.225245450550377146e-02 7.338467155546467280e-02 -2.952214483464262428e-03 8.718010674521747827e-02
-2.301272416621031602e-01 1.032952697243449611e-02 1.144896337552462201e-01 -1.839295139998282577e-02 -9.339696092588373189e-02 1.836993975200680862e-01 -2.714595229021257716e-02 4.057521852357159897e-02 -8.558353847874065543e-03 8.604849226853417132e-02 1.176350212112527160e-02 -5.753989640116130566e-02
9.357289523875003678e-02 -9.244337887140473276e-02 5.380327450108449844e-02 -3.282274115950241378e-02 1.167938317917951996e-01 1.484894417134211830e-01 4.971360690308646718e-02 9.374733556101375043e-02 7.940441521386429335e-02 4.743456712844869305e-02 9.424461366477332458e-02 8.996114074394041815e-02
2.615036417308757091e-02 -1.859425576526955309e-02 5.299062259949700870e-02 -6.749419187360473915e-02 -7.192126596006041817e-02 -9.788466779857160627e-02 2.229059724269148168e-01 8.383294061725597712e-02 -5.396591094335320693e-02 8.643290198078978914e-02 -6.075550765027815103e-02 6.234573330562798166e-02
1.627518735948253192e-01 1.129801328909463276e-01 3.556708915923999931e-02 -4.393996633883805875e-02 9.379103881091022804e-03 2.059403467457079362e-01 3.335258518541003164e-02 -7.071505812011634647e-03 2.387898418972234441e-02 -9.399864316015577037e-02 -1.105691797313502339e-02 -1.502012154217794160e-01
2.086573948154098190e-02 5.655010702970458825e-02 -5.530054509675776109e-02 1.115670634680910739e-01 2.279787743677616219e-01 6.430556649963813098e-02 1.123665571870269102e-02 1.622686210636297977e-01 7.524071376436963776e-02 -1.518790017689145566e-01 -6.395054384481212162e-02 2.983559983173503932e-02
4.506434566882966397e-02 -8.412494278233141609e-02 1.129728662084815149e-01 9.140734700539705770e-02 -9.573527546509963404e-02 -3.356246976925003622e-02 -8.287902025134356865e-02 4.086832450873988803e-02 1.890652964197429495e-02 -7.367381583122550870e-02 1.631417653969004580e-02 -2.118728529758621415e-01
-1.653829925181069249e-01 8.596366408881679633e-03 -3.591678313973783315e-02 -1.739508870060370860e-01 -1.104412460653804717e-01 -3.422364872055860124e-02 -1.822494638806234843e-02 -7.232030366116047604e-02 -1.219108963291139630e-01 -1.667122652958377971e-01 7.228550077630664650e-02 -2.678773191972675521e-02
4.521528714026218365e-02 4.266450322228181741e-02 7.724201149589290938e-02 2.056425557284600192e-01 -1.296735850762629760e-01 6.685403831344233216e-02 9.765233800666381359e-02 -3.179260335048837705e-02 -1.433611240180186208e-01 2.671217821462064657e-01 3.324870470693726959e-02 9.824538232993962339e-02
9.656216711485182680e-02 3.375906700777808050e-02 -1.170329312614806078e-02 4.554011139181656648e-02 -6.445431524093412495e-03 1.088284858967098444e-02 2.637125113423246028e-02 -3.208599336811823050e-02 4.203903646624408685e-02 3.121769871934411411e-02 -1.292881982481974279e-01 1.315137772721020337e-01
-4.474029908440705500e-02 -3.592819910015870172e-02 1.279285913428501176e-01 4.365066025772383618e-02 7.938860638226957755e-02 -1.534069863450595412e-03 -7.146746292385057486e-02 9.067881525277241006e-02 2.775893727624636001e-02 -5.286851239080262062e-03 -7.889043122746142167e-02 -2.177484762159907772e-02
2.441869587123507521e-03 1.472053975457444375e-01 -1.840445750377283085e-01 7.035850224015580134e-02 2.192821120174388849e-02 1.776442890211445136e-02 -1.625994404115469194e-01 -3.473575160594463002e-02 7.144063792572444282e-02 5.865525134317450817e-02 1.178856049350769236e-01 -1.048897352542123990e-01
4.666090566307673493e-02 4.319656721976564140e-02 9.080327088416034753e-02 1.813363699104200977e-01 -1.466946819752801279e-02 9.779471451173606111e-02 1.783160475186097438e-01 -3.286174090915282980e-02 -4.002185511237690146e-02 -6.194543368727023491e-02 -4.681969421531281816e-02 -1.330235555499805489e-01
4.398727819505170861e-02 -6.062061314074401741e-02 3.625671601313335685e-02 -1.497024148638315955e-01 8.700955167028846804e-02 -6.383074787106338133e-02 2.873391368227744269e-02 -1.333533552817888490e-01 2.897693584588686630e-02 1.130218312107089951e-01 -2.739719832966654167e-02 5.051429477461939765e-02
-1.073624205404277998e-01 1.240738031807087360e-01 1.356594142380253831e-01 -1.364085221851842056e-02 -1.068414507797353918e-01 1.629307551684275324e-01 -4.105794576301149967e-02 4.073110623646273437e-02 -1.015734270399962363e-01 -5.658765889019796991e-02 -7.721010918125507938e-02 8.958711174265732158e-02
-7.066346920800135878e-02 -1.067762389848016941e-01 2.541053682724505117e-02 6.828616767248711639e-02 -9.886524686062236889e-02 -4.736744282827615171e-02 7.360347327747648882e-02 1.634460509691229302e-01 -2.974180090211796246e-02 5.292244401997773379e-02 4.601548071723923078e-02 -4.271418213800610986e-02
-1.496121993612019134e-02 -3.998933131037923222e-02 4.012563011079051112e-02 -1.071697075211349576e-02 7.513288604043928676e-02 5.526870238616702485e-02 -3.665477696255461243e-02 5.298679270793017759e-02 -1.241554563470649748e-02 -8.067607622053571403e-02 -2.827594254277578933e-01 -9.900912602853123579e-02
-5.771915673526384349e-02 7.916022115802751058e-02 -4.057888739310841486e-02 -5.496614040457473843e-02 3.806236158465760994e-02 -5.236474709196651395e-02 5.985171017969311003e-02 -2.234556433025710054e-01 -3.376421389930162054e-02 1.519931304513059134e-01 -1.059024511940168528e-01 -2.223271218398857607e-02
-1.320459147450251114e-01 -5.776057682872694221e-02 -1.579620012854213509e-02 -1.425703987837665943e-01 -1.061005149321038038e-01 -1.932333698818650830e-02 1.227654497381310827e-01 -3.195432889733756249e-02 -2.732573247074501430e-02 3.360939134162579944e-02 -4.487703620872419280e-02 7.452414627345917142e-02
-5.171993102012249939e-03 1.790979350387073010e-01 2.259071752671654512e-02 1.171373014152247705e-01 2.846212052847513774e-01 -1.241569854653288840e-01 1.184872093027480172e-02 1.998950247460244967e-01 3.861237907963985250e-02 -1.993697197351791336e-02 -2.782356085873291529e-01 1.246257799910749364e-01
-2.796234509203322088e-02 -1.078434485163862339e-01 7.965244476842789356e-02 2.260862757798334441e-02 -3.380219383924391169e-02 -1.731072193699013592e-02 1.397912207700957032e-01 7.992295142577449107e-02 1.766377914750122680e-01 2.318738160796979253e-02 -6.908823464083017896e-02 -2.440637964353289946e-02
6.504023791954906264e-02 -1.104227697018233256e-01 2.231411734665859816e-03 1.723154138423398929e-01 -6.724104040899596402e-02 -1.423583250779212328e-01 -1.142485150415942646e-01 -2.164511220928358459e-01 5.358081081000107271e-02 7.307667611936173591e-02 1.068618269272457177e-01 -1.072999923852153981e-01
-1.444559393065538572e-02 -1.033113769905950607e-01 1.651290527642384764e-01 -2.880026103930363388e-02 -4.794834618156792322e-02 1.868196917844236193e-01 -7.766045745026223246e-02 1.205197159854416722e-02 -1.517315983757175635e-01 4.713495814247475185e-02 1.655855918068505420e-02 4.519075228005615952e-02
-2.387773135681020564e-02 -3.631124207803419768e-02 -1.568268650565023681e-01 1.474132006875429890e-01 7.093468060215926685e-02 3.230229328850563186e-02 -1.126291993738810088e-01 1.118520797815242135e-01 4.765487455883934964e-02 7.264278083727260249e-02 6.810260347890771671e-02 1.384889610403136351e-01
-1.448041768331321264e-03 1.640992475915835011e-02 -7.140564372840041418e-02 -3.003946614460325029e-02 1.106788780346972811e-01 -9.585661613366949774e-03 -2.601412273477807929e-02 8.474467888054658393e-02 -1.186500147402086286e-01 -7.260754922561661606e-02 -1.223194876414284565e-02 -1.709459410432597748e-01
8.555255333182820721e-02 -1.316089450297865948e-01 -2.149755056659727673e-02 -5.816947317811974917e-03 1.113313868550637048e-01 1.675657597563814591e-02 -1.772914903859556801e-01 4.154742211595775780e-02 4.008343830262861562e-02 -7.488845832395663732e-03 1.412076179729978842e-01 6.966237929000076989e-02
-1.729771603782157274e-01 -3.701237406571376409e-03 2.931363369016970477e-02 -4.971933986600969579e-02 3.554250332340327251e-02 1.000355481008926434e-01 -8.910952864632172565e-02 -6.248320949632289040e-02 -6.636236951513453663e-02 1.211596435275349437e-01 3.934473501097351944e-03 1.388202046178321492e-01
1.236293084237815310e-01 -1.698169304729089113e-01 1.253502679201672354e-01 3.465459125448754410e-03 -8.777977840402226284e-02 -1.362413145013000038e-01 -7.697490232264692089e-02 -4.297558284880970136e-02 -1.276707039073086414e-01 -1.476627135580856620e-01 1.819209212303206091e-01 -1.741242136839563429e-02
6.388430977594349025e-02 -7.788239593778937229e-03 4.160808041652054590e-02 -1.260892529933533603e-02 -3.322990530850316454e-02 1.274116634879509935e-01 5.608001626445790339e-02 -3.961335276817298801e-02 3.526907065699894876e-03 1.259185956270678641e-01 -2.909602589068418718e-02 -9.855908631389420638e-02
-8.075428461624802046e-02 1.163769183394452594e-01 -1.470901447615618474e-01 5.442386441500417921e-02 -5.699630477652478655e-02 7.850765771349604849e-02 -1.122393679170177738e-02 7.629351335992050342e-02 -8.136055238632623754e-02 7.202146885898925988e-02 -1.081652666766616533e-02 -1.451597903586091670e-02
-5.893571113826443636e-02 -6.912067749161530938e-02 -3.207033241532192269e-02 3.962858343564332197e-02 7.569050402506838360e-02 -8.107235272814727889e-02 -8.324529004657922615e-02 -6.533856979739917359e-02 1.428518142538847402e-01 -2.695806587836412430e-02 1.315810769087370595e-02 -6.030945216655082819e-02
-7.963013971646183686e-02 -5.710616667322140905e-02 -1.539319333553106073e-01 5.748263747719461331e-02 -1.347845603002571085e-02 5.574505350676604160e-02 3.794756000367611321e-02 -1.787685226502939706e-01 -1.707218942578424548e-01 -2.104405193862032564e-01 -3.369298966084530254e-03 4.757532485123163596e-02
-2.612931903233008460e-02 -2.795027961820483256e-02 1.177270538758941332e-01 -2.484664114564796300e-01 -6.077042449673758506e-02 -1.005881856179782242e-02 -2.287657605562750870e-02 3.636757470691086985e-02 -1.380719887778632249e-01 7.542902662544914705e-02 -5.090714725817166442e-02 -1.556927154924186985e-01
8.292993141725585327e-02 -1.687791691299332653e-01 -1.441786946811053349e-01 -1.001174439886792222e-01 -6.645380538996915887e-02 -4.857643726283025765e-02 1.296062517205279901e-02 6.123634382500078854e-02 1.046473098145765390e-01 2.447487638704650900e-02 -1.013294525062968243e-01 -5.137297116037395361e-02
-7.465329839529881439e-02 -1.625724287185616179e-01 -1.245558164518974220e-01 -7.507378454363958231e-02 -6.247609309054405653e-03 5.681993758192402724e-03 3.746410988147619303e-02 2.044161719865099924e-01 -4.632374372915401550e-02 -1.700109243653104008e-01 2.078249623646016495e-02 -2.427946113966786279e-02
4.162818271294922712e-02 3.003194822314480747e-02 -7.571839768214788657e-02 6.522246333163946030e-02 -1.845186679956039785e-03 3.019852917223663988e-02 -1.204052114590012518e-01 8.012811168442086560e-03 -1.571953706731740175e-01 -7.221396221694176276e-02 1.820636152423536769e-02 -7.628940772925940639e-02
2.329069693035537014e-01 -4.232089049517179236e-02 -1.405060558081890065e-02 8.306991891611065215e-02 -1.763832066108966257e-01 7.305047542304886343e-02 5.713371045272017806e-02 1.885287539641430088e-01 -1.008106415717886367e-01 1.541359217086999550e-02 6.265034151235530924e-02 -8.019709040020089885e-02
-3.095131489740395037e-02 7.493725991438587863e-02 3.571769591520481540e-02 -2.474539325768441989e-02 4.690759373183529812e-02 4.866517437565966858e-03 1.975581385064504106e-02 -6.296314774574429673e-02 7.211415679789592859e-02 -1.620254046146964166e-01 6.391897361511686415e-02 4.135421113821948630e-02
1.350826794529987745e-02 -6.169385898172455307e-02 3.240918012645579993e-02 -3.596115759540063211e-02 2.034711332091689584e-01 2.035198314684571186e-01 -1.295547149000482734e-01 -3.123852277188777365e-02 7.134533336630119460e-02 -1.663366536312589627e-01 -1.134520828821458660e-01 -2.611701363204749771e-01
2.219209062196389748e-01 6.599989371785940084e-02 -2.642501209041052748e-02 3.563808318376903567e-02 -1.724454626320163220e-01 -2.233144600372449426e-02 -1.393397196714977852e-02 2.446803656923116771e-02 7.930779496320840283e-02 -2.410070385333620141e-02 -7.863036680397988976e-02 -1.071988908656909684e-01
-1.837761661000791510e-02 5.861477978894533841e-02 8.108023064667334301e-02 4.861472581193394121e-02 8.915316551840121728e-02 -4.037736906851045054e-02 8.792116091252968890e-02 -1.475624818354679957e-01 6.900835874300697290e-04 -1.395176170621532930e-01 5.679586274803506696e-02 -7.429209436041919745e-02
6.858465452682677155e-03 -5.453342415031257190e-02 6.123303589601323572e-03 7.087204641905110736e-02 -1.221565518571852693e-01 -3.571711263546070020e-02 1.067406950708581770e-01 -2.440651881106146309e-02 -1.840121437804918131e-02 -2.649455971159417333e-02 -7.660856518759757983e-03 3.829611936079917872e-02
-8.639115503846823974e-02 -7.145494577715445772e-02 -7.253318766100984305e-02 7.860012019618854706e-02 5.604456833195166354e-02 -6.325785684030747758e-02 8.241502564297939482e-03 -1.260811130042252814e-01 1.800376144845849125e-01 2.521928226656050195e-02 1.607208242645914442e-01 -7.271476323580360057e-02
9.717166129407160680e-02 -5.514074995959789005e-02 9.775002246047582999e-03 -4.576955954014492317e-02 -7.925229682118867247e-02 1.014170255568832141e-01 1.364302061255420057e-02 4.146672717756929964e-03 -6.041635208132034585e-02 6.003247832793032895e-02 7.535097048288164068e-02 8.793394110084266913e-02
1.226533517195946416e-01 6.431391648394900462e-02 -4.842737278647566562e-02 2.030762166131204124e-02 2.118206408527335133e-02 -1.924627144723349281e-01 1.349132505405259697e-01 2.448207627583942614e-02 8.791619263011973828e-02 -4.825579294334761404e-02 2.105537045420899367e-02 9.917790943729708208e-02
4.306864845296829586e-02 2.269115803582674035e-02 -8.131288315627349314e-03 1.354960946584213566e-01 -2.126377257268514676e-01 3.965125361749213123e-02 -2.666234910994554064e-02 -1.138514999379249409e-01 1.452926398383798112e-01 -5.475959277492491867e-02 8.438725301863203576e-02 -2.112057903490392047e-02
6.460779117254678017e-03 3.658944499549896673e-02 -9.067625453036498584e-02 2.013882510435796580e-01 -1.608741660441590227e-01 -1.783135151040538824e-01 5.850724509228533154e-02 2.019277985935570285e-01 7.658439673990129204e-02 4.026310654041454634e-02 -1.658324294417753697e-01 7.234700421179232621e-02
1.317795154709976713e-01 -3.702840627976030502e-02 2.993664835689241466e-02 -2.694121674221686830e-02 6.588292250634256164e-02 -7.942724708171085279e-02 -5.788617734936847559e-02 -8.695635202042101275e-02 1.559792001930976335e-01 -1.713826190352498585e-02 -1.142302467472830207e-01 -3.012634478058280607e-02
1.487368496029664866e-01 1.163494009768758011e-02 -6.121767146917726082e-02 -2.072192925330601510e-02 -1.409891560161738965e-03 -4.329577744572377790e-02 -1.337429902214878064e-01 -7.959484822767853851e-02 1.476584108733911826e-01 2.148355249849134146e-02 9.842926905545042182e-02 -7.676807010351574534e-02
-1.757885074675385323e-02 6.392974124019544513e-02 -1.106498895316437719e-01 9.938253231744184624e-02 -6.981292931357674370e-02 1.493741154610173094e-01 6.928343593232204334e-02 1.577225610328264194e-01 1.153706250269092015e-01 -1.314915872213787791e-03 -1.859727566382357311e-01 -5.806616006424226983e-02
4.359518034427550814e-02 1.245927353541894517e-01 -6.514809528542274408e-02 3.885774818572791840e-03 1.533750374292957956e-02 -1.418328172797038711e-01 -5.493660551868794623e-03 -7.135157816782569662e-02 1.039660799732056023e-01 -6.092804931627789078e-02 -5.849492706448890245e-02 7.995005153902449979e-02
-5.295574639844751602e-02 -2.063856315855067125e-01 8.274751169816907392e-02 6.359335153401167451e-02 3.155644360797701942e-02 -2.467465884443925950e-01 2.408311286297511178e-02 -5.852389454337158375e-02 -7.719277364108063921e-02 4.863929597431718849e-02 1.090395138238401257e-01 2.713600016172870374e-03
-1.706943011809249344e-01 6.701417956886607241e-02 -1.680474469509979363e-01 4.768315033678179743e-02 1.707833204148746439e-02 -3.806734637755278955e-02 -5.386471916737813059e-02 5.620850399106629841e-02 -2.896968195143173608e-02 1.039074824420650467e-01 -1.169616014515631464e-01 8.841923044059195325e-02
1.523644734173544568e-01 1.119612234104953030e-01 -2.958121207590266519e-02 1.265154861515951391e-02 -4.369491518211204850e-02 3.845055177556667980e-02 4.102068463501315487e-02 -2.057330226872415846e-01 -2.867185095536135819e-03 5.762177180410658212e-02 -5.955217265433894458e-02 1.652353402097027635e-01
-4.531961333193237906e-02 -1.101164286929478958e-01 8.258268958415733441e-02 -2.134260225838898947e-02 1.145842171349589905e-01 9.227845524760918891e-03 9.369150634584680337e-02 -1.273867090296728344e-01 5.384601376515344567e-02 -2.897499081350180528e-01 -1.187801265553973251e-01 6.358946228386654076e-02
6.017043676998360541e-02 -3.782369868308266964e-02 1.464083679251207970e-01 1.976896732701878892e-02 -3.814828363223888436e-02 1.631837385492471426e-01 4.362925918005844221e-03 5.651557138712912792e-02 -2.834082632843112036e-03 4.286910911686933959e-03 -6.353430975631978173e-02 -2.035256029022936008e-01
-1.098574603357134472e-02 -1.390734919571556538e-01 6.776116771087768720e-02 -1.723607285122900901e-02 5.144706726363616062e-02 -8.608097410654523551e-02 3.865954482724302810e-02 -4.253243434695385544e-02 -3.042915198060598680e-02 -1.683551048231704886e-02 1.734119994074335702e-01 3.028734013910971273e-03
-8.478504863809454076e-03 -5.316251971886359895e-02 8.359883886821689591e-02 1.152327112751054261e-01 6.273429601263388888e-02 4.677155427528623122e-02 1.575645078827692669e-01 -1.751282309607799514e-01 -3.407134074817833730e-02 -2.655067633471851554e-02 1.897481890421134354e-01 -1.518358982604352536e-01
3.106922260046204518e-02 -1.266032838060070220e-01 -1.258465882693183546e-01 -9.472346116164324925e-02 -3.265320772076621414e-02 2.855094941756149488e-02 -2.833847812215561923e-02 -8.640893766285850930e-02 1.976468220931628106e-01 -3.177180884656104209e-02 -1.312592191943973488e-02 -1.845972733571263347e-02
-8.117993008693630275e-02 1.483573124700622026e-01 -6.987165817667412293e-02 1.725355072751235397e-01 -3.053140472024536145e-02 3.018862196237843964e-02 -1.966923272006633125e-02 2.059498817852766506e-01 -1.466640392373434743e-01 -1.639808958805243425e-02 -6.977200429557521566e-02 1.711388682257974914e-01
