2.101797303123066896e-01 1.660982661596104859e-01 2.093761954630041777e-01 1.813866136607820145e-01 2.373306435008709914e-01 2.193766754859256818e-01 1.737048788918297282e-01 1.828332077131631372e-01 2.061781681872416616e-01 2.135356206252652378e-01
2.208416679156883222e-01 1.812331777940863753e-01 2.368127080532286266e-01 2.477569978783331073e-01 1.574344024645135398e-01 2.316223269665184381e-01 1.671045803618259051e-01 1.683191456777087536e-01 1.702029318039889050e-01 2.186720610841084433e-01
2.013837492181570210e-01 2.479835083021196263e-01 1.517967842323466598e-01 1.496061145078581012e-01 2.029831977373411367e-01 2.861945182513933039e-01 2.133203582891440575e-01 1.817626874320546482e-01 1.878748609375469891e-01 1.770942210920399551e-01
2.677844324098984652e-01 2.299723814799805865e-01 1.882458164783820109e-01 1.415525348765771796e-01 1.616033824794598783e-01 1.917451571643201680e-01 2.650273657070441047e-01 1.933851692745361672e-01 1.646535196831964698e-01 1.960302404466053028e-01
1.926342272585616078e-01 2.584881966865326675e-01 1.766069110758366478e-01 1.861921971788059738e-01 2.048440736136868112e-01 2.042646296839575049e-01 2.703662949241967262e-01 1.713985163309160176e-01 1.201379769601844671e-01 2.150669762873230750e-01
1.687823911461378279e-01 1.957914566546913870e-01 2.339718053015634180e-01 1.769076779994314674e-01 1.991788817539741629e-01 2.355116212769889916e-01 1.791087803878052831e-01 2.210274447591216718e-01 2.538812042428497673e-01 1.358387364774362172e-01
2.211368459304544065e-01 1.798808693224146493e-01 2.414085552247190458e-01 1.911713896336396101e-01 2.280180463123011869e-01 2.358779891220970926e-01 1.708378744808531080e-01 1.603465254335501577e-01 1.553914868051500808e-01 2.159304177348210785e-01
1.439063584228360004e-01 2.321293853044266164e-01 2.320384963211848395e-01 2.428944618753163531e-01 1.932715964770529149e-01 2.235448978372526208e-01 1.495538600706668719e-01 2.138286623993989055e-01 1.990778162605044144e-01 1.697544650313616010e-01
1.879714765086222816e-01 1.224996724483515820e-01 1.138804040926624794e-01 2.034152812422300727e-01 2.191196320416000376e-01 2.469873331160083452e-01 2.348617616824965615e-01 2.342669339174590359e-01 2.337798636336113622e-01 2.032176413169591300e-01
2.175722103191144452e-01 2.125833843845086890e-01 2.028574974721446544e-01 1.943614513749377659e-01 1.686927053372418717e-01 1.317297759339437491e-01 2.270495370804187785e-01 2.233114368614980139e-01 2.329743966815025213e-01 1.888676045546883453e-01
1.999557967231732625e-01 1.960244337395464220e-01 1.959678784959362763e-01 2.123391170413161111e-01 1.876135100970131031e-01 2.835477202470740865e-01 2.048901312725892043e-01 1.730858971309660044e-01 1.833133151351539758e-01 1.632622001172319426e-01
2.626921209381392064e-01 2.310024354191515528e-01 1.904086330685477724e-01 1.796126731624121398e-01 2.521596311260795309e-01 1.782491139468301289e-01 1.699490478419338757e-01 2.474100037479715630e-01 1.668089531236919554e-01 1.217073876252426218e-01
2.345922224856479277e-01 1.776051787368383983e-01 1.538776750782315517e-01 1.726426129403372811e-01 2.382643179932742439e-01 2.281217598531324331e-01 1.957788660853683194e-01 1.415715940116246685e-01 2.436815392409444891e-01 2.138642335746018530e-01
1.702994854646629475e-01 2.315621094449469564e-01 1.576761303593302577e-01 2.322802439923858375e-01 2.083148774917504276e-01 1.320101799015678812e-01 2.031170814806649016e-01 1.921379232731284803e-01 2.642297756969113620e-01 2.083721928946516144e-01
1.888921502811966857e-01 1.432340549546886610e-01 2.275648887549455712e-01 1.571222866482346325e-01 1.766596834247735059e-01 2.091491806633843098e-01 2.704205135472137478e-01 1.993916654263999111e-01 2.058743660257107977e-01 2.216912102734510115e-01
1.347255611334921832e-01 1.815550945331606825e-01 2.148627115174399915e-01 2.438726332890245319e-01 1.968808404506540710e-01 1.481484728533902229e-01 1.962950310875144488e-01 1.830290722171329931e-01 2.251950879792860849e-01 2.754354949389055118e-01
2.820067684591815449e-01 1.913007390918927964e-01 1.665349168846451122e-01 1.575257807973713398e-01 2.271913389164307295e-01 1.831427051274064355e-01 2.236370933763753843e-01 1.748316143615106788e-01 1.598001658951677395e-01 2.340288770900170179e-01
2.588491085985926143e-01 2.082027245894279566e-01 2.067764496251945361e-01 2.152899550148695829e-01 2.059475349218450879e-01 2.075855274431308017e-01 1.882759662639372222e-01 1.661591434087175689e-01 2.164113251508174296e-01 1.265022649834667556e-01
2.016300177385629833e-01 1.124491377918149931e-01 2.713303605352808123e-01 2.208118528581638207e-01 2.630247063399286378e-01 1.606783478916875840e-01 1.527008821201093491e-01 1.788533947836371818e-01 2.429850667569195544e-01 1.955362331838936263e-01
1.889023255006254676e-01 2.070449353466289333e-01 2.122209056750467560e-01 1.600097244252435547e-01 1.627270971430150315e-01 2.529812812239082831e-01 2.234737856827333502e-01 2.513257979699825562e-01 1.859494863962136701e-01 1.553646606366032856e-01
1.544926243327396365e-01 1.796827627928035687e-01 1.918801709787212872e-01 2.385085921854245561e-01 1.909208597515007488e-01 1.825421339466546389e-01 2.115072004017622131e-01 2.216654384540520661e-01 2.334255821186486390e-01 1.953746350376922292e-01
1.889161125867361291e-01 2.057839103294481498e-01 2.022317074591570563e-01 1.803108602691890772e-01 2.706349068486375575e-01 1.537666338437486679e-01 1.653875409887803072e-01 2.230660800402607946e-01 2.370721502223704646e-01 1.728300974116714628e-01
2.627128123205937360e-01 2.075010189867333432e-01 1.815244427981426156e-01 2.109771061875962417e-01 1.822083283218408067e-01 1.952192769873675737e-01 2.068696759275499841e-01 2.345113459586592453e-01 1.723641555666910186e-01 1.461118369448261289e-01
2.401365074872192917e-01 2.043926428378692872e-01 1.752524972686834437e-01 1.805882276331209346e-01 2.383672155013190075e-01 1.918674878735085465e-01 1.646958974268723508e-01 1.710384404174564166e-01 1.896233331801308875e-01 2.440377503738197784e-01
2.813432624650362701e-01 1.736322910615707427e-01 1.597947036543019561e-01 2.726731839867576612e-01 1.255935412380531080e-01 2.135871774811215207e-01 2.389176539607491823e-01 2.210803703397807851e-01 1.653705074529305541e-01 1.480073083596979422e-01
2.494236995824837821e-01 2.232680080725081839e-01 1.844322119445200303e-01 1.899228486601176880e-01 2.327212038968921870e-01 1.988618188814673116e-01 1.533849372282528878e-01 1.875102943719593185e-01 1.871260184758530565e-01 1.933489588859452768e-01
2.395800973943325862e-01 1.269334316051021760e-01 1.801987206140294728e-01 2.082906248235279756e-01 2.604879467617057243e-01 1.831183553871186809e-01 1.174113451802845931e-01 1.673712313681257058e-01 2.424151054777563541e-01 2.741931413880171475e-01
2.352554854147823615e-01 1.870690471797466503e-01 1.961551861604614866e-01 1.763651278288576874e-01 1.597191440635838955e-01 1.948188679732780204e-01 2.958634315207594456e-01 1.914594861758159294e-01 1.655553791526153395e-01 1.977388445301000164e-01
1.606390402713754606e-01 1.640448726390784651e-01 2.604757681959061211e-01 2.346825059853202555e-01 1.720997204353916510e-01 1.996457866356374788e-01 2.087335048163668494e-01 2.094089072339119229e-01 2.493707287217885038e-01 1.408991650652235694e-01
2.435945448716137496e-01 2.726368076303126720e-01 1.593363399816390968e-01 1.431102794626242236e-01 2.059592311291428279e-01 2.425598299129587687e-01 2.312839083661530626e-01 1.778706299662805024e-01 1.009306831975010504e-01 2.227177454817733104e-01
2.058766291581075325e-01 2.886543507337772096e-01 2.388493914967639298e-01 1.522037883486093146e-01 1.491784574928625151e-01 1.880679898917893000e-01 1.664022770537580964e-01 2.527891423612612654e-01 2.239502914058510152e-01 1.340276820572209038e-01
2.515149029053458385e-01 2.337433514448696015e-01 1.981518744224000650e-01 2.278576425151531415e-01 2.244256596670381743e-01 1.474405314871858053e-01 1.571938759158838517e-01 2.133181968781530935e-01 1.793259104113047175e-01 1.670280543526668493e-01
2.207650637050364018e-01 1.458873038481525164e-01 1.961530986204383376e-01 2.187309825440006406e-01 2.185364339654258248e-01 1.812918835505052118e-01 2.188497016832075259e-01 1.656035781343143387e-01 2.337876012027998440e-01 2.003943527461205520e-01
1.981573093236650984e-01 1.455440502898593946e-01 2.648984181543954097e-01 2.031343967459933453e-01 1.675188675277934081e-01 1.144730000710209861e-01 2.533427582050487570e-01 2.277088912110840080e-01 1.586135822121387262e-01 2.666087262590006168e-01
2.044780787992711013e-01 2.000345352127533283e-01 2.739786386098505000e-01 2.225096019726833241e-01 1.960017321086887643e-01 1.318420190226239352e-01 1.425828616693005646e-01 2.514672537175881017e-01 1.766528567393640115e-01 2.004524221478762580e-01
1.763571943385204288e-01 2.193983747323653422e-01 1.736142909062063366e-01 2.083783364179373210e-01 1.874738564718278488e-01 1.978162903212784263e-01 2.013633008217277642e-01 2.008400080583567227e-01 2.171815995379977604e-01 2.175767483937818270e-01
1.916803013725568439e-01 2.030155438113105393e-01 2.497992237080675637e-01 2.143467235790347258e-01 1.383944744572776220e-01 1.893784292272170933e-01 1.882291176342127947e-01 2.224190080174459627e-01 1.672997803253894189e-01 2.354373978674891288e-01
1.951911984406320966e-01 2.006929161514315607e-01 1.739588408328695546e-01 1.652504215094280082e-01 2.167324422727784361e-01 1.944265734074520080e-01 2.437759807404351886e-01 1.727810570009284397e-01 2.019086122426496377e-01 2.352819574013962911e-01
1.658134265078701486e-01 1.748856961762095263e-01 2.394506931949327289e-01 1.953554501577597358e-01 1.614531812925700804e-01 2.199500248269360969e-01 2.205168212042142584e-01 2.452376152171870660e-01 2.045987579156262337e-01 1.727383335066949577e-01
1.654666177577614750e-01 1.841700597921618610e-01 2.064359011254510712e-01 2.115097248328967894e-01 1.999802570297004034e-01 2.136497295795911078e-01 2.135790582354168965e-01 2.674000369924545151e-01 1.926670125985079640e-01 1.451416020560584164e-01
1.877298316066959849e-01 2.092518489494563094e-01 2.253216732789887211e-01 1.715995267686555859e-01 1.958580878602473874e-01 1.767386447259309823e-01 1.814087808879104036e-01 1.737921617734573543e-01 2.138937513401633628e-01 2.644056928084942415e-01
2.402917183741492824e-01 1.562274281196641690e-01 1.771681567392111578e-01 2.200171239994312411e-01 1.654770593988942884e-01 2.521420436343158600e-01 1.779373940042881519e-01 1.854432347507900813e-01 1.878197855826250762e-01 2.374760553966300536e-01
2.159504099709239899e-01 1.659623864361466639e-01 1.928513354754218534e-01 2.582152665199793917e-01 1.856714463913775592e-01 2.304977375801642858e-01 2.250574730551287983e-01 1.148741183563621038e-01 1.863193741978232953e-01 2.246004520166722807e-01
1.609605145196215670e-01 1.673365297777509586e-01 2.060005697073609698e-01 2.332420082251423776e-01 1.633937410703996118e-01 2.603425742307738933e-01 2.360806619243742688e-01 1.961705202740212095e-01 1.523118715457148220e-01 2.241610087248394056e-01
2.012143820352803036e-01 1.360065443244074523e-01 1.931022297881274385e-01 2.060253749654611111e-01 2.624851199518117850e-01 1.540186763392891178e-01 1.372151439228494196e-01 2.087911073389382421e-01 2.765160044156121377e-01 2.246254169182236582e-01
2.837486076766567722e-01 1.568082993798129710e-01 2.163279988410758137e-01 1.957983368461838070e-01 1.530416591973487173e-01 2.212563228634088497e-01 2.132483628555270627e-01 1.715316230124833141e-01 2.135168912882387804e-01 1.747218980392649668e-01
2.604277072714746843e-01 1.987452225706987652e-01 1.787749617482994602e-01 1.909392175133552139e-01 2.187283239355922726e-01 2.230113035765981799e-01 1.949905814752359579e-01 1.380452060464543163e-01 1.984895995255349654e-01 1.978478763367568782e-01
2.179455743950596269e-01 2.267918198423210518e-01 2.413975218970969283e-01 1.327215041410491070e-01 2.478158355841447724e-01 2.155342772511056049e-01 1.925913396022741475e-01 1.820726391544839340e-01 1.573124808795082208e-01 1.858170072529562178e-01
1.163466496352750512e-01 1.822005844588145684e-01 2.378858763213783645e-01 1.639055440221791615e-01 1.989045388461352926e-01 2.479724259136621145e-01 1.725664591023671202e-01 2.315718468582071699e-01 2.376095646083854207e-01 2.110365102335977072e-01
2.366672685610880511e-01 1.832411427291057715e-01 1.876571601779919440e-01 2.348231054806826090e-01 1.955434648620140436e-01 2.058007044795005513e-01 1.961490314577171712e-01 1.924729822462901141e-01 1.980667572514251129e-01 1.695783827541836597e-01
1.765593653725192058e-01 2.269208970213336118e-01 2.145393835293588902e-01 1.776846001564695576e-01 1.545983549560653592e-01 2.125972075269183525e-01 1.987851063945744734e-01 2.146816449931778226e-01 2.143760065712635721e-01 2.092574334783204593e-01
2.214371342798969466e-01 2.048476883533986992e-01 2.589516681080467619e-01 1.577093465667352423e-01 1.732699866039989212e-01 1.900474489190025762e-01 1.806996171274255769e-01 1.610132396211545469e-01 2.535991496907779030e-01 1.984247207295620208e-01
2.181570600779343949e-01 1.876549723521160340e-01 1.702733504799927022e-01 1.826443643236104475e-01 2.350731053671435145e-01 2.669106378386140177e-01 2.632656940531458711e-01 1.825318302154163019e-01 1.347041772569771145e-01 1.587848080350496016e-01
1.582723877146182401e-01 2.515292294142355556e-01 2.258797331715602374e-01 1.726451978718307467e-01 1.581699359547621975e-01 2.306214800764705419e-01 2.404919631099632082e-01 1.790145773085267122e-01 1.677198552458727399e-01 2.156556401321596261e-01
1.625562896919321432e-01 2.638363329481066000e-01 2.637467770436646708e-01 1.800565409354714097e-01 1.407383629198304953e-01 1.838881297990119512e-01 2.644045020459799833e-01 2.278132978734217773e-01 1.628352703244678457e-01 1.501244964181133179e-01
1.451711001967401771e-01 2.150018925331978192e-01 1.505094814928089331e-01 2.120528593081971724e-01 2.118747551964208775e-01 2.259585618669352480e-01 2.372828605840334171e-01 2.154054121631082119e-01 2.128077394875969308e-01 1.739353371709617957e-01
1.353015737926012152e-01 2.333792942332876819e-01 2.742500891287371068e-01 2.481489372609777533e-01 1.965551379070498150e-01 1.317738606026200854e-01 1.392892400369227790e-01 2.368387212089988481e-01 2.288563979429364958e-01 1.756067478858681641e-01
1.960589921594267926e-01 1.784238280696515688e-01 1.818050011241397756e-01 1.644911459745929672e-01 2.900937386478710245e-01 1.994651224439385750e-01 1.445854481849361273e-01 2.070070350565247908e-01 2.222354733639073932e-01 2.158342149750115679e-01
2.600022242284037444e-01 2.356573031832841225e-01 1.691575337064089857e-01 1.785948692254450410e-01 1.932466962802804056e-01 1.658901037897962949e-01 2.105699674083238715e-01 1.782687164382098233e-01 1.929064435564242785e-01 2.157061421834229331e-01
2.180560401208661292e-01 1.794266726552655178e-01 1.788564525444271414e-01 2.312698436383768819e-01 2.155620754757678614e-01 1.632442746725311089e-01 1.705570390171039230e-01 1.986196212635450153e-01 1.882615002538218785e-01 2.561464803582956251e-01
1.735196894926511746e-01 1.333626222428947738e-01 1.871171804996665800e-01 1.314127026654905439e-01 1.996080557992304383e-01 2.456991431693790751e-01 2.384312821626462797e-01 2.390730248673993141e-01 2.173883297068141540e-01 2.343879693938270281e-01
2.278319389402437833e-01 1.878726431268148978e-01 1.690555863207604259e-01 1.993784888002889111e-01 2.332637957544199114e-01 1.930983163255239887e-01 1.683890940100569444e-01 1.849026298949189295e-01 2.428321772671538648e-01 1.933753295598187316e-01
1.319464267201312935e-01 1.328551030631116570e-01 2.215060249444255058e-01 2.205262175591929941e-01 2.285052360453658782e-01 2.084706097073895925e-01 2.214210290672774806e-01 2.676307954759423735e-01 1.729610339912329431e-01 1.941775234259308369e-01
2.480537698668460189e-01 1.939993079467990100e-01 1.953646067273016040e-01 2.192136480017241040e-01 2.375641233774223315e-01 1.588202487551422237e-01 1.644681384443920646e-01 1.387787587369629927e-01 2.261215423928715496e-01 2.176158557505377678e-01
1.731759113708119802e-01 2.274609263568365125e-01 1.990152733724838696e-01 1.447206545967528735e-01 1.580716601449029812e-01 2.993290506193884148e-01 2.323904649412912027e-01 2.044610186586431899e-01 1.540722104507480095e-01 2.073028294881422706e-01
2.011991302128026404e-01 2.236432131806238566e-01 1.720092599651317777e-01 1.879732699366600257e-01 1.616447072468804036e-01 2.078021433281885544e-01 2.795255147553195596e-01 1.937569787973462132e-01 2.118718856468838618e-01 1.605738969301633290e-01
1.852125080087662079e-01 2.794459553264306839e-01 2.132012117361718195e-01 1.908178023363699127e-01 1.436520416489159013e-01 2.354338409173566959e-01 2.582227349055362664e-01 1.795762834040951772e-01 1.526307508404268487e-01 1.618068708759309582e-01
2.258619501825789300e-01 1.087380296916103384e-01 1.394765732535603875e-01 2.218202207440315710e-01 2.228003027526049840e-01 2.446518539461137731e-01 1.997604786768319984e-01 2.051099116937075695e-01 2.481101273448563516e-01 1.836705517141043464e-01
2.022680531166595186e-01 2.040570346722736517e-01 2.158092253172382013e-01 2.200011065059528925e-01 2.321513342773547373e-01 1.972631256850656545e-01 1.867136797247676283e-01 1.835076607656829506e-01 1.875075586197448851e-01 1.707212213152592417e-01
1.692160600457499053e-01 2.405011492132530515e-01 2.433384585674205902e-01 1.360198598986485929e-01 1.720680875614238048e-01 2.157265513976919236e-01 2.490898202970911468e-01 1.633692583609101523e-01 1.623314005028792251e-01 2.483393541549322736e-01
2.109138855758943554e-01 1.700621043157078960e-01 2.632489998040214996e-01 1.446294528539326107e-01 2.272853227236128482e-01 2.153010408900293271e-01 2.115477409788486252e-01 1.779930392846943987e-01 1.999769083034014239e-01 1.790415052698566822e-01
2.229188288351445224e-01 2.212361522302721539e-01 2.350206117477876555e-01 1.680473985880442389e-01 1.377176079501014061e-01 2.931260456741927034e-01 2.325951062846503548e-01 2.170272967474856651e-01 1.264846665613803545e-01 1.458262853809410564e-01
1.643335728991073830e-01 2.171124246367246990e-01 1.861864672755404737e-01 1.950525142419317626e-01 2.029634920139603560e-01 2.564872460945247790e-01 2.230642545070882776e-01 2.089556508239842070e-01 1.749804764857073314e-01 1.708639010214307030e-01
2.322343580457795764e-01 2.050207240695595123e-01 2.282572048681223431e-01 2.452385495660310277e-01 1.935198095939039686e-01 1.122967535229317249e-01 1.122883086644314715e-01 1.556962827386645376e-01 2.822260135120793212e-01 2.332219954184975574e-01
2.045752578569759172e-01 1.998993418405483058e-01 1.290298369508898202e-01 1.482607096293970250e-01 2.118036803110078803e-01 1.815438177857472413e-01 2.278684482914019593e-01 2.765279259823603120e-01 2.021667104632725587e-01 2.183242708883987027e-01
2.008190459241019077e-01 1.773296407385110407e-01 1.947887648755472212e-01 1.934318958448728032e-01 2.226723708124500323e-01 1.692647029615337584e-01 2.363335844292195620e-01 1.815859900798395543e-01 2.525808327034926304e-01 1.711931716304315731e-01
2.090309238358906696e-01 2.094368469499026664e-01 2.463946792934528229e-01 2.127076877437127367e-01 2.214585033661384816e-01 2.463690161825113356e-01 1.365799997948102251e-01 1.237631173340073970e-01 1.348988147583780606e-01 2.593604107411957571e-01
1.776245583009993523e-01 2.405280874836593363e-01 2.230007710200597459e-01 1.581307145348044008e-01 1.329393260915978092e-01 2.079176577678301940e-01 2.501135974150510144e-01 1.945872627154485723e-01 2.073850898990926006e-01 2.077729347714568631e-01
1.763553745984994536e-01 1.519935400670908987e-01 2.146250516085983495e-01 2.113012507114671867e-01 2.285366934264501659e-01 2.524046900395118809e-01 2.092941530311910880e-01 1.799267582385078723e-01 1.920985760070544612e-01 1.834639122716290316e-01
1.994473883431227001e-01 1.955951855301150677e-01 2.439986523311404865e-01 1.872622995406432456e-01 2.312973936990734281e-01 1.977000620064475189e-01 1.407216748612240553e-01 1.598167838923170714e-01 1.974814914957636336e-01 2.466790683001543472e-01
1.784188590505590422e-01 1.890983736583138342e-01 1.857371662375468246e-01 2.969050372205235266e-01 2.001923086700183596e-01 2.036742996615881762e-01 1.574731289772761667e-01 2.678645424370229566e-01 1.754780400499464099e-01 1.451582440372052585e-01
1.852680305430393082e-01 2.172468634946260746e-01 2.150946598507083585e-01 2.210681593266374256e-01 1.733062023082220793e-01 1.674227720768196870e-01 1.984797660958071419e-01 1.808903832792653765e-01 2.179324440771849558e-01 2.232907189476892873e-01
2.147618761340950866e-01 2.199927249162754450e-01 1.615665803816791202e-01 2.282948451174920679e-01 2.057716868694551282e-01 2.460140425628755678e-01 3.028273562306560418e-01 1.307308514855268777e-01 1.412723600166969629e-01 1.487676762852469803e-01
2.650662757827250693e-01 1.449211213455617042e-01 1.904836763491566387e-01 1.989706407897978702e-01 1.509599321925518267e-01 1.613938029180298772e-01 2.032807785132276501e-01 2.256264434120641149e-01 2.820782207441433487e-01 1.772191079527435653e-01
2.637583531660198100e-01 2.852970223530842953e-01 1.809357189492667162e-01 1.606308074084686621e-01 2.391841863804889945e-01 1.267168204772171070e-01 1.430846584427326040e-01 1.902152502946366508e-01 1.910206417629218556e-01 2.191565407651634434e-01
2.303913205217134330e-01 1.956743582361440970e-01 1.933607234207773695e-01 1.630892057753375868e-01 2.262119204026563080e-01 2.865231856318853909e-01 2.604717114698342773e-01 1.433315531357807759e-01 1.256010620961685309e-01 1.753449593097017312e-01
2.175623222185530947e-01 2.187375098670123474e-01 2.290685357650986131e-01 1.566167303442793923e-01 1.288410468830573641e-01 1.609112783430273474e-01 2.654339925881283868e-01 2.239500986629171519e-01 2.092888992540200555e-01 1.895895860739051919e-01
1.818207533682705546e-01 1.687012282187854983e-01 1.809832179253176299e-01 2.020679429553280393e-01 2.240881955293967109e-01 2.064621795730959830e-01 2.103671835806248946e-01 3.149839739354480250e-01 1.692689145914077764e-01 1.412564103223248047e-01
2.303818692157198478e-01 1.904334641130938921e-01 2.185104387738322496e-01 2.229279468569672074e-01 1.320606946609000354e-01 2.212656783538279048e-01 1.835409569917804407e-01 1.317801369969397451e-01 2.379735601928159860e-01 2.311252538441221638e-01
2.207578372667405309e-01 1.598693821848056196e-01 2.128004217890412386e-01 1.948584092198056839e-01 2.383909297743382893e-01 2.012174886753777536e-01 1.855284791081741602e-01 1.614800037725283022e-01 2.196262922362104131e-01 2.054707559729790356e-01
1.865996913932097545e-01 1.179010693592882075e-01 1.773651666012565353e-01 2.416992749520333050e-01 2.295011843882852065e-01 2.314382683716806333e-01 1.538165862283167040e-01 1.468137821264013654e-01 1.834453950527495936e-01 3.314195815267798606e-01
1.549271395680298924e-01 2.084329884541462063e-01 2.950225871968275015e-01 2.149250307716087383e-01 2.023827560621581367e-01 1.819343225030283784e-01 1.527445903445964204e-01 1.940489141732326672e-01 2.285557924516572470e-01 1.670258784747150060e-01
1.728498197956758742e-01 2.088397208127082683e-01 2.546229987431843922e-01 2.155024243700554287e-01 2.832905820524102003e-01 1.637400296896679430e-01 1.615112791790268010e-01 1.419099838923388868e-01 2.123223009682870532e-01 1.854108604966460683e-01
2.111844381263167092e-01 2.090650525225565826e-01 1.870484199780237111e-01 1.864527068865917403e-01 2.362940439594004016e-01 2.497232928279541908e-01 1.706864063375526652e-01 1.872892313809912390e-01 2.289051586790919468e-01 1.333512493015213407e-01
1.499795635779149761e-01 1.830062273474026557e-01 2.106386959482224874e-01 2.188668704149708266e-01 2.107470631776749426e-01 2.215915568029894478e-01 1.634340894742125072e-01 1.688346597789681103e-01 2.300923711026028884e-01 2.428089023750418796e-01
2.360030308402588095e-01 2.160839859764888404e-01 2.043336925270642368e-01 2.162830377231674261e-01 1.898622867288486393e-01 2.252897710862844516e-01 1.969273713151623584e-01 1.975216927350436358e-01 1.931275744667607930e-01 1.245675566009206564e-01
2.391363372599725756e-01 2.887329408027428101e-01 1.552975584143470866e-01 1.787762224435708314e-01 1.450583548380172949e-01 1.507000176709977213e-01 2.453003223449128356e-01 2.424441819253176922e-01 1.820178705170453493e-01 1.725361937830751646e-01
2.296246733222042646e-01 2.112283898064155063e-01 2.572152074683267120e-01 1.475800477698118729e-01 1.056628238344513165e-01 2.164445762467768486e-01 2.036813128814071450e-01 1.895667584336157008e-01 2.659364452890933816e-01 1.730597649478968214e-01
1.864230919485400650e-01 2.325641084491189559e-01 2.339310156828090514e-01 1.270843848909111728e-01 1.714771649816667354e-01 3.031496686201416435e-01 1.408349533072861537e-01 1.970478859011017825e-01 1.953917507779419083e-01 2.120959754404837250e-01
2.276696756271379685e-01 1.761103496631504783e-01 2.250831369506898771e-01 2.297438519862359807e-01 1.779808166073874320e-01 2.439031506058044196e-01 1.594148454282831306e-01 1.683945409629635515e-01 1.924824888307429815e-01 1.992171433376044021e-01
