-4.038179415551594431e+00
-4.119575440378610232e+00
-4.041298624787978966e+00
-3.843290134012411929e+00
-4.182140229405171716e+00
-4.784728249168191283e+00
-4.170871982695565805e+00
-3.656138125676225759e+00
-3.656631152452593625e+00
-4.087434597119511182e+00
-4.507202546627993023e+00
-4.283134272016400068e+00
-3.863941767022431417e+00
-3.949441460784940183e+00
-4.746672621053263263e+00
-4.701140758891661164e+00
-4.198313845709360059e+00
-4.656191907282663855e+00
-3.552738527350995934e+00
-3.837134013614548422e+00
-3.937105125480293566e+00
-3.792545193166145800e+00
-4.030530470250456077e+00
-5.066714550727869693e+00
-4.093484263764167075e+00
-4.467075227907267632e+00
-4.250582923411819536e+00
-3.483606652449186214e+00
-4.410612113081384678e+00
-4.951511805453444381e+00
-3.819543934675601271e+00
-3.881604066924496443e+00
-3.562822809623324982e+00
-4.197300335055206055e+00
-3.799539035596506409e+00
-4.181737084696476536e+00
-3.911213513658132079e+00
-3.775843228652284722e+00
-4.297873169676152294e+00
-4.157668560889018927e+00
-3.788673037001322630e+00
-4.641255321520490362e+00
-4.528897006628754163e+00
-4.210290187128156170e+00
-4.478674167233201331e+00
-3.986718326640372290e+00
-4.385582860172006825e+00
-3.704183838704245613e+00
-4.636767521899755273e+00
-3.724439748515985471e+00
-3.411492176164706791e+00
-3.989176290711856865e+00
-4.424027601386365305e+00
-4.401580260931669208e+00
-3.944184346290177334e+00
-4.126272692049345103e+00
-4.126527462761430343e+00
-4.178926658402793315e+00
-4.411481785176467163e+00
-4.177223059226420787e+00
-4.049681061132070603e+00
-4.053563280673321501e+00
-4.060753776499706369e+00
-3.682609693652285632e+00
-3.035278965906623494e+00
-4.773508233211219753e+00
-3.929868965376814849e+00
-4.168880262829342875e+00
-4.431646948109749573e+00
-4.650722743410572235e+00
-4.140490282157356816e+00
-4.041306752293059468e+00
-4.540067201285307164e+00
-3.676856799798750686e+00
-4.235902376369820033e+00
-3.656631926754290163e+00
-4.164449746789277818e+00
-4.201498504358384345e+00
-3.982016011613290551e+00
-4.418665314715860326e+00
-3.307307072238877765e+00
-4.070010018606986080e+00
-4.068483103165664971e+00
-4.306041841414855575e+00
-4.472218890828360216e+00
-4.221268329543037545e+00
-3.742928414537457726e+00
-3.800528854039382676e+00
-3.663341185485976315e+00
-3.923018368683864665e+00
-4.018022462104005932e+00
-4.711071044231982974e+00
-3.888509543033926263e+00
-4.723971097789484652e+00
-3.776564282640006098e+00
-4.028136437631053113e+00
-3.771048591365631975e+00
-4.167875296582208122e+00
-4.103482864018566545e+00
-3.751268235364819681e+00
