5.723461062748737196e-04 4.508724077827729916e-04 2.967282203772045042e-04 3.011295942771083410e-04 2.327104813008638417e-04 1.729595001625926936e-04 1.653132254062205655e-04 1.981926131962574180e-04 1.877963139181031843e-04 4.376457796560584250e-04
7.597193980850019555e-05 7.030248739333516943e-05 7.550182545708620987e-05 1.553483873772689382e-04 4.561635700912679650e-04 1.205297422629232748e-03 1.299399581969206243e-03 7.525011034742768194e-04 4.174949885282503294e-04 1.688193388426776416e-04
2.880141974603936281e-05 9.115861255770817766e-06 3.659935363666733464e-06 5.680278178212811834e-06 4.410738442468115761e-05 9.638682585801809167e-04 4.173694578236692397e-03 5.061263357503620330e-03 1.720293200775024987e-03 1.594855230423661546e-04
8.480634763531373025e-04 3.064182809253066507e-04 9.813325171458656972e-05 6.605626074837237611e-05 6.467472204282003574e-05 1.285607289655385152e-04 2.728596177917826538e-04 5.663697218303894582e-04 8.869949081572396209e-04 1.010651419966590581e-03
6.969294837478297116e-05 1.028645151628644307e-04 2.513862893942142487e-04 4.197437192598128786e-04 2.569388427586315020e-04 1.227870062410266997e-04 6.005410081028414996e-05 4.191909820473366152e-05 8.615549967353497451e-05 8.167546398543682948e-05
1.972273066931104770e-05 1.664942291955228668e-05 2.953471614075906180e-05 9.690511710241529720e-05 7.259253494861113692e-04 7.999951287389230189e-04 1.026153414210064386e-03 7.345810690816169386e-04 1.729813235940956138e-04 5.093329108252119328e-05
1.001243111580488496e-04 7.417534684313716519e-05 4.218140996785518408e-05 3.321948347574698782e-05 7.598704463626047021e-05 1.663393334048809274e-04 5.186975877154923050e-04 1.600870504165920931e-03 1.427766265998790503e-03 3.796072636411909227e-04
5.779433613415954586e-04 1.992914022825470824e-03 2.707654429827012401e-03 1.507470457025069386e-03 5.465909503309467586e-04 8.131363969618966782e-05 1.769252712169511169e-05 1.329592657523341728e-05 1.487660450635118160e-05 6.714334481339344547e-05
3.687389618098360590e-04 3.348724451956492819e-04 1.365827934848511224e-04 6.570878318488573399e-05 1.100984195790460018e-04 1.828424879013548245e-04 2.747306736340210625e-04 5.504617306393799715e-04 8.772434212924692162e-04 5.895647174241268286e-04
6.114050999761053888e-04 3.353920508197614885e-04 1.655873556270066015e-04 1.088604944057143916e-04 4.815954091407839824e-05 2.020706388563970322e-05 2.975616700878257076e-05 4.662317376263215568e-05 7.175123097372820575e-05 6.196762170732612700e-04
3.146026901005555113e-04 2.926071141854144457e-04 4.531796903064952940e-04 3.261696096294560885e-04 4.051925540574472396e-04 2.803911599404837690e-04 1.653481643754018294e-04 2.777330481719807870e-04 1.736926945376236243e-04 3.416494920326672356e-04
4.238451391095558567e-05 1.191359415528796256e-04 2.413211762130269334e-04 2.839712351056915838e-04 3.768955548874466759e-04 6.163006684509864759e-04 3.985730787172498345e-04 1.245942896907990794e-04 3.956872098408460692e-05 3.403279084436130689e-05
7.714045406329677040e-04 4.867876086836928312e-04 2.163092062686586801e-04 5.996331000866672898e-05 2.742915117227603302e-05 3.869322160449060062e-05 1.011064562859193981e-04 2.840639366801320925e-04 7.848023664231802352e-04 1.702551535039846260e-03
2.776552101811691512e-04 5.994582990344375986e-04 7.843319424052798807e-04 1.059660790192057216e-03 3.923072006104578210e-04 2.141929688086968795e-04 1.912433404270739935e-04 6.160001367415532045e-05 8.152871093521663081e-05 1.032990360468838089e-04
2.354352252428001718e-05 2.690332746469214882e-05 2.517497546775258665e-05 1.038118831935298656e-04 5.913918187756873630e-04 5.800585141505162651e-04 4.890743081225974644e-04 3.303441748673894424e-04 1.661402697382913598e-04 8.187909991900173593e-05
5.169991806947544350e-05 1.596998167661800431e-04 1.829678426334530289e-04 3.384154185529216559e-04 3.521665977166042413e-04 5.482704617997185897e-04 2.432055746427844200e-04 6.469919077847019549e-05 2.399323113901485831e-05 3.522951596295513180e-05
2.003053303805927166e-04 1.133029488351792433e-04 3.336635905331112283e-05 3.307068317105828524e-05 3.743312865610016983e-05 1.042659100461523059e-04 4.657771170382433100e-04 3.746071596846543340e-04 4.511147011342210664e-04 2.675165472635441925e-04
3.230398675224749262e-04 3.886329447481445452e-04 3.559299378336045578e-04 1.225276495736039048e-04 3.368369009350324542e-05 2.938014634546003547e-05 5.062211571926699088e-05 1.227301094143959045e-04 2.380829984127322383e-04 2.401377892693071323e-04
7.297471989043187608e-05 7.177046538924656172e-05 5.280447627570206186e-05 1.325657689923991252e-04 5.499443954349295029e-04 8.272014702173808307e-04 6.373766593279899277e-04 3.808578538530998947e-04 2.820296987224246927e-04 1.308722977503507727e-04
1.481829043521829144e-04 1.469971654855994556e-04 1.894841679524150680e-04 4.172560978569208267e-04 5.174669581259508204e-04 5.649614068173267880e-04 7.680463431410562442e-04 3.883221675513786686e-04 3.001868436185865297e-04 1.478620663391386246e-04
4.567243351768248121e-04 4.903425637211063096e-04 4.369695690782109837e-04 2.277841400700226376e-04 1.303979824374688391e-04 1.651803778297655356e-04 1.703428384526613887e-04 2.667114372505283073e-04 3.699536147219617695e-04 3.518614987045648652e-04
7.169632607869724610e-05 3.292909727949344906e-04 5.124352049919335796e-04 7.346169521043717987e-04 1.128112367093590460e-03 4.285596880304777122e-04 1.000406994285741376e-04 3.700027961139998366e-05 1.996029897600619924e-05 2.397258254212038733e-05
1.745591529443086870e-04 9.166584320334466879e-05 7.876726408978954670e-05 6.240049986629946099e-05 5.838485235418821537e-05 9.448942397290778939e-05 2.426558556458413844e-04 5.292589105437493476e-04 2.421266466920331273e-04 2.031368005454588634e-04
3.641107256605363078e-05 2.253919184430037628e-05 2.444347778606400132e-05 1.164338199299021058e-04 4.251974345471499334e-04 1.617250104601452698e-03 2.963400060717882693e-03 1.550650944748415338e-03 3.550733301960644133e-04 1.448204492800904658e-04
4.191135087809630356e-04 3.362789583604251114e-04 2.906231180889267112e-04 1.932145324774022963e-04 1.216225573635638533e-04 1.190359682730180406e-04 8.303163708850617541e-05 1.439000757961708817e-04 2.808669559542750532e-04 6.169575675475195151e-04
3.295677864782224566e-05 1.488624898861726014e-04 7.905630008754562692e-04 1.173639669447145047e-03 1.061941112617955816e-03 4.368115098212463658e-04 2.699584207106786355e-04 1.062552423413169408e-04 2.568712431851007943e-05 1.496183423643874331e-05
1.509471813791955341e-04 6.970149784469062111e-04 1.105876173359401048e-03 5.010483748390232419e-04 3.996495455885388875e-04 1.904798602048993802e-04 3.637286199247632951e-05 1.174930860632458936e-05 1.449614994800695788e-05 2.321808546887686619e-05
5.513400092134332153e-05 7.192135643121507329e-05 2.074547407464452577e-04 3.651740695826653240e-04 1.016262890591971245e-03 6.742884471736331842e-04 4.525395509595661766e-04 3.207814389470333609e-04 1.347299938390472630e-04 7.424293525552285984e-05
1.973463868769007642e-03 1.330456196509053213e-03 1.342260105156647672e-04 8.007182229380552913e-05 3.601960410635141123e-05 2.898228211724697420e-05 4.444198984069660781e-05 1.102700280244554772e-04 6.616738787840267680e-04 1.519347164314953022e-03
5.382413038098052445e-03 2.788996414668907468e-03 3.158528404165066614e-04 5.942951981154644375e-05 6.979133827987984959e-06 3.648303236492733635e-06 6.093599779891272343e-06 5.391851548887269886e-05 4.180192273290885474e-04 1.205917942675305580e-03
7.184082193999863754e-04 6.862072853026736146e-04 6.924847745495338238e-04 3.633440216937155998e-04 2.410128498115148075e-04 1.454027911245138146e-04 8.314298008163287343e-05 7.518970921977921943e-05 1.802378534014397685e-04 4.819430966569348196e-04
1.503678344840024325e-05 7.864669262710659740e-06 9.207266190114652145e-06 4.300422121504706395e-05 6.874770684550594695e-04 2.040197233928478689e-03 1.881166686123915150e-03 1.412942873111702226e-03 2.150531015390233535e-04 3.648072821805095416e-05
2.531669511835508502e-04 1.852333598782480854e-04 1.641572882917212862e-04 1.382010196736774147e-04 2.046860067390936699e-04 2.904137773861228131e-04 1.742963482000567052e-04 1.545922347344455582e-04 1.530032472768461604e-04 1.314072358351757940e-04
2.148332745393891823e-04 2.631063597857967343e-04 5.250603188097056765e-04 5.956203008316270173e-04 7.846847997399356359e-04 5.413479291804982425e-04 2.339949110146188687e-04 1.522608192063272948e-04 1.622565219864909774e-04 1.353165435303200527e-04
8.333377030126682013e-05 6.905673606111735485e-05 9.891932429288022104e-05 2.605103444397652139e-04 3.921057877257564371e-04 1.813087542229112098e-04 1.954518952720606649e-04 1.627487890100868877e-04 1.249007977961305365e-04 1.237693137729557248e-04
1.068177902050539558e-04 7.678948459938217397e-05 1.207859574207923489e-04 1.976943477480832536e-04 4.169751917651317533e-04 3.796694042212925193e-04 6.142643499837800204e-04 5.744573809380376303e-04 4.448158816548117549e-04 2.743811195692804489e-04
4.041199581107746217e-04 1.232923896661780551e-03 1.359012278232949421e-03 6.408854987872465324e-04 1.086425674533524489e-04 5.002605096641436907e-05 3.042132713376033624e-05 3.253138148582000201e-05 1.023510723754327510e-04 3.176225411930854521e-04
7.041826149966861465e-05 4.975513748058143761e-05 1.606719747208309112e-04 8.524496049495518474e-04 1.085674934186421810e-03 9.861790219783260654e-04 3.226483562382376170e-04 2.297443890023370845e-04 7.852159774221144329e-05 5.857201120516005788e-05
4.375826744014565538e-04 3.916370345247742794e-04 1.950064557248435868e-04 1.656226000840531755e-04 2.322859099333563003e-04 2.073607916339310897e-04 1.244912004910483623e-04 1.743813620064029726e-04 2.742912804705360309e-04 2.683082390747040238e-04
1.639096506483966572e-04 3.854651128508565315e-05 3.553687487128631684e-05 3.765254306971959703e-05 9.223341134108282774e-05 3.649167537598735421e-04 7.262506794970935821e-04 2.287322392770121601e-03 1.396007002741163740e-03 5.786314071948403699e-04
2.391545174468804225e-04 2.813433970074643176e-04 2.499733041407052017e-04 1.741804634989998850e-04 2.266656998472066343e-04 3.632143639095144431e-04 2.265334142210587468e-04 3.936561697238037368e-04 4.776825366056572050e-04 2.865616431220769787e-04
9.714475591814741666e-05 5.523620884062525145e-04 2.023792764947952155e-03 3.943466088966248069e-03 2.436432569132164667e-03 2.297808198936548800e-04 2.908549436533013980e-05 7.943060359155258712e-06 3.910746739789782757e-06 1.087823440558986492e-05
1.423757778354719269e-04 8.399109721439376426e-04 3.168597428741875329e-03 4.768921619060676603e-03 1.716692988293663400e-03 2.238931953442326169e-04 1.619249918314553686e-05 4.507016925647089645e-06 7.065216036752468355e-06 1.707252240400866766e-05
1.959398671204374198e-04 5.912093556293760831e-04 7.919881794988533697e-04 8.842013489254779614e-04 8.481553936921628137e-04 3.481421701302618902e-04 1.328406174044763756e-04 4.949763406613160767e-05 5.942800036341463511e-05 6.440547420261718680e-05
2.464603132505746716e-04 1.093748936535160287e-04 2.833112748405524758e-05 1.684433498342227745e-05 1.607883384542184947e-05 5.042937163766916011e-05 2.604949258075460266e-04 9.648274902194444889e-04 2.788643274659923215e-03 1.101985403062793415e-03
9.514753982331318211e-04 1.348830052113109915e-03 6.639491296071712905e-04 2.464091740946866972e-04 1.352112573294888165e-04 7.895305300486118929e-05 7.393216180617106484e-05 4.963452900569160727e-05 1.033451499879418060e-04 3.902556035319618708e-04
2.024456886323521519e-03 2.021983819077795806e-03 1.267927289224079438e-03 9.269370386285142791e-05 1.350404341761600223e-05 2.849524831790695902e-06 2.797380818371138685e-06 5.533272193367058614e-06 3.437826822961912755e-05 8.482204182384746761e-04
4.227610019457125933e-04 3.058575229010289907e-04 2.930467599853437397e-04 2.160236674174861881e-04 9.857059945457233871e-05 8.133401174015683817e-05 8.891594815236926528e-05 1.009584540966179786e-04 3.698025029627034625e-04 4.955193123238261273e-04
1.910301067220491643e-03 8.923442150118679765e-05 6.046777407750863536e-06 2.349138650675809370e-06 2.668966313747140097e-06 6.616558948982925883e-06 1.228686545220239988e-04 6.472778480147577292e-04 4.343116174211576752e-03 4.320676972296209548e-03
1.047310205900713119e-04 7.359669058753843965e-05 5.601807403574180926e-05 1.086643848416458843e-04 1.193318595485055460e-04 2.214458437624870085e-04 6.252846558185015408e-04 9.913387721631192803e-04 1.073509346623399089e-03 4.975545011000526065e-04
1.014655212373613427e-04 1.120902143327173517e-04 1.160063984228226476e-04 1.154139177611179714e-04 1.261305455191445734e-04 1.855487343726940910e-04 4.387772325611905238e-04 5.263726688196179553e-04 2.560130523507100605e-04 1.473021894043094091e-04
5.192118225375031695e-04 6.117988070522402356e-04 6.418533025843649624e-04 4.866993486749780469e-04 3.551836508555425475e-04 2.080785758736372105e-04 2.000538761210267510e-04 2.099814472588556644e-04 2.180731212995654143e-04 2.936169849530339171e-04
8.995524061652759621e-06 9.856050505167956351e-06 4.522244885205548725e-05 2.946948160515065014e-04 5.590067439116723014e-04 9.304907152246018375e-04 1.375792682231544292e-03 3.513955748304785245e-04 3.458253068232219841e-05 8.935482523763861576e-06
4.203254721643327903e-05 2.868081189811601861e-05 3.915325150539716588e-05 1.186047251706823241e-04 4.263244721938006139e-04 1.206359330834514678e-03 1.337330832872550080e-03 1.511762427279831136e-03 3.436665105304158069e-04 1.086072540789042364e-04
9.440182932774622657e-05 1.317437661853530664e-04 2.875608722882828558e-04 2.117660703470178752e-04 3.281124833544496510e-04 4.502101178706724655e-04 3.689540147699985973e-04 3.696887928437427679e-04 3.265858592942518608e-04 1.686287285957712389e-04
5.011470105485322808e-04 3.248039229371883991e-04 1.565025164593363027e-04 1.455323736737444283e-04 1.470950107035177436e-04 1.165406222849693006e-04 8.448876663881217436e-05 1.618496194930586188e-04 3.382306064743698755e-04 6.119309041696533238e-04
1.397545355271312027e-04 4.743451773021839339e-04 3.091943182892458331e-03 5.045849047675329650e-03 1.856740696398967959e-03 1.953573786038663093e-04 1.969401491190940614e-05 8.669003818167905233e-06 7.730163669529340896e-06 2.374257875919589335e-05
1.200005201040476219e-05 1.952786556843406402e-05 4.351657866532986112e-05 2.306331605375517028e-04 9.273126646989710096e-04 2.939797771232642923e-03 2.078599730929474049e-03 1.113499941129795622e-03 1.653256187155238764e-04 3.784777057031795430e-05
3.568275341814920536e-04 1.891179113058342738e-04 1.295468189478606665e-04 4.875671381376081798e-05 5.436793894275843332e-05 5.977369222977819675e-05 1.891099932803254975e-04 4.522361928403787683e-04 1.120799051105969514e-03 1.240201425679129336e-03
3.860992019051546413e-04 6.712943960490976112e-04 3.030321523366440672e-04 7.678622793482714720e-05 2.733830501339785130e-05 1.853980682353336797e-05 3.730124871652352618e-05 1.130080620008972408e-04 2.556778192481424139e-04 3.643758503484307828e-04
1.743665628575241156e-04 2.321991092532174118e-04 1.889353738174279868e-04 3.493489928249205053e-04 2.053687298924590163e-04 1.824953613822402339e-04 8.071624244328713031e-05 6.486986533498405262e-05 9.261142139717184801e-05 2.277738664521565396e-04
4.026751873722952133e-04 4.099148854203644608e-04 2.809022371207583872e-04 3.165708227043765883e-04 1.833912673831659620e-04 2.549001491060189431e-04 2.483031149297567491e-04 1.705274499721722231e-04 1.911774592073104176e-04 4.002112688980440027e-04
8.254809800241263225e-05 3.251030294574496437e-04 1.593936740825823654e-03 1.525817515472762407e-03 9.044529995312106541e-04 4.325126518669428254e-04 9.726692498574773262e-05 3.273433182964273822e-05 1.349300553945136025e-05 3.005454188092055400e-05
1.000378502111245441e-04 7.050138403133920787e-05 1.312548843369141366e-04 1.413189810658021421e-04 2.706422883996068506e-04 6.950743593715097163e-04 1.102475100246794919e-03 8.761538782884817226e-04 6.299285416690687334e-04 2.782991045614065435e-04
2.452659119513001104e-04 3.192740276540723707e-04 2.077057213287913527e-04 2.398576181828789412e-04 2.514629691595946306e-04 2.363747493379901468e-04 1.222179438705883628e-04 1.006230601816816074e-04 1.612954617221921570e-04 3.121015356635009814e-04
2.751898273379346766e-05 4.259333617530347300e-05 1.379152465182276893e-04 7.280482363039918019e-04 7.717618873096903894e-04 1.258855490482502617e-03 8.230039604390448037e-04 2.068302266247141086e-04 5.502032820964649793e-05 2.227453726465038536e-05
5.170338251445360671e-05 1.499560463303248395e-05 1.834044632671780653e-05 4.661800194574373691e-05 2.287908696916703068e-04 1.207349369411930221e-03 2.202609419581486212e-03 2.471997758851914116e-03 9.443507022075461757e-04 1.688320634339582262e-04
3.714346274170477000e-04 1.507971926579276020e-04 1.049967852967281535e-04 7.584137476557985095e-05 7.703871609667990890e-05 1.823879950883368448e-04 3.401945588048832145e-04 7.256776988689510842e-04 9.812096738030958148e-04 1.119459885338628313e-03
1.177880388425973560e-04 4.570644969400902604e-05 3.082664696546081110e-05 3.415782094375897497e-05 6.399131477764457405e-05 1.415041329566192987e-04 7.005290433790063069e-04 2.436853890637199517e-03 2.140406656524255179e-03 6.091337144072695451e-04
1.185785495489107683e-06 2.789439333845074804e-06 2.777685953729094146e-05 9.643945500034753092e-04 5.273339159130672332e-03 3.767130713003468811e-03 1.163068758996521406e-03 1.787523094176346472e-04 1.446770672258867945e-05 3.061358288396465122e-06
2.457994593113576814e-05 3.656090695624489702e-05 7.338817931541066048e-05 1.751988506702247981e-04 8.407402432193367917e-04 2.248716762807788719e-03 2.170323744954447132e-03 1.010682304696422333e-03 2.894676536759687802e-04 4.652561052269888305e-05
3.288198400487010622e-04 8.023937769062185980e-04 1.071857567847844328e-03 8.826268549225448285e-04 2.568711484273176245e-04 1.215099725591222172e-04 9.364260829237473186e-05 9.796289320714241314e-05 5.341005005710514053e-05 1.952800424188984589e-04
1.917592704707562297e-04 1.082785364145084700e-03 4.531767391999010422e-03 3.680689113787076992e-03 1.156643612200720624e-03 1.159119029550696918e-04 1.168766572010417667e-05 3.629372330201428387e-06 9.418290054199849611e-06 4.687279133222639144e-05
1.500203906700927150e-04 1.952820912261151408e-04 2.570345415104068878e-04 6.489384572455768503e-04 6.814885259147957126e-04 4.297733801737405718e-04 3.480727962323056177e-04 2.371421456166590851e-04 1.706114691389164998e-04 1.288223421645886624e-04
2.377669366990660361e-04 2.825690536382809213e-04 5.191056701165246189e-04 8.921131519076860167e-04 5.480167658618195119e-04 2.251510239313162789e-04 8.970612884868375500e-05 5.096281613159130136e-05 5.368722607923230317e-05 1.287975052586641110e-04
2.937377370988064401e-04 2.228363801002411233e-04 9.687373735243195256e-05 1.213419164753760335e-04 1.146398545877802186e-04 2.216729847046001556e-04 3.159418046194325267e-04 2.745336733005553195e-04 3.610273820105951788e-04 5.565151938011186471e-04
3.516764416398269078e-04 6.295223518342559377e-05 2.007883979113609952e-05 2.324103676400462467e-05 3.894743579921971437e-05 6.027615206628921793e-05 3.047751962599902693e-04 2.167822941373511499e-03 2.392430332134776357e-03 1.286035788879352944e-03
2.940076023785400601e-05 1.435065164163654347e-05 1.762880764995820496e-05 4.214467480611709400e-05 2.985742031451283957e-04 1.746291758556680652e-03 2.121286314492034416e-03 1.612540198995900684e-03 5.744951637152815194e-04 8.891309648601520275e-05
6.034124684662451818e-05 6.576916518833765860e-05 7.066956431215250516e-05 3.866306755326058228e-04 1.043538745716754293e-03 1.414464900625935851e-03 1.232429673938703835e-03 6.415417747521510268e-04 1.545446210534860666e-04 7.001719122165613507e-05
2.692840929507280323e-05 6.980334028842575611e-05 1.495750560483684105e-04 5.407101207386087998e-04 5.213612666792704882e-04 8.855543939366443580e-04 7.394515465477838291e-04 2.898500529551353649e-04 7.242326227409983904e-05 2.920658243407400743e-05
5.422194545703327984e-04 4.602610315214125452e-04 2.745129345833194562e-04 2.932270610794008312e-04 1.921657293864496223e-04 1.822388797807670223e-04 2.798362083862986093e-04 3.487251265149874844e-04 4.595308019789349618e-04 5.886044634424492973e-04
6.710012469970478774e-04 4.862073153944506841e-04 1.312824011000115294e-04 6.293061852933589935e-05 2.891584837757901375e-05 5.483727574246257189e-05 9.940319740119918401e-05 3.476188849234722864e-04 9.546101430379067649e-04 8.376529561526552432e-04
1.762356218386766432e-04 4.497912446249733984e-05 1.818157768100594061e-05 1.934020391524956200e-05 1.249498487560484752e-04 3.861726143004128942e-04 7.366190361185932399e-04 2.162852875676756631e-03 1.639878568148213150e-03 6.829178322298007061e-04
4.594291059320954745e-04 1.519266948587160229e-03 2.285845298971098203e-03 1.344848306428916580e-03 3.490558681404772284e-04 6.491021030074882068e-05 5.516221049182785041e-05 3.587676388600963647e-05 6.255364100511657610e-05 1.288455248150514334e-04
1.885143999835437248e-03 7.012958615978331185e-04 2.203836257052759970e-04 1.683883129716588374e-05 8.570079459370260586e-06 6.420202291962242037e-06 1.120151038387204361e-05 3.374042208084825116e-05 5.582989189490922093e-04 2.958305025873151327e-03
1.655645733114294066e-04 6.143667417306277975e-05 1.068273615937651355e-05 1.336933497088382685e-05 8.583335336593914675e-05 3.095909740572785158e-04 9.513394667259737801e-04 2.429368459030347045e-03 1.309637521185223665e-03 3.874621394300831320e-04
5.742289090731108204e-04 3.546633668450555965e-04 2.647085140299085368e-04 1.377471600604382321e-04 6.000690459554154752e-05 7.169618181156946104e-05 1.562933462478159846e-04 3.374040233352020675e-04 6.258691662176757257e-04 1.020530108388531835e-03
3.367645658251762399e-04 4.767215830209724746e-04 6.557855957758913865e-04 7.733398062506997243e-04 5.314338346126926431e-04 2.872995089785723710e-04 2.574367601774848633e-04 1.361549860014437253e-04 1.670414089557796023e-04 1.308914391878551145e-04
9.734913072190166591e-05 2.553689459847686125e-04 4.489598238870120216e-04 1.401696380444139968e-03 1.314968850779223240e-03 6.417279057750227252e-04 2.693024041849373818e-04 1.361748948355868147e-04 6.590771287331814688e-05 5.334582510716867707e-05
1.264919373803229184e-04 2.998234047961702764e-04 5.226247351909345685e-04 7.175420230767192960e-04 7.620804072081304370e-04 4.824103164207260036e-04 2.854338058961326807e-04 1.658833863282306879e-04 1.360616542032842748e-04 1.891850011327013263e-04
7.205014548555996020e-04 1.045658132137078714e-03 1.973110805826046223e-03 1.175665015962881841e-03 3.137283635537729039e-04 7.898302224111583569e-05 3.134651464810135114e-05 2.752370666679947273e-05 4.483611201833599533e-05 1.104149876026892346e-04
5.248601533081140736e-04 9.971511648641208576e-05 1.002260085794915845e-05 4.019345558568885203e-06 1.172850930963984214e-05 4.882815882297111251e-05 2.530773945452494881e-04 1.654265970718724402e-03 1.932319523469496533e-03 1.991817776495401725e-03
1.565495751991854501e-04 1.608433679588565856e-05 7.805709200884744539e-06 7.467165732857254991e-06 1.751756329810777590e-05 6.167421995562116007e-05 1.423184087930573927e-03 3.345113176671931678e-03 3.026855367005956178e-03 1.043053937026852326e-03
2.288032612247499996e-04 2.230956934267205622e-04 5.191147408861220827e-04 6.690426789273683271e-04 7.188836653735985798e-04 4.696796174845946793e-04 3.432092951635197378e-04 2.201474125534314040e-04 1.739470186823035950e-04 1.601990181937091825e-04
2.641846759952466402e-04 2.670529570725652330e-04 9.869629365938275872e-05 4.904205889947221597e-05 3.247816462784389202e-05 8.929346176483433722e-05 2.422923332915254450e-04 6.189946225142439187e-04 8.666385452759269286e-04 5.850567692382502771e-04
1.473166256680378703e-04 7.641001341241821171e-05 9.110883929051498506e-05 6.766460373347798660e-05 1.692255194616419482e-04 4.434404029885493466e-04 1.070843750458767103e-03 1.376083840014630287e-03 8.296728690388830048e-04 4.782150002203667898e-04
4.355009009983807906e-04 8.420911867304404618e-04 1.603082727903016105e-03 7.799247059723008911e-04 1.351873402846399486e-04 4.122579708537797954e-05 2.616569826820877849e-05 2.256787718383916516e-05 6.473431235646943233e-05 2.116180813355659736e-04
3.138086332009739688e-04 2.667094674687704096e-04 3.251619629250646353e-04 5.401945172856931470e-04 4.272355490262681721e-04 3.930355524726199734e-04 3.572550633805884369e-04 2.704541979269038665e-04 2.481683701367311604e-04 1.624289295140210075e-04
1.343535742900101655e-04 4.914917917896048432e-04 2.192456039613197016e-03 4.361042682558164373e-03 1.805118725024010317e-03 3.137127599424720768e-04 5.189461107452583428e-05 9.271479195941472145e-06 5.604326993154946727e-06 2.863157418186760046e-05
3.524076157558782545e-04 1.864622087837547210e-04 9.251743085320552533e-05 1.720858474469891188e-04 1.868128354467749519e-04 2.363338165660701612e-04 4.113503497018118843e-04 4.057708593877598071e-04 6.414318721715249211e-04 5.644366863791754757e-04
