3.916738904267383359e-02 5.076877659266260806e-02 1.545871280174310747e-01 4.356385683246180585e-02 2.252022438854303643e-02 8.368374143159011680e-02 2.076004722870413155e-01 3.384592413691029505e-02 6.789159419494175673e-02 7.430969563802296285e-02
4.940459280417885263e-02 6.978244420450170626e-02 1.195393318620241591e-01 4.179372641678855138e-02 2.843116184875940991e-02 5.692441941774208092e-02 1.257931397208411350e-01 1.039711738584856021e-01 6.770418392442478783e-02 6.179544199539561966e-02
9.532847700140494041e-02 7.553686874837917120e-02 5.170578588663032882e-02 1.479590832413715251e-01 5.279380120456743375e-02 2.783634467966966675e-02 4.684611357641324525e-02 1.456588846462866793e-01 4.007245352900241919e-02 5.879659505732157121e-02
5.194475636189049145e-02 5.876573920141846263e-02 7.942403888703938875e-02 1.080114768965522859e-01 1.383366966099227602e-01 8.526783334439735906e-02 5.651228830838961326e-02 8.725659684165762431e-02 3.751518422278991155e-02 2.470067886468074389e-02
5.136310257604560781e-02 8.645442525661961586e-02 1.287484371864516808e-01 8.204920369158860693e-02 9.841001371386277896e-02 5.241953714430933747e-02 3.915574427693720161e-02 6.045771688307152031e-02 4.480877798490728176e-02 6.868729902711884217e-02
1.073265379037514067e-01 2.641478936290977617e-02 1.967088214232883686e-02 4.635299825209076435e-02 1.479504994764916370e-01 4.687422093736875323e-02 6.573100542700431592e-02 8.584871682557174144e-02 9.371198192974498908e-02 1.098679845078228551e-01
1.457411110264725806e-01 5.662515542329495111e-02 4.251386664212222777e-02 5.748287476993047679e-02 9.391779309932524189e-02 6.484400431777723184e-02 8.194237985387707590e-02 4.443476128680472897e-02 6.770540025538483719e-02 5.902572514663553815e-02
6.284035420003807049e-02 6.398728629938560397e-02 7.979348244569503534e-02 6.168652926591404462e-02 4.600601790243263878e-02 8.449471941881411818e-02 5.139197447814382314e-02 5.074242965076215806e-02 9.349027345396387911e-02 1.080627530243334078e-01
5.675953102049699495e-02 1.184825141406433691e-01 5.596787040679238046e-02 4.351951530232395227e-02 1.183537076424412415e-01 7.712263349803677448e-02 8.367159741949364848e-02 9.376292547397033217e-02 5.931455452363927627e-02 2.005103935395195769e-02
9.180938713496043790e-02 1.154615418385912806e-01 3.745010726972926307e-02 4.329789665013129840e-02 5.310746480869440317e-02 7.633272942228808144e-02 6.740139155803551163e-02 4.817681691276923944e-02 9.773257768895217412e-02 8.058991377606392059e-02
8.201446534399814414e-02 8.780035874675340413e-02 3.531834868294976559e-02 1.229419880371285523e-01 5.802743994500278446e-02 3.680558212317343314e-02 1.477625013421809408e-01 5.423824161922373432e-02 3.317109750664766488e-02 7.704817022701931917e-02
1.194055499906094414e-01 4.147577850270169064e-02 5.590537252672977964e-02 7.180696221786531108e-02 6.211982489945019892e-02 6.518497189538735581e-02 7.747188086124159878e-02 7.971353749383944254e-02 3.948273349057031256e-02 9.525063747767623101e-02
7.949376354791487520e-02 7.045972754498826263e-02 7.583600903318629682e-02 7.381714953564126602e-02 5.587759426413611841e-02 5.239282246574936130e-02 7.382215451976989473e-02 6.738804605766308964e-02 4.315864427863876085e-02 1.067617506162705787e-01
3.499919998463439652e-02 4.714960622357614733e-02 4.405576909429072263e-02 1.484097463620729918e-01 8.391593247251920296e-02 7.723464784389834359e-02 9.547552289196740982e-02 6.115146922210806801e-02 6.917049115679449467e-02 5.804683236743080066e-02
5.202633560158935466e-02 6.325578133630831157e-02 8.552471910902376129e-02 5.164217720796406008e-02 4.844860092926273759e-02 6.658006462685914228e-02 8.009388128109549976e-02 7.341759218063334536e-02 8.308882334526344893e-02 9.361905570372272556e-02
1.117483801237745544e-01 4.165189237109098025e-02 8.410518817137976888e-02 4.480704468786608774e-02 6.749806074955225221e-02 1.189119737810991756e-01 7.616423643151196132e-02 6.029101354171652327e-02 6.068972057813716570e-02 4.532941907391520309e-02
6.565969394632638345e-02 7.032296370371959870e-02 6.674648510692492154e-02 7.226582863675494461e-02 4.984364987687762982e-02 1.359515988800870379e-01 3.852494894262823572e-02 7.457377805896818479e-02 4.376485335579903546e-02 9.339687254073671119e-02
6.098539530912807510e-02 4.873828360943310845e-02 7.478314995816504052e-02 5.715802377854860283e-02 6.700221542734141611e-02 5.097120587403791703e-02 7.787673882942632020e-02 8.986555560913395135e-02 7.714737296951761081e-02 9.215056074518551688e-02
5.399604072471380495e-02 2.860559013257340036e-02 5.707565954549875809e-02 4.911160760069709780e-02 6.329985681166819256e-02 1.177422207357152334e-01 8.701203167779662795e-02 6.499411716559609642e-02 9.537862843761087117e-02 9.700422369195847716e-02
5.499855472126177758e-02 5.680767385783470902e-02 9.966760920256588496e-02 6.780238290707155113e-02 4.303082434766724446e-02 5.803776916430557209e-02 7.532977309264822507e-02 6.190637374931826087e-02 7.474063499171250402e-02 1.106016892059544093e-01
3.354558703147210441e-02 6.990667661447041992e-02 1.589109786942775326e-01 3.956301222662188255e-02 1.159844183675096674e-01 9.489353519002192983e-02 4.322805593854892048e-02 5.906876717499280616e-02 6.124495751305117364e-02 5.581777264743202627e-02
8.986584888592565046e-02 6.035376216430512336e-02 3.908059706571885561e-02 4.898180950645041054e-02 8.274655255273244414e-02 9.481802688759574660e-02 6.541363083138818091e-02 1.445655309994765825e-01 4.088117028833568312e-02 5.324848984220524606e-02
1.804568719914934061e-02 1.019236950975839634e-01 8.156427524551232433e-02 5.806256214176463981e-02 1.157412568363892225e-01 1.026305052198787371e-01 4.065226048650338181e-02 4.529217641402683014e-02 8.902247915817410040e-02 7.458543767894018628e-02
8.773536839890486161e-02 5.991479971068010280e-02 5.906155198961721836e-02 6.240637006212490512e-02 7.174135693199872044e-02 8.285248046129799204e-02 5.916668066020272509e-02 4.126077492667487578e-02 7.542651838518817098e-02 9.935216756689919937e-02
9.614898067449477448e-02 5.256903260696525748e-02 5.345763683699043117e-02 7.811128825287816380e-02 8.853174342439334987e-02 4.851659113704535897e-02 4.179894535120019794e-02 8.335354343884793238e-02 7.870493529529822008e-02 8.111477769552932759e-02
1.203614757034399130e-01 2.370243947412199043e-02 3.773236945714467105e-02 2.965623852272449013e-02 5.324961354410431835e-02 1.249291584400919475e-01 1.050231071366071467e-01 9.823961072015377494e-02 6.941723846868352865e-02 7.555021419265274540e-02
1.173946159058272265e-01 5.683379850281164436e-02 3.529679153266956915e-02 6.555794865941325100e-02 1.227569144532372897e-01 9.258276861563449756e-02 3.888699924608868264e-02 5.048240395281662629e-02 8.170672061396494490e-02 5.826269559702432210e-02
8.042598930621658315e-02 1.101392217108597832e-01 8.444023185489640815e-02 1.291814942255736232e-01 6.213144638382007284e-02 2.649426971449242441e-02 3.479784201749601402e-02 9.225206101650733348e-02 6.567163396109713946e-02 4.242707810490639608e-02
5.292800749091117196e-02 1.036826090441923948e-01 4.240183224854000843e-02 5.168785488005075285e-02 9.462702324635356710e-02 3.806270864041161328e-02 8.239552499021179921e-02 1.146607552145458286e-01 3.181293971961954292e-02 1.119281791102327284e-01
8.905277918285335603e-02 6.994137723889343183e-02 6.208830005218816256e-02 7.522177848327765703e-02 8.355967814091094792e-02 4.418853421836679840e-02 3.358842926483872338e-02 4.991170461525663848e-02 1.181186823813971526e-01 8.494611876464108757e-02
1.023923209819166819e-01 3.802763760803254400e-02 1.136489344950570302e-01 5.717489897791609710e-02 6.355457984468643184e-02 5.094969830822354551e-02 7.834095950769048855e-02 1.359218424244491852e-01 3.626582385999115032e-02 4.858804637059846443e-02
8.685210529028943027e-02 6.093161406250351825e-02 6.149363447319265014e-02 6.731069636251532651e-02 1.065202392706725149e-01 6.583141595398719903e-02 5.359511533742808420e-02 5.778633357670166087e-02 6.277709187785492084e-02 7.344699050942583851e-02
9.947792847140553285e-02 5.042082097798508689e-02 5.882309912057450546e-02 1.580461178193937055e-01 4.331511434844587116e-02 3.797628561037094674e-02 1.050209267802725277e-01 7.511098594711237975e-02 4.059848889753629730e-02 6.199793041523088410e-02
3.648211082167126390e-02 9.260971386037392117e-02 8.886399487246170181e-02 2.424634414477282868e-02 7.427358049182392064e-02 6.919521040418299962e-02 8.143087773820825714e-02 8.200440021733633456e-02 1.276551060699439577e-01 4.557767704475558512e-02
1.033087481949417352e-01 7.495629078239195164e-02 6.268120384126760203e-02 8.975559633345311927e-02 4.239865362714750202e-02 2.914150458068968594e-02 1.100632786308977928e-01 5.549449395342066077e-02 5.020337195293388122e-02 9.945087429668036938e-02
5.902011412487374875e-02 8.844032712059204937e-02 6.766951000957098505e-02 3.807946317640204664e-02 9.488545889104307851e-02 1.249443564462445755e-01 6.591400140758177373e-02 4.620944549183302053e-02 8.362594320602055598e-02 4.368949332083045534e-02
7.279673772693270872e-02 1.299532282617070766e-01 7.273679955370446204e-02 4.447555985327730776e-02 1.359715804255847219e-02 7.395793619296987809e-02 1.032756088211270601e-01 6.809893772808064960e-02 6.162588561632657141e-02 8.840039800697330197e-02
6.413685346813581545e-02 9.491837611019807164e-02 7.455148528652910667e-02 4.782066144074796632e-02 5.355100194845986011e-02 4.948822599252919452e-02 8.519044875667353134e-02 8.294086895894145495e-02 7.126072481605438824e-02 7.368261831150434149e-02
1.491245186314107130e-01 5.680331311258906418e-02 4.407447530323457818e-02 6.894569613541254305e-02 8.534800670641784492e-02 5.473128537400093196e-02 8.612766265911432628e-02 9.691645528621903316e-02 4.222653281337166581e-02 3.863996339405886826e-02
1.325322820822515402e-01 6.906759905985387915e-02 7.588576993503930168e-02 5.891018899994870939e-02 8.050081112410112372e-02 5.757691510396414913e-02 4.851619002068065234e-02 6.638544826192055437e-02 6.160690857993792596e-02 5.360469175973646416e-02
1.459351950887595173e-01 5.976922393587993931e-02 3.894516873422788905e-02 7.310498495680078923e-02 9.299316523193643103e-02 6.730753697739275121e-02 9.444460927012664209e-02 5.248530686996259742e-02 2.696268337418829958e-02 7.318344084507294456e-02
3.631346047887896306e-02 6.005550848816453013e-02 8.630978849546316889e-02 8.951243203653908020e-02 8.165872737697042749e-02 4.961879527557647163e-02 1.133215084853114313e-01 1.006514287017216541e-01 5.396273334882017991e-02 4.147726742937080102e-02
7.205310674173903696e-02 5.747942777167099060e-02 8.978817236299994897e-02 8.228981451682820802e-02 1.070967221030167810e-01 2.462962488755843921e-02 4.270317557609407816e-02 1.077166973062833599e-01 4.825901918233522353e-02 8.726059308811612292e-02
7.634342967485480136e-02 9.164006781061947993e-02 5.586243255656132833e-02 4.634567963570181137e-02 1.652652615421467686e-01 3.163667228455646629e-02 9.812723073094403725e-02 1.004075970655220751e-01 3.460744629740145767e-02 3.993261477135335441e-02
8.098647934504007995e-02 3.512824160086084474e-02 4.970262619314999575e-02 1.245479193508751137e-01 3.063574456620262246e-02 5.336655828242421046e-02 1.177851353403853440e-01 9.508700925446350594e-02 5.028793627432200791e-02 9.025706927205059960e-02
4.174628832182077781e-02 5.289382293853259892e-02 9.121169149920976826e-02 4.336201178737428968e-02 4.035727801911304091e-02 5.418062306730679623e-02 8.750116345023303821e-02 1.171459226958201233e-01 8.852415528794496669e-02 9.855895669123908298e-02
2.926154646676459165e-02 5.716461479571406656e-02 9.142980891193977500e-02 6.772704162560530539e-02 1.205278474822107093e-01 6.038426403531878262e-02 5.723988463942408095e-02 8.954214388952269621e-02 9.063515445796403724e-02 4.960797484193663065e-02
4.958510154686081306e-02 6.246621453781448646e-02 1.253420297693945695e-01 4.810303698517067600e-02 3.453650588810382172e-02 3.354222667160126209e-02 1.022464469592339331e-01 7.572324254910149655e-02 1.070867868233305598e-01 8.501333456776058450e-02
4.795432745121448043e-02 9.801686662742394029e-02 6.687576905526690374e-02 7.864136420093245650e-02 1.140831393347441214e-01 5.239142354170903820e-02 4.510776003123866118e-02 5.483380562154775706e-02 5.101641282298151336e-02 9.986541587483836746e-02
8.046485643858033998e-02 6.349331402811247971e-02 4.442173236989918617e-02 7.183543380923793076e-02 9.239385525725109238e-02 6.523798056114775423e-02 1.412220985568585496e-01 5.791699741011044344e-02 4.961668839721686958e-02 4.591913507664106830e-02
6.666368901062157126e-02 8.223767441600841888e-02 1.158964235984907554e-01 5.025336881805222977e-02 3.338343463776061171e-02 1.342345547173019182e-01 7.739685672571433583e-02 9.060674599243644101e-02 3.179658848102162594e-02 4.551222040000763025e-02
8.025917152192349469e-02 8.375346145577662604e-02 1.926069414734702182e-02 7.414943939384728566e-02 1.192630063652816985e-01 8.574581130472416768e-02 8.618648032266124082e-02 8.555430014826567731e-02 5.604620803503292115e-02 3.335606919131725578e-02
9.238028189667493728e-02 4.921825076562935664e-02 5.862602955791716697e-02 4.521583161995694489e-02 6.403335337216328749e-02 9.217383897981282215e-02 6.943778971339897854e-02 6.751068780711803885e-02 9.859985361286593974e-02 6.284871127924453182e-02
4.655919103527457470e-02 3.907976884883997137e-02 4.851128870800236470e-02 1.328196745576217253e-01 6.520554638245906753e-02 6.686624172508190411e-02 7.308919962551656269e-02 9.239012554569914215e-02 4.171874056013222254e-02 1.134924593845127588e-01
4.938832868334090687e-02 9.038490679472382938e-02 4.841648289573529523e-02 4.854193608172611973e-02 1.197218135539086237e-01 6.295079141272441614e-02 5.933506107754928094e-02 1.114858726699589353e-01 9.050627789509124721e-02 3.622150667767858739e-02
5.558915046091664203e-02 7.576776567781383365e-02 5.394159931142047948e-02 7.816336044768962266e-02 6.762796699186840454e-02 5.354593014612002433e-02 6.652745572137069852e-02 6.089318947098740220e-02 1.168432790748727690e-01 7.000058831667307913e-02
5.766788603081939024e-02 7.594368931062715766e-02 6.836105316674009891e-02 5.718028852255915839e-02 9.641882844972485267e-02 7.355274493299762684e-02 8.676706970000741537e-02 4.427057056110343669e-02 6.938981299163474170e-02 6.691143693030601747e-02
4.579871097991716766e-02 1.178151475901283718e-01 6.093148235965806236e-02 2.765843897243484839e-02 8.687041365674863513e-02 9.562156920301960461e-02 4.316492217988304736e-02 8.996996368667398158e-02 1.081008587297450779e-01 4.765860461099487300e-02
5.190528073517444024e-02 6.425855198153834769e-02 1.140224262211190914e-01 8.561572365525094153e-02 7.748693570571510425e-02 4.337629555019784089e-02 4.085797122449098817e-02 7.953279662312465192e-02 8.832466008713811545e-02 6.112058026825850643e-02
8.019790622824156390e-02 2.963882681349697124e-02 6.055934829536066544e-02 9.321831201338710848e-02 8.982381530875825637e-02 4.741578109665402219e-02 1.701609753483029619e-01 3.939720688800980170e-02 3.937794172353849265e-02 8.888023807769107609e-02
8.352456411037971484e-02 6.397311167715986902e-02 5.791206187100021718e-02 5.693815399555771095e-02 8.537485733421598666e-02 2.901900300506955743e-02 6.700900212967700331e-02 9.023138466030578009e-02 5.996470066174387770e-02 1.140817408020604051e-01
5.929021997731084848e-02 5.683872283043493040e-02 1.092775190596696477e-01 6.120357632261828884e-02 9.047205191511081823e-02 1.261856517046384685e-01 3.929480903705301342e-02 2.031116825649096486e-02 5.025377552678875898e-02 1.238031546549137607e-01
8.051204366448427852e-02 4.762650989384872857e-02 9.525008756590815084e-02 5.658258379262070398e-02 3.366186743170068024e-02 1.201382547932467876e-01 8.321540991111271712e-02 7.002933660269267113e-02 6.120844953683188955e-02 6.142406531082913318e-02
1.131015626229732174e-01 7.781030710527217509e-02 7.066705676113635426e-02 8.560459326320801754e-02 4.879315901679814188e-02 7.292443247942961837e-02 7.380888755533430989e-02 3.291606196195306228e-02 9.592698619017583916e-02 3.863768872647015823e-02
6.479199853345249394e-02 5.023318172808919485e-02 5.551641280704549403e-02 9.941309757851558848e-02 1.174246745155212712e-01 6.353667736768431329e-02 6.894556751942321204e-02 7.620570205496982052e-02 4.591557720137921100e-02 6.190603290398050129e-02
1.185542589563093885e-01 5.814163811012220545e-02 4.831812319056905808e-02 8.562353986364920622e-02 6.946886975542154730e-02 4.334767331872740187e-02 8.567744974200515451e-02 9.082028291233894268e-02 4.969067273266948581e-02 5.791050449236891801e-02
5.751235301566406249e-02 9.530591609690575172e-02 4.275625309101212246e-02 6.548259280111415337e-02 1.168725044195177143e-01 6.529265989495941502e-02 3.421308151177890333e-02 5.102200694906114387e-02 9.551331684247828246e-02 8.958897722128739138e-02
7.893856590462132450e-02 6.751468123822731981e-02 5.466902740884295453e-02 1.021585229581619680e-01 4.644584678837773012e-02 4.722545022698293460e-02 1.164922291402498561e-01 9.148932285450324386e-02 4.849031891899095031e-02 5.588697596735432011e-02
6.362071125457707810e-02 3.382472732407893617e-02 4.336878112059780466e-02 1.008102519584359869e-01 7.233241553586848560e-02 6.603097812651924359e-02 8.055383099491285337e-02 8.034864507362132757e-02 5.761723844733358108e-02 1.103963681748444670e-01
1.046961915753082673e-01 5.286877941942617898e-02 7.472633801099892725e-02 7.917591980126953422e-02 4.634096966924064476e-02 6.474895431506075272e-02 7.037655121928444724e-02 1.046642665231449359e-01 3.640970068550751504e-02 7.211897234807182477e-02
3.640967277101955085e-02 9.623975612623034137e-02 9.335341430914073646e-02 4.474925087908733501e-02 4.000956505142544417e-02 8.685126699119830040e-02 7.551459960786000014e-02 6.967971142686309183e-02 1.518283412045755565e-01 3.612194655934303222e-02
4.936916093255918486e-02 7.792953212588692169e-02 4.391626990277550796e-02 1.027222354955062977e-01 6.524462601916070081e-02 8.306057768951020936e-02 6.898195640809061391e-02 8.318432663709296460e-02 7.186222071903580755e-02 5.323225485994326212e-02
3.115584719094991600e-02 6.692966035559691496e-02 5.430284876846341868e-02 5.043648377729727239e-02 1.064356575632162821e-01 1.231683626577333851e-01 6.227525695850442966e-02 4.180315500659892436e-02 8.698992051256740354e-02 9.497133660536738464e-02
6.071451055381711648e-02 4.472689260017666951e-02 2.012262339064407324e-01 3.795229229792196346e-02 5.925564400039601276e-02 5.451622225757739304e-02 8.360115640025853057e-02 2.720658288082765386e-02 7.301137992015502287e-02 1.075690603027250891e-01
9.738624087288309805e-02 4.579749780416223631e-02 3.180560312734895256e-02 5.701171233587200293e-02 8.391287881525015535e-02 7.574724754163154883e-02 4.828724966298467147e-02 7.317541089882295680e-02 8.832636172250522832e-02 1.101166256110746866e-01
6.198066232518258806e-02 8.923943049147430029e-02 7.758593606039114465e-02 7.902296909516728918e-02 3.920542601116057402e-02 9.803257875608333005e-02 5.051634080558858181e-02 6.217958057398094429e-02 6.199579962256381027e-02 8.008173399179570329e-02
4.917438460246342791e-02 1.295574755409108769e-01 9.571364284575083203e-02 6.497805235172905702e-02 1.342943397900808189e-01 6.968365679627167020e-02 4.219391220209314786e-02 4.590146133623382307e-02 5.580224186725617208e-02 3.863994884393833623e-02
4.595187262953401297e-02 1.298512045802485693e-01 1.049346979717112327e-01 3.574731438780497095e-02 9.716356434000275599e-02 7.835689316610548738e-02 6.765865732303290303e-02 3.018908302978010397e-02 7.110693644847487782e-02 6.096802783316132568e-02
5.628533080873694694e-02 5.143253629814662636e-02 9.964776078875059451e-02 8.804813004717432223e-02 6.114590391799776259e-02 8.752108315329062971e-02 5.334190702676103180e-02 6.124568582235000863e-02 9.739131384229181287e-02 4.641196655761398171e-02
5.635460291235328684e-02 1.068896208015062688e-01 7.017442391391347234e-02 6.157128303666115077e-02 9.310277558266102926e-02 1.010477957605576127e-01 3.976729429639495883e-02 7.260436705849381001e-02 5.907172984889166867e-02 4.571900583210088131e-02
6.003161136225589750e-02 7.138363028766883667e-02 6.340156901997576200e-02 6.756960532633579652e-02 7.326299559806637163e-02 6.477281535838441684e-02 5.305147967510129292e-02 5.999026797704817837e-02 8.651165944734942603e-02 9.395146592532038765e-02
7.457730866498910038e-02 9.014302422982009566e-02 1.042038021867805753e-01 6.811673153084778221e-02 1.001100049579877471e-01 9.762023668012888289e-02 3.140919569600634370e-02 3.938620169070199128e-02 4.811252352969216939e-02 6.042505251914943865e-02
7.972330220528936473e-02 5.740394271170348034e-02 1.351291419226859358e-01 9.223997722961804757e-02 4.221363781629026979e-02 7.375931535480495516e-02 8.695899442451579531e-02 7.664255282560242244e-02 3.835638635186852663e-02 3.595895789245850960e-02
5.712217418158044985e-02 5.676642654062102888e-02 1.475562815461228527e-01 4.813574827194880279e-02 4.322929124437312892e-02 7.039500580955579401e-02 6.398721497447090734e-02 7.815766202446107480e-02 5.103200207461189297e-02 9.984294794901976688e-02
7.817870888871457369e-02 2.794527700843626311e-02 4.393375213922194600e-02 1.702100589569613409e-01 1.052789175726630833e-01 4.650995450256433655e-02 8.720278651079924059e-02 7.358528601427924420e-02 3.901894649938555948e-02 6.667790207429324933e-02
7.045062181540830137e-02 1.223409226245718712e-01 6.448854183423008424e-02 7.891987117003138041e-02 3.783733596791005738e-02 7.025594191432579794e-02 1.378552168470152106e-01 4.244982258233141736e-02 3.074177193407771902e-02 7.143451616905883983e-02
7.253864500946856364e-02 9.556876661687091490e-02 5.507613075787689411e-02 3.817413084872769979e-02 5.767233608924450527e-02 8.127086124341777185e-02 7.799189392102411078e-02 5.152100385524244208e-02 8.210381119973528263e-02 8.972517541572377908e-02
6.969315671829985626e-02 6.394532729394933335e-02 8.609769827348279225e-02 5.518685266493816854e-02 1.128821273171899259e-01 6.508272409659290880e-02 6.009781869646557695e-02 1.021816678659694666e-01 4.029665988250684394e-02 5.042968295704249038e-02
3.097860308460686704e-02 7.979027482864313459e-02 6.290274838783524447e-02 5.441839925547545254e-02 7.495623101319232040e-02 9.521904479164723656e-02 4.851980383882145004e-02 7.125597822025797612e-02 7.293279360086599161e-02 1.178261996249104493e-01
1.055481562887186919e-01 3.187150582465139714e-02 2.019413471798492399e-02 7.687881397615806134e-02 1.184584682742052808e-01 3.485397325590950529e-02 1.119846204724376099e-01 6.631533595940085346e-02 6.751490803650289640e-02 1.055740491884740728e-01
8.835725187964336980e-02 5.612800857895539064e-02 2.201336774975081942e-02 7.767970285638046979e-02 1.678459969919383066e-01 6.424829633618540925e-02 9.615183602863952572e-02 8.889671067632737289e-02 4.030854827157489412e-02 3.903839083153440997e-02
4.201239607770314299e-02 8.431407535806954845e-02 5.299305910663110186e-02 4.141157066936344833e-02 3.912790689137263245e-02 1.399957369699894316e-01 4.929624961778805020e-02 9.159372160875131619e-02 1.422441070317560508e-01 5.180616433036698554e-02
7.383103373588303930e-02 5.094295965849388041e-02 7.651750812871908891e-02 1.020995208757691786e-01 5.091490670582941164e-02 3.833053877407691101e-02 6.721188176854289709e-02 8.937551300447121871e-02 4.760609823841732702e-02 1.126534130963633695e-01
5.963135350958842507e-02 4.927845064916237111e-02 1.154579801014706669e-01 5.288398779495676050e-02 3.036200133759655445e-02 1.641940882567462512e-01 5.993941813483491532e-02 4.652062459220128454e-02 9.663739242837354748e-02 5.988042624933150038e-02
2.023213036448062024e-02 4.225389994675673999e-02 1.363359998850056654e-01 9.123082567492472872e-02 5.235360601951088988e-02 9.815539151156321696e-02 4.424889197756126658e-02 5.919125363993997524e-02 1.306212467941444133e-01 6.574808529420135550e-02
9.818289974872004833e-02 7.303990583247817192e-02 8.868104773469767665e-02 6.750885115538016179e-02 6.428570851394993513e-02 4.277727636332373518e-02 6.665797524634496651e-02 9.022193378126404373e-02 5.003320629590393004e-02 5.856220199213941352e-02
9.663141558078564008e-02 4.384485762456866859e-02 5.753049729643443244e-02 7.019848724834354403e-02 6.948219231187258149e-02 7.092087698062185530e-02 6.686727287276271470e-02 7.181530245258804790e-02 4.130002204007563599e-02 1.161979765531469533e-01
8.822025800092234138e-02 7.992941554295365791e-02 4.660833987954741964e-02 8.310424223478785066e-02 9.887039165844890842e-02 3.306656117764103509e-02 6.892390277756732520e-02 7.012857625336710310e-02 7.647734498441097206e-02 5.814532205152288247e-02
4.396996072811636125e-02 5.457494941584090792e-02 9.670421907593999833e-02 9.779573132170212013e-02 4.165942770149756724e-02 4.321154670002541609e-02 1.135679714068908996e-01 4.995878550566650034e-02 9.954762972781892871e-02 7.459463459978916966e-02
5.673579251845049104e-02 1.758807191234189327e-01 3.915220718916852249e-02 2.666877948410812174e-02 1.362597394452627619e-01 5.912151399869476631e-02 5.037455285259278409e-02 1.097040728262296816e-01 7.070749529486902718e-02 3.395241923221385683e-02
