2.340303857086628858e-01 2.608220091901973792e-01 4.314035495584193636e-01 2.441582065860810336e-01 1.801791857747250536e-01 3.315537331034730251e-01 4.921452876533808918e-01 2.128256542151450714e-01 3.025444866601273430e-01 3.103375015497914502e-01
2.583211064163934978e-01 3.014732403913384373e-01 3.856518002742468365e-01 2.383381856367071949e-01 2.023395676353882400e-01 2.758439447025861080e-01 3.931471459374712984e-01 3.612859442409691590e-01 2.968385047002777832e-01 2.867605600646226938e-01
3.461809599771635271e-01 3.149849550557211053e-01 2.609273585597500222e-01 4.237742081550208706e-01 2.657454141451695007e-01 2.018452769019968285e-01 2.508730733308936478e-01 4.220176217832092291e-01 2.313755237331306946e-01 2.822756083579477382e-01
2.690154912142592725e-01 2.777014784661541724e-01 3.206059315941224841e-01 3.670019479576899224e-01 4.097190814688994598e-01 3.311022373424706844e-01 2.720755720375822584e-01 3.368456574242872925e-01 2.278632889401699113e-01 1.880693135543622940e-01
2.607585762390240980e-01 3.326985025987717060e-01 3.975861120482508948e-01 3.228728839771740633e-01 3.534922928951036436e-01 2.650122769408476131e-01 2.314714626738570702e-01 2.881394868484797311e-01 2.437695865955034347e-01 3.041988191829863020e-01
3.684439156526237991e-01 1.930780235142262324e-01 1.732658878055574336e-01 2.503737926191970109e-01 4.245084026051123560e-01 2.489450967229883682e-01 2.967446999588324585e-01 3.299540524768088678e-01 3.448718122869902647e-01 3.698143163576614878e-01
4.211065872140115629e-01 2.733442006067877683e-01 2.427955218964691353e-01 2.760095027844963189e-01 3.464687094074919704e-01 2.897109826499988938e-01 3.284320241245005656e-01 2.421811654294296901e-01 3.031150231616124846e-01 2.768362827251973912e-01
2.872872590562104977e-01 2.902080490983369732e-01 3.205531968716131552e-01 2.870385906350233496e-01 2.478625324037422861e-01 3.319054707557730355e-01 2.615902825885160210e-01 2.615894215804351886e-01 3.445680833863157821e-01 3.673971136240360424e-01
2.777390244945924236e-01 3.825703767681668532e-01 2.739260204937123966e-01 2.419147769461735820e-01 3.840176351434472779e-01 3.145303558186904880e-01 3.284705754729743132e-01 3.433735490434056681e-01 2.848823915048955269e-01 1.685752943139414151e-01
3.408494064987656613e-01 3.804841352237908203e-01 2.244805721084938144e-01 2.477419090274717017e-01 2.661881352441965998e-01 3.146210553138920618e-01 2.990001331482889935e-01 2.527363012557874433e-01 3.529039117665556113e-01 3.209944404127583195e-01
3.219062726803824104e-01 3.405628432677095807e-01 2.162032632476889871e-01 3.923931974768707365e-01 2.784199599769707212e-01 2.224466947815929574e-01 4.249945551465181826e-01 2.685794506036975893e-01 2.151463783714541167e-01 3.193473844471159118e-01
3.854164004064668525e-01 2.358496664701200674e-01 2.757386060852262677e-01 3.053807580035391434e-01 2.865011631748257126e-01 2.935674641065720847e-01 3.150556671513164986e-01 3.235782920477206503e-01 2.300345854471322338e-01 3.488773971070844304e-01
3.187277004762177901e-01 3.034324162488771237e-01 3.131848336066896943e-01 3.095166922695969935e-01 2.737666679908727918e-01 2.649853422907000322e-01 3.095663592775478312e-01 2.994659414171769729e-01 2.396087849847967355e-01 3.677452614375257278e-01
2.188926644912917718e-01 2.598331818564050821e-01 2.414683318817446023e-01 4.247231241408426783e-01 3.270910692123338293e-01 3.153422791423687865e-01 3.483384454540164321e-01 2.829119733757545219e-01 3.017725110639208341e-01 2.796264193813265408e-01
2.630314166175650170e-01 2.889919073517773773e-01 3.317438398815369949e-01 2.627492766199442942e-01 2.569310374309147216e-01 2.955459736831392292e-01 3.211812037476294845e-01 3.085996440467683177e-01 3.257402229754168821e-01 3.454854776453147314e-01
3.793090965679667970e-01 2.331778657447632075e-01 3.351966727379093181e-01 2.440172932005729989e-01 2.979816521344214042e-01 3.838180724695742785e-01 3.132016293699616538e-01 2.823704018844926944e-01 2.867844699398193198e-01 2.441428459505211590e-01
2.919697862542864342e-01 3.039986455180848646e-01 2.946509181781643005e-01 3.098751569348280888e-01 2.551903564429244264e-01 4.121361037368448388e-01 2.244639393516919823e-01 3.203583764061703199e-01 2.395883881184806552e-01 3.477683290585258935e-01
2.840283820765375777e-01 2.554258953873194682e-01 3.142064464472321683e-01 2.735407627709554590e-01 2.994490743060143068e-01 2.601016735734807961e-01 3.177195776048785114e-01 3.383142361574213997e-01 3.145284367358190947e-01 3.426855149403422729e-01
2.714010558273057816e-01 1.987973251949491371e-01 2.808876344353170018e-01 2.564750129169379167e-01 2.888399579878077050e-01 3.820086937801651650e-01 3.328998697449981892e-01 2.915197639452233869e-01 3.475604795040492245e-01 3.496102066632501004e-01
2.699876684933603110e-01 2.748709706634863137e-01 3.547218693473065398e-01 2.981959220735563854e-01 2.425929589676875664e-01 2.783356890935378969e-01 3.127850695134056225e-01 2.858652983711185147e-01 3.107243040100570175e-01 3.719202494664831105e-01
2.158921523446473700e-01 3.027248115807551487e-01 4.385027331359827030e-01 2.278780186295083499e-01 3.825940473306133072e-01 3.470193922777410900e-01 2.415355066301203557e-01 2.839710728727324884e-01 2.825824492953473155e-01 2.772998159025521492e-01
3.387179201433475062e-01 2.827970122871587555e-01 2.334398416822688060e-01 2.579736012069300255e-01 3.252571306721476763e-01 3.482410562100131113e-01 2.903710198468308912e-01 4.206642719727896607e-01 2.335034522364265452e-01 2.690346937420892703e-01
1.562777402690456729e-01 3.649188505125868787e-01 3.225912585895523987e-01 2.769815554747941944e-01 3.798900769017495849e-01 3.597291276022277495e-01 2.360016861613115635e-01 2.497732513212798655e-01 3.355611333985306088e-01 3.182753197689180968e-01
3.349452465178787142e-01 2.811294275054081471e-01 2.803012922221682635e-01 2.872414380349563867e-01 3.054102984224977835e-01 3.262001866165281649e-01 2.812171914968322195e-01 2.365530762477585924e-01 3.139189137751924319e-01 3.530829291607809339e-01
3.495258980631245627e-01 2.642403473545766879e-01 2.686639500382572154e-01 3.172849417068500655e-01 3.365465409731181468e-01 2.567034359158450463e-01 2.381822998248515899e-01 3.285036254980966408e-01 3.179441975040482871e-01 3.224047631212352272e-01
3.908251011142055420e-01 1.787196251947330838e-01 2.401183278691078060e-01 2.042451720656329739e-01 2.671720598565360261e-01 3.926348267372927747e-01 3.617145018736471762e-01 3.526195360842158122e-01 3.006760746611064072e-01 3.112747745435199831e-01
3.832150049151197835e-01 2.744413604635118631e-01 2.216268889322465796e-01 2.946882906403219260e-01 3.882855645622592666e-01 3.444939866553026198e-01 2.304500403318735235e-01 2.606327478823394217e-01 3.268424097917130289e-01 2.753237058253128478e-01
3.224569358448854395e-01 3.706355765012830927e-01 3.274936519465523332e-01 3.981841813921184192e-01 2.870972317915462257e-01 1.957786521202345975e-01 2.200947287017644416e-01 3.437820035174679045e-01 2.943203276621234044e-01 2.401567105220225318e-01
2.608396043056039337e-01 3.661712137866582895e-01 2.391074939839455404e-01 2.623282474267205622e-01 3.514379738391959496e-01 2.253542359484501933e-01 3.268729114113182455e-01 3.809367102464862320e-01 2.044796721188665845e-01 3.824719369327606588e-01
3.374132781528615399e-01 3.013850541903628777e-01 2.864444648808842642e-01 3.120369595431322085e-01 3.282285025764720698e-01 2.455323023247479863e-01 2.187808701355848928e-01 2.584016193013481955e-01 3.833232663372277971e-01 3.284536825573782792e-01
3.636432324823189455e-01 2.232703949229336571e-01 3.819837862191220457e-01 2.721085575743605878e-01 2.930384851905655230e-01 2.616601125606603517e-01 3.173854104252034070e-01 4.093505380472159949e-01 2.215812897639260481e-01 2.559781928136974916e-01
3.337801959209376612e-01 2.826933494571788330e-01 2.864875088780880485e-01 2.955697103850998264e-01 3.658674070496388819e-01 2.932405106673048323e-01 2.683169762415749671e-01 2.777133680319908704e-01 2.878146030388527010e-01 3.085163703293380411e-01
3.547443468727322635e-01 2.605514177999256331e-01 2.786599657999854207e-01 4.358860295074420410e-01 2.418123720688702960e-01 2.288905387889753063e-01 3.639952002013260857e-01 3.125848464349727518e-01 2.363743436367200801e-01 2.865009388890542574e-01
2.247570036749022004e-01 3.432199927370642167e-01 3.409069303306604404e-01 1.813989755787828451e-01 3.178773661162136999e-01 2.975406644267455936e-01 3.258486693372448229e-01 3.234573969199066035e-01 3.964145136030886030e-01 2.485784872753941666e-01
3.592976258453882688e-01 3.126769965157293885e-01 2.859034823843457640e-01 3.396229035741175073e-01 2.427432285468073547e-01 1.994003378713345986e-01 3.750289002184439280e-01 2.701942094658857929e-01 2.603832748061170044e-01 3.547490407718294492e-01
2.815682298084011270e-01 3.353293201444235705e-01 2.995122015192734910e-01 2.270494398143797499e-01 3.484176282901345623e-01 3.915833839528516935e-01 2.952366116396197837e-01 2.480385890948952343e-01 3.313458046847255201e-01 2.419187910512914930e-01
3.059457350829069000e-01 4.004746318950990758e-01 3.053585893246589800e-01 2.551952622938685744e-01 1.376991748281061745e-01 3.162602666785340189e-01 3.588207967628994632e-01 2.989233147566356941e-01 2.848892619381677704e-01 3.364329664391252361e-01
2.889236302930936473e-01 3.472634457159286536e-01 3.113154151337964581e-01 2.533242612660404625e-01 2.710340227301304417e-01 2.564974937343584838e-01 3.315384869147289804e-01 3.258291574173902139e-01 3.038471850042023803e-01 3.104269017903319439e-01
4.258120992274938565e-01 2.738010693413603924e-01 2.467725890115688436e-01 3.001315405829101390e-01 3.315258129922190600e-01 2.692203676979603166e-01 3.325468315847365797e-01 3.502731465295110258e-01 2.416144507613818548e-01 2.283020922708591804e-01
4.041733079988920618e-01 2.979327806167481052e-01 3.162134704149623943e-01 2.774308478889657703e-01 3.233896186839010922e-01 2.769677947718119926e-01 2.557202878085399478e-01 2.960039736343845762e-01 2.867254640922783926e-01 2.654424540895182760e-01
4.196329673741552302e-01 2.817823047505562117e-01 2.315201847513308209e-01 3.085645046057406971e-01 3.443673497355820290e-01 2.954820294279250081e-01 3.467160598957597095e-01 2.667612517702873109e-01 1.945270750436307317e-01 3.106462726450338052e-01
2.237548531114871841e-01 2.835052774292854405e-01 3.322011110573030446e-01 3.366213231318286314e-01 3.259849555575651259e-01 2.554756886887368239e-01 3.767124288267245658e-01 3.558767760057891527e-01 2.683629392023446636e-01 2.415046469889316483e-01
3.054969483643389383e-01 2.751580158968672807e-01 3.403961856084545268e-01 3.226071425572066831e-01 3.710437737703142225e-01 1.843388238344292052e-01 2.421569070016049152e-01 3.702121178467439044e-01 2.515201797504788006e-01 3.370699053695577208e-01
3.143438498324895303e-01 3.415220385170284478e-01 2.755991650463145426e-01 2.472968550531483567e-01 4.486163690518984448e-01 2.042909522578174597e-01 3.564147371837393941e-01 3.561049025411462399e-01 2.184251758139346689e-01 2.373859547024915195e-01
3.243551929402845868e-01 2.213488886819474089e-01 2.577093830323343715e-01 3.953862084978083669e-01 2.034119474224398427e-01 2.702278823113227202e-01 3.812129091954918336e-01 3.483214208546320245e-01 2.586565107349930726e-01 3.393696563287451617e-01
2.374584734868100955e-01 2.663982546157532827e-01 3.429062247768577265e-01 2.416276693760491812e-01 2.382676760626131485e-01 2.694645940942649864e-01 3.337143779713318548e-01 3.812923377291306259e-01 3.342818976856599122e-01 3.545884942015277153e-01
2.026595067409617534e-01 2.767912820416232322e-01 3.422159377617123299e-01 2.954285875789232074e-01 3.874264092647853874e-01 2.809331597129874347e-01 2.764730030985380616e-01 3.379736313910642331e-01 3.392499664079745014e-01 2.608485160014281656e-01
2.584797145495432713e-01 2.865478344624107776e-01 3.938637753489278026e-01 2.533770051976344528e-01 2.251523860252308551e-01 2.133301493572535290e-01 3.617986369362108379e-01 3.110976686575911421e-01 3.664982180557556646e-01 3.298546114094421666e-01
2.502045259325412774e-01 3.549237163510828297e-01 2.944336714591451187e-01 3.180676464654484947e-01 3.775041344193763582e-01 2.636859615269092627e-01 2.489249853080435504e-01 2.738813031941346177e-01 2.588179354581133240e-01 3.595561198852066376e-01
3.230591658413332623e-01 2.901133850429074013e-01 2.453335230785288201e-01 3.060593712345608397e-01 3.436547364758639755e-01 2.901790801107311246e-01 4.155970837278879504e-01 2.750767233797636879e-01 2.625825166257330645e-01 2.483444144826872924e-01
2.969023198295862587e-01 3.240717579262236692e-01 3.797621564568309793e-01 2.612400435460213721e-01 2.122072300242984488e-01 4.081944215707521417e-01 3.134060831578135975e-01 3.450072570510491210e-01 2.076675893202377665e-01 2.515411411171886158e-01
3.220134489823872626e-01 3.333016710394567927e-01 1.623890129227187062e-01 3.156244346025519620e-01 3.827222031937951852e-01 3.307625714700567765e-01 3.324034837641525741e-01 3.298008631419564463e-01 2.763975051733547628e-01 2.145848057095687267e-01
3.460309634020539149e-01 2.545794311055246117e-01 2.829735968643491417e-01 2.471179600093164619e-01 2.906003241492638445e-01 3.425313582004477775e-01 3.007323132815103439e-01 2.962520387657346932e-01 3.542045706734739952e-01 2.849774435483233836e-01
2.483959667609177968e-01 2.368806398457098394e-01 2.541670227284759109e-01 4.041278024309513661e-01 2.910752645208608547e-01 2.980562900516141034e-01 3.060494746425230228e-01 3.466522931866101720e-01 2.342234299989688073e-01 3.803718158333696531e-01
2.583649367152406340e-01 3.405996286782499993e-01 2.558223582707395138e-01 2.549425833799559005e-01 3.859450838277933560e-01 2.869744259713525869e-01 2.805157935972141803e-01 3.724365274824325556e-01 3.408896724263665856e-01 2.235089896506545770e-01
2.711889571250168385e-01 3.159184315406688981e-01 2.662733090633083721e-01 3.194382019334440770e-01 2.976599717505429288e-01 2.665603890920107966e-01 2.982409637524336965e-01 2.813634003109025672e-01 3.816397571080887285e-01 3.017166183235810983e-01
2.761550315102784259e-01 3.143644584381813933e-01 2.993746563793974746e-01 2.741468692676941599e-01 3.509722560127562230e-01 3.066057192187749969e-01 3.362680538021044496e-01 2.425615530369246153e-01 3.033148089823861637e-01 2.962365933514985450e-01
2.485624230950755631e-01 3.822797146078593111e-01 2.860706843310965031e-01 1.956399634304873403e-01 3.359124650539456747e-01 3.487899882876180913e-01 2.404626539275874220e-01 3.404656865117907105e-01 3.673098040375516460e-01 2.545066167169902638e-01
2.648364248536143051e-01 2.896288528275525742e-01 3.770734014069519469e-01 3.296942360821419893e-01 3.177518097403979613e-01 2.434022127200083374e-01 2.365460146382790951e-01 3.213791423416670345e-01 3.353716188710476054e-01 2.843162865183364030e-01
3.239136916898718299e-01 2.023064137884580949e-01 2.868956486721724319e-01 3.419467307589058036e-01 3.419050819626919813e-01 2.492979502687028281e-01 4.517895452602428419e-01 2.302035011253341368e-01 2.347938550519760026e-01 3.369475814216442155e-01
3.260500298799046126e-01 2.905224898146648860e-01 2.794810377029892656e-01 2.725103463152748762e-01 3.371323692952742923e-01 1.979825138542326279e-01 2.995661156410709403e-01 3.393381702377866738e-01 2.793544121427907756e-01 3.780625151160073583e-01
2.799858534697857726e-01 2.743865043301507711e-01 3.702928889151034797e-01 2.826903491370525434e-01 3.401264337393281045e-01 3.940221573277613576e-01 2.330957932430803570e-01 1.732900122405794663e-01 2.611035862720155754e-01 3.910064213251358001e-01
3.259023153738015988e-01 2.504838452979900043e-01 3.493483110739531994e-01 2.760074438514344974e-01 2.130940666987039545e-01 3.884826971265745721e-01 3.251776595778644308e-01 3.032876322304565164e-01 2.850910569785111148e-01 2.831249717907166064e-01
3.791259128806287459e-01 3.158167774356573920e-01 3.024194219907619940e-01 3.337688897894479645e-01 2.542170135413673870e-01 3.086503044631556114e-01 3.138858390423291955e-01 2.086459263616395332e-01 3.590406714925440945e-01 2.244292430024676099e-01
2.920014468400412566e-01 2.605165159215711013e-01 2.721265377887591708e-01 3.538430976967124053e-01 3.816719565653287627e-01 2.881866383343655302e-01 2.999135825896727114e-01 3.157106663451301198e-01 2.481618508093990927e-01 2.878677071090229855e-01
3.836210388995983100e-01 2.774432853346071592e-01 2.554231334768751749e-01 3.314784607329362420e-01 3.023015550793474171e-01 2.417570112124197146e-01 3.324191328656777022e-01 3.398950831899975045e-01 2.589245873905647310e-01 2.767367118179719920e-01
2.737726524316873578e-01 3.508627549148675695e-01 2.389111534041506446e-01 2.945422171991248783e-01 3.803984062560175627e-01 2.934695162850739503e-01 2.189441273633770113e-01 2.626034291672792453e-01 3.473897639666430059e-01 3.391059790117778583e-01
3.189667199574706125e-01 2.988778943712567804e-01 2.680913615324921895e-01 3.607141679118235911e-01 2.496693487737508543e-01 2.525417048115023988e-01 3.806539327137117845e-01 3.412423489516657749e-01 2.558645404486997177e-01 2.733779805276255193e-01
2.894608309946066771e-01 2.186592999232558343e-01 2.428326507835896209e-01 3.573215298141398932e-01 3.060020903101151601e-01 2.947406722491963671e-01 3.211965461936555633e-01 3.230022366621938534e-01 2.746025468747688159e-01 3.721815961944813789e-01
3.630631876416097192e-01 2.640754886331178608e-01 3.127013245997455337e-01 3.201659108238472107e-01 2.490178712695962082e-01 2.952889704934334447e-01 3.004217609109621212e-01 3.662299464202649624e-01 2.209439407331008631e-01 3.080915984743227698e-01
2.258372646309920184e-01 3.499499285393742332e-01 3.443766746827715552e-01 2.481414919912212635e-01 2.336547048951197747e-01 3.341052904287992731e-01 3.134296516415832068e-01 3.001325579201443161e-01 4.291891456679098882e-01 2.211832896020858308e-01
2.562249630532327238e-01 3.221552573550507392e-01 2.402383110565629032e-01 3.632008785982286936e-01 2.899025974820353957e-01 3.282722934423147887e-01 2.989826842468475965e-01 3.269168002606397394e-01 3.059048983070241645e-01 2.682013161980667526e-01
2.049035078742467986e-01 3.019924815534271723e-01 2.683755824813618407e-01 2.602638657071096873e-01 3.658358711859444612e-01 3.889514009608284750e-01 2.878307723677396845e-01 2.381392259245979359e-01 3.335430342144610760e-01 3.501642577302854775e-01
2.858849864995605117e-01 2.438288799353047764e-01 4.856584944640423562e-01 2.242691053900826570e-01 2.894929796809073697e-01 2.656720716420197803e-01 3.353099054696453418e-01 1.923490421032880704e-01 3.119828342313917258e-01 3.655517005837617406e-01
3.510564428099564038e-01 2.497737545311434493e-01 2.115162285409182275e-01 2.772345188579693476e-01 3.274006672646062599e-01 3.146428464875056230e-01 2.539222055276491585e-01 3.093099331555329012e-01 3.349466163079489189e-01 3.701967865167704597e-01
2.844573091700801082e-01 3.385113647708064000e-01 3.145492182749267673e-01 3.233845211169446010e-01 2.276414929289836686e-01 3.570636171996881547e-01 2.574202170627066799e-01 2.897631001165549280e-01 2.846840117117214186e-01 3.225251476475879953e-01
2.570230348307387391e-01 3.987241535824179728e-01 3.484899713709209146e-01 2.902572947022946659e-01 4.052893720259982402e-01 3.014484132482709855e-01 2.416758618254597202e-01 2.502455699990883131e-01 2.749717257158327821e-01 2.318746026989785269e-01
2.477877879068338951e-01 3.999130647486180967e-01 3.650391635830972925e-01 2.183994868302537584e-01 3.548166384868192691e-01 3.153510744088758311e-01 3.031773689323544740e-01 2.027425445890907452e-01 3.078182652220826654e-01 2.849546052919723627e-01
2.789157984288174186e-01 2.605331092823501837e-01 3.551788159914169296e-01 3.356243983117010998e-01 2.821794544143698680e-01 3.365450066842535781e-01 2.660334569448281061e-01 2.840188178768559557e-01 3.532360258173680712e-01 2.477351162480402880e-01
2.734440329525777424e-01 3.661661996383378526e-01 3.020685815003162356e-01 2.851502466879966002e-01 3.429670077846050935e-01 3.589650685826786258e-01 2.303456953114418337e-01 3.111226283160146711e-01 2.789365373408664306e-01 2.508340018851646369e-01
2.803531973009313338e-01 3.062856152703219426e-01 2.882699813458073912e-01 2.977515789569324944e-01 3.086641470185145231e-01 2.919641096644934319e-01 2.669178956091664556e-01 2.819210020696361063e-01 3.321389788136276389e-01 3.457334939505684046e-01
3.113465755389941414e-01 3.378830318198075000e-01 3.620570525952079288e-01 2.968912725574778255e-01 3.549014330786157689e-01 3.534013020620364598e-01 2.073722829605454954e-01 2.376701089865450034e-01 2.551734627781225839e-01 2.833034776226477924e-01
3.255523403795011483e-01 2.730543004865009227e-01 4.069039561400584759e-01 3.432653304141897732e-01 2.378761817879462004e-01 3.121412335409916583e-01 3.319315123178510074e-01 3.165498733407703380e-01 2.314090769870851272e-01 2.213161946051047380e-01
2.753391086647307695e-01 2.733352765217785807e-01 4.236280087048440168e-01 2.530570162679094404e-01 2.442882370314830298e-01 3.051624226211938073e-01 2.880101216399074682e-01 3.216148032717858207e-01 2.586170648194799915e-01 3.569479404568864922e-01
3.202224424011098636e-01 1.980966574617877285e-01 2.449016168506060465e-01 4.496979639536231588e-01 3.651595098998717814e-01 2.490791244492300271e-01 3.345133283937166135e-01 3.106089076692824524e-01 2.309696527424305312e-01 2.967507961783395487e-01
3.005169620293512422e-01 3.905853378636410245e-01 2.880062828586412715e-01 3.235641779782864047e-01 2.264436102960588060e-01 3.036650247431604832e-01 4.103275869863339809e-01 2.400647079526465610e-01 2.077764123711311472e-01 3.090498969207506330e-01
3.057576162971736844e-01 3.487390508174014747e-01 2.709864821357111375e-01 2.299196621589523204e-01 2.783382396217397581e-01 3.225586001976964434e-01 3.188179064705199406e-01 2.614091595752068287e-01 3.253605039476687999e-01 3.381127787779337757e-01
3.028795834935634756e-01 2.880417495592885180e-01 3.353056001981499223e-01 2.678959220206456604e-01 3.766198644048403543e-01 2.917462920896531364e-01 2.805610887647330687e-01 3.616268425505781425e-01 2.322369847585496194e-01 2.630860721599964647e-01
2.028166853383753798e-01 3.263519702923667332e-01 2.864768396002168593e-01 2.704123650329491868e-01 3.115720513914222445e-01 3.484087390483664448e-01 2.535407670006710745e-01 3.082925610289423690e-01 3.050786134566891294e-01 3.870494078099998569e-01
3.646750108067071672e-01 2.129646691842189687e-01 1.707491694394204784e-01 3.174035509809777778e-01 3.860797271497846683e-01 2.146860559168903004e-01 3.788354247638914818e-01 2.923192375296051471e-01 2.985283872719228238e-01 3.637587669565846560e-01
3.364662326871438180e-01 2.768732850679355151e-01 1.759171713832413109e-01 3.202694432876727060e-01 4.468259563174152849e-01 2.885579677109851304e-01 3.498700343269679491e-01 3.368770234120903595e-01 2.362940942618453333e-01 2.320487915447026483e-01
2.394254758913957337e-01 3.311490130322017889e-01 2.651703989118287530e-01 2.439539165771519857e-01 2.285713921670207982e-01 4.157239976400841086e-01 2.542806687620987049e-01 3.430380974640335756e-01 4.151930177422895607e-01 2.634940218118971833e-01
3.088429394378390258e-01 2.617135857517330910e-01 3.149925758012103172e-01 3.583561096862363238e-01 2.620897349108959884e-01 2.305912807944266452e-01 2.965213283625139362e-01 3.400637241110248121e-01 2.502882932297664231e-01 3.765404279143525490e-01
2.862877401132060129e-01 2.551470514607562246e-01 3.796957829008628105e-01 2.684536934964010246e-01 2.022614209092291615e-01 4.452469916278721795e-01 2.809867702538705880e-01 2.506761897436823316e-01 3.522289241474601540e-01 2.790154353466589576e-01
1.712769874370856094e-01 2.413664103172532549e-01 4.074763850230671558e-01 3.419884821552689469e-01 2.624916185574817096e-01 3.549303133479306815e-01 2.434845732170561328e-01 2.810288527000174286e-01 3.996273180184071183e-01 2.963290592264341550e-01
3.527123035914416227e-01 3.063556155326004893e-01 3.377924540185706093e-01 2.954721287548776609e-01 2.934601873079439871e-01 2.408089932062266181e-01 2.960281678563006502e-01 3.399945680520718438e-01 2.586005649354334857e-01 2.787750167445350868e-01
3.501884706668365599e-01 2.429249537762328270e-01 2.788137324124501659e-01 3.020539101978504393e-01 3.013512262776616435e-01 3.050526586700460507e-01 2.942337435549600144e-01 3.097808587139873060e-01 2.342201385107988976e-01 3.813803072191763732e-01
3.353770205303971963e-01 3.223217012592015096e-01 2.497529538619079059e-01 3.268822100650756179e-01 3.559324225046168189e-01 2.107590443364870669e-01 3.054716343190232997e-01 3.001019156809460187e-01 3.167375791086354253e-01 2.766635183337111670e-01
2.448268817409995635e-01 2.711471818395596034e-01 3.491290624450616442e-01 3.525410337950419803e-01 2.393359783367841331e-01 2.406129475444980237e-01 3.796489246303114129e-01 2.553533974862808309e-01 3.568901238327004677e-01 3.105144683487633950e-01
2.751121819882358377e-01 4.563841326134139287e-01 2.322287703112627666e-01 1.916973862064960676e-01 4.107872407558487149e-01 2.790418617717702610e-01 2.605089870562827259e-01 3.708555874062321456e-01 3.042635199012873604e-01 2.191203319891694701e-01
