2.923347421162122983e-01 1.792712194504661183e-01 -2.104075893443387805e-03 5.215621980020090920e-01 -1.927268761437423428e-01 2.138527839814281448e-02 -2.451329640544551436e-01 1.029237645692692715e-01 -1.422324954714677125e-01 -9.625903014739181640e-02
-2.895662633871676772e-01 -4.449981102122752552e-01 2.293729636209579092e-01 -1.019108161774675142e-01 5.032466290782058316e-01 -7.821512520062220974e-02 -3.566765271097423473e-01 -2.807868129482201658e-01 -1.734509435963743906e-01 -3.150631897033838169e-01
2.369365703825010439e-01 3.591885438696044153e-01 2.958781162392413733e-01 1.615002040301420361e-01 -1.496290181140764834e-02 -2.513964579652457065e-02 2.107434549895355613e-01 6.272892087374469516e-02 4.044921286351313428e-01 3.392598143231523866e-01
-2.279936584522357090e-01 -4.363556105257363482e-01 1.745512205848780696e-01 -2.003010196436007806e-01 6.727821711619080824e-02 1.020653188873786033e-01 -1.890867695862365194e-01 -2.702884171896864363e-01 -3.187626312515732252e-01 5.243150867468872323e-02
4.458783492475981713e-02 -3.163349801925527394e-01 -2.639704404647112979e-01 -3.242693619699534707e-02 -5.801489687338880902e-02 -1.790035552790901485e-01 7.331730322961674262e-02 1.100652860481509537e-01 -1.770020971227737328e-01 -6.363379321913856246e-02
-2.123162619416100461e-01 6.802191553008649083e-02 2.625608352011030711e-01 -3.244165766245906690e-01 -5.904142164608091603e-01 -2.351934543155285440e-01 -4.620713281944470452e-02 4.468624175443028368e-01 -8.064994368339471753e-02 4.786522119967037692e-01
4.568646363828501866e-02 3.006606935719888241e-01 -2.656895329832318405e-03 -1.437477306573869129e-01 3.977971132000113763e-01 3.214885210164142304e-01 -1.617116427769063058e-01 4.411345107324898644e-03 7.828634345077244150e-02 3.784517798751886875e-01
-5.379952062230506371e-01 -3.571607698893556893e-01 1.189433596305735641e-01 2.865427336728199048e-02 -1.342557993482977607e-01 2.245908152830185592e-02 -6.027156857218232688e-03 -2.765481029852911443e-01 1.781892910166961441e-01 3.216915241757905553e-01
3.702886605260111152e-01 -1.164299517900292159e-02 -1.966059807008293803e-01 -2.623902722368282592e-01 5.504598896728227220e-02 9.940706747262363641e-02 -1.611416772712129242e-01 4.331375987275919992e-01 4.174090960582007015e-01 2.536303426182277554e-01
2.551125468007023334e-01 3.827047684714648956e-01 -1.950191184909635111e-01 2.091026049108617169e-01 -5.057013888193576667e-01 -5.091577390219595989e-01 -3.471639006996318777e-01 -2.352042833484231932e-01 2.348707888963758594e-01 2.373977365238858286e-02
-1.948667167080590790e-01 3.553947121604033588e-01 -1.547129212148032618e-01 1.576962418813769237e-02 -2.201412358206114028e-01 -5.077513639762021996e-02 3.589502559024832645e-02 -2.716130837265764986e-01 -5.401660170773734393e-01 -1.933638464098425824e-01
2.970075992282170119e-01 -1.174340153584244456e-01 -2.836185182885979095e-01 -1.195852804048399935e-02 -7.123581044012759766e-02 3.148314481031022627e-01 -5.149145767344208702e-01 6.204384486461406167e-01 3.323140170551167616e-01 5.919767451245609990e-01
-3.013912074663538943e-01 -9.200845781768898779e-02 2.901399315407365287e-01 1.020314705775794140e-01 4.702023951365716936e-01 -5.917315557131391790e-01 2.760127106238003392e-01 1.255738475491073591e-01 1.514934158596886737e-01 -2.511404691749387630e-01
-4.104812548146386519e-01 3.682522358947837859e-01 -4.848807486402440525e-01 -6.824523017387207346e-02 -5.605557210958347358e-01 4.034472161447802963e-01 3.428222214490337372e-01 -7.778913940467425958e-02 -7.708563085068469156e-02 4.642876534790891796e-01
1.931181311533632650e-01 2.489789912933414520e-02 3.462589380954553264e-02 1.376240823890262088e-01 1.310255120239057769e-01 -3.295638752521047321e-01 -3.741705663114041625e-01 1.126020459502402732e-01 6.977232207231376382e-02 -2.401575107636277906e-01
-3.474764840416495748e-02 6.089328546374731532e-01 -4.501746858405265006e-01 3.046472821029003186e-01 -7.753679506437300382e-03 -6.431828162368492807e-02 2.652495038873197153e-01 3.719085312198765203e-02 2.406778777869764130e-01 -1.269179680057096193e-02
2.043170121774258441e-01 -8.922010357835112870e-01 -2.431890711661470195e-01 -2.254105512787977009e-02 2.720108761991547608e-01 -3.094853122514761856e-01 1.630014204659835028e-02 -1.751069857343653946e-01 4.252545992599414681e-01 2.939447661818207769e-02
-5.421562491614511092e-01 1.395868307313931633e-01 -3.856782496751179345e-01 6.458548048796061147e-01 1.230558254047577627e-01 -1.103586479605784959e-01 2.539813471638092124e-01 5.947157215288226273e-02 -1.076411336169507543e-01 -6.087608560091337107e-02
-1.745805303878147086e-01 1.591939479456161710e-01 1.090979571908170728e-02 -6.475278942960217832e-02 -8.155862920482366274e-01 5.041553024862187593e-01 3.805170311632545821e-01 3.846936612278552547e-01 5.443885230391402874e-02 1.585820568596862101e-01
1.535100977140669946e-02 1.008085607399194228e-01 2.068400840532226836e-01 -2.234329990844136360e-01 2.831274957895020816e-01 3.289864196853701794e-01 -7.790288921724976279e-02 3.576389065851283133e-01 -1.146812493920904563e+00 2.537596860758162820e-01
-3.744549628074657077e-01 2.258036942471983166e-01 -6.418736886449005752e-02 3.692967314506641063e-01 -3.336981633992774920e-01 9.502929353698051640e-02 -1.960718822105512460e-01 -2.595440403801665963e-01 2.757461499055060550e-01 3.206111322251447571e-01
-3.318650019717545724e-02 4.291502800811679008e-01 -4.944525424901841104e-02 -2.883430467928009833e-01 2.464679088910086968e-01 1.026728674394812579e-01 -1.265527802376041344e-01 -5.373946700745405591e-01 -1.592072336869824190e-01 3.266178334743558564e-01
3.300802525269765919e-01 5.642266212896005495e-01 1.013424265553162368e-01 -2.997294807395503580e-01 -4.347209097526715665e-02 -4.895397086061550884e-01 -1.641630059967824629e-01 -4.472232494237964734e-02 1.092430875146779834e-02 7.440206089370435261e-02
2.807880046149295941e-02 -1.334597958959619912e-01 5.825900244490289648e-01 -3.704157610317936888e-01 -1.218209112682343692e-01 2.406294420438830350e-01 2.719564407784880178e-02 -3.192622445132926035e-01 -1.175494793125853032e-01 4.565429337039292323e-01
-1.301850724898420686e-01 -1.350677053011048456e-01 4.920854552310974794e-01 2.095631672803685008e-01 -7.722110227996461032e-03 2.757585905509153945e-01 5.515099338789263700e-02 4.140478358203040776e-01 1.946494515510978074e-01 4.291645213794965247e-02
7.276732260933269081e-02 9.713941293471499705e-01 5.658189213868909384e-01 7.126161647238744845e-02 8.703078505852256119e-02 -5.110198212894666581e-01 -5.078131101190739294e-01 -1.164765425196262992e-02 1.027440465607780545e-01 3.654139784765770421e-02
5.720634123255913250e-02 -3.211191804915440873e-01 -3.480308226567503382e-01 4.516745443485317146e-01 -3.739200343311427921e-01 -2.976603987396441720e-01 5.529304936515472453e-03 1.740185120864246038e-01 6.440524393120986013e-02 -1.675897838156191477e-01
5.325708685330734493e-01 2.714893667821876577e-01 -1.203306926549724265e-01 -1.429561981237854051e-01 1.679417743384652509e-02 3.637524439939737175e-01 3.619929500031585645e-01 -2.436160386302143321e-01 2.245096065876144020e-01 2.698811724259166378e-01
-8.652101576414022999e-02 -4.440256000202513209e-01 -3.009581068053293063e-01 -6.167317611857189852e-02 -2.874336564468679689e-01 -2.637878290216301089e-02 -2.537942930363473737e-01 -6.160019462749246610e-01 -2.082350788111510601e-02 -1.763778137334767737e-01
6.045513368970157481e-02 1.669013917219508703e-01 -2.539204116833272684e-02 1.031825806421994562e-01 -9.698232926933923748e-02 -2.944346594992412469e-01 -3.617325755406091692e-01 2.545045027488739287e-01 6.720833478864363109e-02 -1.887913737014413618e-01
-2.870879197695756502e-01 -2.374843409254416837e-01 -4.454640884909691345e-01 5.746631823365985214e-01 3.214054693933321438e-01 -3.794449917814657347e-01 -4.267688478507945526e-01 -3.829996754131484438e-01 -1.193301857688833373e-01 -2.081789450740613445e-01
-3.103433949345550391e-01 3.322831930981872683e-01 1.867804191946861592e-01 -1.925804696556696338e-01 -4.892547586474769172e-01 1.903968620962696867e-01 -5.142507333004259218e-01 -1.975262226395388052e-02 -7.835198717556116632e-01 -9.382342028963025493e-02
-4.415542849109110879e-01 2.508150203688216603e-02 -5.641278752739555813e-01 9.980847227814461375e-02 -3.895641280658842520e-01 -3.465026001219380092e-01 -4.118899654405923649e-01 1.387464804235365723e-01 -1.554979285803211042e-01 5.167726215530165507e-02
3.912010361993497054e-01 2.662035118262517930e-01 -3.551198930315423996e-01 2.946811405473894960e-02 -4.032506726819361231e-02 1.272982916744777940e-02 -1.407966055916573533e-01 1.347326147051684242e-01 -3.208307161383385231e-01 2.486611812770818733e-02
1.833944241117511365e-01 -1.495878482420992528e-01 4.416535928573118303e-02 -2.227480936715479920e-01 2.007273799024178185e-01 -6.741262434268316395e-02 -3.283433904150271920e-01 1.205836664041765316e-01 -2.337295098385097983e-02 -3.144458735865204163e-02
-1.652460286215679669e-02 -3.593928829856289919e-01 -3.753996207481826164e-01 1.962090875659339984e-01 -3.068122429633999282e-01 -3.713215021132518223e-01 -1.257710282177255390e-01 2.694049144690325304e-01 1.204599950015658172e-01 2.184249349503280813e-01
2.596905804145214769e-01 2.940904278950396966e-01 2.347324209145298657e-01 -9.328972309823392595e-02 3.646881990822904446e-03 -5.408567959800476832e-02 -4.174849426371182726e-01 -3.870320260396057366e-01 1.012088231355054158e-01 -4.197380859302798917e-01
2.420064672649732129e-01 -7.134855154553879086e-02 -1.469231956366710556e-01 -2.496061312995440096e-01 2.547927874561399242e-01 1.659162055717884610e-02 5.549873583909006175e-02 -2.854658848704609286e-01 1.034973335034317272e-02 -3.797143591238024696e-01
1.693234415311527241e-01 1.825495779446874300e-01 -1.484375351926877362e-01 -4.978541943096087552e-02 2.413654894118462402e-02 -3.451740470846192399e-01 6.172133884944066562e-01 -6.252366741634766967e-02 3.200489384271003046e-01 -3.592228047476846153e-02
-3.663501996730052501e-01 7.446561893972460100e-02 1.166792313413986676e-01 -2.518535512901784457e-01 -2.962673833531419554e-01 -2.490187823529376732e-01 -1.310466762300212806e-01 1.735452594386144853e-01 8.131872322570903033e-02 1.906259300112106980e-01
9.695291635702919797e-02 1.086733496475719568e-01 -2.808456011430096946e-02 -5.412506213549227452e-01 3.119740488154090774e-01 -3.816877184264072520e-01 -3.439706300942866890e-01 1.618865344304881437e-01 1.211297333504854773e-01 -2.855414779604572573e-01
3.915462922715397531e-01 2.448042277866584737e-01 6.316833677655289137e-01 1.199424169419877062e-01 1.256450027557686200e-01 -4.061089547129927424e-01 -3.227958935474122826e-01 -4.643433336741456530e-02 2.867343484166125500e-01 1.218975222800423863e-01
9.932214671898029201e-02 -2.210574967871530017e-01 -1.011674177234579280e-01 1.569808989251912645e-01 1.877718849219306430e-01 -3.006761749863247346e-02 -3.400807707808592428e-01 3.982607436590817618e-01 1.644657715462156111e-01 5.551989783205459050e-02
6.515749621323707608e-02 1.532722251208170627e-01 -3.659135270144747154e-01 -4.467405714582629028e-01 2.318122183986004170e-01 1.251298192745685656e-01 -2.583531691081434323e-01 -3.925163887118370831e-01 -7.301632782946293476e-02 8.188046044167850146e-02
-1.706778196921697466e-01 4.918842142273008866e-01 -2.546587174675694065e-01 2.519778212508730908e-01 -2.324921201864495468e-01 -2.375578592104424791e-01 3.683540044157447291e-01 -2.078892996988100997e-02 7.040510470159207224e-02 1.054343224294489040e-01
8.040544241602705366e-02 3.663085034744860136e-01 2.092523027306096017e-01 -1.926450645767716352e-01 5.615368818157395747e-02 -2.968179273610109248e-01 9.523827376685860269e-02 4.654049333981137293e-01 -1.378784468040642197e-01 -3.571796693795242783e-01
1.885467915030990954e-02 -3.952328277161929471e-01 -9.146956298496577986e-01 3.319416694578524174e-01 -4.532255186494195398e-02 2.297014944236811795e-01 3.110405652622786343e-01 -4.188932047478413079e-01 -1.086556035808546039e-01 6.219848075949910293e-02
1.335652567299479010e-01 3.094198349693981220e-01 -5.186565002500881372e-01 3.537681392451060280e-01 -3.339686284627793045e-01 -8.609305598012338689e-02 1.874732959386531395e-01 -1.812240477395584970e-01 -1.500657451491677896e-01 -5.828703473736084328e-01
-4.645051944478184591e-01 -5.486042945971995044e-01 -1.630740557254335421e-01 3.090452894070662704e-01 1.386500025727501473e-01 6.676909359171909197e-02 3.261420564996008742e-01 4.948144050352952239e-01 -5.350733498873309207e-02 -3.625996446552507968e-01
-1.459749316787584648e-02 5.316997458790774234e-01 4.862270249986473392e-01 -4.277329798136471628e-01 -2.739176331117212926e-01 8.274114936692535116e-02 -5.450884235070219130e-01 3.055315904276482697e-01 -2.958192499859912394e-01 2.869305025074578297e-01
1.429217373999581153e-01 -1.121913529235095547e-01 -5.290072129096919790e-02 3.142072688922588064e-01 -3.335137917087052650e-01 2.217278487609311011e-01 -1.322244073061572545e-01 2.452753979758763303e-01 -8.144851593930296785e-02 4.627807686652378183e-01
9.041319262816989444e-02 3.631790942239853659e-01 -3.677639072349273008e-01 -4.986522149938540233e-02 -5.182942299529227359e-01 5.015920232188145547e-03 1.044000085787124693e-01 5.242087526502511308e-01 -5.796699491511686508e-02 -3.556847988394297964e-03
-2.316020939109814103e-01 5.179877650252176502e-02 -3.959103348733816197e-01 -2.198305403586395257e-01 -2.647068292961953229e-01 3.297620792314923666e-01 -2.330245118704433321e-02 -2.388530085581475060e-01 -1.130320437464413658e-01 3.163586219970977997e-01
-4.335566972799304586e-01 3.267698003713846028e-02 3.300654429626696529e-01 -3.638603464940710630e-01 -4.299326291229439989e-01 5.883832714087462029e-02 3.994298413020980210e-01 -1.584778741295701440e-02 -2.934820524341734682e-01 2.111295692969437088e-01
1.346736306675883066e-01 3.609879300344727704e-01 -1.755419667505463688e-01 3.567611464492484452e-01 -2.780355509802804881e-01 1.014650104967377703e-01 3.475059660502639591e-01 4.253309063505758547e-01 8.362017785087846877e-02 -3.130646087512738429e-01
-6.835169127724355365e-02 -3.224626404376530059e-02 -3.713061078499459988e-01 2.631563652134988884e-01 3.014793831400631730e-01 -6.973570014121774352e-02 4.665513082870794137e-01 1.137188881889417275e-01 -4.201927096586691723e-01 2.143676292536155492e-01
-4.491431032208607205e-02 4.530244399406663791e-01 1.596800647882069824e-01 -1.914495309924892918e-01 1.224883687641343533e-01 1.043339289504169598e-01 2.485321786690896095e-01 1.875621711393733737e-01 3.011791061479370257e-01 -2.208852348657883713e-01
-4.877988025714796033e-02 -4.911448247750617724e-01 2.120238330052434950e-01 1.489616591756083575e-01 2.269740759660127394e-01 -4.228537485103858740e-01 -2.280374124802049263e-01 -1.045637500414653837e-01 1.387818534369385237e-01 2.682165738321652393e-01
-3.545802823774137358e-01 -4.222954839154758333e-01 2.912549369314553771e-01 -3.158210980215319652e-01 -4.137291629531132942e-01 2.020951413870495095e-01 2.215476651630669813e-01 -3.985806643766880986e-01 -3.016406940417307725e-01 2.960969689857693155e-01
7.833727344261286196e-02 2.019090409315258405e-01 1.913628389793238516e-01 4.016879183539314169e-01 3.384495374336047857e-01 1.656114914570823438e-01 5.347979578156635272e-01 4.346982297932802108e-01 2.104893341938906259e-01 -9.603867258752765701e-02
2.516346482683418095e-01 8.877168635501407959e-03 4.930087391598521607e-01 -3.585024176813052244e-02 1.749509011559591265e-01 -2.286925228660708909e-01 1.209621495800329294e-01 1.389870595660925856e-01 -2.488822841531957430e-01 -7.483139238594965770e-02
-3.996162551561726617e-01 -2.731175587894597578e-01 4.477603625695312228e-01 -2.623795384684038945e-01 1.641046900740220638e-01 -7.899601104419598507e-02 -1.547599936089933681e-01 -1.362873628139168319e-02 -1.473017457616478398e-01 -2.505390301205109513e-02
1.687875071771486601e-01 -3.763394319647450081e-01 -5.898968903439544276e-02 1.720229862033696433e-01 1.504716108432284094e-01 -4.265301801881316024e-01 2.625885086383700773e-01 -1.898309122031547821e-02 -2.174705153473752428e-01 1.700622302699337229e-01
1.363199143390346479e-01 -2.993874985578420245e-01 5.986697681378887886e-02 3.950176524784891445e-03 3.429252168907590548e-01 -3.052659333444563416e-01 -2.956044413106395652e-02 -3.324589703193406853e-01 -7.335930426768463852e-02 -6.843489146780332155e-02
-2.441551411456922838e-01 3.442222914769534348e-01 4.449595336348835528e-01 1.476165451566083808e-01 3.121981134919719625e-01 -2.003799040511042850e-01 1.674967602119771526e-01 2.981017115108328119e-01 -1.069813947558102829e-01 4.276526841150832259e-02
-1.068788961608556493e-01 1.590691307558989853e-01 -2.307675999737081596e-01 -4.961893763485134556e-01 -2.969911025813773975e-01 -4.927335480938872109e-02 2.493374702680730970e-01 -2.369666069812199904e-01 -6.911137505244056845e-02 9.122483251384511105e-03
3.578984983892003618e-02 -3.727613254661485409e-01 -1.437470954854195293e-01 2.385118173830796939e-01 2.244509585526816356e-02 -6.664417125067240155e-02 -1.062936396699713931e-01 1.382863399348628619e-01 8.387400418991394768e-02 -6.033906654781203555e-03
1.798530499451393427e-01 3.981117077691873618e-01 -1.584182460694407713e-01 -1.214825595308849891e-02 2.390471487081141655e-01 1.198887755627717072e-01 -6.422512213674532733e-01 5.961287573633732295e-01 -2.881393978922007215e-01 -3.113421715578449864e-02
-3.568378515560748782e-02 -8.531997457055187084e-01 -8.387694814757919171e-02 -2.744198994325467988e-01 -1.363882070295860567e-02 -1.528189164678413203e-01 -7.217489278557327470e-01 2.602660834193130102e-01 -1.445559030397829403e-01 -2.491871549575697398e-01
4.021293788239657663e-01 3.986047967055238866e-02 -1.200284782437241043e-01 -5.226196569589465213e-01 3.192782515957840600e-02 -3.120314242085355239e-01 -5.295397650160003078e-01 3.740675715557077730e-02 -1.657121441868650846e-01 -1.235931702897499623e-01
-8.200300777440025501e-02 -2.921064239995996847e-01 -1.578539076359987137e-01 4.865149199730094964e-01 -5.150651544288453731e-01 -1.627075085451886241e-02 -2.954269817936105991e-01 -5.717027045165388177e-01 -6.606244784815918925e-01 -1.125883935321594365e-01
-1.826456305054260376e-01 -1.387036765915037884e-01 1.150608881930717253e-01 2.160330488050713760e-01 -4.140243916015186043e-01 -2.085052813059175003e-01 1.429829423464251403e-01 -4.636628279682343257e-01 -3.015883859021487035e-01 2.480195316259243277e-01
-8.398547763568169067e-02 -1.590640327330682113e-01 -3.096541917217581763e-01 1.683155969790026962e-01 -7.450359892808540441e-02 -1.335255506274409254e-01 1.288989086171020079e-02 3.783705197093699679e-01 9.353389713137441608e-02 -2.859613018731783640e-01
-1.522055539389506329e-01 3.938160841064066164e-01 -9.720442954620611004e-03 -1.015382034994109645e-01 1.492925812087141924e-01 -1.935695285921591735e-01 1.339032286622343082e-01 2.228673303621247007e-02 3.437453347020479888e-01 -1.360432145181715291e-01
3.843202204564677427e-02 -4.534471414969222514e-02 5.313309601185139258e-02 9.670310962086575701e-02 -3.332590337229449640e-01 3.393276572690593490e-02 1.714923131155241809e-01 4.430140151459456277e-01 -1.688213838400191014e-01 -1.115119783271221743e-01
1.088213253529100727e-01 -3.853869048535299990e-01 -4.070630610165883873e-02 7.977276085661608729e-01 1.114606551969363618e-01 6.063299987485061271e-01 4.305098279677331830e-01 5.691929916534768097e-01 2.612595887291707109e-01 2.957925683486828383e-01
-1.859798383562057122e-02 -4.694346961131741769e-01 -1.408915959231791526e-01 2.404937509107344662e-01 2.688127380790346077e-01 4.710762914031189560e-03 -5.045072652649816858e-01 -3.193289942440347313e-03 2.419416892866420865e-01 2.478179430602466260e-01
9.298551597064594332e-02 -9.035474437295355765e-02 -1.336508826019850993e-01 -3.855574981602148954e-01 4.162431116249542540e-01 1.229350160671878744e-01 5.573691152806884569e-02 2.226469011396961795e-01 6.608201518655219819e-02 -7.305404784851438071e-01
3.381255053218193973e-01 1.963745608701046308e-01 2.686734314257173684e-01 -9.052271332944257509e-02 3.764274741272607416e-01 2.285472411039485285e-01 1.164816559513593142e-01 1.736704706810743570e-01 -1.580597820859705113e-02 -4.318550124976421323e-01
-1.133959177315234379e-01 9.089683469102824431e-02 1.508403245296801587e-01 -3.054227636376781185e-01 1.559492477389974874e-01 -1.795825590428567764e-01 -3.848743206144030204e-01 -1.468179127798770189e-02 4.189128509911670961e-01 -7.573044587615498369e-01
5.102770991401035516e-01 1.455897106952723161e-02 7.922951658316425283e-02 1.275499540182472580e-01 -1.625051123932503838e-01 4.540603356351472497e-01 -4.420774480093828118e-01 -8.401887495455120369e-01 3.292805190117076286e-01 3.858194354466298881e-01
-1.248552024802558474e-01 1.390000688893253955e-01 -4.313824789026479145e-01 2.521673087478088493e-01 -9.264271707140124545e-02 -1.087659291621332208e-01 1.195562198887391570e-01 1.292524337062355977e-01 -5.119465527777410374e-01 -3.199238305871756061e-01
4.765084625699166770e-02 -3.108243524637669952e-01 1.355044241976628427e-01 3.569517267080065670e-01 -2.604972452872560962e-01 -1.709244615881032325e-01 2.986117898408413573e-01 8.901702241636839930e-03 -9.107483881696704087e-02 9.954994355768165271e-02
-3.307737171769632445e-01 -5.367084370909309260e-02 -1.506649691677134674e-02 1.259770463951527808e-01 5.103112424298392735e-01 5.386496969698548881e-02 8.515619739365445917e-02 -1.369779733838498714e-01 -8.523774557408177188e-02 3.080570471371059105e-01
-2.576411978284207649e-01 -3.337704250868376854e-01 2.254288520342956070e-01 9.991244166037634156e-02 4.075843935193402823e-01 5.234717064667508968e-01 -3.913975238664777478e-01 -2.818201356706713789e-01 2.233012951036947302e-01 9.194646088703074815e-02
5.523213922035175028e-01 3.426948961104184233e-02 -1.516055572315845867e-01 3.940285327489610745e-02 -4.372862584616106774e-01 -3.076807650202810149e-02 -5.170205901407098903e-01 1.344162587077351034e-01 2.423626484481090360e-01 4.039174193519517453e-01
-4.822288403137713758e-02 1.845983584880796224e-01 -3.882537268700970157e-01 -7.522457047213843007e-02 -9.134243660740615223e-02 -2.776009298822660343e-01 -3.013518784774298354e-01 3.135691190388747995e-01 3.249568773759916041e-01 1.330524909215946849e-01
-1.387276853542021571e-01 3.677745544404363853e-01 -5.462540542185342352e-01 2.899205823733375098e-01 3.223802620797430740e-02 1.404585916512931243e-01 -3.771801788636696545e-02 -2.722351526773676977e-01 3.271548902797081215e-01 3.085175790594625878e-01
2.908365699396206483e-01 -5.046495692538275346e-01 -2.419205746536439161e-01 -4.247409125186350498e-01 5.065742843717063737e-02 3.282888076771492969e-01 1.421333039776755680e-01 -1.627627908184447192e-01 -2.676574749142210385e-01 1.245830407035856541e-01
1.531032249830692471e-01 -1.892097320802687277e-01 -8.935895379971463270e-02 -8.012722597369079103e-02 2.814711963439873177e-01 -2.117826806840659992e-01 -4.960175998907372791e-02 -1.680161641621860380e-01 5.586311052284910206e-01 -3.618708696056035512e-01
5.018476183100094579e-01 3.333801460846018694e-01 -3.576502937110165314e-02 1.620645377795851272e-01 -5.342604307923293216e-02 -1.218643366548965712e-01 -4.335940837806997322e-02 -2.147169611949653889e-01 -5.772977193928871542e-02 4.772001191678652138e-02
3.552642957442200267e-01 -3.103396332197926322e-01 -2.887817787195393060e-02 3.051863953293939558e-01 2.738458641555686565e-02 -7.610054759897201260e-01 -1.940894181458212575e-01 -5.715117215121230387e-01 -3.698011330221198101e-01 -2.283955068632245455e-01
-7.646041162897186938e-01 -1.870985132357039227e-01 -4.041952621285787445e-02 1.680182507962408589e-01 4.129938749731437153e-01 -1.399698745872250960e-01 3.357633027096685319e-01 1.917012097035298568e-01 -3.231429316145534858e-01 5.557924794760556175e-02
-8.906988386726145956e-02 -3.566958951968420277e-01 -1.610275557439677652e-01 -1.869849571432710411e-01 -2.595857885490427952e-01 -4.596689506137667247e-01 -5.492204716070770570e-02 -1.288877656090264834e-01 1.289989166725644121e-01 -1.179830477308414921e-01
4.295709570345256773e-02 -2.403697360091239799e-01 -1.054203234221400970e-01 -2.903210028768748660e-02 1.338766211563519881e-01 -3.688184029424426691e-01 1.460812533305338168e-01 1.510054964203014216e-01 -7.340005467943323814e-02 1.053691873187345834e-01
6.332130902134740225e-02 2.233352896811331145e-01 4.233599524228052746e-01 5.724983585018754706e-01 -6.197630683946920849e-01 5.803549043213135361e-01 1.823022395608595858e-01 -2.152718104793302778e-01 7.186013483309144911e-02 -3.095125388748095063e-01
3.632623892491931850e-01 3.258515606944585308e-01 5.979069531470152521e-01 3.068927838109042350e-01 -2.199716644564397583e-01 1.575648280417536184e-01 1.911445193488963412e-01 2.720573038729727222e-01 -3.414107221627628030e-01 -4.415952535424129688e-01
2.317666239609263157e-01 -6.337727679930950098e-01 -5.082089792143609092e-02 -1.292647128551416107e-02 -4.081969387813140504e-03 2.815324424690600624e-01 -8.015745106705593481e-02 9.706473722266546755e-02 -2.467481272092696132e-03 7.128948216528731979e-03
-1.622056347921287112e-01 1.322886789224766713e-01 -2.592369109565944574e-01 8.188080784449955352e-02 -1.039640966902892205e-01 5.926878136395399323e-03 1.445103347999298141e-02 -1.320552494692139311e-01 -5.537312592428331737e-01 -4.625710527858078458e-01
-1.981483517009423045e-01 3.728771089444118253e-02 -1.046166590247778749e-01 -3.260987709635205789e-01 -6.933269569892356321e-01 -2.844178298534336125e-01 -3.670230095822014649e-01 1.287297237682513418e-01 -3.285811928692444206e-01 -5.081204695735580534e-01
