4.614370598192684423e-04 3.386658578806715412e-04 3.635248645060190696e-04 3.844873400823500104e-04 1.083496050749328116e-03 1.820636691841372428e-03 2.836742510742808459e-03 2.332569735363417343e-03 1.985549913272678050e-03 1.100974218348295614e-03
2.320497396664476797e-03 1.231914217311277449e-03 3.319058967092694068e-04 2.018857955553398492e-04 1.360760651890908363e-04 3.383853014292554913e-04 1.016814009634023396e-03 1.953943344834944106e-03 2.641348856073178885e-03 3.058702318784469257e-03
3.590856179145159770e-04 4.336718006363433041e-04 7.605325622503854256e-04 1.566812923464508964e-03 2.811701090948873216e-03 3.087850049499141387e-03 2.013701259447126662e-03 1.236766016599384881e-03 5.418456455050270348e-04 3.653360949559273036e-04
1.776647504098897512e-03 1.465588181475216889e-03 6.447064518251787151e-04 5.373989524050755071e-04 4.030169144034993897e-04 4.645064370584582733e-04 8.708201624022622253e-04 1.495928958516487203e-03 1.958552872924720044e-03 1.653061828013971347e-03
1.277227184156312298e-03 2.108214587512619465e-03 2.131317810622247039e-03 1.468110478726654140e-03 1.066184123726095310e-03 7.975901585206211482e-04 5.146925262529229370e-04 4.866038635422757211e-04 7.273524001420555692e-04 9.525348517939942776e-04
2.720577429842135149e-04 5.318166783958777274e-04 1.160730454703165753e-03 3.945471469050907364e-03 6.620740035882205152e-03 3.397198820667955612e-03 1.033256222781745066e-03 2.637017843230976544e-04 1.681121601896517104e-04 1.093949988738754348e-04
7.364481858765278268e-04 7.022493327648129426e-04 1.002000130544646777e-03 1.207309731147257264e-03 8.783797971488738069e-04 9.894606827122137509e-04 1.501859351509231798e-03 1.314336578962026691e-03 9.668572758021798169e-04 6.606714248250953941e-04
2.266366701588643645e-03 2.185951292373638100e-03 1.168916992911397728e-03 8.385963315966076404e-04 6.807370752054040224e-04 5.064351401418916475e-04 5.157414474644602407e-04 6.985908002920822963e-04 6.601461351921878665e-04 8.867404264623268348e-04
3.512389445407033289e-04 1.293423230387420438e-03 3.491297246139774772e-03 4.846047388347620583e-03 3.080361273140516058e-03 1.623633746828882351e-03 7.640633261524812630e-04 2.004700945235191490e-04 1.217391466696988143e-04 1.677172246297679186e-04
6.132009156308709796e-05 8.389338563333734731e-05 3.555705303132315189e-04 1.064399155681357940e-03 4.949259446488257948e-03 8.197834707534155593e-03 5.267212715785993260e-03 1.732022458020727410e-03 3.393634360950361912e-04 1.198457827568489371e-04
9.560388333122981632e-04 3.710456440136831709e-04 3.554568522210538512e-04 3.455207580351641922e-04 5.460398293663321296e-04 7.887636301279267763e-04 1.257236139901124873e-03 2.480783376134788540e-03 3.418326279501357132e-03 1.977712472353059404e-03
2.715362003391209541e-04 1.109283545850454650e-03 2.808608397619623189e-03 3.157146510820310961e-03 2.703840568361415113e-03 1.492096002954027912e-03 1.079878797630257244e-03 1.884205895437113904e-04 1.079975531887408710e-04 1.039623265711369184e-04
1.819620874435291628e-03 1.056088751678390704e-03 5.140413294153832295e-04 4.183809578819058361e-04 3.745359019003917226e-04 8.756787253782969934e-04 6.483077729671740848e-04 7.915943360104140021e-04 1.066820105181083469e-03 1.788346496050233561e-03
1.064115430479858166e-03 1.411541877694801701e-03 3.588480966865743513e-03 3.270235111842315166e-03 2.514224297755740002e-03 5.675856499338148911e-04 2.836739133859901259e-04 2.787041805287235959e-04 2.897528232616917282e-04 3.270685177138218111e-04
4.403695219352107338e-04 3.836320768937540211e-04 4.250793534664330710e-04 5.708259880878901104e-04 1.020230736691708729e-03 2.379321862888815736e-03 2.923212460175302497e-03 1.711274323483377930e-03 1.180819843975521683e-03 8.902848570168132858e-04
9.754987419552965623e-04 8.573612596144449113e-04 1.918478441541465219e-03 1.363283259522103750e-03 1.423077786336247657e-03 1.195227494431926702e-03 7.590760492958748039e-04 7.138391100665181493e-04 6.370509920720743464e-04 8.381822146483006858e-04
1.066495252113879022e-03 4.241768244330593879e-03 2.989645669815830815e-03 1.397445014747444132e-03 6.264284478264753927e-04 4.821207592605632197e-04 2.480365116615079030e-04 2.166512084501940596e-04 1.936461343217363328e-04 4.404298736943299854e-04
4.587243333303794683e-03 2.221829470513055418e-03 1.299220268716422830e-03 2.965512583090311612e-04 2.390571636298541444e-04 2.733380374692456196e-04 3.148034490735825749e-04 6.816060152765040939e-04 1.652640548828779223e-03 3.011425290170592715e-03
6.562969271302918160e-04 1.143749781401060504e-03 2.235352999941564792e-03 3.519083213760935275e-03 3.870206766865376489e-03 5.978082064336050390e-04 2.128544750578186093e-04 1.282235122571283531e-04 1.535783295707170430e-04 2.468033366200247437e-04
1.060785804138902454e-03 4.137012630622684088e-04 1.841260809365015925e-04 1.545850727901434854e-04 1.267363808915531213e-04 2.284343256974743228e-04 7.449075970087503263e-04 1.697749136716248048e-03 6.735594816990115447e-03 2.277422729782549796e-03
8.162217648150437658e-04 5.661827525296824837e-04 6.808994869868064586e-04 7.108055433760872982e-04 1.499447475221300785e-03 1.559891634374118655e-03 1.908357702101408111e-03 1.569007446406279430e-03 7.632690930431645492e-04 5.920265923189830864e-04
3.749935647272918454e-04 2.242988456342544603e-04 3.555472016022625018e-04 6.450998813863176610e-04 7.353313570295101067e-04 1.259450043831309308e-03 2.370609747611919938e-03 3.363368574215236818e-03 1.644970523588220896e-03 5.760566726064073398e-04
8.542661997997670457e-05 9.621240546250784060e-05 3.743989116906676915e-04 1.713904228318490017e-03 3.589292975332368692e-03 6.189789160945873177e-03 3.792908651039407063e-03 1.555675203903766771e-03 5.282376837189639096e-04 1.806997520449891211e-04
5.030031047091030640e-04 5.631798510801666515e-04 4.789473728043449783e-04 1.246783315377594705e-03 1.488713311697968233e-03 1.305428031208604898e-03 1.557513879844808075e-03 1.749865543488261311e-03 1.026068029405422747e-03 4.709127228992886953e-04
2.413965873416627338e-03 2.024377631508594930e-03 9.342640134617423257e-04 7.725803863910978616e-04 6.881126506694934921e-04 4.976458220772040633e-04 5.526647295521801891e-04 5.570727609415902651e-04 9.394124401376394802e-04 1.675886649488532963e-03
6.906952663786832306e-05 2.031418975827385480e-05 4.676215085276836406e-05 3.132964701149600528e-04 1.699290585391878420e-03 7.840603105279560919e-03 9.926832496564874306e-03 3.767569032588790300e-03 1.094421674454571555e-03 2.922193409711956432e-04
8.754351904344906963e-04 1.604035302854138218e-03 1.860065442167602168e-03 1.160952870207686109e-03 1.677372027605573751e-03 1.244860205057591110e-03 6.329305591699613915e-04 4.063727835162192492e-04 4.377632170956685122e-04 6.572119540776022884e-04
3.419720006456504827e-04 6.453702518703744199e-04 1.533574936879590622e-03 2.171595672578347305e-03 1.753152584362983792e-03 1.041046484519151478e-03 8.202669377109542918e-04 8.960468251712984302e-04 4.803533062069546898e-04 3.553626584255096068e-04
8.884673814229751164e-04 1.100941994706803716e-03 9.424738454940233051e-04 7.471150623047448239e-04 8.398348892617735076e-04 8.173473795508032821e-04 1.148331672540558448e-03 1.563411726213542437e-03 1.002912160637120693e-03 9.359733186311852303e-04
4.326861008301136242e-04 3.899478669295950318e-04 5.777246709449511278e-04 8.780945931052578854e-04 1.677649155801446204e-03 2.690356120306243784e-03 2.504437595184535320e-03 1.143528726067179679e-03 8.265405514226030655e-04 6.729687028041286129e-04
1.221415684706582665e-03 7.535240796136126766e-04 4.520775517113715227e-04 1.661762709115626900e-04 2.280151002919752774e-04 7.430920825106512992e-04 1.609981073699832390e-03 2.137016196820821189e-03 1.814412536866499229e-03 1.589244323471997958e-03
5.726489715671379769e-04 1.862955141090914845e-04 1.653100027629488065e-04 3.269625770071586104e-04 7.630095721839243042e-04 9.677569720241313870e-04 2.339042672880513839e-03 2.566162004490647307e-03 3.477697238220743559e-03 1.302814555602701445e-03
7.912971957706122286e-04 9.055607674936523143e-04 1.674421733115190889e-03 1.411312582600831363e-03 1.936248314034860621e-03 1.709876084954781205e-03 1.149148256321417226e-03 5.144960317894644274e-04 4.592325596658376643e-04 4.495749812175664560e-04
4.144978975028315474e-04 5.107976716060298045e-04 1.059604544451435773e-03 1.134369312796239737e-03 1.324617027786264764e-03 1.394076102216623573e-03 1.474349178957295829e-03 1.151671091596673767e-03 1.179532997899167225e-03 6.683651761047123847e-04
6.438093715119574435e-04 8.698298571858100944e-04 9.609117739362151933e-04 1.282998904588856549e-03 1.132715101098927257e-03 1.455610375371345095e-03 1.662173733131684129e-03 1.045117510196623802e-03 8.821363175176348504e-04 7.497541765252107270e-04
5.250642730990465233e-04 1.525530460276259149e-03 2.501336460206365908e-03 2.070822569374270328e-03 2.478490706671057035e-03 1.700023357836030497e-03 6.389212009818646997e-04 2.297510774444808308e-04 1.803558585778994674e-04 2.196541875514394478e-04
2.960929740061767350e-04 1.392776011328371267e-04 1.494390657857678822e-04 3.439696893485014715e-04 7.889570739867527750e-04 1.931085791634696300e-03 4.360486991950916595e-03 4.482942574164925850e-03 2.183094595545175248e-03 1.260114364164028038e-03
1.068078283751234614e-03 1.098539204490476141e-03 1.038692421458753878e-03 8.720238343892353127e-04 5.335704435963064185e-04 6.127991619085108215e-04 7.931037689259710444e-04 1.316436237070313939e-03 1.401110128624131210e-03 1.721165713628541004e-03
6.394281503557160953e-04 1.001173881093761486e-03 1.949121101253226780e-03 2.395078453615741895e-03 2.223000313174871168e-03 1.802103391968421908e-03 5.897048817931550184e-04 5.469232995661312815e-04 3.884191878920477143e-04 5.215061165702082700e-04
6.852884301567338434e-04 7.850793599751660452e-04 1.140628491215739827e-03 2.169237783244106366e-03 2.706427509307915685e-03 2.088450801115572693e-03 1.094725140931882869e-03 4.940533574192242572e-04 3.575342393772962604e-04 3.568273675376747644e-04
4.349412845759189771e-04 5.379064416591688687e-04 9.866974367727843111e-04 2.068975928712190725e-03 1.604074736981901108e-03 2.313143183527383538e-03 1.701931108048522013e-03 7.389300200794737296e-04 5.148005328495088104e-04 5.486958020661422122e-04
9.526705165345548726e-05 7.838786437649666872e-05 1.136610872110087545e-04 5.131806084261257951e-04 2.025672717402527637e-03 7.041699930261994395e-03 7.677668668302683498e-03 3.209933964077833508e-03 8.429625231609839866e-04 2.788902675684775821e-04
9.295634041338494361e-04 1.461471843788693208e-03 1.445986819379548169e-03 1.099639624994685474e-03 9.830492014161805545e-04 1.089892916003040203e-03 1.087394811620166031e-03 5.409441439772177517e-04 5.543992053804120204e-04 7.017447943532171238e-04
4.557592931832104817e-04 5.496928541584052011e-04 1.102787342936231100e-03 1.393180978259560103e-03 8.854713566352625338e-04 9.151094445775552130e-04 1.238586787314917542e-03 1.217296557001407327e-03 7.232841853858279274e-04 4.854774771837709591e-04
7.589928134998683799e-04 6.316852265678442324e-04 1.257955358234637971e-03 1.310741726396286036e-03 2.005558097865368320e-03 1.779648525702386998e-03 9.036244246523313182e-04 8.368334390070349777e-04 6.753920183205798901e-04 6.290004793935450450e-04
7.121321951595974446e-04 4.665176589199836860e-04 5.432347444998717693e-04 8.849238211864779999e-04 9.973945107680287549e-04 1.318216152436501015e-03 9.644128021968386821e-04 7.449283686596211212e-04 1.147083567700319827e-03 1.261966085020502790e-03
1.612541838369756968e-03 3.585232959985915242e-03 4.109302203659932241e-03 8.045913222530843602e-04 3.496808998776621317e-04 1.518237814578700254e-04 1.254293791990803472e-04 2.987100279941887725e-04 4.826954831493174281e-04 8.057482719314235705e-04
1.005699360324044346e-03 6.810169136147574149e-04 8.876878496811521115e-04 4.850152153096876041e-04 7.007766170890706659e-04 6.862549061037126431e-04 7.099831219129356611e-04 1.212507768236767208e-03 1.678056164268810612e-03 2.119576404661819864e-03
9.748688484025146497e-03 8.282656776604682691e-03 2.204568311417831258e-03 3.630434465001791287e-04 1.086295765134851778e-04 5.261732510305305421e-05 4.667481702173469831e-05 1.145117495756102152e-04 8.314636817597519016e-04 4.417410556583727110e-03
1.542832204084771818e-04 1.153541280847439088e-04 2.555193179074274380e-04 1.517446097266803321e-03 3.183635352369850076e-03 3.410816831418432473e-03 3.821269832580185318e-03 1.301983002484183262e-03 7.652585637192067282e-04 2.351327784558683001e-04
6.003473348705726676e-04 1.093854685153551089e-03 1.461061492824412616e-03 1.470926344732139323e-03 2.228153746414663228e-03 1.437577347007741113e-03 1.234390046633381541e-03 7.012438145264958877e-04 6.021821920647947753e-04 4.012199318412546260e-04
4.370273175091950310e-04 7.753977783574201189e-04 2.619564362457874485e-03 3.693541781076694914e-03 4.260798110449046279e-03 1.582946457113247867e-03 5.536594777349067211e-04 2.196973959628553122e-04 2.452020539088846547e-04 2.944080775789005154e-04
9.772012396274238309e-04 1.341325874052129484e-03 2.324513907238389288e-03 2.102793498233316953e-03 1.440910456436117959e-03 6.492507106157321441e-04 6.016753093816280384e-04 6.248114925413122793e-04 5.498269671702269400e-04 4.981766136259364354e-04
1.209614881993674841e-03 1.054509108617206290e-03 9.906147800254772734e-04 1.691605474516062616e-03 1.538782339718179192e-03 7.042439734316666665e-04 4.027506571289572648e-04 5.039336876428606501e-04 7.002029303449716635e-04 6.721635278609931242e-04
1.199180221514435912e-03 1.034724271651258666e-03 1.358352412270710362e-03 9.758776930327459857e-04 1.167141244483892344e-03 6.936290070007912999e-04 4.487206462716024770e-04 4.467405595139510620e-04 7.883222873667308263e-04 1.426542962116773231e-03
2.242048452111801080e-03 2.139697492443749273e-03 1.702399134593086732e-03 5.845698334424224507e-04 3.306575344418453684e-04 3.328753769712123299e-04 2.890568101325791768e-04 6.235972216348198037e-04 1.669849838254837881e-03 1.717040658964996257e-03
1.340817253278043294e-03 9.489134766145608741e-04 1.141347943341791422e-03 1.401227193741211990e-03 9.773965464169806234e-04 7.513633249677545379e-04 5.942063602922807199e-04 6.232925856859644707e-04 7.487768220831936619e-04 1.359679639353091876e-03
6.683002683937467161e-04 9.495127780950911919e-04 6.067818345310240684e-04 6.219947855171298117e-04 7.832533418895133671e-04 1.549981211186495780e-03 1.465238327180238848e-03 1.014875507144441611e-03 6.239035602042068956e-04 4.993587290230799532e-04
1.477235876716245962e-03 1.618073576944422613e-03 9.714409800780971936e-04 1.217875524578544439e-03 1.040351824189822416e-03 5.307214825688443167e-04 5.031099693272606671e-04 9.182389126922266319e-04 1.045200590988855545e-03 8.503799630398133254e-04
3.041660050931925194e-03 2.063807146323010100e-03 1.186702898213119967e-03 5.793300290350230546e-04 3.959499516904598231e-04 3.740507372067205399e-04 3.504286217230726148e-04 5.996145552744919097e-04 1.424409223262370575e-03 3.007357485620221118e-03
6.619453402654930201e-04 4.845765723478797195e-04 3.261438900385314125e-04 5.405773064625904239e-04 7.834623403023739142e-04 1.535672193874534994e-03 1.662100381695277938e-03 1.853136629452758382e-03 2.196143212618108676e-03 1.371077691854658042e-03
2.227412897284349047e-03 1.416976287407581154e-03 5.848778580074118954e-04 6.294155911788062432e-04 4.572512685496455103e-04 5.891333728887442273e-04 8.369815214178644939e-04 1.078157802397423188e-03 1.550371835738632419e-03 1.814311972832840852e-03
8.986152466917065196e-04 1.428385599955588146e-03 1.159997750262397416e-03 8.842572413686983039e-04 9.094240472854343968e-04 1.270327055860363775e-03 8.009055812028755168e-04 8.935861431062482388e-04 1.017189547285269995e-03 8.067781419265131508e-04
8.592391852554789574e-04 8.438710496011048515e-04 5.455061217350648094e-04 5.002034052515589354e-04 5.200543149571842938e-04 1.166717962542281831e-03 1.547629121386835714e-03 2.156217205294586655e-03 1.700981474972663044e-03 1.261036949960123469e-03
1.556283206952415159e-03 5.920572153061893269e-04 3.546083234803229490e-04 3.906781946069402519e-04 4.778162047179611641e-04 9.855535084897016403e-04 1.132463464729820601e-03 1.355522048278981137e-03 2.093656924000984396e-03 1.956453780680237828e-03
6.047883679437377445e-04 8.655431546150059961e-04 1.927651467460129260e-03 3.162200449186162218e-03 2.332535560486027112e-03 1.133501635008614351e-03 5.655932505680023046e-04 5.261127720010720307e-04 4.061814990599539859e-04 4.133694094383768311e-04
1.403207874695155998e-03 2.188463280860479705e-03 1.676468052900617883e-03 9.658607277209223935e-04 8.399266280508948818e-04 7.554454087745747243e-04 6.697956138107391544e-04 5.594309340381409690e-04 6.737903310229611696e-04 9.804760580495136373e-04
4.511223229985813132e-04 3.314863351070981346e-04 5.531985229919872534e-04 7.144928055311625548e-04 8.783201345394416873e-04 1.503666168155476596e-03 2.948121763649079463e-03 1.364607881113505394e-03 1.584620475156003211e-03 8.758309360823986287e-04
1.083113296068078605e-03 2.243635945388049863e-03 1.338208091447242593e-03 1.047524822021782872e-03 6.953114975651324310e-04 6.658982163400794770e-04 7.925592035096966966e-04 3.908893863769146793e-04 5.183592807992469477e-04 7.754696823617108483e-04
1.566657489441959726e-04 2.719274627957517947e-04 7.163596638904360780e-04 2.004876450812308978e-03 2.321077606810055712e-03 3.212939845685481004e-03 2.834485058637515719e-03 1.067966460284239597e-03 5.546667431752008411e-04 2.781233316918001858e-04
7.024575172630369551e-04 3.812378788689306302e-04 1.983472130451929816e-04 1.420912766424008058e-04 4.828608846298237619e-04 8.767986386268406766e-04 2.221601875868164586e-03 4.460098011815303957e-03 4.272172321961163755e-03 1.611683281351682442e-03
6.427023146485895053e-04 4.883797639990716290e-04 3.870038022174323157e-04 4.958651847429313038e-04 1.247097984046673753e-03 1.678307745804484552e-03 1.693337821895651634e-03 2.461599318664865841e-03 1.666897222807789229e-03 7.438341056333507744e-04
1.932284924630390090e-03 2.413964492966751835e-03 2.279666013325450189e-03 1.198200672112264458e-03 8.981133120065927337e-04 6.231111701263447383e-04 4.009021958679816287e-04 3.156547400953507916e-04 5.683151497759109756e-04 1.352653261870810078e-03
1.061930022472960334e-03 7.853706751383050409e-04 1.094956225500973591e-03 1.328703702973507835e-03 1.212092654218736376e-03 1.372464588039003447e-03 9.803723168798886192e-04 8.549554854787573630e-04 6.917427087834059551e-04 9.989250463608735902e-04
1.135712698227324792e-03 1.304387128171370170e-03 1.285783661592020946e-03 1.283462289425505885e-03 1.459420628888336274e-03 8.524453539274911163e-04 5.440709571615510954e-04 4.466449088255835848e-04 8.035741948509716624e-04 1.047309588823255085e-03
4.512111615287914441e-03 8.163929644544452857e-03 3.670654725042690140e-03 7.340282889794551248e-04 3.585264421008490555e-04 1.154253680600726272e-04 9.376646113743946861e-05 1.478564626016312113e-04 5.114269459899195829e-04 1.598018730437170696e-03
8.018601098504896498e-04 1.304393200440594940e-03 9.684735716257044215e-04 5.958236450153751949e-04 5.401419660788131429e-04 7.365778290125824098e-04 1.091784519353771301e-03 6.984837140577945152e-04 4.932176455749813894e-04 5.152420161927754845e-04
2.596288973011388890e-03 2.262899228826459157e-03 1.546773152562829975e-03 8.275397171652765661e-04 2.199997571070094022e-04 1.725653383697311723e-04 2.146246057174424141e-04 3.497539886855093949e-04 9.736971240526139234e-04 3.337790984263026318e-03
1.401858577058543711e-03 8.511050415959405631e-04 5.430606454522095240e-04 4.823021929841501900e-04 3.291418477018351850e-04 4.441651727233181246e-04 7.924246324048442184e-04 1.373495355621156622e-03 2.490514382288575024e-03 3.315171532913482877e-03
1.150208422524009923e-03 6.124911838613060098e-04 4.583514198086572548e-04 5.598385428609812132e-04 4.906391917137805552e-04 8.033065579661005651e-04 1.249980735105648590e-03 1.145668089343387366e-03 1.056892176285016346e-03 2.182730439567203730e-03
9.106383420704937750e-05 9.456537587599784796e-05 1.358269224672753873e-04 3.166570900116295255e-04 9.791881649414027437e-04 1.701336880903948435e-03 5.494025567424401339e-03 5.938311699541538348e-03 9.043439066772361633e-04 2.186937497523316995e-04
1.867887529547174489e-03 1.105840418631491313e-03 9.458707095999090196e-04 4.062855526699734156e-04 3.945536199731694430e-04 4.445496218193764008e-04 5.324805885708734600e-04 9.325930021330176194e-04 2.454925678468999461e-03 2.715761867932689824e-03
1.080119691065495671e-03 1.400350990510290184e-03 9.837376501308518675e-04 8.303894116480174930e-04 1.256330926920776843e-03 1.126318456674904557e-03 7.373628026054346741e-04 8.422484664521734127e-04 9.602718713610938024e-04 9.262744615969553631e-04
2.556982019813758451e-03 1.662041248516647101e-03 8.920340922378637138e-04 4.365834620221800536e-04 2.577220975357037399e-04 3.862491833901138261e-04 6.373690107464188804e-04 1.262839941594290577e-03 1.769652768740614598e-03 1.751679167505179558e-03
1.968738429599157722e-03 1.303602867918049555e-03 4.395924316656007677e-04 2.490781526873664018e-04 1.705494949416023879e-04 2.347291460114408481e-04 9.219342061405547259e-04 1.597539777360399392e-03 1.458306519404802080e-03 1.687645062018022649e-03
6.513674151420016125e-05 2.302074294069437728e-04 9.007547842882099266e-04 2.257064967536950330e-03 5.422529601487612039e-03 4.848546898911793544e-03 3.511449505738850792e-03 7.131464227327479009e-04 1.678523697341270952e-04 6.609009274515867936e-05
3.691058586679452297e-04 6.976599785842254762e-04 2.072924746556713878e-03 2.766143705616249445e-03 3.037100764901474667e-03 2.637127301924000952e-03 1.285032143174725302e-03 3.368677294958853283e-04 1.817162964477481645e-04 2.062543175950631033e-04
8.054778639334499255e-04 8.720274853495912915e-04 1.820086255598693092e-03 1.145712699174945923e-03 1.113532135432453423e-03 9.667909393809180282e-04 9.928378515817683127e-04 9.324796298334894545e-04 5.140882709536098109e-04 5.048452825625540522e-04
1.003189815926304419e-03 2.692086124398779257e-03 2.846956955466498768e-03 2.097125753712028150e-03 7.287266024494547592e-04 3.125349505479041684e-04 2.736844773914981900e-04 3.939179607628837229e-04 5.939161967036404605e-04 6.742291046455977819e-04
1.046623313882525871e-03 1.383423575377037192e-03 1.321034471010630899e-03 1.130937082924446434e-03 8.337007019392038551e-04 1.065228970794181466e-03 9.496681022132621346e-04 8.728286223402278261e-04 5.863884173171553032e-04 1.129584488274140187e-03
2.062940653300205957e-04 2.000726078787178259e-04 3.803220114219153293e-04 6.804299003965508024e-04 1.562466083845256461e-03 2.768418348763270788e-03 3.234607120986983473e-03 2.900341824978835536e-03 1.427831637163786208e-03 5.435164095394267496e-04
1.922195973114959025e-04 1.593847745052774211e-04 1.286205875059550708e-04 1.735993048614004226e-04 6.396197467762518556e-04 3.369320867846203622e-03 4.492956030502395955e-03 5.106502675331529156e-03 2.445715099184032296e-03 7.428942958243789016e-04
8.306686482765605894e-03 3.753697725737991254e-03 1.108232708298705505e-03 2.797612841433150038e-04 1.027896137503689491e-04 1.117569542810709717e-04 1.346089205174248000e-04 4.087097551631943939e-04 1.877271747651931702e-03 3.886800658429729726e-03
6.535480543447787834e-04 1.231865400731832656e-03 1.596587987617406916e-03 1.974848065690198908e-03 2.159136032907142157e-03 1.868717766901448803e-03 8.828459755771903700e-04 5.337836132134551881e-04 3.540116758292913431e-04 4.412129489326498144e-04
9.560160221754129438e-04 1.574914056808164251e-03 1.700311793609431132e-03 1.529369088474354836e-03 1.260344836694191843e-03 1.335691546302969187e-03 7.100386403615003379e-04 5.531929420382685576e-04 6.277395851153569784e-04 6.735908591441016257e-04
8.729280727511862887e-04 4.031710207289405023e-04 2.483056104576734403e-04 2.778516162475018329e-04 8.790600077277397565e-04 6.556287730251496478e-04 1.097998836107124928e-03 2.001733122755744703e-03 1.985069850173415938e-03 1.931378969217245611e-03
6.594612899827618363e-04 2.494986367935578416e-04 1.318509612953230263e-04 1.759820720199346768e-04 4.382525314018970728e-04 6.654852521871532697e-04 1.094495723684165995e-03 1.808746584755918131e-03 3.631460675263856967e-03 2.808686112309074275e-03
1.605526059266945216e-03 3.746986437027224198e-03 2.373448566128539671e-03 1.322203839166841578e-03 6.885540068066115568e-04 3.564307911885422815e-04 3.607265165951366922e-04 3.844926396103167006e-04 6.099082126232923881e-04 1.019724593443195691e-03
1.810978966123199217e-03 7.453913034035046644e-04 4.840189352037260512e-04 2.572277407058587992e-04 2.685195738301643159e-04 3.683412404820064355e-04 7.094292476184314291e-04 1.736695283380198553e-03 4.009660302275471107e-03 3.825208590003742557e-03
4.890172960126414926e-04 4.342381355908721198e-04 6.563231398023752945e-04 1.284124945685613788e-03 2.251208055501022817e-03 1.702672840783781916e-03 1.230128871768940927e-03 6.696884563680212702e-04 7.137356156736490622e-04 6.926101478184686988e-04
