1.256705513712610134e-01 1.747873127890608169e-01 1.233020780180248133e-01 1.711760916798409637e-01 9.968857395810197530e-02 2.132572273218422965e-01 1.063673390849398243e-01 2.093463343708023006e-01 1.312843388425472269e-01 1.349075936845058332e-01 1.360822876786698110e-01 1.268815942508845496e-01
1.645165280593695600e-01 1.150708219168061347e-01 1.981448195870150475e-01 6.948992805439140052e-02 2.489604756311106504e-01 1.619244561472043542e-01 6.775179174694125062e-02 1.989510103561590859e-01 1.183420578413905966e-01 1.732608132726045358e-01 1.511737812349613352e-01 1.225155934836243410e-01
1.416495802121772729e-01 1.044701803561928488e-01 1.488957857962152354e-01 1.155906069613776843e-01 1.389530011656310571e-01 1.992265516661950175e-01 1.435256773719056356e-01 1.423163994851268377e-01 1.564761136883285053e-01 1.524476052370333234e-01 1.231217432209674584e-01 1.699925025798069700e-01
1.012283441018390906e-01 2.043591730993266076e-01 7.748345547736516792e-02 2.154318461572792831e-01 8.781674509673341456e-02 2.201242265708877321e-01 1.380471158689132172e-01 1.090660363851638920e-01 1.735730377490474485e-01 1.821943731712916126e-01 1.133807179923618930e-01 1.595229146184587443e-01
1.507539170752576208e-01 1.450203841751775136e-01 1.850497925203482830e-01 1.407100495386361672e-01 1.212253209209285948e-01 1.104754181171856420e-01 1.135189259178350368e-01 2.180854728306845236e-01 1.509754601468766833e-01 7.471355942462445943e-02 2.467828754083701837e-01 1.146271698120113480e-01
2.453149118285734842e-01 1.148477829328530680e-01 1.432116038066224006e-01 1.897150242910118911e-01 1.600656424909008002e-01 1.246020012699628338e-01 1.217106879087910681e-01 8.543901301818682126e-02 1.189261627501388696e-01 2.368389133461367702e-01 8.080182340877477276e-02 1.597872908695679162e-01
9.464376270655158740e-02 1.911990262477828995e-01 1.459733483463110659e-01 1.820325497129189896e-01 1.279408002693101787e-01 1.611954670244387378e-01 8.720105482630464977e-02 1.331989291676210774e-01 1.249186976424880718e-01 2.108057915731509913e-01 1.437376338567570855e-01 1.508680765092389187e-01
1.592849518518164031e-01 1.608472284505020056e-01 1.210188646216789204e-01 1.215114153343024028e-01 1.262268823500777570e-01 1.157271451696904874e-01 1.374806061381740607e-01 2.331650233414529205e-01 1.796294675415575359e-01 1.513736084591557896e-01 1.262603411480248405e-01 1.139511877939170664e-01
1.665260197475711135e-01 1.594619871951246659e-01 1.578812383815561826e-01 6.437163362761048890e-02 1.441591200757834645e-01 1.370697567883063239e-01 2.576468873948291605e-01 1.162598604243404582e-01 1.410555831570742547e-01 9.885258936787653938e-02 1.446916459041969194e-01 1.829826658633068592e-01
1.717557898335849154e-01 1.767602784380000736e-01 1.465013506692028344e-01 1.588846469259083682e-01 1.008865212244811072e-01 1.671542636974483187e-01 1.049371793632454808e-01 1.351489356812201892e-01 2.301195505525805429e-01 8.127713666293860661e-02 1.953001363984614991e-01 9.867549326784198771e-02
8.207241808209947420e-02 1.560531552758626372e-01 1.203561004710224508e-01 1.342106406715187494e-01 1.720835467488059378e-01 1.369007382613728896e-01 2.156812956173738693e-01 1.050592507281196825e-01 1.866528323366488662e-01 1.136212063740751205e-01 8.778740776348534225e-02 2.753357612901535245e-01
8.028965789550099319e-02 8.975531124505749248e-02 1.594253583903039173e-01 8.731596668372636205e-02 3.501894055934937633e-01 1.128774166288149805e-01 1.664757391330555225e-01 1.505517034402122090e-01 1.580064861669406573e-01 1.591024965960359805e-01 1.032497011264326969e-01 1.967905999247107907e-01
1.595320983163802941e-01 1.329488588168595831e-01 9.574008256027194408e-02 1.722673046909890260e-01 1.425601848223504164e-01 2.021377943404682465e-01 1.915180306711503078e-01 1.302318037466383971e-01 1.623867542956618504e-01 9.847695966269309764e-02 2.186199147863686354e-01 6.630584852590853950e-02
1.847605504986013780e-01 1.330957252395770507e-01 1.982713196138035094e-01 8.344656107210564333e-02 8.363087223486069532e-02 2.341894050805773675e-01 7.078550339732628260e-02 1.194321662657777949e-01 2.088525810322492127e-01 1.512499670085816206e-01 1.854775352861523785e-01 1.351071744526674279e-01
1.169646336980767198e-01 1.751953923891586273e-01 1.313034589329586388e-01 9.260413759795185773e-02 1.674282159211110399e-01 1.840306077715606892e-01 1.403698810813638342e-01 1.989263978908186736e-01 1.350967948725667611e-01 1.180872634501836799e-01 1.323133048055961658e-01 1.522679994050823160e-01
1.017000827771841476e-01 1.728256534489307772e-01 1.375224253464217561e-01 1.194463655995889884e-01 2.277596032766749934e-01 1.063241829815088080e-01 1.993372151867791042e-01 9.787431139949318015e-02 1.426749703121898416e-01 1.434811776633805880e-01 9.903325471857374329e-02 2.215202014370328543e-01
1.739064395258319018e-01 6.981769168061414954e-02 1.490359937596401896e-01 2.014017765233988566e-01 8.026510364952381404e-02 2.681224012409751944e-01 1.092777087906589006e-01 1.675689268732260817e-01 8.692287133816531397e-02 1.984928395998087625e-01 1.803129137552457462e-01 1.150862009817188586e-01
1.654878340089969979e-01 1.206785970380458706e-01 1.287483794951788663e-01 1.204169651604444780e-01 1.194677495679594692e-01 1.288086440032996105e-01 2.160197152677455490e-01 1.684202326771174485e-01 1.748784361320848968e-01 1.263769770434225170e-01 1.677868896251426822e-01 1.077601442278016963e-01
1.339011833046061251e-01 1.922045199973538010e-01 1.229206507200375359e-01 2.428788558270587039e-01 1.073854467992828576e-01 5.937642748109318858e-02 1.977822457512084797e-01 8.982063951672281110e-02 1.375033428703595906e-01 2.295021693310004829e-01 4.434014139930080034e-02 2.979751834565564361e-01
1.358148830978690991e-01 1.584616319025028419e-01 7.742096027551204074e-02 1.662684687118292370e-01 1.025985001187143530e-01 2.291407379390011934e-01 1.193116880542176433e-01 1.645731292453444516e-01 1.252968297603122561e-01 1.217882888152559823e-01 1.950668322342023475e-01 1.658187407747041542e-01
1.654197447713089408e-01 1.316491201825937540e-01 1.591825425613102307e-01 2.492301422222802099e-01 1.067047025558074541e-01 1.341084229662806437e-01 1.557067248465486275e-01 1.055082862788285919e-01 1.725796261604562731e-01 1.388950149622316388e-01 9.487900970149910906e-02 1.424045099142286497e-01
1.366573202431557443e-01 1.490406009137272003e-01 1.014326444515592923e-01 1.811478146651407384e-01 1.060464730441020992e-01 2.358171262917049538e-01 1.025103016712059500e-01 1.240989712339380796e-01 1.418651378790613815e-01 2.051864333539325513e-01 2.055929261831853094e-01 8.440994458093710462e-02
1.313093793218307326e-01 7.076556288946383999e-02 9.140289257469434714e-02 2.535832098275795921e-01 1.274189621161358754e-01 1.779266426910502963e-01 1.910947152367101498e-01 1.529697442099484384e-01 1.149257405219786116e-01 9.894141377806738025e-02 2.081688296352170175e-01 1.646948624160779195e-01
1.617609049555727430e-01 1.991262166240508613e-01 1.203486121501974593e-01 8.081328249479861892e-02 1.934225378325428457e-01 1.182864807896574777e-01 8.596437093887648873e-02 1.981026241380481057e-01 1.295756560712631733e-01 1.520371042816743290e-01 1.510822817943559826e-01 1.708961852296473627e-01
1.851717641442858220e-01 1.121794999719370189e-01 1.028917151419991294e-01 2.500249888834207845e-01 1.702611551533528556e-01 9.552413324400799155e-02 2.063938995530372744e-01 8.287203598452480557e-02 1.647215545906919876e-01 1.346929223674384057e-01 2.124743720036627870e-01 7.718489452654048177e-02
1.103853016171831986e-01 1.184807829716731653e-01 1.491558693824907855e-01 1.610958198536981412e-01 1.168708716628248517e-01 1.279372870101256054e-01 1.511821489873505509e-01 1.838998496989621145e-01 1.731724363209320716e-01 1.538194475112418524e-01 1.517585359272386192e-01 1.369710993084587991e-01
1.245473372109308918e-01 1.093112491940533421e-01 1.391810487646141237e-01 1.797192132608864956e-01 1.082019534355534024e-01 2.082112231606652042e-01 1.131907046221957425e-01 1.662627331615081083e-01 1.905483704405825096e-01 1.100402823157879406e-01 1.564507893645764591e-01 1.433206518860614120e-01
1.276585807289121743e-01 1.769662587008470900e-01 1.341025937436782223e-01 1.395112690715391290e-01 1.754167087857360086e-01 1.188033515187876671e-01 1.575613234978217314e-01 1.304671614123358581e-01 2.438406340998096333e-01 9.945522933815452438e-02 8.923774582926423393e-02 1.649185165667316766e-01
1.885605940319078633e-01 1.416058679457830038e-01 1.700630560968189320e-01 1.335261710735466678e-01 1.764884132774825476e-01 1.274252127583106464e-01 1.303940098849680207e-01 1.208332557969934162e-01 1.323559556901564294e-01 2.025596217555394318e-01 1.041296945162564769e-01 1.158668898118026674e-01
1.977905238735444826e-01 1.415292321052734892e-01 1.665837875982421612e-01 1.664418381549236658e-01 1.244150949989396709e-01 2.240714229467307417e-01 1.322218336920993886e-01 9.620250113761251443e-02 1.074849486037020713e-01 1.050703835523136426e-01 1.239204037357866522e-01 1.693103806015875956e-01
1.118869294593413111e-01 1.626271956913871164e-01 1.360552595870576920e-01 1.758982838142052196e-01 1.900609644134244602e-01 1.460579937984396171e-01 1.171506679322589228e-01 1.135593828668208655e-01 2.884948566349747057e-01 8.274553943763368613e-02 1.279610110956493352e-01 1.229443987586592013e-01
1.596609927341413326e-01 7.307354479315862628e-02 2.005041150748154977e-01 1.611553175153274675e-01 1.594025205964068603e-01 2.066362353397574458e-01 1.227949645780620352e-01 1.849686111345140715e-01 1.042983747548445750e-01 1.607873079613201250e-01 1.123307568834958914e-01 1.163830142373631221e-01
1.732200566193921876e-01 1.457922407472384829e-01 1.108994641079996263e-01 1.250389007844286970e-01 1.628545569598151277e-01 1.569505177536552332e-01 1.206315913051071026e-01 1.414124607879312934e-01 1.282994473407179370e-01 1.331970454363760048e-01 1.961808351631244562e-01 1.412194073860273957e-01
1.564607796554915720e-01 1.193988249475652075e-01 8.999239648081762410e-02 2.324835397800372461e-01 1.042901657782995817e-01 1.888858410005145594e-01 1.387692403278369402e-01 1.624129678187220815e-01 1.453040998143676765e-01 9.280630137139084246e-02 1.831911874956325681e-01 1.473079841769096288e-01
9.840245163080632573e-02 2.025504654597866661e-01 1.135376026232170488e-01 8.271310238278196947e-02 1.389463846942271263e-01 1.480394698731644365e-01 1.474437886353896221e-01 2.189074979346769256e-01 1.153766060543604810e-01 1.544568477172457155e-01 1.072228170525357654e-01 2.490699054022143810e-01
1.644338493157891101e-01 1.034742733191261893e-01 2.425576301407171564e-01 9.364666963455882398e-02 1.235111966352417101e-01 1.646723125388296904e-01 2.151129638907308406e-01 1.591791031284882085e-01 1.546329919011891207e-01 1.491092100359021067e-01 5.485506846477044424e-02 1.571572800797852998e-01
1.278410408446163660e-01 9.873581204023619551e-02 2.442620952736376527e-01 6.651989457272113049e-02 1.586419563600253713e-01 2.027372692278804067e-01 1.369642789538518535e-01 1.649372884438554676e-01 1.844565083442369913e-01 1.858469527373424190e-01 6.851471571648713732e-02 1.497889875788680769e-01
1.573849932858784051e-01 1.465011730165404757e-01 1.018012880256621705e-01 2.224485468416058098e-01 1.710136159895740138e-01 1.375992563221673237e-01 1.092745702987682338e-01 2.377463240141299561e-01 7.446580309938875819e-02 1.372826887308588040e-01 1.600386465006595205e-01 1.156115290005775287e-01
2.196729669694745257e-01 1.191571360485756820e-01 1.827317530227540454e-01 1.305335123715677947e-01 7.826909089473602088e-02 2.188716855609014744e-01 8.255287076113380917e-02 1.334255148787771295e-01 2.070732761505316433e-01 9.906061325403676954e-02 1.106800624140995282e-01 2.055897411838552014e-01
1.093295216189210939e-01 2.163772997494693984e-01 1.378533616653206673e-01 1.133872521993015553e-01 2.288384103781490875e-01 6.095490056283807412e-02 1.762120560733160812e-01 1.509556823449992868e-01 1.159224681446014843e-01 2.088291422011670784e-01 1.159265959119982481e-01 1.455249596852875582e-01
1.644812126472496860e-01 8.560123905791815202e-02 1.591619360029522534e-01 2.719138672180440031e-01 7.693304444409658494e-02 1.909217653565301320e-01 1.811047374485403316e-01 1.274344461943148765e-01 1.464161890014240019e-01 1.078166077135609968e-01 1.549830521621166357e-01 1.150734576251670332e-01
1.436531508356233555e-01 9.820760255229400715e-02 1.112452475142683417e-01 1.995672331045046932e-01 9.669680115551938793e-02 1.854458728824794345e-01 1.127958970205307360e-01 1.574048939654804635e-01 9.694304193551864235e-02 2.598532748939006987e-01 1.086088199953521988e-01 2.133777872146146448e-01
2.505218952564188806e-01 1.135146933928453117e-01 1.691616745253522180e-01 1.292709245350073533e-01 1.586704767268051763e-01 1.246887787407740256e-01 1.816905301903115888e-01 1.223387193874034690e-01 1.051158852244645642e-01 2.003973833826092621e-01 9.491399293079150201e-02 1.150392502377763776e-01
1.483426183001547438e-01 1.694658284605559395e-01 1.274698892110609216e-01 1.668960302237784687e-01 9.211776329392501461e-02 1.714215465649189529e-01 1.191304276042711024e-01 8.029796583145097644e-02 2.437583221267150546e-01 1.140798739984595633e-01 1.632182479877523629e-01 1.684183956360858492e-01
1.713471845687707662e-01 1.473503742771620217e-01 1.508904923904947903e-01 1.266641136099746490e-01 1.414760811901194792e-01 1.362082934733798989e-01 7.596617458161214476e-02 1.922825027576893497e-01 1.661929949187542499e-01 2.085826505738353209e-01 1.073210273763834655e-01 1.291716618711878373e-01
1.756988809285335573e-01 8.448434341280269821e-02 1.373707748973041765e-01 1.789977699664077049e-01 1.113942137909594010e-01 2.347875490802648069e-01 1.724698217015582513e-01 1.240115307311421694e-01 1.764421559748041157e-01 1.618221590898824558e-01 1.091638959478737625e-01 9.787452442119019824e-02
1.049403007164434742e-01 1.242541652551973214e-01 1.543295870064299580e-01 1.861232003931690138e-01 1.403422051293750361e-01 1.666882293676019144e-01 1.174449087918394696e-01 1.158802851979471166e-01 1.668472314586634808e-01 1.153912084906811020e-01 1.747744016205525219e-01 1.745488339417574364e-01
1.085298514090291405e-01 2.762315668195369223e-01 7.756069373405254097e-02 2.227625861262687024e-01 1.511053931992848154e-01 1.941266610678746563e-01 1.050552475153461729e-01 1.622944090633000602e-01 1.377572845046754757e-01 1.794175379731187958e-01 9.309119430370832449e-02 8.996541318362967499e-02
1.471743916224071136e-01 9.452017002638363197e-02 1.346996904925354399e-01 1.697609282759366400e-01 1.313109099303496896e-01 1.478290022236024570e-01 1.033229650496935714e-01 1.196486138453438097e-01 2.232154298079494226e-01 1.537078941857743242e-01 1.402466273583541922e-01 1.835738033670469282e-01
1.341104174882063182e-01 9.608059111943059727e-02 1.419736286175052875e-01 1.418079150991947146e-01 2.341956417079963659e-01 8.947950293950995837e-02 1.413489972920098647e-01 1.990457786890159342e-01 2.169161383834147805e-01 1.195161030427180499e-01 1.431253288426550252e-01 1.098502841455320511e-01
1.493973094016528003e-01 9.907163115276361454e-02 1.169189692341919828e-01 2.490793010650607375e-01 1.755149641987977793e-01 7.864024922202310364e-02 1.202331336396352951e-01 2.479761204740831004e-01 8.437968775076679084e-02 2.614408164243544608e-01 1.052059828332922164e-01 1.235204945229119028e-01
1.514412455873025698e-01 1.518202714261526753e-01 9.879655510140593344e-02 1.850542840689056168e-01 1.133228251810966675e-01 1.671320201595532240e-01 1.982575959211317906e-01 8.188285825443238075e-02 1.478183426401623313e-01 1.427106929217323572e-01 2.108016586301917628e-01 1.105754717085450367e-01
1.478290208384979432e-01 1.020719421814640787e-01 1.543729957142791487e-01 1.311103748036424599e-01 2.044672691037420220e-01 9.850885967585219782e-02 1.765680144647351346e-01 1.505216040296519509e-01 1.368041155763090322e-01 1.182436576715431564e-01 1.523097345154493243e-01 1.719449541108137303e-01
1.116057508241002222e-01 1.267781821078919069e-01 1.882793911111201313e-01 1.384967293151249668e-01 1.719977266681696204e-01 1.384444670913865527e-01 1.157592163047969913e-01 1.884123734603786737e-01 8.941369925434103361e-02 1.616335571736725596e-01 1.033440662138288557e-01 2.249287113820217232e-01
8.973774274179621702e-02 1.497172954172859005e-01 1.387175248293303909e-01 1.571501837588629436e-01 1.612265257974754284e-01 1.852211649830040052e-01 1.622723119881621379e-01 1.186664703373140894e-01 8.575299890671227165e-02 2.088302624674089614e-01 1.200728150267141164e-01 1.784319187387945482e-01
1.017769574856472875e-01 2.698400024620172255e-01 9.553195081168733283e-02 8.309931313347540538e-02 2.089536573928225394e-01 1.099544636832016919e-01 1.595140693556763856e-01 1.631666005428871469e-01 1.445186780085358780e-01 1.286745873704464582e-01 1.197353403826593859e-01 1.980639904744853907e-01
1.094838624908649888e-01 1.660150510063236606e-01 8.308682255000396366e-02 1.786684763093942807e-01 1.322597019153700648e-01 3.024481767852059688e-01 9.763080526356224254e-02 2.222883033974346334e-01 1.378523757925068371e-01 5.615480202911257712e-02 1.855259378619493471e-01 1.419984396601018106e-01
1.607883180509841192e-01 1.441177437226220104e-01 1.801681797870194057e-01 1.334050041727123381e-01 1.511218202719044612e-01 1.065294788613601884e-01 7.839992051007713125e-02 1.963647357023874385e-01 1.669533246132556270e-01 1.520756029021074207e-01 1.385428234752373589e-01 1.382952560339388848e-01
2.080823275941267592e-01 1.615665298488056234e-01 1.517556436494293670e-01 8.059467188702741647e-02 2.813313756823412337e-01 6.372816248588214494e-02 1.449823979945885910e-01 2.041599160849561778e-01 1.577911624866168705e-01 1.756632767175848875e-01 1.006025056574804399e-01 7.904036808934811198e-02
1.496438119988212634e-01 1.249186095828373894e-01 2.328561919587742168e-01 1.028076351561342944e-01 1.387920082954048895e-01 8.489177215484433603e-02 1.716632499275924095e-01 1.517917687234824620e-01 1.310721610846830865e-01 1.968869952487035668e-01 1.159038874583159379e-01 1.567773759918857646e-01
1.011400266089236000e-01 1.222752042384944171e-01 1.545407682755981782e-01 1.145294992542216367e-01 1.814151499138469403e-01 1.967933740731347969e-01 1.198295398688635771e-01 1.157294006516171592e-01 1.155425955943223532e-01 2.489275501497826282e-01 1.376373938487518711e-01 1.514329941486461384e-01
1.176618424744410307e-01 1.997509459257902631e-01 1.487797829988258824e-01 1.233157560197271768e-01 1.436507725248239720e-01 1.362868703311418961e-01 1.245790481745482764e-01 1.561057400135387185e-01 1.369379237471127775e-01 1.208725715901290965e-01 1.469988780362516401e-01 1.813671755423383603e-01
1.088353306855900232e-01 1.193450714495430803e-01 1.996289183515312093e-01 1.695966475343347324e-01 1.243857798215681210e-01 1.276006800960804710e-01 9.006680756255219800e-02 1.447057432687249567e-01 1.700196612017902953e-01 2.219545145043566592e-01 1.107967736975798978e-01 1.703836193389152154e-01
1.490680213142912547e-01 2.353275034619030370e-01 1.045613508906979433e-01 6.798319711769497398e-02 1.257105985312626795e-01 1.289030178760114109e-01 2.220766957075850923e-01 1.713241908625581789e-01 2.641348376671747156e-01 9.457898786905061250e-02 1.539702862646284143e-01 8.586186594914914372e-02
2.003595109082972892e-01 1.539848277323880021e-01 1.195036846498997024e-01 1.542809145804541759e-01 1.058112085022719778e-01 1.667156372440614376e-01 9.363953197835321596e-02 1.260773884128792710e-01 1.746025410569622127e-01 2.034682251545595899e-01 9.938910268951614557e-02 1.570779299231440385e-01
1.866711788033605102e-01 1.429655620973032115e-01 1.178248702790009872e-01 1.513356511062896870e-01 1.523449537144514199e-01 1.600042458622179531e-01 1.812189909173334279e-01 1.201162793215215935e-01 1.010830436716165237e-01 2.098892342401873223e-01 1.093899183869445763e-01 1.156949742423758198e-01
1.324005760943047227e-01 1.502574535193966498e-01 1.169279268870720007e-01 1.315737912986941760e-01 2.060769937217781789e-01 1.376575378129265004e-01 1.034675343229647937e-01 1.332065242227375157e-01 1.081301394819558226e-01 1.489241794845716782e-01 1.709680587130851248e-01 2.075221454016940026e-01
1.046203379148826496e-01 1.407469629638467834e-01 1.352833388891405975e-01 1.765226158372313059e-01 1.544349104560312214e-01 1.772836687211608309e-01 1.526850564486855744e-01 1.374639245042660052e-01 1.921772751535893997e-01 1.469017278339399823e-01 1.381377855397487031e-01 8.688326216938954683e-02
1.341570503649405222e-01 2.539100147420426112e-01 9.748504353661253952e-02 1.241516098716838462e-01 1.421863420393289223e-01 1.218616305065294836e-01 1.696378016560009527e-01 9.123088304356320732e-02 1.371014208402168144e-01 1.285461686405428017e-01 1.581838632744019812e-01 2.051795730787856487e-01
1.239410421020932657e-01 1.430953328251144130e-01 1.293015405938471030e-01 1.425327792215332345e-01 1.456416584768861766e-01 1.320466101943388593e-01 1.923591254048760690e-01 1.582525798226774028e-01 1.522056091413179768e-01 1.528548226956889522e-01 1.396711891144188644e-01 1.190892164420874616e-01
2.056732383931065000e-01 1.525406022338109402e-01 1.554047179111174570e-01 4.886017002445058877e-02 8.091401750960904027e-02 2.085928816835356525e-01 1.890547527953982954e-01 1.633153658313472589e-01 1.488485409621214395e-01 1.721465788001394770e-01 1.512949569201280098e-01 1.070341057903846649e-01
1.599246431407957691e-01 1.720054915816537078e-01 7.627010086265152700e-02 1.177153808016028619e-01 1.665204745372660111e-01 1.758656237457968396e-01 1.325023361143002065e-01 1.552610119532901178e-01 1.480046040972976540e-01 1.573079893522939809e-01 1.203081313471932173e-01 1.627371061414979447e-01
1.103134531245334310e-01 1.068546378367434546e-01 2.008348206307036254e-01 9.327539600004125520e-02 1.452631593785882469e-01 1.321761389459948366e-01 1.583035226898149017e-01 2.155324606119799757e-01 1.052172047959642753e-01 1.930522488460684472e-01 1.181757991519611362e-01 1.825862235655887900e-01
1.321576060471103264e-01 1.483418333688259483e-01 1.812989188752184566e-01 7.180288800723658160e-02 2.256178529133641142e-01 8.381370634956814003e-02 1.767320875793457757e-01 1.166251411212908817e-01 1.737884841691610949e-01 1.800055019087955233e-01 1.114408155102286774e-01 1.702503434606983668e-01
1.430692655604235419e-01 2.249568353118644448e-01 1.782875092744831691e-01 6.920888277999392990e-02 1.447402893997934981e-01 2.418766950254502557e-01 9.349156875165831604e-02 1.364553065169354928e-01 1.175378633373275195e-01 1.809581658786169334e-01 7.439183326064605084e-02 1.890171156556050280e-01
1.528593580209571534e-01 1.251427659464209585e-01 1.558917632582538515e-01 1.180447060329090081e-01 1.307386873436895414e-01 1.663231535043761256e-01 1.106282332253800127e-01 1.610336574159193512e-01 1.693711252092910680e-01 1.878464361666686566e-01 1.692328296637887752e-01 9.481539542806441401e-02
9.585299707743270836e-02 2.314263130894515241e-01 6.851268845101687877e-02 1.301815741864016662e-01 1.126679253837721689e-01 1.201997549007338822e-01 2.329481318751841223e-01 1.630217178189709293e-01 1.893049208002968720e-01 1.664843521477066823e-01 1.109082375312671759e-01 1.596632022096883818e-01
2.244049403227904860e-01 1.089354075894865964e-01 1.535717930965810052e-01 1.719050011827095992e-01 1.121441151750593168e-01 2.975780074756143589e-01 7.952546593690312804e-02 2.175759337417114969e-01 7.284431268284430327e-02 9.265573502187794686e-02 2.374946966542574311e-01 7.131660493279511071e-02
8.029360396723415894e-02 1.063557168830474159e-01 1.722675476108723736e-01 1.789741334921348681e-01 1.599606762154461570e-01 1.551250097204025513e-01 2.134581444281331009e-01 1.040051174442441217e-01 9.210758716709341321e-02 1.296133615693888519e-01 1.654041513584872392e-01 2.101410481281629217e-01
9.744348643980217661e-02 1.435188533386720922e-01 1.326868453381039314e-01 1.341698243223819753e-01 2.083571448106699420e-01 1.228214208854734035e-01 1.570087199434669623e-01 1.298842728343788111e-01 2.071040478882142100e-01 1.225185687221813507e-01 1.305583302521318712e-01 1.598878050462376188e-01
2.723864383775873033e-01 1.584453862427021575e-01 1.852251247290072345e-01 8.065873013974096672e-02 1.332962899762624165e-01 1.095759228893212062e-01 1.261574618400163050e-01 1.911218147362299946e-01 1.176821435464884547e-01 1.298886242433450466e-01 2.016259863596817914e-01 8.083223020314123097e-02
1.497620741773523501e-01 1.445177804393040222e-01 1.033186752016064802e-01 1.889147222640969459e-01 8.450468958653530038e-02 2.070072183076863692e-01 8.327732861722104973e-02 1.136312138717582437e-01 1.746588040790207352e-01 1.988203980701852280e-01 1.145346135147523869e-01 2.123499331154056480e-01
2.107208362556214076e-01 1.349779514738891073e-01 1.606457783970862974e-01 1.514729079279167057e-01 6.910879448936427250e-02 1.931416679236165890e-01 1.054679716035358678e-01 1.469942423171764212e-01 1.909708942858245606e-01 7.422094250488225908e-02 2.421613746192233241e-01 1.085695019000867262e-01
1.259688583350623559e-01 1.203308040588856043e-01 1.354576220460029234e-01 1.462224708354409874e-01 1.196907346746897277e-01 1.965002981923616165e-01 1.115549726724203577e-01 1.407639556793919833e-01 1.481902826779553650e-01 2.101402245102182431e-01 1.805349197743351397e-01 1.106607890670562588e-01
1.598102470914846696e-01 1.368267011478851991e-01 1.702166513343792154e-01 1.445697158671554183e-01 1.086578106374757879e-01 2.108404410828669528e-01 1.632754105102381115e-01 1.168994986607161807e-01 1.061454212932726182e-01 1.136619649347953148e-01 1.985006219453002152e-01 1.200516467684686894e-01
6.412928710864214399e-02 1.148372046800493484e-01 1.580737650658508298e-01 1.398474317397743472e-01 1.729770017587883568e-01 8.525738304581613469e-02 2.411617184637839528e-01 1.414298946023669901e-01 1.643321670198459317e-01 2.003844037341955819e-01 1.476709242698087954e-01 1.433616507499925474e-01
1.036562122872864561e-01 2.281230035042025872e-01 1.440583765080139800e-01 1.428245538358847155e-01 1.788059875291919121e-01 1.661213729006427720e-01 1.371318089815226071e-01 1.126543227175548223e-01 1.696386555888279024e-01 8.786702064432856674e-02 1.179940913469248454e-01 1.661328227661596491e-01
6.809060444431443149e-02 9.723226019846005486e-02 2.907920823754942541e-01 1.282649712786126661e-01 1.985006218089105101e-01 1.179636266690043955e-01 8.755824621350731529e-02 1.285776908249898487e-01 2.123373182709749063e-01 1.648867300997092222e-01 1.174454881695655289e-01 1.910570574829258961e-01
9.531400687272104100e-02 1.635180505797820816e-01 2.010443823265597729e-01 1.240284614908716276e-01 2.492394268698348014e-01 1.113217191962834474e-01 1.355935533020649064e-01 1.082631886305299579e-01 1.803834126435642782e-01 1.725140696148573238e-01 8.169989624152569629e-02 1.490548843229509146e-01
1.056458569512688239e-01 1.394072860799654423e-01 1.462183856894894163e-01 1.378942231108826744e-01 2.324023775087103727e-01 1.546287188581187688e-01 1.263179203464696587e-01 1.503124482786246108e-01 1.678412649688019453e-01 1.311294095162131301e-01 8.447424524965606307e-02 1.760312147919106396e-01
1.939308292653610932e-01 1.084930329993033515e-01 2.247063212278791466e-01 1.641924835585053533e-01 1.104026338578116689e-01 1.410076638641022950e-01 1.354686888620018070e-01 6.528999431786924879e-02 1.139887734466091262e-01 1.977473084860343067e-01 1.282890774494597208e-01 1.891143267414236162e-01
1.276248337662603538e-01 1.397295322653281657e-01 1.458121142665060876e-01 2.165783178164537581e-01 9.590234503554853629e-02 1.072310470793804288e-01 1.260217379302420726e-01 2.013029971021318421e-01 1.409631762745937322e-01 1.628459144647001755e-01 9.754332346745495097e-02 1.968577516079942080e-01
1.969125503867420190e-01 1.220162781111148731e-01 1.199148753142868090e-01 1.627655835009460539e-01 9.330026159708393330e-02 2.005196382077321371e-01 1.839012376429584872e-01 1.771196658974060756e-01 1.371048653101771819e-01 1.171582823301886983e-01 8.078717825993547708e-02 1.693590506194486700e-01
1.183460075366784131e-01 1.020503055466910752e-01 1.222719840754568355e-01 1.989543901906298817e-01 1.509954355223341593e-01 8.417742927057422775e-02 1.614075677869127867e-01 1.885918126970373698e-01 1.424448544591143118e-01 2.054002604564855172e-01 1.037202886028241455e-01 1.829209706261256396e-01
2.157976345832171294e-01 1.077078659733842481e-01 1.210242007895544619e-01 1.601882885134985057e-01 1.431258914144052652e-01 1.386783631375967385e-01 1.405458198584081386e-01 1.018228516301521447e-01 1.806280619343805793e-01 1.040024904537274336e-01 1.792343541383651095e-01 1.568047310144055351e-01
2.171804478130283378e-01 1.179916449645156407e-01 1.765093560138787654e-01 1.035591784360953976e-01 1.512358239775607738e-01 1.641279573930337354e-01 1.218281470851735188e-01 2.192021015091366598e-01 1.375035549357853659e-01 1.070822479527893806e-01 1.323027737751588384e-01 1.083167835609025326e-01
8.601121917920839799e-02 1.827855476826439063e-01 1.076490222930734653e-01 1.833647821345524564e-01 8.215630808887437742e-02 1.744232436289379629e-01 1.740645487005274550e-01 1.713569632248183594e-01 9.777884241395826126e-02 9.530583376449244803e-02 1.752289286848922323e-01 2.581350857640818952e-01
1.324651679465922161e-01 1.930366971127011888e-01 1.121109998338747915e-01 1.875888603614630779e-01 1.459227642872597819e-01 1.383519995764486976e-01 1.775215562753757192e-01 7.143029701809956722e-02 1.551631091250416372e-01 8.926835002787945894e-02 1.928157558040375918e-01 1.667512874353460350e-01
3.849128675599122196e-01 1.212619829341877731e-01 1.298406576850808791e-01 1.523702638941915044e-01 1.907608844426494366e-01 1.433627263246243233e-01 1.404133688984156025e-01 1.350294144216761527e-01 1.454036188667097718e-01 1.296148470439715816e-01 1.039393557791581241e-01 5.031301714391883673e-02
1.042072356570732106e-01 1.556422675920697829e-01 1.420803030757304686e-01 1.737307713305696055e-01 1.682245101568657364e-01 1.420046503538768268e-01 1.169053186790560417e-01 1.298640437371335055e-01 1.908771858713545766e-01 8.980284895691852121e-02 1.310900604988491369e-01 2.054936995353573159e-01
