3.923792818114221204e-01 4.550249736248270227e-01 3.889317254772244326e-01 4.511242530593239097e-01 3.528081729038692327e-01 4.963533872548088199e-01 3.637744619270680824e-01 4.925788181946402222e-01 4.005326262246375335e-01 4.057226686122991088e-01 4.063015215334319641e-01 3.944681093764652591e-01
4.431386023822482811e-01 3.769241351876289059e-01 4.808552162775976413e-01 2.985342201641393300e-01 5.314716466521605120e-01 4.418199570708845059e-01 2.952553781644463027e-01 4.813234630128487845e-01 3.820003311269341562e-01 4.534790230358224372e-01 4.269284171650127302e-01 3.882696097602896801e-01
4.144770297084466870e-01 3.607708740429935723e-01 4.232439712247594299e-01 3.778647422939168665e-01 4.111530750983416471e-01 4.815616176435755791e-01 4.168813846894346420e-01 4.152611451116162145e-01 4.327784285096067940e-01 4.280032977597405530e-01 3.889439570060733153e-01 4.490604769115027484e-01
3.553937653147161146e-01 4.877950167874690046e-01 3.135342010170731886e-01 4.989595167292434352e-01 3.329463262188701589e-01 5.037284157349322111e-01 4.100144264290019880e-01 3.690374380021086975e-01 4.531721413222575823e-01 4.634679495406860417e-01 3.743940013752291573e-01 4.375568015283975987e-01
4.266932662111737606e-01 4.185853036260323012e-01 4.666214865107276566e-01 4.131795493006157338e-01 3.862694099972417416e-01 3.699200122288294201e-01 3.756777570541852684e-01 5.009445042033746631e-01 4.281862853456821494e-01 3.090589407161069002e-01 5.284828883555710011e-01 3.763805964504584600e-01
5.271569342316012596e-01 3.773890020535752843e-01 4.167910149336568337e-01 4.713267416529366982e-01 4.377235952661530094e-01 3.910701090814707737e-01 3.868555349859739145e-01 3.294090873659644148e-01 3.838781528490043948e-01 5.191040037052139233e-01 3.208075090945533003e-01 4.384883147798961933e-01
3.443615909264912123e-01 4.733672749751423048e-01 4.197503897616163826e-01 4.635930815757242640e-01 3.955512067328843528e-01 4.392588744679284396e-01 3.312464646238507116e-01 4.038316546785692962e-01 3.914545511655672105e-01 4.940222053571820537e-01 4.168692774169682203e-01 4.266934283181047505e-01
4.363631589565952762e-01 4.382804819166175592e-01 3.860402687750533746e-01 3.864228292500225814e-01 3.928920756018128291e-01 3.782470505955720652e-01 4.093839316077109158e-01 5.159969161908456448e-01 4.607107748305734329e-01 4.269483546273415975e-01 3.933663457775795624e-01 3.753478118702792132e-01
4.460231631442870270e-01 4.368085950431821463e-01 4.362478930670483646e-01 2.870361265038717247e-01 4.190534760140249837e-01 4.083292683790178956e-01 5.390219009832257768e-01 3.793282356206953976e-01 4.139254602406517436e-01 3.511910208747008877e-01 4.189634142337774758e-01 4.640714458955301769e-01
4.524016869080300096e-01 4.574528354130110719e-01 4.209104406005410581e-01 4.363169798266771093e-01 3.548808025508358721e-01 4.455578110608543474e-01 3.622774890893775690e-01 4.067145669287380860e-01 5.133667352863164890e-01 3.210608608289120536e-01 4.775617092137383057e-01 3.514980822929661963e-01
3.228122312653694537e-01 4.331865440292491098e-01 3.850892184652531802e-01 4.049465974388763434e-01 4.518817888866687449e-01 4.080656856761998297e-01 4.987488442667367683e-01 3.619222846200154109e-01 4.681532772005430054e-01 3.767022534491522578e-01 3.343750375093424432e-01 5.541162371925710817e-01
3.208637047562454825e-01 3.377984762167542954e-01 4.371118177730467513e-01 3.325894348108148213e-01 6.152542524692947712e-01 3.743327367614084356e-01 4.459010869008420697e-01 4.260739402905409090e-01 4.353705561708757221e-01 4.370046411049696711e-01 3.590177870267523552e-01 4.786815657184582129e-01
4.381605291436402316e-01 4.030477046008746345e-01 3.469668310093476093e-01 4.518537316796314984e-01 4.157981882740342527e-01 4.853101497636647110e-01 4.741508648306065332e-01 3.991757764134832853e-01 4.411455077871849761e-01 3.510002634814205491e-01 5.017002294948725849e-01 2.916902235212384120e-01
4.663584488087388902e-01 4.027087396759208016e-01 4.804893351867530193e-01 3.270074491742925860e-01 3.274572876514467712e-01 5.163222915265409663e-01 3.017317671197423112e-01 3.860409240646011653e-01 4.918492284991486385e-01 4.270504360337791239e-01 4.673849011919305463e-01 4.055991910671230549e-01
3.800322111886689225e-01 4.550538428294431670e-01 4.006192617373119935e-01 3.414808036648705469e-01 4.464735146703421309e-01 4.653684119579771794e-01 4.130885345221573801e-01 4.813971033542194800e-01 4.056772471263303537e-01 3.816488497314461936e-01 4.013950505542280833e-01 4.277651686629917460e-01
3.565038664923858014e-01 4.529501295360404134e-01 4.095623860686004036e-01 3.844200183152008399e-01 5.107664561734963637e-01 3.637110571676260840e-01 4.817448997409023437e-01 3.503545699650855161e-01 4.161891016917238506e-01 4.171879374849695177e-01 3.523743256234547205e-01 5.042352517405084278e-01
4.537438083961490287e-01 2.994069298740719698e-01 4.256758837297409115e-01 4.851179777754842659e-01 3.199271944823416369e-01 5.480975895407602660e-01 3.681476325770561830e-01 4.468276812065357095e-01 3.314530148463911141e-01 4.819398700803231295e-01 4.619596695130899766e-01 3.777027479780369901e-01
4.440236446094606437e-01 3.851902820969868024e-01 3.971110865237433840e-01 3.844310528737477917e-01 3.838509650758342717e-01 3.973537503255267778e-01 4.992228269692106646e-01 4.476527173758934053e-01 4.554650842718709347e-01 3.933922045425977121e-01 4.466951214663966718e-01 3.656112638687220029e-01
4.038092752062243940e-01 4.751707999616313072e-01 3.893773331548438521e-01 5.256150589759903680e-01 3.694214419278701866e-01 2.780677032418504835e-01 4.798137475787210837e-01 3.382736555109129295e-01 4.113535469096413211e-01 5.146058605823723431e-01 2.401843583294164808e-01 5.743072186205310237e-01
4.065472128383588735e-01 4.363803582077130372e-01 3.133735960079596095e-01 4.455328543176131362e-01 3.576961692685801664e-01 5.122731482640654477e-01 3.835817613522838343e-01 4.431023744233375528e-01 3.918904013047199708e-01 3.875889388821861514e-01 4.771534239287664736e-01 4.448797612044363414e-01
4.435762925696749015e-01 4.013391088396653927e-01 4.366997731750727474e-01 5.309052532414426651e-01 3.650955909841067104e-01 4.044316515514124744e-01 4.318810479694630278e-01 3.625977924430634491e-01 4.521115342191175945e-01 4.108797122893536602e-01 3.452170413098928359e-01 4.152652014077317100e-01
4.079104778495817873e-01 4.241158578865474871e-01 3.559972800455624697e-01 4.622538854911610873e-01 3.631901696970011306e-01 5.183033088959440038e-01 3.580443415632550419e-01 3.912278327759476371e-01 4.146494711060527139e-01 4.880550944930991397e-01 4.887618785073575278e-01 3.274904016885029634e-01
4.012062656452614062e-01 3.018151729046386622e-01 3.416056518321068936e-01 5.348612465252495785e-01 3.955912896156720260e-01 4.591024755141578928e-01 4.730981271605262384e-01 4.288203737471898425e-01 3.773615840673268940e-01 3.524181156157746297e-01 4.911168098205286880e-01 4.430028875515654718e-01
4.398510740695464882e-01 4.815520612333950012e-01 3.862339750223040546e-01 3.207366052095357301e-01 4.751756124475390308e-01 3.830927627205746311e-01 3.303359589709781163e-01 4.802243801702087422e-01 3.978118384956558229e-01 4.279053112408940374e-01 4.263249612816014666e-01 4.507554591377951336e-01
4.668313011461813211e-01 3.731261653755868490e-01 3.600872631189249717e-01 5.315034378433267648e-01 4.509561029643714969e-01 3.464270064900237811e-01 4.892918141474376648e-01 3.235239361602760266e-01 4.442695626913238938e-01 4.046657263411093663e-01 4.961028654593837572e-01 3.132148182620724253e-01
3.698292201521070077e-01 3.823234508066863380e-01 4.237927685786875287e-01 4.385613008179762851e-01 3.796669383918579443e-01 3.957023463161599697e-01 4.265272633538268465e-01 4.652533811903977745e-01 4.532063164912208952e-01 4.300668449007055139e-01 4.271448003673771199e-01 4.079253686329895046e-01
3.907981737140401313e-01 3.685762158978246328e-01 4.110666418906210873e-01 4.605472163948716724e-01 3.666740286996406084e-01 4.909659916680596536e-01 3.745852076046657375e-01 4.454507572310868468e-01 4.724655628281434483e-01 3.697576284952297510e-01 4.329420205935364807e-01 4.161705549823020434e-01
3.952589637668026956e-01 4.573268024992822589e-01 4.044728852520208529e-01 4.116335755802111862e-01 4.554980063400679846e-01 3.824389882082468439e-01 4.346330567108160903e-01 3.993124544892074912e-01 5.258149172649004832e-01 3.543715477264247626e-01 3.362383861727704648e-01 4.430004159892583226e-01
4.700566762843292334e-01 4.141902108847441699e-01 4.495764665831984419e-01 4.033518099903896648e-01 4.567184562170561457e-01 3.949087706003553966e-01 3.990084225391060668e-01 3.855746876206261331e-01 4.020306470130532439e-01 4.848473116267607019e-01 3.608570713360979565e-01 3.788794693042899508e-01
4.802597185680190783e-01 4.145793910837927143e-01 4.453447619723586715e-01 4.453559033312293747e-01 3.910993556360605750e-01 5.068548197175467562e-01 4.022361856966297777e-01 3.478124668150919252e-01 3.656736544951297851e-01 3.618765956836986764e-01 3.903628433031092748e-01 4.485443036972890374e-01
3.725054572080263027e-01 4.403633932964447495e-01 4.070260369210013662e-01 4.564906014875483864e-01 4.720477651718135714e-01 4.199728906992913346e-01 3.809643839925148656e-01 3.754619240070615760e-01 5.654382829491131357e-01 3.245676314577090604e-01 3.966740002355177985e-01 3.884876325739758940e-01
4.371732069321380143e-01 3.053951854465243865e-01 4.838751259967952745e-01 4.393575458541827405e-01 4.376173894117507124e-01 4.900439154773051920e-01 3.886823959413562846e-01 4.663539694977389960e-01 3.602648861560474036e-01 4.382215622976772251e-01 3.734956870198581358e-01 3.795191299686440090e-01
4.530657200103478943e-01 4.196143594116099051e-01 3.707525647609765107e-01 3.916439376416618323e-01 4.406293015746605701e-01 4.336698783515338662e-01 3.853045452664891624e-01 4.135995888637785667e-01 3.961041396603435238e-01 4.031839227556380800e-01 4.784595208071060757e-01 4.139725208958679459e-01
4.330280609104217859e-01 3.846223186019034346e-01 3.372963277647305635e-01 5.149736839724230464e-01 3.605288262789274056e-01 4.711158603807020784e-01 4.107485074215796450e-01 4.405486730218671210e-01 4.194770542872552355e-01 3.417301130215595339e-01 4.642838009276563094e-01 4.216467734109786702e-01
3.512479312483536287e-01 4.855725775950947565e-01 3.758975255758706391e-01 3.247192550859764881e-01 4.106057800559628768e-01 4.228709811991533951e-01 4.222643902561429852e-01 5.022423691189209505e-01 3.775312596747695260e-01 4.311534443091964430e-01 3.649990400888489250e-01 5.308954457916987835e-01
4.436204122188597276e-01 3.600047979060116976e-01 5.244832380500594748e-01 3.433132969549425040e-01 3.905244304901835939e-01 4.432094156543980867e-01 4.985632040545652233e-01 4.374970023304457500e-01 4.311693846242647399e-01 4.253975960976609239e-01 2.665445792462300401e-01 4.356726423723790154e-01
3.967778247677994363e-01 3.524140228934293795e-01 5.261412697911733716e-01 2.923298126978061129e-01 4.379727837267859969e-01 4.856520663491711298e-01 4.089554852857612000e-01 4.440194347776765804e-01 4.657363303868153892e-01 4.682208859643556820e-01 2.963731341541390174e-01 4.254069492050962520e-01
4.338328781920483546e-01 4.208823119118313416e-01 3.570239167879059594e-01 5.055718039148549003e-01 4.503041113771721338e-01 4.101107836369615178e-01 3.683553404866141134e-01 5.200290853895741527e-01 3.084547699651597474e-01 4.099211155179999233e-01 4.371696392162253697e-01 3.783442436036851264e-01
5.028890643319048337e-01 3.840152937123094690e-01 4.638687704520690347e-01 4.009202353500453397e-01 3.158499959468584750e-01 5.014662871682753487e-01 3.241099817853003162e-01 4.049917971867189603e-01 4.895967759501980154e-01 3.526567632461723445e-01 3.712919176844906577e-01 4.883431171856498221e-01
3.685720241602380431e-01 4.995778276406912521e-01 4.108397772720139285e-01 3.755031442113785367e-01 5.119265553851441997e-01 2.801050385338885729e-01 4.578620787675284909e-01 4.269855764745761340e-01 3.793807056577517267e-01 4.916726838184374282e-01 3.782484339623232161e-01 4.193261541160253625e-01
4.427781376728836538e-01 3.292544721735777280e-01 4.374973092161218435e-01 5.514234021720922918e-01 3.135495706521584380e-01 4.736303629131098925e-01 4.621239255268315138e-01 3.952466116835693932e-01 4.205697725353620409e-01 3.657671831419451181e-01 4.313441627227541098e-01 3.768150895895895358e-01
4.171395621584053082e-01 3.519405771299671248e-01 3.713917685982217054e-01 4.821794250550837657e-01 3.479695075515809588e-01 4.672984031465977628e-01 3.731585696003595354e-01 4.350633690915516327e-01 3.485038728062089808e-01 5.408134958212669208e-01 3.677116860473762516e-01 4.968297629933776105e-01
5.320661137327553636e-01 3.749836237110802939e-01 4.485295155055041838e-01 3.971938859806176669e-01 4.359262133325995103e-01 3.910588676008720510e-01 4.625067796673768550e-01 3.883865646314826892e-01 3.622583927158883332e-01 4.823438051780724045e-01 3.461017623225196571e-01 3.786444756212464791e-01
4.232711004626615869e-01 4.489865614381423065e-01 3.949106557843826137e-01 4.456292855270841957e-01 3.404047143124596664e-01 4.509936072903955595e-01 3.845213439398308397e-01 3.201839987349687222e-01 5.255946801494698617e-01 3.758627523117962221e-01 4.420010107177888004e-01 4.476402893310134079e-01
4.505373966181949186e-01 4.216015586390836622e-01 4.260079940411594657e-01 3.941066810988225200e-01 4.137629699444042020e-01 4.078018315762899082e-01 3.111488310165027027e-01 4.748411799776963149e-01 4.447744000842588918e-01 4.916528977624385899e-01 3.658232832927926781e-01 3.979409759483769626e-01
4.556020751218273768e-01 3.271910588811874909e-01 4.094811485843992127e-01 4.596264866812469485e-01 3.721981984004347210e-01 5.175133605524252500e-01 4.524436768257998898e-01 3.906632435307231810e-01 4.566063809261537987e-01 4.393398608609061506e-01 3.689720062453439309e-01 3.503625033895422236e-01
3.615838798997718095e-01 3.906280911137150480e-01 4.303516962399617785e-01 4.676867714720206459e-01 4.127252603922424434e-01 4.452832722612861116e-01 3.807996198958797929e-01 3.783379147572936696e-01 4.452697221270685013e-01 3.778154254163704762e-01 4.549546196359572914e-01 4.545637267884446997e-01
3.682028199970538984e-01 5.552925712603827835e-01 3.142780191477990703e-01 5.065246673513965625e-01 4.262543244965715794e-01 4.767786554414117361e-01 3.616225142603750053e-01 4.407813703576548003e-01 4.088095409404839953e-01 4.603653191088826757e-01 3.420060861720881640e-01 3.390841114659054467e-01
4.216250688501107513e-01 3.445291654007627269e-01 4.052773969184160774e-01 4.488817325036878469e-01 4.004286501993095659e-01 4.220107783781337774e-01 3.590070312643126593e-01 3.846864280367829902e-01 5.060439763353552500e-01 4.300343838125189055e-01 4.129522033631110589e-01 4.645231849374586441e-01
4.046845709074512465e-01 3.467298617931574567e-01 4.153659947079937909e-01 4.143265648480686236e-01 5.168132843929001963e-01 3.360873862097493170e-01 4.151713712495870290e-01 4.814197392147109289e-01 5.002624312158172604e-01 3.839482498612323269e-01 4.165643938700281934e-01 3.686261517292664935e-01
4.237480093103896395e-01 3.526304769841729359e-01 3.808771622569379067e-01 5.305935354433872764e-01 4.560307763737703191e-01 3.174876959996170145e-01 3.862223159869972999e-01 5.299667459453429874e-01 3.271019956873753021e-01 5.421410525681013004e-01 3.627951862895009150e-01 3.904050471543871192e-01
4.270935355889596274e-01 4.274721050191842009e-01 3.516537926142068171e-01 4.661396869723014036e-01 3.749667612590114052e-01 4.464917523226803464e-01 4.811738839107077004e-01 3.221941801002483063e-01 4.227026961358544832e-01 4.154612240017240832e-01 4.938038091866259749e-01 3.708465728884889900e-01
4.227508939608217164e-01 3.566749245339000951e-01 4.306820921874088826e-01 3.998714167949538600e-01 4.873014975252011327e-01 3.511599352185033052e-01 4.572209279614024013e-01 4.253892091300672806e-01 4.080288952536056946e-01 3.815712792661190012e-01 4.281097607284822804e-01 4.512391674395248020e-01
3.724839565102619487e-01 3.949497525800059194e-01 4.696863909059567077e-01 4.103228744952419071e-01 4.514575798592956324e-01 4.106067900698600615e-01 3.782744771402919426e-01 4.702453753396920733e-01 3.353593361268811801e-01 4.399118044067961142e-01 3.588301094211007181e-01 5.078715531446038600e-01
3.359655658695623326e-01 4.251135587610680444e-01 4.101186125328781240e-01 4.343287903945149964e-01 4.390584562655850953e-01 4.668358724401049376e-01 4.399870743941874940e-01 3.836327275970985440e-01 3.294350140014009609e-01 4.918249021044237557e-01 3.842922338867388876e-01 4.594071917524156778e-01
3.567506797178345845e-01 5.494403428523004784e-01 3.486656939300966651e-01 3.260486133972536060e-01 4.913933105695278414e-01 3.694399861624262371e-01 4.372793501979571618e-01 4.411557950295538766e-01 4.179864081075951865e-01 3.971556406692882679e-01 3.840959386905008488e-01 4.805882406756909475e-01
3.692292341317321425e-01 4.450078364172360690e-01 3.240878334112884396e-01 4.598026921474839823e-01 4.018876484041468133e-01 5.777027928456183181e-01 3.510423498164586542e-01 5.060529894159606634e-01 4.122695071385188981e-01 2.700749525330173872e-01 4.673156027483768016e-01 4.155265609901346302e-01
4.382668355461434850e-01 4.174718822242527994e-01 4.609929754511549183e-01 4.033435247031305626e-01 4.262491180444845096e-01 3.648762374473394909e-01 3.164277105234540866e-01 4.789009231058697913e-01 4.457236727037425794e-01 4.278657296390778741e-01 4.101665296867176291e-01 4.097148609246515361e-01
4.914845226893647112e-01 4.391047718808527844e-01 4.294185565431010154e-01 3.198668275771598957e-01 5.592838861558995234e-01 2.867226466792328066e-01 4.217907867601179417e-01 4.871381541819836958e-01 4.355743884013935086e-01 4.557698633330865556e-01 3.562111901918584844e-01 3.176344056059020593e-01
4.249378442848280590e-01 3.919827755438631822e-01 5.156499885771235192e-01 3.582046027069707428e-01 4.110087387965233319e-01 3.275097215356896907e-01 4.517185006934430480e-01 4.275248229536410816e-01 4.004617272735880862e-01 4.790232630625761434e-01 3.785027634153126375e-01 4.334752511564120558e-01
3.554198840361482148e-01 3.878751055963935990e-01 4.303902091736084290e-01 3.766834043845888047e-01 4.625747834824252003e-01 4.791714135720925860e-01 3.841823479339163683e-01 3.784522761572745031e-01 3.783503112291286552e-01 5.306917737787754108e-01 4.091586300126390241e-01 4.270498606430198629e-01
3.811991549512018240e-01 4.822552486942314753e-01 4.235555144626470536e-01 3.893128749386535192e-01 4.164749707767150255e-01 4.070205506197069889e-01 3.908895239560895574e-01 4.323995593040403929e-01 4.077616322975607388e-01 3.857762117612065222e-01 4.210696900565314982e-01 4.622850681814282825e-01
3.675315285851232794e-01 3.843288426963206161e-01 4.819832187962340142e-01 4.491587682212324628e-01 3.907141875044478629e-01 3.955414426442968034e-01 3.365883118474826685e-01 4.189824009445390907e-01 4.493060830898266689e-01 5.053169374260251256e-01 3.709093006002049941e-01 4.496389776442824004e-01
4.254674773115076913e-01 5.176268870505328357e-01 3.638286408163810548e-01 2.952074592816775755e-01 3.937995003272541372e-01 3.974856356981623096e-01 5.056795090970828133e-01 4.512427566244087140e-01 5.449869210720423851e-01 3.450701628704153090e-01 4.303773218699249448e-01 3.292277279806256063e-01
4.826444097006631351e-01 4.305293234213867226e-01 3.834934789768774110e-01 4.305245300735284220e-01 3.625637197430225389e-01 4.454276191528507844e-01 3.427950511111651499e-01 3.941033386178179332e-01 4.543575467717463900e-01 4.862529819884649496e-01 3.528617514006172629e-01 4.344462490418569134e-01
4.677559882089751264e-01 4.160639790394387028e-01 3.811554806753390534e-01 4.265415229316634749e-01 4.279792362236953807e-01 4.375786042534282050e-01 4.618946719673107659e-01 3.853418925763887337e-01 3.556430253966427202e-01 4.923191863053166251e-01 3.688917857023871205e-01 3.788346267194042660e-01
4.021054462373858107e-01 4.252099098912197617e-01 3.797100308623311271e-01 4.012327784849114565e-01 4.885924406336742409e-01 4.096243833749260155e-01 3.591647688308401976e-01 4.028152696988572812e-01 3.663233875696111363e-01 4.241208468704559253e-01 4.504811559403383292e-01 4.906195816054404468e-01
3.615742046329679660e-01 4.129465978221443234e-01 4.058044522451486058e-01 4.568849240538548351e-01 4.307016339638852775e-01 4.577410516359122772e-01 4.286499843831169665e-01 4.089945422435313782e-01 4.742024932775145141e-01 4.210084769166094754e-01 4.098986748712579731e-01 3.315929639540396434e-01
4.047449228961579326e-01 5.352779593807562852e-01 3.502114308708419999e-01 3.907818014975034115e-01 4.149392853411233428e-01 3.871721978163854549e-01 4.488199043599881977e-01 3.388324529405082330e-01 4.084456857648353090e-01 3.966916474201245268e-01 4.356902770920745294e-01 4.883924346197164867e-01
3.899530503027932027e-01 4.158979206726549083e-01 3.975125340139367136e-01 4.151685743150571595e-01 4.193506081502342830e-01 4.015319256320095676e-01 4.743825995346179769e-01 4.353830197951290559e-01 4.279732206575779241e-01 4.284374577301248710e-01 4.114952544715911320e-01 3.829138347243006835e-01
4.887565964422052045e-01 4.281046811655813689e-01 4.334429259625903197e-01 2.530680178372742839e-01 3.244679319503933623e-01 4.915387130247221847e-01 4.710517487886353161e-01 4.418392331389194294e-01 4.238842410960635965e-01 4.516394264815283832e-01 4.270678825968946546e-01 3.651386015151786291e-01
4.370825545122962730e-01 4.521099017442679613e-01 3.116316319593989137e-01 3.822759830778794665e-01 4.449732733578040667e-01 4.562315073570667456e-01 4.020995405259522038e-01 4.316398475015325031e-01 4.221328499748655538e-01 4.340809583811806038e-01 3.847003653957328240e-01 4.410415862119815289e-01
3.707424475695747512e-01 3.653815226918087911e-01 4.830469856746130164e-01 3.424470733525371569e-01 4.192820029975823926e-01 4.018411415031677425e-01 4.358652198613702233e-01 4.989458685199997801e-01 3.621184236012490731e-01 4.751970728233457786e-01 3.815551852198456051e-01 4.635770561849084093e-01
4.020454084697210329e-01 4.233074055894021637e-01 4.635488472317457198e-01 3.028552060024923831e-01 5.086399793260080182e-01 3.255479870861299752e-01 4.579389704459572163e-01 3.796779532599168228e-01 4.542856495400836581e-01 4.609647755116945689e-01 3.718605301098461546e-01 4.493272874270211048e-01
4.165962934610923929e-01 5.083059045226868689e-01 4.598219708363164293e-01 2.984790851007639856e-01 4.195252605797257783e-01 5.240234077677465852e-01 3.429155385487140384e-01 4.083740609293062263e-01 3.803381984522134496e-01 4.622368591119571102e-01 3.076639422911835453e-01 4.717194783983124085e-01
4.285189018038055297e-01 3.914731589047162341e-01 4.323285949294135011e-01 3.816021308922117328e-01 3.996315682615066422e-01 4.446027650847897417e-01 3.703910928038357531e-01 4.390076858766315260e-01 4.488297189739916537e-01 4.696515786243237178e-01 4.490464682983165146e-01 3.449163355464335279e-01
3.466878976321604022e-01 5.143352786140651389e-01 2.965502757441406678e-01 4.002512071040288943e-01 3.733822714155637934e-01 3.857263945610970302e-01 5.157460508036564306e-01 4.416932281196679355e-01 4.713896215008970270e-01 4.459300434298918980e-01 3.707519210855418912e-01 4.375558099893028796e-01
5.077209232480870416e-01 3.687891993870205942e-01 4.311033881488376962e-01 4.527955870379963277e-01 3.736518366788836865e-01 5.736633459766178333e-01 3.178784940846374196e-01 5.005131467201078266e-01 3.072354018922838770e-01 3.446894376172916497e-01 5.201486149791387792e-01 3.018106242291130337e-01
3.200384969213274644e-01 3.648793585089423752e-01 4.518839117613768774e-01 4.597322489618140273e-01 4.379845830773305138e-01 4.317561400369206437e-01 4.963925837223708282e-01 3.610569188575136756e-01 3.406633962194038912e-01 3.985219073692780611e-01 4.438774776899180874e-01 4.932129768737906206e-01
3.494056064889082824e-01 4.166121434591082973e-01 4.024257439573806217e-01 4.046816086457032391e-01 4.912139772978211250e-01 3.884018353052618444e-01 4.339292679498407690e-01 3.982889446397988031e-01 4.898471337211186549e-01 3.885191621743653290e-01 3.996354569100515897e-01 4.370391194506576538e-01
5.521215100291428923e-01 4.353914876012067725e-01 4.671873677787459767e-01 3.199940210729456114e-01 4.038939563899783813e-01 3.685681839559091788e-01 3.938246213960674424e-01 4.725844660020703802e-01 3.819129019487473853e-01 3.989781044575106961e-01 4.848135164065682234e-01 3.207298629610815244e-01
4.245221850889913662e-01 4.188875749184699515e-01 3.586399098695907117e-01 4.711344031195309201e-01 3.266939480546368069e-01 4.900523574152830797e-01 3.249120370391483936e-01 3.768033359886446831e-01 4.544348575795963407e-01 4.816737786583877301e-01 3.767197622754271391e-01 4.955258499922564619e-01
4.943662763821963235e-01 4.062598404600921698e-01 4.388983183841096980e-01 4.283534690353291152e-01 2.975862404260327110e-01 4.751565529466437177e-01 3.633368027323008453e-01 4.224998089225756592e-01 4.740826641832195931e-01 3.077605654594181006e-01 5.244117417987167462e-01 3.672877192693395632e-01
3.926707076902019589e-01 3.847689134902133601e-01 4.058696802329743725e-01 4.203900161857436757e-01 3.839136693476736806e-01 4.785571395480090473e-01 3.716604632065097502e-01 4.135443525955224131e-01 4.228770718219561631e-01 4.932581651613328066e-01 4.617194050334238464e-01 3.707704156863933509e-01
4.373159252490856908e-01 4.077792767241434913e-01 4.494150461829287679e-01 4.183122721033058489e-01 3.678348703402543607e-01 4.936873769785322108e-01 4.414624692700027664e-01 3.799380214646544407e-01 3.637198700135708673e-01 3.753098167039886079e-01 4.807716376901286504e-01 3.844534172793862004e-01
2.876198068478761360e-01 3.782976947262991496e-01 4.353118919424925903e-01 4.118969202018423759e-01 4.531607911087759399e-01 3.283455247040759639e-01 5.237379296265235462e-01 4.145249158987215354e-01 4.437149222389786263e-01 4.834668761186927122e-01 4.224129206360406341e-01 4.175098059496610281e-01
3.597411808693211643e-01 5.110089722163958514e-01 4.176712793006068791e-01 4.164104723742896863e-01 4.594212835312773135e-01 4.446831011570697711e-01 4.087562275767664954e-01 3.734185239944162182e-01 4.485208999014785869e-01 3.334988484801794661e-01 3.821722961586679901e-01 4.446969144395122031e-01
2.963711207819820226e-01 3.525347716752638139e-01 5.675878446071223049e-01 3.969292561113503259e-01 4.810276573778775600e-01 3.822540508333929221e-01 3.327442914582190436e-01 3.973995441059031131e-01 4.951959050430460585e-01 4.442539491053613121e-01 3.808908661926823092e-01 4.728107427078040992e-01
3.460448548527246260e-01 4.426348564645475880e-01 4.841464194438303559e-01 3.909249011297667442e-01 5.310782303749191913e-01 3.716704589519465030e-01 4.063263591343328485e-01 3.668736852341259458e-01 4.614844956176795687e-01 4.530437475508329870e-01 3.220673715672466297e-01 4.237046196780416829e-01
3.625950485140334023e-01 4.116351258616973152e-01 4.201690127964116117e-01 4.098195416373402455e-01 5.151097591436820666e-01 4.311020666863552009e-01 3.936432159144357401e-01 4.253827497197680829e-01 4.464028351297171238e-01 4.010729355556854059e-01 3.269914484376749697e-01 4.560762606032351396e-01
4.764540214284638808e-01 3.677122982832785048e-01 5.076039738380796473e-01 4.425615304110607218e-01 3.705128674727741767e-01 4.131908003183917266e-01 4.067759223111684364e-01 2.900897659167537279e-01 3.772335341369131845e-01 4.799255101904403853e-01 3.968279339180058596e-01 4.711118417746507081e-01
3.950163586119533887e-01 4.124964184459779526e-01 4.195517828306464247e-01 4.995810271495558230e-01 3.471032465648018484e-01 3.660466273208776156e-01 3.930726785070950968e-01 4.840778802312409868e-01 4.132849781638276432e-01 4.413559518973761975e-01 3.492684795499959582e-01 4.791445707266294152e-01
4.790268709604508235e-01 3.882752154287496538e-01 3.840554572772332809e-01 4.406005643225171520e-01 3.424735221940374830e-01 4.836431516587598178e-01 4.652470236524737790e-01 4.580488045054584290e-01 4.083002748417494665e-01 3.808843680265714404e-01 3.201798039568690690e-01 4.492649431751454259e-01
3.820073606734337712e-01 3.574565923186550087e-01 3.879949784340724350e-01 4.811371471531962207e-01 4.267608580389479211e-01 3.266566877875260455e-01 4.396500176670669058e-01 4.705240005696172401e-01 4.157192731258116947e-01 4.884778837645037397e-01 3.596886633055452753e-01 4.639265371616165812e-01
4.989040391218243498e-01 3.664083128218406094e-01 3.863418009315724433e-01 4.371436069812589253e-01 4.163270508957532812e-01 4.100919966582741716e-01 4.132525581101547107e-01 3.563315020368554298e-01 4.613832469802564562e-01 3.598504053873003983e-01 4.604837700224521102e-01 4.334817100524033795e-01
5.002553408258010315e-01 3.813789701860951231e-01 4.568704853183767067e-01 3.592873033419530238e-01 4.269649832227837005e-01 4.424014332524244253e-01 3.875782414637551354e-01 5.020588572903973423e-01 4.094270093183378645e-01 3.647676282209440513e-01 4.020052900014923769e-01 3.670044575576398294e-01
3.299023225842727114e-01 4.645706670423171980e-01 3.652591752727089025e-01 4.648738651097725771e-01 3.224324839166928247e-01 4.555702352169340719e-01 4.538472754343981785e-01 4.513049894636321779e-01 3.500804135137157713e-01 3.470565987199344393e-01 4.556394877552109590e-01 5.394624859703881503e-01
4.024193513509995435e-01 4.750727003529117143e-01 3.727115709467213600e-01 4.692572717878130129e-01 4.203454486278392910e-01 4.102934468398443668e-01 4.587902457032014825e-01 3.019392534718103316e-01 4.320402798701581393e-01 3.355310383838094324e-01 4.756070587556651130e-01 4.459923339092074501e-01
6.410232166953419020e-01 3.865728647923954431e-01 3.992929477528454063e-01 4.279309721950648182e-01 4.729040393907371076e-01 4.167076619760104461e-01 4.128246446755688970e-01 4.050951267666182409e-01 4.192411693179955434e-01 3.975588792266017135e-01 3.636360686621628036e-01 2.572124085486268696e-01
3.604148295595798190e-01 4.322007194985996725e-01 4.147360210262903690e-01 4.538707377467282589e-01 4.472181123518251811e-01 4.147174283670987949e-01 3.799882917268355143e-01 3.984089690372429882e-01 4.723967601737279476e-01 3.369766198973198068e-01 4.010018253147787926e-01 4.880696852999318880e-01
