-3.957374198198276183e+00
-3.854808455030286130e+00
-3.972242392662428401e+00
-3.791005785778921222e+00
-3.888389812413163504e+00
-3.810840356270736251e+00
-4.010372692835630026e+00
-3.876497495931829462e+00
-3.985394141322780914e+00
-3.742872706111932679e+00
-3.877131019043696281e+00
-3.766484843854431386e+00
-3.913031733842820437e+00
-3.975401244029768133e+00
-3.802066549638404069e+00
-3.918724094831393945e+00
-3.872974793682264494e+00
-3.809153951424032236e+00
-3.872557092614246965e+00
-3.816615925896390316e+00
-3.940889295659072644e+00
-3.940001533128956179e+00
-3.913414836011152698e+00
-3.840089766042375619e+00
-3.848962947518348443e+00
-3.832226169816548289e+00
-3.790608500671158509e+00
-3.875322988458597351e+00
-3.938388279358483235e+00
-3.885981817313754583e+00
-4.010908777039924544e+00
-4.005455625292865918e+00
-3.815436276957065331e+00
-3.744987282234502501e+00
-3.811883741334454179e+00
-3.817238955407417755e+00
-3.966052187545003882e+00
-3.856186135512540858e+00
-3.944860835375753272e+00
-3.882621014032052287e+00
-3.900100916461095135e+00
-3.857202499891013048e+00
-3.931000504190898859e+00
-3.905323253539077388e+00
-3.648335797514151047e+00
-3.889951494664960929e+00
-3.920864219768886993e+00
-3.835654008008799742e+00
-3.847746532907243111e+00
-3.944536067109510658e+00
-3.949332312605275064e+00
-3.838222851676054148e+00
-3.830964282966306200e+00
-3.845273389184698853e+00
-3.891769460860715846e+00
-3.779616623463813330e+00
-3.900942141170862243e+00
-3.910124805698011574e+00
-3.810565348019654408e+00
-3.876832190189822391e+00
-3.832967149239142834e+00
-3.980624244693808489e+00
-3.938928948305959743e+00
-3.794499233945589189e+00
-3.949394389989965948e+00
-3.896297957225756114e+00
-3.807534188873211267e+00
-3.948572656006964277e+00
-3.865198012372247582e+00
-3.831518945198307602e+00
-3.983837555977356448e+00
-3.971186814481790783e+00
-3.866661378599735688e+00
-3.908301228280026685e+00
-3.879371904487491918e+00
-3.904146928391504012e+00
-3.921366821556816262e+00
-3.880280528128235762e+00
-3.899351228424355220e+00
-3.883017531509174614e+00
-3.758782549629427816e+00
-4.001195332219459999e+00
-3.826810389317656380e+00
-3.872469199483002278e+00
-3.866697982801683420e+00
-3.805035499472270821e+00
-3.960832078371814280e+00
-3.913931138456972381e+00
-3.876365446375722890e+00
-3.905930770349465675e+00
-3.906014396819245338e+00
-3.745321722335579029e+00
-3.893321551277353354e+00
-3.938172721538198751e+00
-3.711046888018018741e+00
-3.870992032202035027e+00
-3.702292260566295123e+00
-3.911835409583044765e+00
-3.788253651434239533e+00
-3.786208111107042029e+00
