8.132192145514720583e-01 -2.336951502643610373e-02 1.008313190429683537e-01 -9.669576696168021013e-02 3.845952888654251001e-01 4.385075726120078454e-01 -1.649603823169134009e-01 3.779203535663972491e-01 -3.389338072691281956e-01 -2.698657570051314902e-01 1.011076888107928229e-01 -7.292970885063681380e-03
5.708115579744542645e-01 -8.703525525068100954e-02 -4.845709351529755016e-01 -4.305318592399778876e-01 -6.695899607095340267e-01 -1.702049999318572482e+00 -1.986084206798232610e-01 -1.688590410016383436e-01 7.637947419546918526e-02 3.018592885299283268e-01 6.227184674121775260e-02 -6.722565283030629280e-01
-1.024765055974035249e-01 3.798705424399917985e-01 -2.003294943186549326e-01 -5.756570944176572779e-02 -2.087293582102517642e-01 3.535483782901265859e-01 -1.098130067395960835e-01 1.180469308558363545e-01 4.267258541138352901e-01 -1.156362313891849541e-01 -7.739364591493621548e-01 -6.618771229396310796e-01
8.706894464293065683e-01 3.499422669391478724e-01 -4.246719023565203588e-01 -8.326744459607066107e-01 5.054792103675267434e-01 4.925234395656931663e-01 -3.825863467598255019e-01 1.476580628694820874e+00 3.507422915771160055e-01 -1.719216466154256662e-01 -3.628881416505570501e-01 -1.521892028436034050e-01
-1.383977251977207001e-01 -4.268241425793839472e-01 5.769462270680015825e-01 -2.937438827598977675e-01 -1.388846307424862259e+00 -1.570248263745271655e-01 -1.372066669616297752e+00 1.434316549096769533e+00 -1.617145075427558476e-01 4.929193797010326672e-01 1.487280383307476028e-01 -7.823894704733842520e-01
-1.220423279190277627e-01 8.086738152229448751e-02 3.542912504210736502e-02 -3.012286871017667844e-02 4.611122878911941836e-01 -4.848032652649242324e-01 2.281704204492047625e-02 2.417222701546510311e-01 6.062660050236386988e-01 -2.762858792054448953e-01 -2.593944359604026806e-01 -3.266578382873813191e-01
-7.443705694003853457e-02 7.127309221049972221e-01 -7.130462125200145440e-01 4.102325547286305163e-01 -3.560454923495987023e-01 6.760915050703710794e-01 3.444377563456499924e-01 -4.058082934459131819e-01 -5.359439495079062477e-01 6.984478870981683518e-02 4.095694013963470381e-02 -2.210288190123038121e-01
8.968497747068164549e-02 3.412487731644399114e-01 -4.296176433330314293e-01 1.817003627337094862e-01 5.272785770512429249e-01 5.764748255233781427e-01 -3.077233340289809993e-01 -2.938395513998148245e-01 -3.973481991551697790e-01 6.375036517352850041e-01 5.708327470203372611e-01 1.445048738830657098e-01
4.874785703151041094e-01 -6.326514073439475361e-01 -4.935309532501208074e-01 2.538674750545216741e-01 -1.782079952056284389e-01 9.676985774698346754e-01 8.465655627997633603e-01 -1.117495234174959995e+00 2.463968081734157767e-01 -9.274653435156587911e-02 1.881725226789307259e-01 3.389002115108722402e-01
4.430021047898109465e-01 -2.948164562209307227e-01 -5.706791272245558266e-01 -4.220835772993634244e-02 -4.895515540576969027e-01 6.706318763173277908e-01 -3.067942174505089437e-01 7.772659813001486784e-01 -4.016123448855837136e-02 4.091410086428804993e-01 -3.467129560426664425e-01 -3.223099949925981034e-01
1.226600118900774417e-01 -6.261218950934266392e-01 -8.660573120684078585e-01 1.110708122135009718e-01 6.401999573705096092e-01 1.529866128498434952e-01 -1.821274626796814122e-01 9.833434088258592443e-01 3.293130311792147324e-01 3.205195024603176013e-02 -4.070481397945072827e-02 4.299322558807665562e-01
-7.010055441220549577e-01 3.346958517653170206e-01 -2.369114126960802647e-01 4.790819888600644783e-01 5.468992915478154693e-01 6.634639196975322673e-01 -2.978823900793007694e-03 -2.675310791834707436e-01 7.390003973081218369e-01 4.719888324160582960e-02 -2.761897075513778388e-01 -1.261009713801643783e-01
5.494015177224784718e-01 -8.870026197556300784e-02 -6.736763725031910122e-01 3.728402417309883976e-01 -1.650365146329778321e-01 -1.854008576974542841e-02 -5.120845718026699744e-01 -3.201004650973544030e-01 -3.172110965209791189e-01 1.381493705684451456e-01 4.647756134905641628e-02 2.952412174107633125e-01
1.310597220783321082e-01 6.440060449438266277e-01 -9.905790196355177546e-01 -1.381483206460513979e-01 -1.527023394676686019e+00 -2.476867803535265922e-01 1.002210159306335530e-01 7.824054677476014463e-01 3.614508136961795959e-01 -6.029973243869101163e-01 2.166906432507414298e-02 -3.962295940328720845e-02
7.196544116078216202e-01 -5.800128263320990518e-01 4.521305752616633922e-01 -9.565337693396571694e-01 1.084079186687022966e+00 2.585270625579230968e-03 5.427244862536519943e-01 5.855874294625652565e-01 -9.863697562509392280e-02 2.378670862080642656e-01 -3.685026935953794602e-01 6.294680654181643575e-01
4.659522177173824886e-01 3.365919875684394991e-01 -7.976051405096432623e-01 3.006983023553564949e-01 -6.422939961691863653e-01 4.437799267430317940e-01 4.582104908034543844e-01 1.231307457272063366e-01 -2.851545303135065712e-01 -8.987341908060927365e-01 6.336069165028090922e-01 -1.659615646397775424e-01
-9.839809202630056539e-01 1.826749161023527857e-01 -7.377788856694304787e-02 -5.434674214703658635e-01 -3.996137385016862997e-01 -1.585477794402077922e+00 7.415478284786295449e-01 -2.791151438300903953e-01 -7.978550202517169510e-01 6.540697012121846066e-02 1.928542009318856276e-01 4.301874478150651826e-01
-3.218741520171780612e-01 -2.332214503659211513e-01 3.084400999312348901e-01 5.117782576746848777e-01 3.200140224294929503e-01 1.660022861060961585e-01 -5.152004044412288319e-01 7.465523286047968943e-02 -9.150104394095038840e-01 1.555578675310758524e-02 -3.219310989709526782e-01 -7.749600676136778610e-01
-2.403345521922893580e-02 9.587326300395875673e-04 2.177732848128592913e-01 1.649742032290957977e-02 -6.790904339763582653e-01 4.669581195470827728e-01 8.461107982696567387e-01 -6.256326339465493325e-01 2.379706131698371696e-01 3.447421163652038545e-01 9.607666081219455589e-02 1.221526583007054023e-01
-9.307854680765793587e-01 -1.306699130179478086e-01 8.444461384154320349e-01 1.165015923788195878e-01 -9.060508081760658416e-02 -7.816456501175702565e-01 -1.656737012127862119e-01 4.058974415879678110e-01 -4.967335265512299869e-01 -6.678185044086374367e-01 -1.429575704896282051e-01 -1.528749752792493699e-01
3.782706431267389702e-01 2.724065449200347433e-01 -6.303405872396948828e-01 -2.080607871553766808e-01 -3.776737256830678402e-01 -1.194215396260005745e-02 3.235339125769239876e-01 -2.794937973683283006e-01 -6.478855237862173322e-01 7.463445262709696992e-01 -8.848144905814617212e-02 -6.303998973976338016e-01
1.659123052824072742e-02 3.233425523521582523e-01 -3.751331215735074776e-01 -3.868575782816942032e-01 -5.571747507545085076e-01 3.400880918791621133e-01 3.986281026884015005e-02 5.818347753029982222e-02 -3.416919708324440697e-01 7.528342222109746761e-03 1.595628035103395237e-01 -3.042461233311618551e-01
-4.415900378965316730e-01 -1.898494641547975592e-01 4.867192076421614222e-01 -4.315067178546875271e-01 5.343756126195514655e-01 1.496623237956104524e-01 -1.616984011699093907e-02 -1.716224068450732110e-01 -5.509949366523255732e-01 2.311568204264883089e-02 -7.218389103307087939e-01 3.624994872888144259e-01
-5.188918480483978302e-01 8.721935370829117518e-02 3.451722839164462209e-01 -7.883151406259950589e-01 5.412978686494642616e-02 -4.404441857704065044e-01 -4.327097514662423539e-01 6.622018400750613321e-01 2.620826161982541258e-01 -2.241849804226980769e-01 -4.161355035374503242e-02 -5.112027358945460120e-01
-9.051634613937925566e-01 -1.238699059627739046e-01 -1.164516565373839019e-01 -1.587086004191746447e-01 -8.102414579629894920e-02 2.577811458815127410e-01 2.556997987139101314e-01 -1.180195635238207252e+00 -3.732682242217084667e-01 4.558318052776886842e-01 1.708583354552003497e-01 1.140651382743402970e-01
-5.377709960646241960e-01 7.153984447883060538e-01 2.498470156269011755e-01 1.803204906892318105e-01 2.716575157766640269e-01 -3.502003096614793032e-01 -1.047490632943711142e-01 4.168933336466964200e-03 -5.101205495501908160e-01 -4.797429169694831380e-02 -9.045169427815092852e-03 4.028905252759092948e-01
-4.569222350930606802e-01 7.658052495341834964e-01 -6.555556292105976790e-02 1.162793670015414560e-01 3.839814791622372381e-01 8.162560590945558969e-01 6.658150681069010535e-01 -2.139512137253327673e-01 -4.281777207147219877e-01 2.324403549895359133e-01 3.070930416981209610e-01 5.447233953459224703e-02
-5.232057847747659252e-02 -6.749166051815292944e-01 -3.851097474817805066e-02 -8.524812279192129916e-01 1.670113747325197850e-01 1.440589570247202689e-01 -9.856127311986110362e-01 -2.411183469982157990e-01 2.535266282325769893e-01 -4.823291059697968342e-01 -6.634017820573738511e-02 8.366549142922422022e-02
4.143133211493414680e-02 -4.452988381197413581e-01 -1.416912624887637639e-01 9.462223968016594267e-01 -2.640215928982327931e-01 -2.503418029368879583e-01 5.027571878143473061e-01 -3.771239411308857092e-01 -7.982075581196129699e-02 6.821471724527300440e-01 1.268625121711661197e-01 7.010906891264446772e-01
-2.301829051927008485e-01 1.400709697114298935e+00 6.109158161818709631e-01 1.922479856653630526e-01 -1.460825342569098129e-01 -3.198604686522478757e-01 -1.383687989803927994e-02 -4.796009090757733517e-01 7.057576477507928603e-01 -4.393724460407514854e-01 -4.101904255399045907e-01 4.828118874436022057e-01
3.382961053604106039e-01 -1.489946901641627242e-01 4.279416356426293810e-01 1.408175487476486798e-01 -8.963992356526492289e-01 -6.354993492283426970e-02 -4.254107141591982333e-01 -8.670305789854312328e-01 -2.176842593443416018e-01 -1.467670163592316168e-01 -5.291420464655339773e-01 1.452084730622695163e+00
7.561551642083081948e-01 -2.279785333866493277e-02 3.047956755927385686e-01 1.442458368335864938e-01 6.146681228235684191e-02 1.341389818642900966e+00 1.328025558086813052e-01 -1.777150394763225005e-01 -1.491373705500620211e-03 1.022318384308904577e-05 -1.332042676091558901e-02 -3.899427715448977594e-01
-3.044575551493864940e-01 7.394865513721392558e-01 -3.100878784422668177e-01 1.962452014148859669e-01 -7.137864478895500353e-02 -5.924069642178588779e-01 4.556111089898020605e-01 1.048916213163492567e-01 -4.393262644052574606e-01 -2.692521071342776628e-01 7.672109895704740667e-01 3.778083258720353332e-01
-2.008279059796589106e-01 -5.439020282182035482e-01 6.268677181039284951e-01 -5.001165765741716340e-01 3.473718072420200476e-01 1.116815464145456405e-01 -1.092817951906792373e-01 -7.912595253843215382e-01 7.250894553679082533e-02 -3.607972795387153209e-01 3.723167269555235914e-01 -2.105572391564939638e-01
8.862132455818939603e-01 2.370747077074222275e-01 -2.854218344036405508e-01 6.602597580756085494e-01 1.244767350681407203e-01 8.427460695143897951e-01 -1.318877138765236490e-01 4.163092934070889983e-01 5.245603048508056254e-01 2.698487507092428572e-01 -4.191202808400126267e-01 1.191144466014129710e+00
-8.301350151501253605e-02 -9.996171027831854405e-02 2.969362632204054497e-01 5.046198083608921525e-01 -7.454402090772632716e-02 2.587857933373666763e-01 8.971542631642797083e-01 1.245119883432835861e+00 6.972599197287807637e-01 -3.023312264660896753e-01 1.746542297741526806e-01 2.503414539929050275e-01
2.781610752635310102e-01 1.236686149252593098e-01 -2.150637447996023022e-01 -9.374908505063080100e-02 2.283061093568646838e-01 -1.191624336639547810e+00 -4.973023496060379744e-01 -9.637140746280075110e-01 2.662000200221819601e-01 6.491481006824963984e-01 -4.674682622046096303e-01 5.675607632450785367e-01
-2.900478587582173140e-01 8.656984415295254642e-02 -3.359160911493005441e-01 -1.056902702333186589e-01 -4.688499540586859582e-01 -3.342750620411816809e-01 -1.127838539189726319e+00 2.908887472513667638e-01 1.773232888804592289e-01 4.746525835353206796e-02 -5.588963000132725345e-02 -2.236231489661410776e-01
2.706468864496844318e-02 -3.913344620728634315e-01 6.822269468031001427e-01 -1.210221983686498304e-01 -4.791869484717381500e-01 -2.591067109541423386e-01 -2.682202828851882326e-01 3.028019061359718545e-02 -3.455619001930301248e-01 8.128268572485652932e-02 3.296801208489745783e-01 -1.708050950472145557e-01
-1.026081266290999050e+00 5.419746742112718785e-01 -1.490319838074152470e+00 9.284900341892720066e-01 4.855514693471104093e-01 6.196476053903138270e-01 -1.563659923341648716e-01 1.427608809882557062e-01 1.221117775540409844e-01 6.057992143380029892e-01 -7.296309128908595731e-01 -2.147965878814233620e-01
-3.492933118704693585e-01 4.852574843095491114e-02 1.200308449770255553e-01 -4.051158182717191636e-01 -5.438215951297366013e-01 -4.733792597721576123e-01 2.739427517879575724e-01 5.144883006659589642e-01 3.468904509658566893e-01 -3.119050323835657612e-01 1.071938064050415695e+00 6.793433176824803521e-02
-4.853634952214840037e-02 -2.237268212884929997e-01 2.387176027174332457e-02 -3.397129065889648025e-01 -1.193265731789660444e+00 1.328041775300776994e-01 -2.489125537406118860e-01 -4.710022196046657061e-01 3.081075181016224018e-01 -2.766583317390267638e-01 1.193100461258598033e+00 -1.115327342402541388e+00
4.417257189803060202e-02 3.672612554998221368e-01 3.942808171460165934e-01 -3.266296419831714593e-01 -7.450840363237385411e-01 5.275768309241899573e-02 3.475999485732435557e-01 1.077776649094029926e+00 -4.471119456901390676e-01 6.330225699919619746e-03 4.871698446148544637e-01 4.178650097776729910e-01
-5.385728808899377107e-01 -9.095301775324161897e-02 2.708055642674728758e-01 -4.176598393779811236e-01 -1.971659641093611304e-01 -4.774418342580309949e-01 1.845630721945170361e-01 -4.068245601190277339e-01 5.955989347309317283e-01 -2.969768839049315434e-01 2.844509868654117035e-01 -7.432333650205512621e-01
3.244631742283277664e-01 3.200796249898305579e-01 3.383160103206587777e-01 4.684551470144607266e-01 5.475670812904908091e-01 6.278591811755458441e-01 5.032731574893393178e-01 -8.449694746535325873e-02 -5.651459804830193390e-01 4.548250768720713544e-01 1.945978438499577634e-01 8.256012971101566178e-01
3.196960610479199771e-01 -6.063686861488384316e-01 2.378697092272843705e-01 2.830261735085188302e-01 5.704897321491472217e-01 -2.533030820421207641e-01 6.252047701384877421e-02 -5.173842281272785781e-01 2.824006278431205885e-01 -1.409912662271889383e+00 -4.443199727034058411e-01 5.117968793259508598e-01
5.848979284898830205e-02 1.019392236205693303e+00 4.701369474956911265e-01 3.963603916528886106e-01 6.017371256388014122e-02 -5.321780331674288642e-03 4.208544772142018275e-01 1.722301718791904301e-01 8.997926439966548173e-01 9.745192560683675620e-02 -3.202293135891256526e-01 7.053095304479625738e-02
2.374712353350966199e-02 5.012076545201941263e-02 1.563283488685422717e-01 6.409525364514719881e-01 4.536793685848955482e-01 7.682792701561641513e-02 3.931824967180651553e-01 -5.972684881572465354e-01 1.162170628104422176e+00 -4.700811442718419442e-01 -1.015055666447129301e+00 4.907771962303655311e-01
2.629122688940610866e-02 -8.609608670722420642e-01 2.571247913163829391e-01 5.317944572728596775e-01 9.762403501769015279e-02 1.637574345023318501e-01 8.357080909075235153e-01 4.555183745834602838e-01 -8.409284911138684704e-01 -3.491606269154431397e-01 -3.256542669476077401e-01 -3.623631222480220293e-01
-1.215896725246873172e-01 9.402533102885454741e-02 -4.368790606930382792e-01 1.748677893185912879e-01 -1.068369865286849407e+00 -5.909871435390094685e-02 -8.534843351734394679e-01 -6.855286028167564827e-02 -2.546300856071649354e-01 -9.020586704303583669e-01 -7.296995179373199081e-01 -3.405571745351891610e-02
-2.773216923386563337e-01 2.682734621441530964e-01 2.082296307373690258e-01 -1.443813090665425403e+00 -5.612719697238061078e-01 3.813345682458515462e-01 3.195032916408356294e-01 -2.919828476034556572e-02 -9.299119216720747039e-02 4.324214506574837746e-01 -9.777868743222634107e-01 1.688835454768569111e-01
5.198825864559515342e-01 3.118621775094961857e-01 -1.115444182882503465e+00 2.372016899511711074e-01 6.693273215228623396e-02 -4.525199788926025923e-01 -1.795430642523987985e-01 7.939888511135494431e-01 -2.272690401908359359e-01 -1.426453379549212086e-01 -4.449937098002029190e-01 2.498303102742262527e-01
-1.024963716600205021e+00 -1.750249186404292598e-02 -1.825636895863745335e-01 2.679514228894880334e-01 -5.497590219805332801e-01 -1.097528159573276235e-01 -4.650914903256004873e-01 7.226410912474430237e-01 -3.289977157189072354e-01 -7.077782464284650965e-01 -7.222377287993811956e-01 -1.625493811682881540e-01
-3.274149560557112482e-01 8.513754614945298616e-02 -6.220616860983269047e-01 -4.491651144765027026e-01 -3.478163298043780022e-02 -1.745957963884105235e-02 6.475261788057683487e-01 1.904002604755168637e-01 8.499288992340600091e-01 2.753003376908970679e-01 2.074131967739103743e-01 2.199757641335450542e-01
-1.595847709410245507e-01 4.226813748030284201e-01 2.281179387366175960e-03 4.098686857581015364e-01 3.389076181795299542e-02 1.074960151268865988e-01 -6.776349241346324437e-01 -5.350941523409701306e-01 -1.980382634609079151e-01 8.543957034552881469e-01 -4.084751068147894904e-01 4.240708788424713688e-02
-5.461750593471280668e-01 -9.185673205115443829e-02 -1.827627936167153244e-01 3.242188696882436494e-01 5.972060180066018908e-01 -8.498276277382278698e-02 -6.182196628539026184e-01 8.380153239025295298e-02 7.017780505389871193e-01 -6.337325332481028584e-01 -1.524482028235903674e-01 4.210775897964076364e-01
-4.268242118381535000e-01 -3.688056516810500063e-01 -6.790370414572080571e-02 4.411065256101547316e-01 8.303496865483764311e-02 -1.516355844742157399e-01 6.948160781037901468e-02 -1.600417037742401238e-01 1.658490856819211656e-01 5.370970516812180462e-02 -7.556537875949338734e-02 -1.436419273727456591e+00
-2.789167710655801047e-01 3.469400715701327909e-01 4.259976384529752247e-01 6.072611384889547992e-01 3.253593390834368937e-01 1.249680906295964178e+00 3.289462264972109473e-01 -3.994876138462967463e-02 -7.069981371384521651e-01 6.871432219764911364e-01 2.017052381183310206e-01 -5.262968857306631054e-02
7.325595754085129085e-01 2.739871013353988721e-02 -1.172863020283286817e+00 -3.306660939406780297e-01 1.112985392221073344e-01 -7.773601455022798312e-01 -1.134365214838450354e-02 3.051270114342246043e-01 -4.330605160146454996e-02 -1.361809627981861448e-01 -9.988944005621466227e-01 -2.596586961519327663e-01
9.707686489015992723e-03 -2.207963601227101169e-01 8.270563034958459125e-01 -5.958233506856136508e-01 8.139780564576717947e-03 -3.285235046979076978e-01 -6.878242374541054804e-01 -1.110811086154493837e-01 -2.462033793044016705e-01 1.654893543232659914e+00 -6.158575928779217445e-01 4.732541554915969950e-01
3.453012216716480065e-01 2.857686930719184892e-01 -2.927646562646975537e-01 5.393380694166202000e-02 -4.115576046512490760e-01 1.047453125823067654e-01 -1.996565166985315720e-01 6.243701792650011573e-01 -2.448562147451776305e-01 2.473242647999556731e-01 -2.985642002386253158e-02 5.299543640594124305e-01
1.800566995890102162e-01 -5.730092429295305934e-01 -9.897203359685164958e-01 2.019883740958879070e-01 7.705121118639439715e-01 -4.287357454255716904e-01 -1.784124625872227365e-01 -1.326271934648128037e-01 -6.807811649533693221e-02 -9.775644783344858979e-01 2.341475227366512091e-01 2.815342024717646385e-01
-3.623385080227626842e-01 1.890461547538839771e-01 2.246840686690702860e-01 -3.955776986329553324e-01 -2.038332250086167391e-02 -9.580013927445038546e-02 1.640571760025466286e-01 2.025969731422979647e-01 8.926725804077951798e-01 4.181471925949120649e-01 -3.081146444269739493e-01 2.137696726925055191e-01
-6.597680142588959740e-01 -1.345712257178350857e-01 -7.414123536577714446e-02 2.450729837341951434e-01 -1.139612828266368894e+00 -2.824403758724706170e-01 6.077834117942212400e-01 3.634693155083926763e-01 6.783218501960779356e-01 1.078145274027625389e-01 5.674569113057058578e-01 -7.818676154417104895e-02
5.742026975903512520e-01 -4.583714951733378062e-02 -1.617951996351513766e-01 -9.309410369017486753e-01 -1.252197093470192868e-01 -6.064625367143596790e-01 4.889908272074544038e-01 2.267761808853480388e-01 5.115003314198344198e-01 8.856750048391737185e-02 -1.118160164484238051e+00 5.773057135929114958e-01
-5.512135537831143184e-01 -3.302808893703268467e-01 8.939915469437473838e-01 4.492878506325493904e-01 -1.365774895928296984e-01 -1.470697845893161659e+00 3.979072420214492256e-01 2.270488874417114222e-01 -4.361025007788437158e-01 3.243447217940854110e-01 2.865104392167434066e-01 -1.624871269970093179e-01
-6.039778777365804041e-01 -2.269816481666429575e-01 -2.076364536474580857e-01 1.610738566412442396e-02 -2.660416236212788665e-01 -9.037692308228367777e-01 1.097655852946510802e+00 -1.630152540416622553e-02 -1.109213812786846373e-02 -9.700431094889495898e-02 -1.426178913968095818e+00 3.786885181905900732e-01
4.104873035752035215e-01 2.683610524740208114e-01 5.946024755988522648e-01 -3.672120666719428939e-01 1.069003264146090926e+00 3.294279501888328077e-01 -7.544318888555144875e-01 4.080134163057962809e-02 -6.348041722013108012e-01 3.134364120974077461e-01 -4.082469214353829923e-01 -2.745461484950392217e-01
-6.997500459992915534e-02 -5.883748103362151927e-01 3.234776694551462772e-01 -3.149776398681352618e-01 -1.149333841967778547e+00 1.384408107774645624e-01 -5.366159847325111532e-01 7.328290030390066656e-02 5.542985432587138606e-01 8.290314491765009564e-01 -6.027584789589611747e-01 3.219336830444998743e-01
-5.469126071613668039e-01 4.711213976666218106e-01 -4.052309066224593637e-01 -8.586562929556940116e-02 -1.056303068617120422e+00 3.311281953331693950e-01 -2.890787435713469966e-01 5.635819136973849730e-01 -6.561831885761562067e-01 -3.598816300406077473e-01 -4.689104077471661358e-01 -4.425811526937613039e-01
5.704350297344941145e-01 6.630609712998313254e-01 -2.509066658923229109e-01 1.660223460191973810e-01 -1.457786877138674553e-01 -5.673508065437008474e-01 8.171250634300001314e-01 3.351669162720851691e-01 9.229910629853861348e-01 -2.889353652258979180e-02 -4.792755684903315938e-01 9.257320863308057812e-02
3.908159369430423413e-01 -1.100937400777972537e-02 -4.596161425989642169e-01 -2.234544799179994379e-01 1.052394458628671120e-01 -3.565049314696971255e-02 2.281262105764273740e-01 1.890834354533411643e-01 1.056339689909276958e-01 9.771038850422416600e-01 5.066216036555949431e-01 -9.400982019555544078e-02
3.884383245152867037e-01 4.711193226698275893e-01 2.037918421457011464e-01 -6.314063308502647354e-02 -3.396105107598523243e-01 -2.557349200272958090e-01 2.389760204420624534e-01 1.473482680442994852e-01 -5.188810805687296135e-01 -5.769972332157297101e-01 -4.869672784986842085e-01 7.905061362074868869e-01
9.254764460040397489e-02 -4.938107060555241290e-02 -8.841713133637031374e-01 -4.429560752060124340e-02 -9.182361637957152656e-01 -1.370053148500964157e+00 1.128194066959747610e-01 4.570942568709531750e-01 -1.004513274924851096e+00 -2.112241513706279716e-01 4.768625332676375006e-01 1.221071584516614239e-01
-5.730819785894911700e-01 -8.077685335445733417e-02 1.415395424091758558e+00 -1.857393662718519745e-01 -2.089037660150941667e-01 -1.228556832799820864e-01 -1.987285937352446796e-01 -4.621488644343313412e-02 -7.013462166314696766e-01 -3.805639947867902606e-01 -3.229515502044110198e-01 -7.428526055189799138e-01
-4.967851965647409468e-02 4.305976002008493064e-01 -5.009929321044759992e-02 4.647323213940373066e-01 3.287322896003025408e-01 -3.380873767701884081e-01 8.665786323837927629e-02 2.229368317136348476e-01 -1.253469070735569423e-02 -6.903573891011775820e-02 -5.158131749065919536e-01 3.871117607553471451e-01
6.022250516992123243e-02 -2.911955078352656545e-01 7.510321485429025667e-01 -3.296194099893803853e-01 -1.615575191089652363e-01 1.149097567535515285e+00 1.585103908136747675e-01 -7.715397246094914951e-01 9.746882994821333412e-02 3.133173864963086086e-02 5.872085634506873930e-01 -3.931530881790700760e-01
7.248813741729168703e-01 -4.346071187035915884e-01 -5.220503178862356819e-02 -4.110623286648116825e-01 1.000906477559285301e+00 -3.742662021805077677e-01 -5.871614566475245045e-01 -4.774782156846401615e-01 -1.024321225513437489e-01 2.793837476017865806e-01 -3.404821336903358919e-02 -4.333917226960425362e-01
-6.168048545433019170e-01 9.006946288461824268e-02 -7.005939161011940364e-01 3.156097415413029461e-01 -8.990189027324497761e-01 7.731041282746989873e-01 3.338027076620905809e-01 5.209066000484806336e-02 3.102550620433557893e-01 -4.275363655255169648e-02 3.136050469921688455e-01 3.725551872615998628e-01
-7.394815208077405444e-01 9.390175061491435882e-01 4.194992292620364771e-01 5.468799007852966770e-02 -2.160820474132479074e-01 1.058244199733720109e-01 6.341079265123365782e-02 3.730613180884586044e-01 -9.447856111224781639e-01 -6.336150673506186770e-01 -3.575670730240102513e-01 2.287640000998958090e-01
6.299281655920289935e-02 5.614432779549165947e-02 1.218913118127160355e-01 -1.639120470509582983e-01 6.203977780088184568e-01 9.651438164457858127e-02 5.801151654747889186e-01 -2.232470221815075484e-01 3.553267278670880214e-01 -2.135897535856530194e-01 4.167283013512769752e-01 -2.227620963606729287e-01
-3.855851655467567030e-01 -3.347222152706629261e-01 9.241084912650555927e-02 5.443561086337339594e-01 -6.977772586842553304e-01 1.009128090313940185e-01 -1.583131569208851008e-01 -3.518232906730442977e-01 -1.012930585540745970e-01 -7.295832232259685801e-01 5.573595630653860322e-01 4.125944138256701366e-01
4.361648235705617993e-01 2.814078399865256319e-01 -6.751359722550129838e-01 -3.311982669305362781e-01 2.436078416921575729e-01 3.414771551834499541e-01 -6.620080113016523216e-01 -3.535089756858146304e-01 -1.535299996551010293e-01 -6.935731669776632469e-01 -5.900653936416453416e-01 -7.786520287872120694e-01
4.660434073346741979e-02 3.657343214019201372e-01 2.460369956238321332e-01 -2.262793560434642470e-01 1.604005659086556734e-01 -1.128752709190233849e+00 -2.030003679170135911e-01 -4.140082011388812600e-01 -2.681989229923487650e-01 4.123051107317475261e-01 1.415952244847873687e-01 -3.135671215976307824e-01
3.319880649224844493e-01 4.765483112888508899e-01 -6.304864249806592102e-01 -4.875422822346045515e-01 -4.833926294274604185e-01 -9.852780518770120066e-01 3.611283289174495037e-01 -1.598874755699910277e-01 -5.699551798093532851e-01 3.699456518760994017e-01 -1.194748480534674862e+00 -1.757138557284038116e-02
2.296918511248078887e-01 -3.665316511144975919e-01 9.448149164648708132e-01 6.380915370140713971e-01 6.501762858502069253e-01 9.587131220936137010e-01 1.153443878820010982e+00 3.711599673434340385e-02 -2.144416821328988809e-01 -7.658328804080507535e-01 3.286476154384793680e-01 -1.040477047604939864e+00
-1.204992568774461703e-01 -3.612320566140474476e-01 -6.016008636103146179e-01 7.372921045275948604e-01 1.278670685891980241e-01 -9.484267492661335730e-02 1.272677561809057112e+00 -1.221931574472787455e-02 7.290909754659830044e-01 5.603064864668048095e-01 -3.021582323823761573e-01 2.182358859954789537e-02
7.830813759393274731e-01 1.352654877476044959e+00 1.867056091717046451e-01 -3.633464911127127356e-02 1.060636048155330746e+00 3.665400501987986503e-01 -7.495488834158191560e-01 5.506543008153383812e-04 2.360980898147894969e-01 4.215598120181208164e-01 -4.519910741134166576e-01 -1.540479837742487756e+00
-4.990346452801391330e-01 -2.797045227413899604e-01 9.230903482961944073e-01 7.589985979699946927e-01 -1.735878900741077424e-01 2.193527020578968714e-02 5.855568696525493833e-01 -5.071520159764918156e-02 3.587913845349881559e-01 7.183260933762863898e-02 -6.548163155690882586e-01 -4.657811203527977839e-01
4.392922315916500953e-01 7.805725192110297694e-01 -5.503190797916852617e-01 -6.985729952920778640e-02 -1.118055512171339388e-01 -3.136118051682688646e-01 4.647318491768838156e-01 -2.570836551120594948e-01 -2.961125333139371651e-01 7.096292500507753176e-02 -4.383321151208066646e-01 2.513896498508195188e-01
-5.689036671373105536e-01 -1.366781754908089064e-01 2.507840957108695146e-01 -2.584164356205489455e-01 -8.539252176219668256e-01 -2.359112144616473672e-01 -1.759008651185336725e-01 8.618498633046513258e-02 4.702498398711715821e-01 3.503199819971070106e-01 -4.417057250348735975e-01 -5.284302124740464755e-03
-2.505308128695574177e-01 -2.247990441993388544e-01 -8.264876753507974794e-01 7.908509638662708507e-02 -5.290105015304845670e-01 -2.229959307626002696e-01 -1.316319004538326065e-01 -3.469480745247275899e-01 3.741842343540938698e-01 -4.232901166473092558e-01 3.065329171729602731e-01 -5.228796091196524776e-01
2.473776351176688315e-01 -1.626557594539257967e-01 1.105555784376126560e+00 2.386218528791597682e-01 -6.317347939457512718e-01 -8.264776229819396913e-02 -2.880151798230409788e-01 -4.767522026821222614e-01 -2.027585646616346660e-01 -1.769552903606199934e-01 5.401289843453542794e-01 3.002639315074459581e-01
1.532733825268677574e-01 -9.577679053165679690e-01 2.503022496900081384e-01 -3.324713868299339348e-01 -5.477013310416863900e-01 4.248745357012963519e-01 5.188375452685433098e-01 -5.204107646046483016e-01 4.442492960537251512e-01 8.256226493305257597e-02 4.055675572343698798e-01 -2.857182606628601018e-01
-5.429896368971762755e-01 2.680551642542975954e-01 3.302891187044761367e-01 1.024618892510088308e+00 2.642878730321905345e-01 8.418672166778723431e-02 -9.582995691393626780e-02 4.572960426166468584e-01 3.807155422389238431e-01 1.287740942117104881e-01 1.564739554391850196e-01 3.471708168656742477e-01
-9.608743099042560409e-02 1.171613776156688047e-01 -4.316040344009614005e-02 -2.026470107691156486e-01 -2.809056463006757293e-02 -5.237500396447838380e-01 4.528659926982666478e-02 9.831177729025413203e-01 7.050896014315878313e-01 5.307063308661591483e-01 4.642126925586141373e-01 -6.740126598996237783e-01
-3.793023370183628007e-01 -2.945442526113489085e-02 5.747024714354975750e-01 -1.783691089290188325e-01 2.443018109210708111e-01 -7.202500356459448638e-02 2.411040606529304686e-01 2.187938117425502205e-01 -4.618294925465073475e-01 -1.306040733234850870e-01 -2.590916437325205823e-01 -3.506262623920381460e-01
1.377959293807035079e-01 3.122448946757206412e-01 -3.261616687355102795e-01 -4.568710549156890233e-01 -1.619233167753427738e-01 5.290097577131961382e-01 4.954085605531285963e-01 4.123990393672680166e-02 -4.281166723546854513e-02 -7.283713013599490971e-01 6.005087070505433777e-01 6.726395594994177829e-02
-8.378289227886901447e-01 1.700913273936112413e-01 2.657322398726201865e-02 1.461603842639691286e-01 -1.541603777011780196e-01 -1.336335280787777635e-01 5.905106084884635953e-01 2.673232796887561880e-01 3.173000088561321319e-01 1.618321686076121257e-01 4.157143128426067369e-01 3.059008967930761935e-01
1.192170007433955986e-01 -3.572706795506278565e-01 3.224570300162438730e-01 -3.491325168432987125e-01 2.770920938329803906e-01 -3.588197322506294085e-01 3.285092865443939303e-01 -9.648217274242336036e-03 8.186514000658364765e-01 -4.169154516809501776e-01 -2.531504867442261331e-01 1.464831812513465725e-01
