1.878553058086991287e-02 -2.371953596342984971e-02 9.915092381818018524e-03 5.698135448814758801e-03 -1.852697563111899495e-02 -2.205979022857996741e-01 -1.365865007399382491e-01 -2.349187006719141713e-02 8.376769779099407787e-02 1.213101200179802358e-01
1.292527365185398847e-01 1.483079828357895535e-01 2.455889607140593345e-02 -5.720584486421072257e-02 -3.277002617509015558e-01 2.852005173491077312e-03 -1.761165652567377605e-03 1.049840562808405653e-01 -2.225107271672506493e-02 1.323462185566001981e-01
1.369692258744133750e-01 4.000951618532263415e-02 -6.805979653531400719e-02 1.092953746145722688e-01 1.778072652593459813e-02 -1.663136268266953918e-02 6.033293093895399084e-02 -7.551908873808214906e-02 1.247282749036508070e-02 -1.295119494956442976e-02
-1.056979135975756601e-01 6.444150963342647198e-02 8.426835783120678255e-03 1.649984187453361617e-01 6.234616801112918827e-02 2.288968429516283210e-02 1.045170056187911395e-01 1.318787571456415952e-01 4.572878573131718138e-02 -2.025071067282026641e-02
3.066230239986908121e-02 -5.014945764362074843e-02 3.227943674319989908e-02 -7.022273228341306683e-02 -2.314071166042923691e-02 1.195546652528921422e-01 1.680422098015665541e-02 -1.374647674495839758e-02 -5.837825795828349013e-02 6.288411848133053372e-02
-1.381480620420438010e-01 7.055027021534815423e-02 -6.714810928584819157e-03 -7.263396758354319534e-03 8.204998826211820639e-02 -7.487813012704172544e-02 1.787208373744984813e-03 -9.407448513912847199e-02 -1.474570620037371771e-01 8.566298108753442331e-02
1.674450148472394692e-02 -6.629982614387809614e-02 5.047479087480788440e-02 6.226832876333215222e-02 -9.382648470319025422e-03 -4.046440027799985684e-02 -1.555292519077260405e-01 5.286441902701597556e-02 -7.513282832810511125e-02 2.997669924871997904e-01
1.597133278416130731e-01 2.131425804439239513e-01 -2.279854268351720337e-01 -5.842038957248481268e-02 3.195345489337752393e-02 -9.287221782931440184e-02 -2.395639370385206635e-01 9.606200745469754831e-02 -1.938263619269362664e-02 1.439495261261348330e-02
-4.288121620118411081e-02 -3.529028636189386614e-02 -1.002315838618983018e-01 -8.223451569583847820e-02 2.617475661211852989e-02 -4.294978484843654798e-02 3.613234429012655846e-02 -1.336532634753847537e-01 -7.354026263153742859e-02 -5.515223108357406728e-02
1.668230942840720488e-01 8.866539527250298647e-02 5.947063702945031699e-02 6.071462997000236922e-02 9.090446985759058351e-02 -1.509966993489157971e-01 1.486614868435748027e-01 -5.792558275026667147e-02 -1.349321267160324793e-02 -8.784791104613152990e-02
2.325227844677992331e-02 1.023285196226130511e-01 3.700784799243394402e-02 -2.396910760483636146e-02 6.488650763360975793e-02 6.358962362873882973e-03 -2.497907933934561227e-06 -3.638686737037204882e-02 1.394126324611422996e-01 -6.533016509601334565e-02
4.796775439344465319e-02 -3.135644375367231673e-02 3.234244023772549215e-02 1.497131117721042792e-02 1.140375807627182908e-01 1.148382352705911436e-01 4.728589006864128419e-02 -1.034759114328204083e-01 -9.202101044494115367e-02 3.686438826586439094e-02
-7.781570233997303632e-02 -1.688424417327751281e-01 2.538834821478301307e-01 -5.447739156838539432e-02 4.436533936179456322e-02 -9.828342315371207949e-02 1.558149503136622149e-01 1.700326428609069684e-01 -6.483364877619876565e-02 3.090255097386941652e-02
-1.506313251188543256e-01 3.611295551745250659e-02 1.286614945422513657e-03 -1.997789604177071243e-01 6.643583340926531577e-02 6.405194359113433600e-02 3.492092168037394528e-02 1.572481042070479895e-01 -5.442503528321911838e-02 -7.115031613949927836e-02
8.707652994345552178e-02 1.466163549596234510e-02 4.542613609455491835e-02 -1.209632358536265051e-01 7.114927426409081712e-02 7.153581509127972422e-03 -4.158982844111064336e-02 1.072674351971128620e-01 1.132071240957399916e-01 3.534859571634831055e-03
-1.353462570031830070e-01 3.079683483526466509e-02 -7.700762249181709873e-02 1.654691211961941966e-01 -8.190509364378087409e-02 -1.223674291386747798e-01 -2.501205296658420840e-02 6.993510896531633658e-02 -6.674659048010407603e-02 -1.509830473339510704e-01
1.321178554432397012e-01 2.245838136230903295e-02 -6.623748521671909972e-02 6.378158768747051177e-02 -1.123110261721292080e-01 6.184703857633325197e-02 -1.205112094198506067e-01 6.009971674927416102e-02 1.402117272864312203e-01 -1.388394391065964628e-01
-5.809091992850363984e-02 -1.685027546233641704e-01 6.520619035810026887e-02 2.598909562549169272e-01 1.284848222988391186e-01 -3.269051410538449665e-02 5.530383553513271155e-02 8.370289353700308133e-02 1.456501940271279563e-02 -1.869225623661024127e-01
-4.811647200556690152e-02 -1.111521422171966311e-01 -1.887046591453961086e-01 -1.461635508560460706e-01 -7.418299402347533489e-03 -4.648669360619449992e-02 -3.287944352602813203e-02 -2.410147407749555770e-01 1.753718232339548586e-02 -2.106244339632852014e-01
-1.539128111936200263e-02 1.348431492046994751e-01 -7.153930200380526072e-02 6.099454662202276334e-02 6.372010808025385664e-02 -1.727497828274630332e-01 -2.242661259484516334e-01 6.971778815834125953e-02 -5.113321699650934943e-03 -1.876376107355570699e-01
5.140806261502618713e-02 2.099753233955413689e-01 -4.782169339060272223e-02 -2.161688934290609872e-03 -1.743924817351127365e-01 -1.388036141424856540e-01 -1.702832227854128230e-02 1.845044020249604066e-01 -6.565712279587683498e-02 -6.122873577488744529e-02
1.999059197771257956e-02 -1.804771999359768009e-01 -1.154050700335972346e-01 6.753111898894025023e-02 -1.040300020610969711e-01 9.116713661092558374e-02 1.687527820767725784e-01 -1.459589139541267178e-01 -1.323784448099173117e-02 2.447276030262757196e-02
-3.062159282115016826e-02 2.787289424844737948e-02 -8.357848397102643490e-02 -7.561188745325986282e-02 5.767800192406754602e-03 -8.543819173967488745e-02 4.212975851333511379e-02 -1.248282372611564557e-02 -6.253436683995029777e-02 -4.466492501047007041e-02
3.929938022197790315e-02 7.192822759913740371e-02 1.490716745108049968e-01 4.075194550772776036e-02 -2.250399404545382585e-03 4.746057017347222323e-02 -5.396757793116818691e-02 -4.291117526091497991e-02 -7.127252056474338293e-02 -7.081517799745749853e-02
1.058312192675704005e-01 -3.362272484622618601e-02 -3.453055575075315506e-03 1.598622849071281715e-01 1.647269340647370406e-01 1.820448158182783605e-01 9.033502753499460247e-02 -1.702974985681203479e-02 -1.333487753010537125e-01 -1.453966079386640187e-01
1.171143563487528766e-01 9.187174860782988672e-02 -7.905166110797486045e-02 -2.442968991491286171e-02 -4.204749334668028693e-02 -1.307235488701694315e-01 -3.425982160253610714e-02 -1.628377115998309033e-01 -2.697525849058745803e-02 7.520969262195287275e-02
1.534341684932482019e-01 -8.378575045377002761e-02 1.040229630601406524e-01 9.133427383454140180e-02 1.090351724328177535e-01 1.186155380664944137e-01 -1.512347284496349045e-02 -1.155446542670276744e-01 5.223152903211025072e-02 -1.698096848236022027e-01
-9.680799305569345869e-02 4.534026143316535751e-03 1.426495704495225059e-01 7.244714104418521761e-02 3.255058592024764885e-02 1.147502937560920117e-01 1.510235115929003946e-01 -7.759734257846138440e-04 -3.985141341415948668e-03 -3.117014752698092639e-02
-1.188171227406410041e-01 -2.616981188874760444e-02 -1.050363689386775087e-02 2.350366217044050909e-01 1.403208270969251263e-02 1.768268205576022101e-01 -8.659281914796772284e-02 -1.614777011416884678e-01 -1.414337635626425893e-01 9.750023344560504457e-02
-1.091888142729551536e-01 -5.871398146278255376e-02 -1.819642664883684147e-01 6.695895229443092622e-02 6.447718224642122464e-02 7.707055296056299076e-02 4.668791146026169715e-03 1.132975023434702744e-01 4.220449655708401887e-02 -7.313973522048065889e-02
-5.695730242012034955e-02 4.866430991353988544e-02 9.487070428323982063e-02 4.765016407592743974e-02 6.676891857974856861e-03 1.213316685692686359e-01 -7.150913205205854106e-02 1.852078293879924620e-01 4.205734580505704479e-02 1.031019540775970217e-01
-1.221033644952065900e-02 -1.520378109538744749e-01 4.582095727157575737e-02 1.708401167376377705e-02 7.608381804332431386e-02 -3.085739309188678323e-02 1.450185395491024598e-01 1.723126676327665918e-02 2.068615302060256358e-02 -2.175941789360072431e-02
8.561386754676458821e-02 1.581460530101517700e-02 -5.693278646770331269e-02 1.045948722307457439e-02 7.675878372298980401e-02 2.257337384416942538e-01 -1.443724064642734062e-01 -3.098402990858939443e-02 -3.567553323568347506e-02 4.315137908820824292e-02
-6.189730227059301454e-02 -4.360309136929167370e-03 -6.010154081276466997e-02 -1.905943240395549798e-01 2.943389374899455652e-02 6.010143423868507390e-02 -9.739341467846761302e-02 9.004003713915050000e-02 1.380533967622921132e-01 -7.738649279469239639e-02
-5.977291932098913879e-02 1.405094948382688558e-01 4.370856135804362941e-02 -1.306076232269997861e-01 3.166642981846345961e-02 9.800611097069553135e-02 -3.003338857952341304e-02 -7.746700575410986334e-02 2.071887322811398133e-02 -7.430124133002695419e-02
-1.479946811619829716e-01 -1.510658188716373918e-02 -7.662525616177885690e-02 -9.783014156911939985e-02 1.750575466126821356e-01 -5.664923831792333803e-02 2.824401751660081741e-02 6.143815900514926209e-02 -4.141656208472394018e-02 -6.070513155487983203e-02
-3.008556528952675141e-02 1.154509885492549792e-01 -2.879972882683753607e-02 2.376488528888959229e-02 3.354897174173691876e-02 -2.210801950505524201e-03 -8.193500680312709727e-02 1.837500615263155598e-02 2.131740153979302596e-02 -6.076019505339014248e-02
9.653931564169571100e-02 7.456349279589527534e-02 -1.805356787485627029e-02 -5.505249273867201393e-02 -2.386748204779068003e-02 7.395118811959280891e-02 -6.050553567573294794e-02 -7.398844120045865169e-02 2.061203010692354981e-02 -1.255643844794842590e-01
1.001519076084340099e-01 -1.767414949468465576e-03 -1.779483971387831043e-01 1.529080239099811500e-01 4.170545785258069835e-03 -1.705614851471045149e-02 -3.351560251486204040e-02 6.447531212576389226e-02 -7.181628236083496819e-02 2.135419077945662977e-02
1.020971996301295315e-01 -1.748519723184441821e-01 -1.029608451470544325e-03 -2.091231188210758707e-01 2.488019998239739961e-01 -1.534935002177989505e-02 5.828004188200972685e-02 -2.832431038443484345e-03 4.827802414658505237e-02 -6.391437537962803284e-02
5.900101365404823023e-02 -6.897149254740490842e-02 -3.551583675028392034e-02 1.319696339122806705e-01 -1.739415558490880198e-01 -1.629582658085486357e-01 6.175437156148894102e-02 -2.019756681925971142e-03 9.714245168131865893e-03 5.838203793743398928e-02
5.530988304136746914e-02 -2.582648286663834225e-02 1.448798446830883158e-01 -1.064957677996568233e-03 2.013500118982735829e-02 5.449026743308185879e-03 1.465396233341921019e-02 1.506955625832550882e-01 -9.097245471990535182e-02 -7.176256652979065565e-02
1.904415593489628604e-04 4.788998561148582328e-02 -1.888214444045820117e-01 -2.293933037067738268e-01 4.609233853795017405e-02 1.679611409741337824e-01 -2.322216270447760578e-02 9.827156746125731424e-02 2.696466018483965454e-04 1.451052719889145415e-01
5.270731964187973934e-02 1.355683416086737696e-02 -1.218573605066537030e-01 1.110430766389447071e-01 -6.198942171863752737e-02 -4.638945037408565703e-02 -4.556181026907651921e-02 1.963107270630442824e-01 1.408906352232330572e-01 6.802587597267323316e-02
1.343606615057622335e-02 -1.079233762167023936e-01 -1.162744661082701081e-01 -6.129667492567197201e-02 -1.371355594557489843e-01 1.572592531397528845e-02 8.788393188529917618e-03 1.439558352612354576e-02 -1.545053283225101826e-01 2.245220300695635329e-01
-1.134055182061549233e-01 -7.522358165910496275e-02 -8.542826521323280964e-02 5.297716163423680374e-02 3.406100556377667649e-02 -5.750664118060266894e-02 -5.184471568944587494e-02 5.787707179275523167e-02 -9.753467155807549194e-03 -1.676426181636908042e-01
-9.017396097062733984e-02 1.110853140069495287e-01 2.193444633444272540e-01 -1.358633486648786609e-02 7.444860231505805170e-02 8.691211066394060073e-04 -7.939343571658340204e-02 3.771392123190463880e-02 -1.473047174089519018e-01 -7.364255882541079212e-02
-1.727520256357691769e-02 7.620998163524091151e-02 -4.451311099338038646e-02 -4.798633649660318662e-02 1.755559380892901256e-01 -1.848835629238197997e-01 1.093778793369002272e-01 7.280366833547251282e-02 -1.293711038417471593e-01 3.877208781348745470e-02
5.486035795413732319e-02 -6.785476076645506616e-02 -1.344016483853122945e-01 -7.814144116631803472e-02 8.729074634694096446e-02 -1.576079763323503524e-01 -5.557001304653688342e-03 4.553369359352019141e-02 9.669094499248361008e-02 2.871985495626836610e-02
6.607594042961462133e-02 -1.073099679311475124e-01 3.680583806611617548e-02 1.450663493369432622e-01 5.912447560315362005e-02 5.148397762387259269e-02 1.858440010002622989e-01 5.067575845250669314e-02 -1.197623932291706911e-01 -1.699090129084038503e-01
-2.917693930319858672e-02 1.571049535604604475e-01 -1.308396183134603596e-01 -6.014025360703769904e-03 1.149905896192491422e-02 -8.115262697237352052e-02 3.230477608530792771e-02 -1.283693896386329525e-01 4.324885408178850282e-02 1.435237450516094471e-01
1.454125109719180131e-01 1.377764602824106677e-01 -3.315871157226426419e-02 -1.385560323069341959e-01 3.886721715563462576e-02 8.126113129716716621e-02 1.653088560981610111e-01 8.902025205239945393e-02 3.987306553385706193e-02 -2.726012710973121922e-02
1.635971653118596311e-02 3.431353703533909089e-02 -1.176387897736504429e-01 -3.012639752043324085e-02 -1.594166829107397376e-01 4.387688400495828173e-02 -1.224182391406530845e-01 2.918934906800208645e-02 4.534703823942006634e-02 1.238765225401446124e-01
6.052068438632773190e-02 3.123073125320530163e-02 9.665697639719882106e-03 -7.473267404880459819e-02 6.077300488114953381e-02 -1.059375353591493485e-01 -1.452703405258638225e-01 1.488116597879863556e-01 -1.017158682590318941e-01 -2.706459513535945660e-02
1.281607865245897870e-01 -8.612119662746517412e-02 2.095684522448694187e-01 8.478446696551210360e-02 7.023827352767399342e-03 9.645167517540526037e-02 -5.563254519933158448e-02 8.558887837415381228e-02 2.461624799381688031e-02 1.411963858489342916e-02
1.362767663848246380e-01 -6.073767144636025433e-02 9.682945630378161916e-02 -7.746717612515510720e-02 -8.832069705391833170e-02 1.958231926794558320e-02 1.749816399562726110e-01 -1.955164602917845978e-03 1.189675252118546633e-01 8.222176041896933629e-02
-5.746980660830265653e-02 2.079897073172502775e-02 -2.153382464155723097e-02 -1.076729514068718377e-03 -2.032062359622079789e-02 -2.880603631634198747e-02 -1.161234638212403775e-01 6.152735879751670967e-02 5.877757652787340276e-02 1.312321212889401012e-01
1.789896154299907283e-01 8.759693256054529309e-02 1.244759745704692167e-01 -1.126212863080254811e-01 3.921121746231689964e-02 2.755621384019038556e-02 8.708171680407024440e-02 -1.525622115226636481e-02 1.102588797153175593e-01 -3.012506842310553462e-02
-1.266947911623824141e-01 1.575338773018591654e-01 2.945509503096896409e-02 1.514205686971437925e-01 -5.529618686811529904e-02 2.874696061997172522e-02 -1.283823703989947773e-01 -1.124315149140427406e-01 9.169426991156570672e-02 -7.469669538232968919e-02
-4.055434942423703087e-02 3.705095405294333427e-02 -1.227674186258982669e-01 1.345943729509336828e-01 1.679047200777916346e-02 2.722174800590344002e-01 8.591637196389302622e-02 8.042409122460866810e-02 1.906580200847685785e-02 1.515399983221873692e-01
-1.883997837131130282e-01 -1.104600775655095318e-01 -1.939209905834752001e-01 1.620175029826631807e-01 -4.011704088749280112e-02 3.497098147919273231e-02 -2.607531715154444776e-02 1.900336035682139157e-01 -3.218086031356424959e-02 4.533196395322908190e-02
5.696079535872723698e-02 7.672132831101975692e-02 1.146259220369727355e-01 7.999901638974171725e-02 -1.536608779075391944e-02 -4.942213421789623529e-02 -5.581634106294966480e-02 -8.835440837647096091e-02 1.495054517686860429e-01 7.402229005507503234e-02
3.149241417035772428e-02 -2.158003519082907218e-02 9.520185356356351825e-02 -2.648694523169956572e-01 -5.510589029430432856e-02 -3.011329016453305821e-02 7.141054651166488243e-02 -6.592847081567543288e-02 1.529945343754268716e-01 1.364292809183201977e-02
4.606200393213550487e-02 9.349486543192590815e-02 5.066813633266197686e-02 3.877637259317185531e-02 2.138660198117060124e-02 -9.144802150363261217e-02 9.797583867910854283e-02 7.348945133853532208e-02 4.022874145719249062e-02 -1.517443477403695833e-02
2.383789798846219776e-02 -2.505632138812433629e-01 -5.457532764158751215e-02 1.079859993639558091e-01 -2.080136656531098582e-01 -1.485646574052890412e-01 -1.654249736664372694e-01 7.618640247651209396e-02 -8.151762198473917753e-03 -4.407212730011220506e-03
-1.117013728415658380e-01 -1.180917692620354204e-02 1.362750983367417568e-01 6.767945193812054117e-02 9.021925669055320951e-02 -9.969903087770609629e-02 4.404345589792721949e-01 -7.742163145768943266e-02 -1.666034924341397785e-02 1.925665397342733731e-02
-1.057954328011921491e-01 -1.599717240036515886e-01 -1.419697649890910296e-01 1.389476744390474861e-01 1.544668282708494544e-02 -1.834622042203843117e-01 -2.753497170176536640e-02 -1.311892544762031931e-01 3.263838187712313210e-02 -2.379178474582542904e-02
-1.791783387341964184e-01 1.530901261649143530e-01 2.587208109332238617e-02 -5.001398431290672575e-02 -7.272609228000968817e-02 4.159562230252524667e-02 6.302172743253883769e-02 1.346452426389761065e-02 -1.226305069206827568e-03 3.646300854055277429e-02
8.014172771739935808e-02 2.852743327156177788e-02 1.301512552465495520e-01 2.736153608049584143e-02 7.055867535048138128e-02 8.777197648611038960e-02 1.416983828127759415e-01 5.014470531265632913e-02 4.210237821557661492e-02 -1.603430001554634887e-01
8.966948983932221395e-02 1.952923100601873241e-01 1.724112191517940817e-01 -3.086091002045117729e-02 2.317144659037900355e-03 5.651740108459466384e-04 -7.625568554234987695e-02 1.329654306124240237e-01 -1.509282426376388000e-02 -1.472932367272239418e-02
-1.130422791739139898e-01 -2.136057053262714056e-01 2.121021105440252033e-02 7.499511650778815930e-02 2.091756440072240972e-02 -7.382134365057876901e-02 1.086988534560817954e-01 -8.229469060040896233e-02 7.710076648028801882e-02 7.058053547485201862e-02
2.115048570990598481e-02 1.264163290216017976e-01 1.096386598343190716e-01 6.619223868331318428e-02 -1.860739926499422603e-01 -8.230978128423566131e-02 1.777366390188657094e-02 -1.871796210808126387e-02 -2.702008913630137843e-01 -1.759002420330428029e-01
9.381634657586457315e-02 -8.053001403882853459e-02 -5.990889454717100021e-02 -1.383033027994644282e-01 3.398838664139825633e-02 1.447530842286839092e-01 -1.464975001318712944e-01 -1.013927844348210539e-01 3.211777706442729263e-03 -1.045794100581886599e-01
2.821503196043238099e-02 -1.597217154007682660e-01 8.626464189712701458e-02 1.230889000218887003e-02 2.956450633590393048e-02 -2.341491116047743001e-02 -5.446827171336884876e-02 7.510429243275085209e-02 -1.518440407366464066e-02 2.630710323938453832e-02
4.720270589311443415e-02 4.429681631407275666e-02 -6.734240455614484699e-02 1.050891254335428321e-01 8.065951885212262890e-03 7.048311552424690873e-02 1.354488110801803924e-01 -8.344132653693007995e-02 1.472080469428531380e-01 -6.418299768673089295e-03
-9.023960925722146476e-02 -1.281011908051149228e-01 7.298822095241176700e-02 1.677678578422553066e-02 3.349477063993461928e-02 -4.109956513119958355e-02 -5.754917144908153898e-02 2.246137296913981729e-02 -1.306911939901964914e-01 6.201755252167812094e-02
-7.027362255202515562e-02 9.950036394301513265e-02 1.607258478170404611e-02 -7.747371273827453886e-02 -6.944562149565211562e-02 -1.380022069257789974e-01 3.029462229454540356e-01 1.994095452249433631e-02 6.895197809340946303e-03 -8.539269891438985502e-03
8.897718426762661614e-02 -3.324700754202698089e-02 1.591949377925036269e-01 1.331279931008163067e-02 -7.361141871613174903e-02 -4.816865791162561888e-02 -1.562654235899713084e-02 -6.112214242726354829e-02 -2.452377862556268454e-02 -9.324320130578511723e-02
-1.517164341472291289e-01 1.749705823041224073e-02 6.156946581075269098e-02 -2.109229727728617609e-01 4.139850101397660881e-02 9.261647069244502298e-04 -2.198593604972354232e-02 5.827409247137028958e-02 -1.237655849936787344e-01 6.069962210816758769e-02
-1.547720114876902642e-01 -1.528265078016455064e-03 8.102702124417636431e-02 -6.575049106820411715e-02 4.421002552528659896e-02 -6.559584404795214263e-02 9.607253908177709745e-03 9.970188358638224640e-03 2.006990033403938806e-02 5.562878214814052230e-02
5.269692238213827262e-02 -1.369279768225231397e-01 -2.827374165113011057e-03 1.522191132135020941e-01 8.764920241482783425e-02 -2.484865650294045547e-01 1.948776771789695883e-01 4.904111550279730697e-03 1.118430793841529713e-01 -3.976690019637201673e-02
1.067262776999316626e-01 -6.425821283670118955e-02 1.763360676065391930e-01 2.552672504131252296e-02 -2.812567685240744408e-01 9.760729831657911915e-02 -8.393551382206843395e-03 -9.220209500153456195e-02 -1.284960765007267872e-02 -9.182400553458380799e-02
-8.069396984242148407e-02 -3.618910348385829395e-02 1.369574820766594203e-01 -3.782506059488863898e-02 2.267886644084235806e-02 1.897689606954783975e-02 1.540131339939169175e-01 -1.264732412205839540e-01 1.490716595875454520e-01 5.712078699377910740e-02
8.368982204659555779e-02 -3.457821076526639698e-02 4.475974333559668006e-02 -1.109082574584587810e-01 -3.375088051857291771e-02 -7.918669487316237418e-03 3.827995281375913550e-02 -7.647260531498865227e-03 1.168063753984440317e-01 -1.477668789578479892e-02
-1.788067082850285094e-02 -1.779049254958828263e-02 -3.752116452081111220e-02 -2.466099203886608707e-02 -2.542632596044752322e-02 8.874375227537101285e-02 4.341554219364113232e-02 6.335802973803709992e-02 -1.445111676946183032e-01 2.253145467969358828e-01
9.954775347962152923e-03 1.556548319379544298e-01 -6.091272005828401309e-02 4.406451843122435874e-02 -2.146630286841487989e-01 1.478695913559322783e-01 -8.222688388106681734e-02 -4.619356475480705659e-02 -9.377585407774277626e-02 -1.181283668187158437e-01
-3.180927700719585888e-02 -2.342998455028273141e-01 -1.609015357218843839e-02 -6.735623106264367575e-03 1.899029674736787965e-01 1.886178789685949431e-01 -7.307071259542312347e-02 1.614684673688887850e-01 -1.093719516625040050e-01 7.524699682327662398e-02
-7.740719767768083903e-02 1.217995070381206468e-01 1.554323109544630821e-01 5.078943098154081737e-02 -1.090263962219059080e-01 2.265025737133568792e-02 -6.951526862241773352e-02 6.874497899721443428e-02 -5.465626771641805132e-02 -6.966417645884100118e-02
-1.164945514425394651e-01 -8.231768204002620770e-02 5.201331407214200564e-02 -4.305713581245570326e-02 -9.352297423991724756e-02 8.106810299639077844e-02 -1.991488166269516497e-02 8.644301729569454917e-02 2.196826323955238525e-01 -5.797687729478696872e-02
2.175811412751998963e-01 9.387987576545490931e-02 6.485554908214728742e-02 -2.388128999397547136e-02 9.224703124204411409e-02 1.061055724162661279e-01 -4.545079092610062460e-02 -1.132898753391745061e-01 -1.895245534619664773e-01 -2.332496463329459396e-02
1.077459010914957188e-01 5.376870815330771214e-02 1.118296541514959969e-01 1.460578504027244297e-02 2.489093277025882303e-02 -4.532215578840703696e-02 -1.642250298236753447e-01 -7.755457873385927792e-02 -8.469672968526525958e-02 4.255648559503224376e-02
-4.583389963256610106e-02 1.664188117348431584e-01 2.224017668391511382e-01 -1.963201330660994601e-02 1.686026584368405246e-01 -6.929199073863819003e-02 -7.007851008355236999e-02 -1.282452094830618672e-01 -8.065563868930793190e-02 -1.078768767055731798e-01
6.745449877586691401e-02 2.560491920129450913e-02 -3.065208598154361974e-02 -1.855769159147416802e-01 8.499117556521896752e-03 4.785041616875040926e-02 1.091859566738945797e-01 4.755004961194738561e-03 3.846208436976446265e-02 -3.747567475068958737e-02
1.657737206670976265e-02 1.646043322602289971e-01 -2.405419564055678860e-02 1.993068431653188637e-03 9.278095661917941384e-02 -2.419589706446935787e-02 2.011438364677457097e-02 -1.182046620561699735e-02 -6.232466305224737546e-02 9.851188396607848952e-02
-1.848937528977123990e-01 1.995598786580148332e-01 -1.473692742875937212e-01 1.886884208671841812e-01 -2.007797180142510407e-01 5.672366379606763598e-02 -1.079308425364129409e-01 -1.748598274121853854e-02 1.608209607774186700e-01 3.623993172992359853e-03
4.515624830622685937e-02 1.688903917675584065e-01 2.158397575315043268e-02 -1.141467228761214314e-01 1.741471410784978247e-01 -1.121381703881883657e-01 -9.430867721728820874e-02 -2.030368171790856990e-02 -1.628755231396357070e-02 3.287852513271279781e-02
5.723614540179750021e-02 3.907962292109307123e-02 -1.475866797734117809e-02 3.845762355916362840e-02 -1.100170486048451246e-01 4.638048491080453556e-02 5.180466344814571578e-02 -6.484073089577030435e-02 6.084250433633740102e-02 1.339749186440224171e-02
3.536368029586641620e-02 -4.490983406142576989e-02 -1.015369912763138260e-01 4.140969184415993487e-02 -6.585827112328854205e-02 -8.515425663411191337e-02 -1.025001175251990526e-01 -5.686664794711753651e-02 -1.821210897686218605e-02 -1.541523183095117322e-01
3.799521525824757495e-02 3.042707615659354103e-02 -1.754361252456146103e-01 1.589295269563541779e-01 -1.296167931269525952e-01 4.140071943906400292e-02 -2.331705068737756348e-02 -5.607378562627005764e-02 -2.233568707555706398e-02 -7.763090462898035449e-02
-6.338320535726868488e-02 -6.558412333360513768e-02 -9.290220193251680358e-02 1.941579972182033986e-01 -3.459539727365704143e-02 6.535827699691081245e-03 -6.116414883215459675e-02 5.228139411348484145e-02 -2.216902631247724687e-01 -2.182360380837505276e-01
