2.970482271620994430e-02 8.047886851225204141e-02 4.085884315533853950e-03 3.737922477531013289e-03 4.237156065162957230e-03 1.235193239897881823e-03 5.174038873049012152e-03 9.926954842658665054e-03 4.378147217312688445e-03 1.021858163727916912e-03
2.184993546326541389e-03 2.798903864002757515e-03 1.267907067807839266e-02 3.723776561918541034e-02 4.560720016888826153e-03 9.073051739242705624e-04 2.895176966221830149e-03 5.482742525208428308e-02 2.454173864899075047e-02 7.897384281144453552e-03
1.641297416202042864e-02 2.025278030672657964e-02 2.124643848932320986e-03 4.734970326355295023e-03 4.516446871045712297e-02 2.186446015726227488e-02 3.151926945895147571e-03 2.026889834836778301e-03 1.325118505834015862e-03 9.540255792112152869e-03
4.131237585944972507e-03 1.316270485664930261e-02 6.820576764005359394e-02 3.401791367664674243e-02 7.590933172898334767e-04 2.909851686221119615e-03 2.519000731564168330e-02 3.142200757870914837e-03 3.638001120343106005e-04 1.076034680553140336e-03
8.023495072312781043e-03 3.264200274143307535e-03 8.898645957972066423e-03 8.379864263245596218e-03 1.224096485346157183e-03 4.716877703685307794e-04 6.070792487587054267e-03 3.659278152714943999e-02 3.886777716350342526e-02 4.872223150009962096e-03
2.735910399131108190e-03 2.512660762182773819e-03 6.726104424442601835e-04 8.875293440596090239e-03 2.223546860117155133e-02 2.096713092290426392e-02 3.323762560288334895e-03 1.378813432478136203e-02 8.727241686474280363e-03 1.472948191501205657e-02
1.533756130149663277e-02 1.097295257924870392e-02 8.301791069362321474e-02 5.447720114817771603e-02 2.008146897901261739e-03 4.312560152280170141e-04 3.467441028486215049e-04 8.578072423881285928e-04 3.615478839954734767e-03 1.767099809720336021e-02
3.357971309110437726e-03 8.788591658950285074e-03 1.666458164217624743e-02 9.803937927022332577e-03 1.652570363013851698e-02 1.124257168767752758e-02 3.365569076062368322e-03 1.917431944368315488e-02 1.346236012000636209e-02 3.187741221099143780e-03
9.294003254898473539e-04 1.250509446420256313e-02 3.064378885683943440e-02 5.656239192537840937e-02 8.765792675200200987e-03 6.813268403198862247e-03 1.061423516329291356e-02 6.475139304563287332e-03 3.441357328049728798e-03 8.550263570708534037e-04
2.749022747788274629e-02 1.527751712589382185e-03 9.439058412604102747e-04 2.039724454474859793e-03 3.764986213269343879e-02 9.975924331665284028e-02 2.259074599927622662e-02 1.572370563381003759e-04 3.190927215293863010e-04 5.062754459046429380e-03
1.623012050006934076e-02 6.865863945164873972e-02 4.626134484610151983e-03 6.612980156550059881e-04 1.106237803563116153e-03 2.640592511761843605e-03 1.405296939753870964e-03 1.635466750333099389e-03 5.102603124456617234e-02 1.009453783156735382e-02
2.852351838739861783e-03 3.666422497663567037e-02 1.561686107324208699e-02 1.136994402570901119e-02 2.373977564742615551e-02 1.419633979661731951e-02 9.093912005357591977e-03 4.530988216155378001e-03 2.644852670275906446e-03 1.247621091790577282e-03
1.087244302394494745e-02 4.295054990171996885e-03 2.555911663027845421e-02 4.386703990196810093e-02 4.215160283555342315e-03 8.297237876475366952e-03 4.797744025543004831e-03 2.454931231053049997e-03 1.741980724984819318e-03 1.296554926161844722e-02
6.796724253182843695e-04 2.852836668375344090e-04 1.111527720925806206e-03 2.194326400310114399e-03 2.147428323914344836e-03 4.219173981072879553e-02 8.139336774991075274e-02 1.705794273165878215e-03 1.006673093163362558e-02 1.058720798822503778e-02
8.240713144030270554e-03 3.389373801540530168e-02 2.022737215248127628e-03 2.447072103731214162e-04 1.075496906585250018e-03 6.019241602871297850e-03 5.233492844069641964e-02 1.285561749018282462e-02 2.911204486373218745e-03 1.409251712487536758e-02
4.013741682455500975e-02 2.707966415504643037e-02 8.167244556074298306e-03 5.032467478304110398e-04 2.614850948023244594e-04 3.786602830881165434e-04 3.436202976637976400e-03 2.793028261818127425e-02 4.213286086931225527e-02 5.384911264807921288e-03
4.908013096981013457e-02 1.043331324026593523e-02 4.181105259202671544e-04 4.623384910182299452e-04 3.387885928849822346e-03 4.231488550422972394e-02 3.372408899891744111e-02 2.325736566407356903e-03 1.831193779295923422e-03 2.438197401856857099e-02
5.560621787140125182e-04 9.275919790532484834e-04 8.597312406007750606e-04 1.004093366689975432e-03 8.172816902487063662e-03 6.502190039610489247e-02 7.016485385201587377e-02 3.897804990673251618e-02 4.568650586633909473e-03 8.275066513636737068e-04
4.250838501802006036e-02 5.521965079507658476e-03 7.264987375859200194e-03 8.815282913105609158e-03 6.134325571543497793e-03 2.396662917839221217e-03 1.334779450181820554e-03 2.375455745873908051e-03 2.448725003938401201e-02 2.745252487012537698e-02
3.716540314911088907e-03 1.182541284416654438e-02 2.842836027462217890e-02 3.185804434862816309e-02 5.796972322261511809e-03 2.139680416498044094e-03 5.223978363209444073e-03 3.204255552427794519e-03 1.069970509354670196e-02 1.989652914692273053e-03
1.103710746042986437e-03 2.607925851454070965e-02 3.308437096211076789e-02 3.408200739407056968e-03 4.250198263214583980e-03 5.363404692640339616e-03 3.941308907344714257e-02 2.284453322046003931e-02 4.649915311147137693e-03 4.574917052776303252e-04
2.192841017644530169e-02 8.521252469309903432e-03 1.163744049436424115e-03 1.364615319056217439e-03 7.727070449533256918e-03 2.712290968456843032e-02 7.915607348321841708e-03 2.162313192728240394e-03 9.673490895507263695e-03 5.697483642895107003e-02
9.163076154255692454e-03 4.483299435103081654e-03 6.407141766782685835e-03 8.582209451140924896e-04 3.404456966240315555e-04 3.453121454561623033e-02 8.450309415466204788e-02 6.153285433973096699e-03 3.489716494735059038e-04 2.754575282593912564e-04
2.054338252738135973e-02 5.615210797291161210e-02 2.709256403245658903e-02 1.193158901130141405e-02 1.830833865108313918e-02 1.675074592801772651e-03 3.163347900849454767e-04 2.766636420092738317e-04 1.117975525918737814e-03 1.459613530922874124e-02
7.274754907516052353e-03 3.075217947337875041e-02 2.077429523680401208e-02 5.610236706834735923e-03 3.232597285782069264e-03 5.986077343417923677e-03 1.585516466656331121e-03 1.293620983642297835e-02 1.023701358961481671e-02 3.539005321392998601e-03
5.007079988856864838e-02 6.059389922447019905e-03 2.130941987334755532e-03 3.452494080998433183e-03 3.763522700950417115e-03 9.755990313859271013e-03 9.782478561198060946e-03 2.893655820179182134e-04 6.187882244944409391e-04 4.626130603677719444e-02
1.058326272778867955e-02 5.152544371456112618e-03 2.640826780919359649e-04 4.539569970730725863e-04 2.493872081827135448e-02 3.149100086794164033e-02 1.890045023925426490e-02 5.975774470217876458e-03 3.252832353793057556e-03 1.949253840432388710e-02
3.404191942694154149e-02 1.027788133818043851e-03 9.066247740785657577e-04 2.412698356799226895e-03 1.612990867747968442e-03 4.597514074263410119e-03 9.918623831986151523e-03 1.839120829311608179e-03 5.071054294639922022e-03 7.785269218896864740e-02
3.760557930043771039e-03 1.319183212653772010e-03 1.472278604162175191e-03 1.828928304426919718e-03 4.570982446283741209e-03 5.175839442389672251e-02 1.545986549387457984e-02 2.849731036435851177e-03 1.903801792260294973e-02 5.442152678170462249e-02
1.483985835580058652e-03 3.308777386561173855e-03 4.550673781956516423e-02 6.795972442586499735e-04 2.263823937095825836e-04 9.303222486704794403e-03 8.115771572921988419e-02 1.854703013185425575e-02 7.259645762304786469e-04 3.237414215596499077e-03
7.724489888397961389e-05 5.079089725936351352e-04 2.496450826416774307e-02 8.831754179378847880e-02 1.386061798514532338e-03 1.612478316275305079e-02 4.110593186961727930e-02 1.017437911103212349e-02 4.763370525157023180e-03 3.348156412559868131e-04
3.720163668883679203e-03 4.495772656587028113e-03 7.220032144942908903e-02 5.857400114503289248e-03 3.566273729046684146e-03 1.434560797922314682e-03 7.565797790191884122e-03 1.375117717218580018e-02 9.753778569887240971e-03 4.591884027149296769e-03
1.583538818072463506e-03 4.463017524205749320e-02 4.401275503942148754e-02 7.192943084537356535e-03 5.826275504396168613e-03 1.859081194003188138e-03 1.391408300728942411e-03 1.568229678954277759e-03 1.651339528757273314e-02 3.546907978217896627e-03
9.695286541618384048e-04 2.782597313404964676e-03 3.533201633007537583e-03 4.095808809765582453e-02 1.599347228543476079e-02 1.968441257496577473e-03 1.862306453822919552e-03 7.884459502352957755e-03 1.981444644520661408e-02 2.640254925470169114e-02
1.567875753359313645e-02 5.198737424620269304e-02 2.635615811275780415e-02 4.050937532792356355e-02 2.346739030973386646e-03 5.879951065289680361e-03 9.846608747789111632e-03 5.992282902378381470e-04 1.868739787050708147e-04 3.446893606783296704e-04
1.394864619762874874e-02 2.584998685152601477e-02 3.216804832291165865e-03 1.981117794293243278e-03 5.160853250151401297e-03 2.188169779907220194e-03 1.220739366154387608e-03 7.379833662520390684e-03 2.814722091946139475e-03 1.050737361173849360e-02
4.316947806190195129e-03 9.177382787706432621e-03 1.782783978377169148e-02 6.004497057699847637e-03 1.797319640399131294e-02 1.897628399482019501e-02 1.797562624997187108e-02 1.749280171059902633e-02 1.064816223449999936e-03 8.171292352264719703e-04
4.055696036488201477e-03 1.249702294670816932e-03 1.244944456112315450e-03 3.790440082883880703e-03 1.771338594608658223e-02 4.534405059525985736e-03 4.647710634606913582e-02 2.274048833672321582e-03 1.169028910895137177e-02 1.335398002350050156e-02
2.159809780422653966e-02 1.157097605849097786e-02 2.651719201199019549e-03 2.448370466154507416e-03 9.928379457118446591e-04 3.923154578276098758e-03 1.144887033651314709e-02 2.485014384102884888e-02 9.260541196062201802e-03 3.013242656467113659e-02
2.058984525501700996e-02 2.503723094377923244e-03 2.171891413540798406e-03 1.284105585003286927e-03 1.858460711587749375e-03 4.115499524999838635e-03 2.578801993327206610e-02 1.455798911792305535e-02 2.043680494126981495e-02 2.008359384274258433e-02
1.780755631085253251e-03 8.288479573831922156e-04 2.067393984280505026e-03 2.615858468479848736e-02 2.521066575255382844e-02 1.141319549787916075e-02 2.702228220565490446e-03 1.486631526206510720e-02 4.727056425250024396e-02 4.018223566349243131e-03
1.144098134058089619e-02 4.044787380272420532e-03 7.689477533851791884e-04 8.061082234643840829e-04 2.962470851419487898e-03 3.796798151331391528e-03 1.446331190192027411e-03 6.781210956098859821e-02 3.276024026995005833e-02 9.635325352885878644e-03
1.020662900871389424e-02 1.155558084910440764e-02 7.859584926377484460e-03 1.113865465085137063e-02 1.131256738634746351e-02 8.811702206106327567e-03 8.086632405867310094e-03 1.819373189245884412e-02 5.786782938638984110e-03 5.585378699491593338e-03
9.439080816445764377e-04 2.140086124587274770e-03 3.419394403596758523e-03 2.698364467494383020e-03 7.528847478908200393e-03 1.055331709649433118e-02 1.721405067341403444e-02 6.045829679964777326e-02 2.876731909096492262e-02 4.384399092023521377e-03
1.534655775612903811e-02 5.248574361802501795e-03 1.937552613505260420e-03 9.641286786859659674e-03 3.604173884717502829e-02 4.437935548861964702e-02 1.823745210600647478e-03 1.443844056203713621e-04 6.561941375686422681e-04 2.974680803733363924e-02
7.316591207908465511e-03 4.340303359881768699e-03 4.971230447568595126e-03 1.096390698650760200e-02 1.136024556685880441e-02 9.915904087717477070e-03 1.570659988028660914e-02 6.281134925750683426e-03 7.573547806343013111e-03 2.391905930288699272e-02
3.507213287387274392e-02 1.262120659689732090e-02 3.599900450015833253e-02 2.847332802539739513e-02 4.513354700276406978e-03 6.493237419989936719e-03 4.824784372020548412e-03 6.677463252437863166e-04 8.977791875325932119e-04 3.647240948966625710e-03
4.920107033659680898e-03 4.608078788623860486e-03 2.057505595022053255e-02 2.237583664866402838e-02 2.893128631737997870e-03 9.157889035408275924e-03 2.426976880722505475e-02 1.691415975944626088e-02 3.674145182418828495e-03 1.056289705387855301e-03
4.818331316570766826e-02 2.358505112113872676e-02 2.390655750293968484e-02 2.194171773188619001e-03 3.936965016202361453e-04 2.400746125112261306e-03 1.316114751017233644e-02 3.376587492511598249e-03 5.531052137701174091e-04 2.078620764153405256e-02
5.506094858834861957e-04 1.106143618369923162e-04 7.899593208056806485e-04 1.775793372070840967e-02 4.562228694318987143e-02 1.052405906969674197e-02 2.412414522247432677e-03 2.241052596586612378e-02 4.724622019641074727e-02 1.679091761885164596e-02
1.705399838165227999e-02 5.330604861814812294e-03 4.533935071215747931e-03 3.019096723833121151e-02 3.761410489444507680e-03 7.305060979000169499e-03 2.389512438564610902e-02 3.044199673669356013e-03 3.401748203410513705e-03 8.734258348435490482e-03
2.066981470328035052e-03 1.394010578047560032e-02 8.330405513506364268e-02 1.293047237979057761e-02 1.718118626966902689e-03 4.150855637161814798e-03 1.294613383619732869e-02 1.288808950168004140e-02 8.039098570160356158e-03 2.365034758678513042e-03
9.386556153107690481e-02 3.673662250217645669e-02 2.805646153170933584e-03 5.793393322543352413e-05 7.302825584287675682e-05 1.414418677081378346e-04 1.128791471357412169e-03 3.341590719174565138e-03 3.185555864334960186e-02 5.772958402362959873e-02
1.023769195998203672e-02 1.510660779370659457e-02 1.994107758167495276e-02 6.193571630045843074e-02 7.353509444773774495e-03 9.287405756732232311e-04 1.830844500690233072e-04 1.475761080454144236e-04 3.153867680125841365e-03 5.974414770161136368e-02
2.746591156731368472e-02 6.928604548761560598e-04 6.733432623471855005e-05 3.834782607404799105e-04 4.919541604324926404e-03 3.606928543266402915e-02 3.818349028498364134e-02 4.078202844562932132e-03 4.378116465365172218e-03 7.932227512993500484e-02
2.658304322281418788e-03 2.797010209856976796e-03 3.832895554904167112e-03 2.515754057273763764e-02 3.171610473265555705e-03 5.281679467153554616e-03 1.567927829904471743e-02 4.092331683007147114e-02 3.439865100316967256e-03 2.486291936058057737e-03
6.268621581113971442e-03 1.393854982317726653e-03 3.725544922161818599e-04 3.111984686947796754e-03 2.303405655028391459e-03 2.457678675398846518e-02 2.052915893276470102e-02 2.671706992324682315e-03 2.494241783257675552e-02 3.982560115621453650e-02
4.439182360613572187e-02 6.788098282468163665e-03 3.852990936554469758e-04 3.141226687776011816e-04 7.223515607314233422e-03 1.672651350200279885e-02 1.250475956102026220e-02 4.799914984304392944e-03 2.198313077449444430e-02 2.386782825785843665e-02
2.311589819827655594e-03 2.454118634172246325e-03 3.804150377621932054e-03 4.839452102544039395e-03 6.500973487821301751e-03 5.951297931777989325e-03 1.223904160929341171e-02 1.685780664681014313e-02 8.682663115902888862e-02 1.053401868795691282e-02
1.790895743738867008e-02 9.437034904378027722e-03 1.512019188032985746e-02 2.410147911032364115e-02 9.687540390137958091e-02 1.448922274346394617e-02 4.643262601198107136e-04 1.790158814074731101e-04 1.037515316580444073e-03 2.346199199514174914e-03
1.333240100200623211e-04 2.820066742797195259e-04 9.817903505487056079e-03 4.315702062209943873e-02 4.796125276683096267e-02 3.132701467359164799e-02 4.222863260342789304e-02 3.159696796089780935e-03 6.944520793001334336e-04 4.243243464842834422e-04
5.749920899542056672e-03 6.377450709486955083e-03 4.993265785260424597e-03 4.898476330441837653e-03 6.042305024958003964e-03 2.401394645456840157e-03 1.959849289053303915e-03 4.162562047035616580e-03 3.935460077152325153e-02 6.205589119315068486e-02
9.721988839154161940e-04 9.864036807812938141e-04 1.838949668951715298e-03 5.185312189536400544e-03 6.731877991982683322e-03 6.739784604513726629e-02 1.954954263634189199e-02 2.821943511903594101e-03 4.193772625813989297e-02 6.953523435067316023e-03
1.446182877462608846e-02 1.831082944421227876e-02 2.052292640722209061e-03 8.427813057291450374e-03 1.558298382793254708e-02 7.426439785611100436e-03 3.348732381841496020e-03 3.689351568549073491e-04 1.019263181553105519e-03 2.570077250021474483e-02
1.843444822237958348e-03 3.673839771917232667e-05 1.294540902072418000e-05 8.869536001309135005e-05 2.356600358400497836e-02 6.018344065097088608e-02 1.794467025141927713e-02 6.536636471570009786e-03 6.597937357606212250e-02 2.209087087266465785e-02
6.691634130441305450e-03 1.151324537024815513e-02 2.538849682103803962e-02 2.229324063889862734e-02 2.446696406854212587e-03 7.727677575965811139e-04 3.319814478890795433e-03 1.366682377443647831e-02 1.652772078148465182e-03 8.650857702281312608e-03
6.817391803872908246e-04 1.198417481664994406e-02 9.605930625405006973e-02 4.043431306977454676e-02 4.474627493488735237e-03 4.161795338786805631e-02 1.047256252850701196e-02 1.095153728660450739e-03 1.327373135690128640e-04 1.115695559976316581e-04
7.290046903997496330e-04 2.053664566961416367e-03 5.614545014481558613e-03 1.802104742035581797e-02 1.590217806075196541e-02 7.803159992358090716e-04 1.184285874003856249e-03 2.776315449258216772e-02 8.646086879892667110e-02 6.856153576952828642e-03
1.823506926266139916e-02 4.066084376103198950e-02 1.195783852232910199e-02 1.862047711008889272e-02 3.448123696851700462e-03 2.757280397900953913e-03 1.451043813982940030e-02 9.326150233492563890e-03 1.744256118094909521e-03 1.742236856537167887e-03
1.150341880846667865e-02 6.314897071886387339e-03 2.460239441810368587e-03 2.620098522773702649e-04 8.281564225243462710e-04 1.623903398030315109e-02 5.854094478657973291e-03 6.266969759379842353e-02 2.010100493356166071e-02 2.951618548066417373e-03
2.324805724979277233e-04 3.267171961171421888e-04 1.087320934408266687e-02 1.331459195500273723e-02 2.014365415651910712e-02 1.461330446182760798e-02 5.769932345498976836e-03 5.384177014564149773e-03 5.069639286850067920e-03 1.059848009659213747e-02
3.636643162941183977e-02 2.872789476227727550e-03 2.269979123568760353e-03 6.545057695018778599e-02 4.304215915228401523e-02 1.051962721127621195e-03 1.999908071762697133e-04 6.245263269161823068e-04 3.823351656029223139e-03 2.797976229727818301e-02
1.597758909691074369e-02 3.876548671531867066e-03 3.682777875181997111e-03 3.300105659816390986e-03 4.387070329437962012e-03 2.839990739719757372e-03 1.860748720064513834e-03 2.557885153490816604e-03 5.970848558597817435e-02 5.989661225117065557e-02
1.502593107137363895e-02 9.732377808762495731e-04 2.693729536037302395e-03 1.591772306143079269e-02 2.022827491064668574e-03 1.169095625729088539e-03 1.476566793823519061e-02 2.395298249642798753e-03 5.375656034870212110e-03 7.890594666975539462e-02
4.296433706511891548e-02 2.081394561379499436e-02 6.962327869153896349e-03 4.366912139381473081e-03 2.119364314000455295e-03 4.180679636205934802e-03 8.807410784356144162e-03 8.850577345471250662e-03 2.665043861438275499e-03 1.886037908728615403e-02
5.047666910581272842e-03 1.800299164988565515e-02 5.872347117246173691e-03 3.781319877878685652e-04 9.697004114790552451e-04 3.033458615337808646e-03 6.754935284380564342e-03 2.823167328704622239e-02 1.077390803957827548e-01 1.762937671753510684e-03
8.068478433919862303e-03 7.627191786106439671e-03 3.266613129632844198e-02 1.214010915713111677e-02 6.322018223141961067e-03 1.837801894060884806e-03 3.987047603625937069e-03 7.569040997293401477e-03 6.501781847772817539e-04 1.282658761051286983e-03
3.385731141191149207e-02 7.371281108254197634e-02 8.218289679024557218e-03 1.324787372726692405e-03 1.198530757545209022e-03 2.629797117331983012e-04 2.666340585791210686e-04 7.395137839640126502e-04 1.556989716431846429e-02 2.499109662559806724e-03
2.957046064871155650e-02 1.936222860590534195e-02 1.259815604234047239e-02 7.043773762128642882e-03 7.941642441809265707e-02 2.660537688891591659e-02 8.546393387034144102e-04 9.965881439219376474e-05 1.107744659980404282e-04 3.131605731881306840e-03
2.194618398025131520e-02 3.892203219498966554e-02 1.149279797208673480e-02 2.701231719697004541e-02 3.753379255000230397e-03 3.043385657784829657e-03 1.410672190071558807e-02 2.587511700713506987e-03 1.011148839614646813e-03 1.259909294503408451e-03
9.236313440309765112e-04 1.573270828231831259e-02 3.052434970196041958e-02 1.309634165025941321e-02 3.167930756829359391e-04 1.099286109198543455e-04 9.397178954395924225e-03 7.414959739213026341e-03 1.662668969977196959e-02 2.893607922303928839e-03
7.650506973457723778e-03 7.943916154710965044e-03 9.956700965075013232e-02 1.445791439878086303e-02 1.406183745761010323e-03 3.970050921913501193e-04 3.174667790431027863e-04 2.671720312351888969e-03 2.939909251510290297e-02 2.793982386611687518e-02
2.303615559063971075e-03 2.338109933521943448e-03 3.324552781144072752e-03 1.639041472641224531e-02 7.402441220185955462e-02 1.512000331799808611e-02 7.328149867294731640e-03 9.321206791739863190e-03 1.083385069616489040e-02 2.405963665105632140e-03
1.683020091908098842e-02 1.257244637790776685e-02 6.207767996636392657e-03 4.408822638797729732e-03 2.077805361552000855e-03 1.755558292508514057e-02 4.061379858413541322e-02 1.383320076316965283e-03 1.147024196247620328e-03 1.798066916881867205e-02
3.265613399383764884e-03 6.374960559602782777e-04 5.701148936729407216e-03 2.493306101291892229e-02 2.071293437460038078e-02 3.255389862699308717e-02 1.853831463227061799e-02 1.684041295563731963e-03 5.539673274129477965e-03 9.235519973492378049e-03
9.949594465456387815e-03 7.337233678359226727e-04 2.579459855405981383e-03 2.332222181650034365e-02 1.681954540949871096e-02 8.419591571140951081e-03 1.024089399396911106e-02 6.384980155679810358e-03 7.163784015963584051e-03 3.874949687622054884e-02
4.030201364188301660e-03 2.359929944634591662e-03 4.082133689774687831e-03 1.115907995544725660e-02 3.564698752833369254e-03 2.419033914742505821e-03 3.454818216455095292e-02 2.330641166091420441e-02 1.693498597994040275e-02 6.635660965595153137e-03
9.842531861385409031e-03 2.093947818595100208e-03 4.288118617428769187e-03 1.995307896414541537e-02 2.500504314576571310e-02 9.421301426523615019e-03 2.220940269643331775e-03 4.068985382448304803e-04 1.407963540998744684e-02 6.191714469999721332e-02
4.869332990122091933e-04 1.184133282514072440e-03 1.232114523852723305e-02 3.478801566828202546e-03 3.824615517789708638e-03 4.039170694151892130e-03 2.452603795680444523e-03 4.388290812211259606e-02 6.018854434148526722e-02 2.542017702259705830e-03
4.424191518091486440e-03 3.854423243452125003e-02 2.320308483509853775e-02 1.021957718033180904e-02 3.165937828074390920e-04 7.179188098348373258e-04 1.218675914844683655e-02 5.205683311678126028e-03 4.435062157217346812e-03 2.171888676337209619e-03
5.643974183331875588e-02 2.376319290122185651e-02 1.291799577506121122e-02 5.256170460539369774e-03 8.196076065201179581e-04 3.812261070823094733e-03 5.936010627437373136e-03 2.910705046029993161e-03 8.394750645563543029e-04 1.867192947399605452e-02
2.759861950984602436e-03 2.647140503335367826e-03 1.033809280167483254e-02 3.445173362486284030e-02 6.676941553219581729e-03 1.182052815346886637e-03 4.661819636705598281e-04 6.862306259044432047e-03 1.086842834943565345e-01 2.244533655717038598e-02
4.950349428925131245e-03 1.330173413556335824e-02 4.494782587870366219e-03 1.960965909902459905e-02 4.850468251564563765e-02 1.907440668254632710e-02 3.156087350833292234e-03 1.885340952300407907e-03 2.649380930331764541e-03 3.230438068220250602e-03
1.997611058117920377e-02 1.887925786676881122e-03 3.536609796532589473e-03 6.249148597618381373e-03 4.994775604200705002e-04 4.892627899002193088e-04 3.931533077129177253e-03 9.967745233615012395e-04 1.136055723952151229e-02 4.913628824313886340e-02
9.445329950978523063e-04 1.092678808484439041e-03 1.843482717864688286e-02 1.160405432738898790e-01 2.609212750803566964e-03 1.703953143356909915e-04 2.130810989425626842e-03 6.246672705149974164e-02 2.430533135608767964e-02 2.998761123418276862e-03
1.585249834920168105e-02 1.940891094475074435e-02 1.796254938974567450e-02 6.522156941205659725e-03 2.829873383208733953e-03 3.264501060271373344e-03 7.104020229884263488e-03 8.206968187986857233e-03 1.350457967922323935e-02 3.251904565150591595e-03
4.204292644702420020e-03 5.177318036437975751e-02 3.346692735243726648e-03 5.053923084192108242e-03 4.443031317313184819e-02 4.252906359454393381e-02 6.027436217276823868e-03 2.401453346526401765e-03 6.336641474851596473e-04 3.003634622075081586e-04
3.757850223579375579e-03 3.256674510743023943e-02 5.248987097980850614e-02 1.491652262528708837e-03 3.560571941633033921e-04 1.201329907074109686e-02 7.211595563704623069e-02 7.927460072570977762e-03 1.688348838194823117e-03 1.318595169271807822e-03
1.376858334313783676e-02 2.481077572473987247e-02 3.020432618332715737e-03 3.829962769523370496e-03 2.253221965891413422e-03 4.702614353734808905e-02 1.425702800788039050e-02 3.413683170952337177e-03 2.202577095580855564e-03 1.318580100232736143e-03
2.598753566982486135e-02 2.243738188810461692e-02 1.432429264215871658e-03 1.054844485273510922e-03 8.656344396206149764e-04 8.588558817679840980e-04 2.474879079644853354e-03 4.452792256605792726e-02 2.801390125033348388e-02 1.480698336040219172e-02
