3.318514992903366934e-01 4.422421652472263154e-01 1.096791041964123581e-01 1.679070827686269252e-01 2.511118495859018807e-01 6.041996552797808395e-02 1.591626877375033611e-01 2.552492183502347300e-01 1.593720968860869724e-01 6.300433040969245779e-02
1.084118296154768929e-01 1.424880186444522634e-01 1.955326119477186764e-01 3.598449585556841024e-01 1.293610756763376446e-01 7.594869183924617129e-02 9.773683629253421268e-02 4.112595363545342719e-01 2.614772914725542741e-01 2.179391496014619622e-01
1.998585170433038183e-01 3.325625923244048820e-01 9.091284063914323310e-02 1.335098342716287412e-01 3.720492181771881679e-01 2.589900060304839435e-01 1.347765676770429355e-01 1.334631643227476017e-01 7.910419683361435972e-02 2.647730626804423726e-01
1.799072044169388040e-01 2.076106937644630890e-01 4.046946267561518096e-01 3.587880110422954072e-01 5.446832206662646086e-02 9.549671189874020527e-02 3.974874405032535196e-01 9.362146567702391009e-02 4.469838368975708603e-02 1.632271401847491255e-01
3.158148358208978657e-01 9.734511681547693140e-02 1.965502464012948980e-01 2.646357110760153009e-01 8.091719706068353779e-02 4.635550900782064998e-02 2.004945053580836078e-01 3.097305108013123087e-01 3.711774645184460208e-01 1.169789031399686569e-01
9.812489008474635510e-02 1.615456297739191749e-01 5.508468953197392243e-02 2.374074420413929687e-01 2.405175946445319013e-01 3.184110115820265041e-01 9.500412029150126503e-02 3.345445761416396824e-01 1.417101629753269587e-01 3.176498829329415519e-01
2.413811505263562251e-01 1.863126678604364039e-01 4.505006048330605362e-01 4.123692970178202688e-01 8.441139916304582491e-02 6.732230886950729687e-02 8.314886976251122108e-02 9.155106122189679563e-02 1.256370031915186591e-01 2.573656375538456165e-01
1.430877969087749613e-01 1.855934559759721547e-01 2.690535599261191235e-01 1.737385613169424026e-01 2.539505445591025978e-01 2.380706124272622404e-01 9.765291416787147405e-02 3.005520982278211406e-01 2.185096820359258285e-01 1.197907744542078406e-01
6.099861096169301167e-02 2.680849999195910049e-01 2.822474133255615247e-01 4.037884163111886693e-01 1.664248735516284938e-01 1.883334155946074229e-01 2.109711673515484165e-01 1.591319829674110176e-01 1.790495538819568966e-01 8.096956613481449960e-02
3.985307510925997221e-01 5.686703462520992236e-02 1.119370138811066340e-01 1.055136280712176966e-01 3.573815135488060957e-01 4.542761952434346551e-01 3.150857553469474936e-01 2.965888858194362654e-02 4.089345898978533067e-02 1.298557606189494895e-01
2.360434999680325885e-01 4.272551681283199843e-01 1.257438000800235600e-01 5.520704223504428743e-02 1.049177948146740452e-01 2.578910982130388496e-01 1.104401806073126990e-01 5.830196373464788251e-02 4.510258483164667487e-01 1.731736039024399099e-01
9.168394619147708646e-02 3.806829956354103039e-01 2.098663516464197576e-01 2.098738807958389352e-01 2.889391376932137767e-01 2.173583947943784900e-01 1.973234664743047373e-01 1.497243697486469183e-01 1.615681690200790055e-01 9.297928800023180784e-02
2.075340408527593938e-01 1.291726385310423553e-01 2.847886594630209545e-01 3.777464157336526407e-01 1.058573316701512668e-01 2.452925026683973608e-01 1.695218606227741620e-01 1.207280949681028143e-01 7.573158630659396207e-02 2.836268691835052147e-01
4.436174526943752194e-02 4.544836492642603809e-02 2.117841219188720814e-01 1.790731610877734914e-01 8.549181144824315182e-02 3.846349539016404862e-01 4.623695597367022403e-01 6.558933271237724072e-02 2.470539362046087761e-01 2.741930127939201656e-01
1.292663909057920890e-01 4.218680104385108542e-01 7.791755302751976475e-02 4.568326682133073968e-02 1.280814095793282037e-01 1.376417219727217867e-01 3.871040795212680186e-01 2.142789585732635671e-01 9.621197303700534942e-02 3.619466361232598350e-01
3.904007584588513047e-01 2.595819866073846294e-01 2.477834234682145254e-01 5.469416552936050974e-02 4.696723180304257506e-02 6.440442035462658199e-02 1.549508415407405137e-01 2.816949906356731037e-01 3.789650727200379876e-01 1.205571088820677900e-01
3.414317193253267879e-01 2.316504407889554418e-01 4.638623448351320011e-02 6.191105771780356509e-02 1.292134884382479532e-01 3.475693758446415371e-01 3.332159747392423599e-01 1.061208341132912347e-01 9.084507869632033050e-02 3.116557958526572358e-01
7.607992262288970631e-02 1.742997242184240458e-01 1.174083154574860899e-01 6.458202850522613836e-02 1.722842152383433911e-01 4.138970765631878601e-01 4.194245661984291607e-01 3.581328945727079160e-01 1.453551893608254764e-01 5.853606726247933406e-02
3.845228323594396813e-01 1.272824713625478055e-01 2.094396783844565957e-01 1.865646950849928487e-01 1.708159384204342435e-01 1.343338176020716090e-01 1.042866319965471689e-01 9.049254245243285033e-02 3.325496654828243304e-01 2.597117268542528667e-01
1.403764553263722181e-01 2.343647539686685433e-01 2.761226474240863205e-01 3.335981557414788301e-01 1.455606700062928027e-01 1.183507484327653986e-01 2.436596541717036268e-01 8.403542899110950926e-02 3.395880423390071345e-01 8.434344359851468631e-02
6.803333869153138647e-02 3.136434352685966154e-01 3.176746456316637546e-01 1.098077548691395733e-01 1.999821798169585940e-01 1.302751888941870162e-01 3.637884488755001033e-01 2.536791652819641585e-01 1.896421693104844985e-01 5.347367335997479931e-02
2.465702796973763267e-01 2.367059026050055692e-01 8.116229228863522382e-02 9.013205161007951938e-02 1.705486418140773619e-01 3.168713870284039502e-01 1.685280598684462949e-01 1.085382906892916749e-01 1.844248421491069545e-01 3.965182522495770967e-01
3.866731175222140049e-01 8.921614858732559994e-02 3.053109011930413286e-01 1.281330042456136908e-01 3.310893747743136328e-02 3.758638444000930168e-01 4.311410038240385267e-01 1.630044148501110235e-01 4.239350678894038271e-02 4.515512111119109745e-02
2.297527203293481812e-01 3.886844664128101812e-01 3.062738653981553760e-01 1.763190316008920733e-01 3.335221291057330895e-01 9.190986099930842368e-02 4.373907828783190482e-02 4.576145905957159504e-02 8.314170192742921517e-02 3.008956868789189332e-01
1.787672969270205359e-01 3.062431050859184545e-01 2.660616241703576135e-01 1.592811827709470496e-01 1.196342342819837340e-01 2.944514348527986769e-01 5.852081496317113052e-02 2.868269393771949449e-01 2.111993466421976662e-01 1.190140209284105827e-01
3.661486293706084361e-01 1.683682065498758873e-01 1.082224513559209844e-01 2.436350429205703383e-01 1.206993628798233714e-01 1.769065210091299023e-01 3.267140236970749179e-01 3.657378730271204637e-02 4.936633519618042337e-02 4.033656397181033526e-01
1.664194823932352019e-01 2.454658704248927070e-01 4.587097471347594685e-02 4.024275180800611362e-02 3.542426794398585987e-01 2.744264076438379663e-01 2.825639629950719156e-01 1.643769795869962635e-01 1.116881294135766145e-01 3.147027615810494838e-01
3.578530532194819647e-01 6.426238209860707373e-02 9.861773771626954066e-02 2.853448595385566500e-01 7.906423252493727238e-02 1.256617683899868276e-01 3.356858559154895505e-01 8.544309234373628770e-02 1.405680838032822011e-01 4.274989344496519794e-01
1.046093401522806832e-01 1.034768038892777964e-01 1.557644212844016829e-01 1.293958808393117221e-01 1.120669293796595495e-01 4.021064516549729406e-01 2.228925544183620600e-01 1.181207903103471818e-01 2.475309912234610055e-01 4.040358368479253226e-01
1.393037384566107595e-01 8.039962873918296560e-02 4.719572487397054594e-01 3.995037520030782219e-02 3.986833853462990601e-02 1.991345454382859870e-01 4.160417738578044422e-01 2.778272713129074090e-01 4.877528520478030538e-02 2.867417945157857417e-01
2.497466654594109395e-02 6.673814017032135559e-02 3.023298756438056456e-01 4.701363500705441623e-01 5.779177095383838253e-02 2.628751123351136254e-01 3.485409952927697730e-01 1.707288310863643577e-01 2.382148070468722012e-01 5.766945085442883728e-02
1.999018942358603557e-01 1.047568287385588492e-01 4.716093351790820454e-01 1.198167250333569828e-01 2.503419503080778208e-01 7.337014397714036740e-02 2.016745049998827921e-01 2.388158079139052481e-01 1.876754881310901402e-01 1.520373214830466613e-01
7.442416604379031853e-02 3.839817276075995767e-01 3.545373479878010103e-01 1.572953868874557570e-01 2.082373876472943808e-01 1.471895921810350283e-01 1.176367263817527931e-01 5.812584328912828724e-02 3.849726612733369024e-01 1.135991607008066673e-01
5.065693876916747829e-02 2.167321519672132379e-01 9.885059659740005888e-02 3.703560669698796604e-01 2.319948663145169621e-01 9.884247875259220828e-02 1.124570250201183674e-01 2.294750749399688261e-01 2.207730247228436860e-01 3.698617759462993759e-01
2.720207611417576610e-01 3.594098686374747054e-01 2.701517771245547928e-01 4.039382511081570648e-01 7.884113150302193840e-02 1.561617093361303554e-01 3.273975528386721123e-01 5.192402255307271286e-02 3.161156628323909951e-02 4.854335947392073719e-02
1.818259084083183041e-01 3.654289537797988374e-01 1.074019516237472022e-01 9.575295303851591444e-02 3.114436801476129224e-01 1.027853217088380150e-01 6.150470061012234396e-02 3.795916579745209907e-01 7.999060331201528207e-02 3.142742693965092093e-01
1.932448534085519920e-01 1.676644350391660876e-01 2.946859224141249456e-01 1.352718582495812394e-01 2.748634971167850383e-01 2.561123491691387200e-01 2.217711200892311940e-01 3.171438060592710606e-01 6.183258546360284602e-02 7.740957299054652963e-02
1.371448230299829041e-01 1.313195920838440278e-01 1.114835791737986831e-01 1.016654547418652660e-01 3.863818007641011687e-01 9.251389479286731277e-02 4.704966884756981993e-01 6.819194092317247546e-02 2.892072902533117662e-01 2.115949357613589321e-01
2.412517544204846320e-01 2.454849137431209805e-01 1.019575588381228526e-01 1.594820249445335347e-01 7.988193241900046204e-02 1.600750887536560862e-01 1.875531733112350552e-01 3.249956287176236081e-01 1.594341069030234259e-01 3.398838179492006950e-01
3.260051123614847723e-01 8.376490079915258069e-02 1.530101578426105169e-01 1.351672492785970792e-01 1.178773960819860661e-01 1.098221768795724224e-01 3.510519529946395934e-01 1.946098965663984048e-01 3.014681363440782080e-01 2.272230208514804117e-01
1.630794608921827260e-01 8.465754438078040844e-02 8.789254542765510825e-02 3.362447229934332205e-01 2.520294924409318682e-01 2.560173648590600148e-01 1.040292520464403958e-01 2.226708862870920846e-01 3.883286150319446572e-01 1.050501156404791553e-01
2.459467966696150532e-01 1.931860116879645095e-01 5.841762832714654519e-02 5.872617458828820192e-02 2.054134097994587682e-01 2.288395725643902756e-01 5.570676484325132877e-02 4.515136875871603728e-01 3.190811752793203948e-01 1.831687786534049733e-01
2.139846978487905393e-01 2.143967377866866919e-01 1.737117972198024551e-01 2.169522674009680685e-01 2.090348505357497721e-01 2.063718343077108053e-01 1.561964961693108056e-01 3.069638188426496717e-01 1.385611255371923811e-01 1.638263743511385873e-01
6.292710587789596133e-02 1.588035403678310364e-01 1.827090904715643060e-01 9.408605657411771295e-02 2.011857834860969196e-01 2.216060376700347556e-01 2.296897692783282652e-01 3.934731958966313781e-01 3.025909322693979275e-01 1.529284881081028336e-01
1.910998060839564638e-01 2.313639430430459720e-01 9.736042325238492001e-02 2.241959957426082339e-01 3.111733644046164038e-01 3.835820448423272189e-01 8.990628981673631781e-02 2.549317285023708357e-02 5.138548512517191608e-02 3.944394748389181693e-01
1.491784850486066738e-01 1.669398578132187949e-01 1.493683398976165533e-01 2.178436265722584753e-01 2.198254086427095244e-01 1.754580288513197805e-01 2.788376406859021106e-01 1.578705255787198614e-01 1.577860673997055485e-01 3.268920195099425663e-01
3.845863960754568600e-01 1.835122727545251409e-01 3.321909701505610379e-01 3.169865840244098232e-01 1.194618232736413127e-01 1.880539012054377457e-01 2.279105347813249194e-01 6.159372916156882760e-02 7.477170415773942702e-02 1.109320844153341840e-01
2.572238618934463705e-01 1.240550857757271308e-01 2.603590941112724488e-01 3.092989636679063237e-01 9.573766048900088366e-02 2.199712053251140220e-01 2.668373606578773316e-01 2.550910013953283650e-01 1.460922445038339290e-01 6.533352218049395810e-02
3.489518481973680197e-01 2.570261562478112771e-01 3.281749353263211377e-01 1.177779129230895339e-01 3.759357925213785423e-02 1.012813356859384728e-01 3.359930624156842183e-01 1.193815760496546585e-01 4.252666743073043459e-02 3.112929264712628319e-01
5.577560493047177548e-02 2.627522261524076197e-02 7.486999092496693375e-02 2.699480581436869975e-01 3.373597714308688156e-01 2.177155083295236881e-01 9.350375797310807313e-02 3.109933019287624001e-01 3.288474835056863221e-01 2.847113002176848706e-01
2.722794113688501438e-01 1.643460973341839826e-01 1.079879603466715882e-01 4.067107091033759225e-01 9.879943242215696864e-02 1.659233468417547486e-01 3.519626201723048409e-01 9.228770849492289041e-02 1.608671778563945109e-01 1.788355360593842647e-01
1.074324314451636370e-01 2.211618999119294715e-01 4.297299899030856407e-01 2.155903305023464112e-01 9.068740853268511537e-02 1.582875417059830814e-01 2.419491726853398861e-01 1.976203908510991980e-01 2.161226147562579358e-01 1.214182197061100810e-01
4.592645216373670847e-01 3.455073863905467335e-01 1.365495813909705647e-01 1.600058291757642387e-02 3.237559134412835299e-02 5.331267926080617003e-02 1.371233980773815531e-01 1.154944410985793285e-01 3.145452463944413690e-01 3.898265714882006572e-01
1.604315157395050373e-01 2.880304449455811100e-01 2.337419935803211613e-01 4.121446985417283049e-01 1.518853856256222601e-01 1.078066568201873909e-01 7.796774909139336796e-02 3.143784575114128010e-02 9.577301116583698815e-02 4.407806987386839181e-01
3.177269078453512363e-01 7.384090710203583541e-02 2.082252275462332519e-02 5.954814237527764065e-02 1.714791009988216319e-01 3.152361514019753064e-01 3.534971292642857810e-01 1.306750364180326307e-01 1.223908348722881206e-01 4.347832669673084571e-01
1.903297627001948045e-01 1.547002591866414034e-01 9.212253621895938327e-02 4.132641223328407110e-01 8.739308599455532234e-02 2.279763103345225084e-01 2.051568070945906652e-01 3.953434830163818359e-01 9.887804774417494058e-02 1.348355853771379398e-01
1.642902836110968212e-01 1.060499729112213269e-01 4.503786306265605832e-02 2.850098405152076686e-01 7.777325922919758883e-02 3.046703938874331108e-01 2.881406708615052437e-01 9.129571450064155602e-02 3.084497917014158985e-01 3.292822097196256848e-01
3.647822702569869513e-01 1.671108516789958365e-01 4.686100276248909846e-02 4.153859939109462440e-02 2.250020018104178510e-01 2.287770415262262436e-01 2.338406243680019037e-01 1.278169804586819780e-01 3.122037345364864214e-01 2.520668932106190918e-01
1.258849954644331859e-01 1.298293032178914341e-01 1.470126203749053395e-01 1.529680231117787059e-01 1.889414410897334584e-01 1.472030396039962497e-01 2.528939750780248574e-01 2.212355044227657941e-01 4.509311231821871435e-01 1.830999744542852747e-01
3.220147229077513495e-01 1.563726739784117581e-01 2.712345305390841954e-01 2.666022022189651342e-01 4.504299575868132566e-01 2.352455089775669084e-01 5.812539465804102135e-02 4.281060197042359239e-02 1.060679817911353712e-01 9.109642537180603905e-02
4.438497691599017914e-02 3.438245480212966110e-02 2.204427044370008970e-01 3.376028902914782748e-01 3.662026521031572779e-01 2.889768889224415549e-01 3.788855928342563795e-01 9.698693316026517353e-02 8.278649453433198357e-02 1.493484119989491044e-01
1.296439000013117626e-01 2.384511038306265651e-01 1.517635683807810332e-01 1.325826149674016463e-01 2.203222242843193568e-01 1.247634071228620745e-01 1.047907869381486806e-01 1.367850617924591949e-01 3.453126328646047849e-01 4.155846998174851925e-01
8.301024576976062663e-02 1.144508111723894217e-01 1.226730552791421708e-01 2.110659094152189108e-01 1.367937173768144776e-01 4.178050177137978549e-01 2.675709278812925529e-01 8.441355368185228525e-02 4.236415570860855295e-01 1.385752046236476132e-01
1.733022653228127319e-01 3.725596529509814792e-01 7.362593347410584244e-02 2.466353366604184250e-01 2.355333475400723797e-01 1.592183239632714020e-01 2.254945462336922501e-01 5.635090308566831352e-02 5.598107051604409717e-02 4.012986202529323920e-01
1.473202366882589986e-01 2.453405976469114763e-02 9.322579639973642765e-03 2.074245746020929315e-02 3.329433721551993686e-01 3.638580527199899994e-01 2.745638861386091589e-01 1.404051001298284307e-01 4.211974199955107467e-01 2.651128353077299993e-01
1.470902471602582029e-01 2.345594701306268626e-01 2.654833682515295168e-01 2.987225265174198729e-01 1.197052530343660354e-01 5.665151150551699100e-02 1.228990954232225263e-01 3.700813926138417087e-01 5.303539365768470543e-02 3.317717417055329743e-01
7.691040317121328185e-02 2.075738349280110695e-01 4.534682348243208594e-01 3.768296109411242711e-01 1.047440931357940946e-01 4.003788967088599549e-01 1.745103690489315518e-01 9.540153356765482262e-02 5.603475548503793202e-02 5.414826818905410510e-02
6.353891330877668719e-02 1.788489086059837085e-01 1.618989446627820961e-01 2.255909909884734055e-01 3.106025414392270534e-01 5.706195425008858679e-02 8.078432140600322331e-02 3.230927153729826751e-01 4.369389899590088722e-01 1.616417200066740389e-01
2.531838281032112170e-01 3.549241560730218570e-01 1.770513279802198026e-01 3.294420591749612770e-01 1.179250284358769191e-01 9.734139290838525471e-02 2.805968801619835862e-01 1.993972952225728790e-01 8.990826812622659814e-02 1.002297638135414004e-01
2.528250591333451869e-01 1.667708924356178790e-01 1.733887188342235763e-01 3.611732799873940136e-02 5.411325561978096860e-02 4.097311039179529213e-01 1.113646013330728685e-01 4.299751155986559770e-01 2.589398785874623687e-01 1.067740465411486789e-01
2.972341062884996388e-02 4.067323636245411683e-02 3.374722016787453649e-01 1.802468934163037328e-01 2.989228545938992232e-01 2.201386849305805582e-01 1.748509622542624986e-01 2.143795555450393464e-01 1.043971356736930617e-01 3.991950649161722930e-01
3.546206759750890058e-01 1.108947294955705543e-01 9.071275387098357013e-02 4.250681705104664143e-01 3.788015884743726192e-01 7.613194027360278837e-02 3.588243180072026722e-02 9.076122195421251759e-02 1.555258232580142563e-01 2.816006643869699011e-01
2.359149118654831345e-01 1.477123079584748699e-01 1.567918969831606502e-01 1.160297214162354512e-01 1.682016158755682278e-01 1.511091167350676612e-01 1.210937738530330487e-01 8.766233610479456928e-02 4.205331443784860457e-01 3.949511748296973268e-01
2.318031692370705610e-01 8.407560667657376641e-02 9.298561628995019590e-02 3.827461195400723160e-01 8.512337932011501684e-02 5.590614201806369532e-02 4.126484208683643962e-01 8.398769839576888940e-02 1.358942656127379578e-01 4.348295820412837465e-01
3.310228328315276136e-01 2.684699599024570338e-01 1.648412263713866788e-01 1.890914596418904747e-01 1.067570923813030148e-01 1.350881969161693008e-01 2.009766295520895030e-01 2.337849027538516089e-01 9.123661048033204768e-02 2.787310891689943615e-01
1.532732203080159894e-01 2.995717073804901598e-01 1.613899032814752332e-01 3.612633231648782611e-02 1.394511451073134067e-01 1.716790611186558291e-01 1.681393005727541134e-01 3.118142790409249576e-01 4.920838305650162003e-01 6.647122030886550015e-02
3.291698503684914456e-01 1.312887974117046830e-01 3.928388380813379044e-01 1.728272839467131228e-01 2.754889305819461232e-01 8.706239787274552833e-02 1.243757796732556792e-01 3.540252552591655055e-01 4.160207722473388547e-02 9.132078957990501233e-02
3.627541890787354673e-01 4.134112464003470988e-01 1.796588362008508799e-01 8.254011969746395672e-02 2.497417354454944949e-01 1.101076278755459548e-01 4.181953860386848632e-02 4.267148519312450455e-02 4.414167266057235084e-01 7.587849489884718190e-02
3.403650931169432958e-01 2.225345696245301097e-01 2.793256662101602505e-01 1.433588707128036766e-01 4.377823292815149481e-01 3.084555866529942181e-01 8.265521007927187358e-02 3.346282778714607109e-02 2.321279656789042647e-02 1.288470499667447589e-01
2.828982388902635536e-01 3.443168345195399827e-01 1.745188336067805268e-01 3.700543932581254469e-01 1.148597048538520377e-01 9.666566798829157037e-02 3.544385128807656105e-01 9.285490465821076567e-02 8.458125751720964314e-02 8.481165182695990512e-02
6.803363877195434117e-02 2.970048816818506299e-01 2.664088044592951565e-01 2.922812241287988666e-01 4.822384222756327665e-02 2.230684462815680710e-02 4.047345676685831228e-01 1.161101103895204878e-01 3.708512404939250939e-01 1.140448455503522973e-01
1.974977614125400793e-01 1.550617270282087512e-01 4.697979800469533340e-01 2.193026233590585627e-01 1.235070046727153592e-01 7.388909694182949073e-02 4.372599527976406275e-02 1.139898138042500231e-01 3.223101501144924885e-01 2.809178473401867659e-01
1.319187280589385614e-01 1.456712883047527884e-01 1.343843312533518353e-01 2.303129989632472230e-01 4.219756886856769196e-01 2.201995079700867219e-01 1.839514279411724185e-01 1.855718319527120963e-01 2.543081070641360908e-01 9.170608980592453996e-02
2.059304059762478989e-01 2.538072662485455488e-01 1.571418369086492461e-01 1.894250152366064865e-01 1.054738228683630985e-01 2.271503569002938927e-01 3.960673182181988494e-01 6.432966319164593050e-02 7.194842208773992442e-02 3.287258923637097485e-01
1.387569438496381591e-01 4.608260557364372151e-02 1.832855695765371051e-01 2.982290895720810520e-01 2.500117646713503894e-01 3.018663524364264550e-01 2.927189992677956543e-01 7.285901972937544602e-02 1.676613738877633930e-01 2.485282814353892700e-01
1.953789340844251377e-01 5.691269838848008605e-02 1.085741350693663204e-01 3.175270104772040525e-01 2.224847114232832157e-01 1.859223273456998005e-01 2.218591949191504042e-01 1.862919965868850003e-01 1.441467414661330160e-01 3.609022502393720022e-01
2.023427846929551355e-01 1.147557146076401413e-01 1.140083422659053936e-01 2.966885227904372258e-01 1.333648305689557612e-01 8.378848645651490457e-02 3.798769620312887341e-01 2.434492574061757897e-01 2.788829384744242468e-01 1.528421607057016407e-01
1.864167054229596276e-01 1.125975683141442751e-01 1.421703098872312276e-01 2.775966086953461920e-01 2.660937028035442742e-01 2.075426553390903595e-01 1.398439938899181390e-01 3.999649073085537188e-02 2.375711389645684124e-01 3.901708259523427036e-01
5.087658673383624319e-02 7.579569409846850792e-02 3.769895513619115346e-01 8.410536657769114577e-02 1.892846847187283910e-01 2.407402267436867527e-01 8.783137528826850948e-02 3.842913896553680209e-01 4.035658706335156221e-01 1.065192541885244815e-01
1.156723629019720812e-01 3.909207468130279084e-01 2.338374890048101062e-01 3.072844487848345185e-01 3.437611689595349018e-02 6.257225791846833529e-02 3.741054406959722356e-01 1.050406528662417432e-01 2.095771496212815166e-01 1.666133344974378705e-01
3.666688159132231450e-01 2.741739376490074931e-01 2.249619787244947766e-01 2.219333928619615093e-01 4.764856465802023988e-02 1.592133106672047327e-01 2.264950812869228336e-01 1.416456442158826046e-01 5.131253656079225872e-02 2.859467374624904967e-01
1.202424885323208764e-01 1.341848851248821917e-01 1.832718988799686699e-01 3.419958833972313039e-01 1.534581263371795901e-01 1.018724573465835115e-01 5.526871834663769911e-02 1.554477226235877751e-01 4.695097762390509355e-01 2.847480431725597505e-01
1.230996764241530095e-01 3.215026571301179414e-01 1.150190966896413314e-01 2.792521502735666461e-01 3.440797256663546966e-01 2.695002310067320384e-01 1.156494161637642848e-01 1.170653980275468964e-01 1.826103118605948428e-01 1.322213367575281184e-01
2.870741808103254300e-01 9.339242197822406055e-02 1.282677052705095133e-01 3.553628088389061968e-01 3.993304156958570050e-02 4.965233465095483106e-02 4.080099937260560639e-01 5.179797496021817937e-02 2.441246933083461301e-01 3.423848448868746508e-01
8.194763148279571308e-02 1.006159760317033858e-01 2.641243112492013267e-01 4.901260618003716596e-01 8.991917590785869496e-02 2.893042790097211797e-02 8.850404444515939939e-02 4.241409805513091102e-01 2.729103926857720519e-01 1.587809979448562558e-01
2.972775789500143873e-01 2.283925434607690375e-01 2.718501297237414516e-01 1.701850508341478663e-01 1.168741702416795786e-01 1.528736679452215030e-01 2.037317448626091987e-01 1.511459575399203004e-01 3.144098837783667610e-01 9.325927266352870837e-02
1.047992453329907037e-01 4.464651188318812247e-01 9.023831159868359042e-02 1.565955391388235973e-01 3.532990183922133376e-01 3.590234674606790355e-01 1.433463991748827604e-01 1.648636968659785984e-01 1.342107358701809527e-01 4.715846733368667804e-02
1.509089737583754753e-01 3.090699188715551049e-01 4.066570929794810496e-01 7.514205865700562814e-02 4.190404049358661953e-02 2.133858865512230640e-01 4.194096843868186930e-01 1.588038499748294918e-01 1.294988759650115007e-01 9.521961836211309538e-02
2.402296326764753742e-01 3.163842975770567723e-01 9.028035522237395916e-02 2.645863680260861495e-01 7.295159432858752679e-02 4.244055343543031711e-01 1.949244666700855055e-01 1.613137355272808438e-01 1.682661554907150248e-01 6.665786012703750485e-02
2.708293861426396276e-01 3.176674209371306290e-01 6.421140664978546020e-02 1.145405718455274890e-01 1.526118028464539256e-01 8.934381925419396242e-02 8.432217558766465226e-02 3.914621324843179373e-01 2.786531166113825897e-01 2.363581676409028665e-01
