6.687314364583622772e-02 1.107748104561857710e-01 9.048641014025664286e-02 9.581826813232155460e-02 9.867243980686123128e-02 1.239185558428263639e-01 4.265904516657362255e-02 1.119833022762643515e-01 7.204687506438213485e-02 2.646866211987532191e-02 5.227464010369574365e-02 2.383782258306616497e-01
6.570522283914236039e-02 2.070471557790124761e-01 1.082423279125099419e-01 5.611581100447268072e-02 1.216199110985818899e-01 6.374585146971316341e-02 5.881879247642043951e-02 1.734606020738450605e-01 5.113825040748586070e-02 2.781521891957901282e-02 1.054778252525301330e-01 9.149389889779178942e-02
5.502886274197309191e-02 1.007352962513296535e-01 1.090436140871797049e-01 7.324259380277423070e-02 9.654851553068422021e-02 1.079696437363820288e-01 1.583257423671373121e-01 5.628652773406555426e-02 1.346588726251085610e-01 8.811874397876173770e-02 7.379422929543733023e-02 3.534898676410482693e-02
5.675987315108269038e-02 6.681148949419618566e-02 1.237255335262928552e-01 6.957816285444158588e-02 1.838465524757028069e-01 1.034302862321332811e-01 5.146956127299852357e-02 1.284277929839697518e-01 8.040324572802637348e-02 2.857770499570240139e-02 5.413274987578781811e-02 1.790308396168868721e-01
1.353157738395094623e-01 8.296101748440852519e-02 6.469688435622079903e-02 3.843153985205497586e-02 1.076637287178231900e-01 9.330042788310122237e-02 1.561100430687785978e-01 8.512824308886603186e-02 7.190515713235118289e-02 5.187861332295334166e-02 1.209409840759089610e-01 7.810419640553521725e-02
4.041472710355814568e-02 8.901463310423234077e-02 7.877136872649535826e-02 5.006361886458361027e-02 6.505491818701249207e-02 8.420408304055164439e-02 1.419593008556594149e-01 7.539565737816182611e-02 1.259098804647389436e-01 7.247790096812067873e-02 1.408419396748784858e-01 1.224945153434665590e-01
1.075702264713681994e-01 1.205080448137581528e-01 5.133089828675994198e-02 8.417669047359330192e-02 8.137079931360470531e-02 9.301218341437436643e-02 1.408934737529574377e-01 7.786849646943078129e-02 5.184753472877581815e-02 6.617549310581664901e-02 1.030635617310412394e-01 9.349847241611389248e-02
5.174646917478864516e-02 8.165247739687264694e-02 1.292802326844084415e-01 4.492038593986705936e-02 1.927903841857921130e-01 7.376798510637389006e-02 7.204003503778551309e-02 8.202428930793208284e-02 1.161452959266704998e-01 1.076010058104447803e-01 8.398221433114151646e-02 5.908809630565058785e-02
7.666915359463608026e-02 1.007665308486770245e-01 8.736133436815847475e-02 9.886237602872446906e-02 1.221088370668290540e-01 1.253299242853500861e-01 7.783272620743628134e-02 8.707968272435206991e-02 1.211444383679108061e-01 4.912245332591903824e-02 4.054975128469155699e-02 8.767678997764033477e-02
6.489746518652843299e-02 6.901338815601297527e-02 1.449565641168268082e-01 5.491349941933022782e-02 7.410294535392654425e-02 1.073836046538191036e-01 1.109170203711799252e-01 4.765846726389024596e-02 1.150995567131922609e-01 7.389005485940552953e-02 1.116072670531940564e-01 1.027761709711218358e-01
4.145320400688062845e-02 7.615631465646451048e-02 1.158808582644235974e-01 7.395656035232263392e-02 1.116583937576217794e-01 8.396489231880871484e-02 9.456282536775660608e-02 1.480966896071005956e-01 4.559381261650430339e-02 9.814059448816345177e-02 1.079888498218315868e-01 8.174217908442213409e-02
5.572002196137447461e-02 9.435238157278519333e-02 9.393156430082356956e-02 1.074102371242775245e-01 6.137208751547178209e-02 9.805692043999689189e-02 6.441191544067047248e-02 1.860120873988015122e-01 8.087636017054783411e-02 6.264515919040754277e-02 1.406578261206933855e-01 4.798965371037750699e-02
8.141815298588539473e-02 8.035123151873856118e-02 3.899612584100124735e-02 1.546445121751913454e-01 1.072041708410680638e-01 7.073213310678518051e-02 1.238965958428766279e-01 8.714925650257125678e-02 4.514101801626256572e-02 9.903438232994134227e-02 1.014150754010041261e-01 9.184259277735071225e-02
1.293509656087991622e-01 7.021407020770284446e-02 6.311697888495200470e-02 1.425433577767347137e-01 7.410450590702018225e-02 1.691754884286780225e-01 7.296164966156037934e-02 7.206283684865395778e-02 7.634403350842604297e-02 7.828082454689529179e-02 7.708308952935538638e-02 5.852183854652381889e-02
6.921176424499558832e-02 8.798150465423201783e-02 5.990161846809112511e-02 6.521046069466190920e-02 1.015604043530584089e-01 7.705433252506650732e-02 9.947450173358476921e-02 9.270080268463544437e-02 1.762664269169440800e-01 1.070690243445754780e-01 5.942251833982730574e-02 7.951703258983305878e-02
1.573723417935019853e-01 1.454358786702143469e-01 8.620850654274578306e-02 6.340113432504271285e-02 2.503307147983403758e-02 4.864728111864181220e-02 1.768168806654198399e-01 5.483694632277888448e-02 9.187116926552256480e-02 9.614266382110787934e-02 9.373978099554283738e-02 7.789296954426462583e-02
1.342706520256093938e-01 4.102361753680934531e-02 1.271676095098645543e-01 1.079908734330109754e-01 4.181399302987907213e-02 2.562398319081199416e-02 1.710467166426694052e-01 6.215759306536601525e-02 1.273137202342721486e-01 7.705823093151763226e-02 1.558156260613234312e-01 6.132533317452718707e-02
5.954787542794527655e-02 1.271543253067523305e-01 1.008042049482103381e-01 6.974857956405894344e-02 3.000512473759328266e-02 1.479223154770608062e-01 9.560986244388920696e-02 7.892088169325972569e-02 1.367200026648708600e-01 7.610209212258786660e-02 7.256592408159093233e-02 9.311589594400675185e-02
5.629450269754328329e-02 4.716684736522069876e-02 7.736062143058659857e-02 1.227489238715852166e-01 8.520006758832017468e-02 7.343482718832844425e-02 1.527384886933631780e-01 1.033264004291932631e-01 6.999557382300236608e-02 1.126985060827947888e-01 7.720201908046718520e-02 9.795965264756320567e-02
6.444451514357951716e-02 1.364930674501063090e-01 6.904395056980761058e-02 6.519061648260644770e-02 1.659453744901797367e-01 9.931034387489423576e-02 1.649840871155490718e-01 6.160449290385898446e-02 2.257951682414512801e-02 7.775993189894936375e-02 1.474272718216498301e-01 5.074225739996116730e-02
8.634570316352667418e-02 9.657098892014021052e-02 1.031024925065839593e-01 7.094506145763432303e-02 7.427417473948498550e-02 8.785619216084107619e-02 1.053822480539198664e-01 5.007759202098192863e-02 1.047759279489509227e-01 1.072045124068990440e-01 5.178432674762108168e-02 1.294356201998687617e-01
8.512718071875922943e-02 6.976716633182335203e-02 8.787870131187647260e-02 8.789213654670960385e-02 1.451419768783910880e-01 5.289776511726715369e-02 1.332201946358100852e-01 6.874821290802854423e-02 6.185479119615459181e-02 6.699516284386335119e-02 1.003180540750117228e-01 1.141967448937454138e-01
1.276877421029712356e-01 4.957565228007725783e-02 7.927153776993703382e-02 1.079161937115750008e-01 9.854708435174854009e-02 3.350037934757186392e-02 9.110202293332199386e-02 1.402363241174525710e-01 5.299183792630263873e-02 1.334291866324535669e-01 9.906736056062803719e-02 7.650287082648324355e-02
1.556940580208021341e-01 1.285148382786749088e-01 9.254036244161792379e-02 7.091885640294899595e-02 1.431440145678989917e-01 7.084835069859087009e-02 7.728949214705785331e-02 1.125268161794740901e-01 6.340714896960503166e-02 4.825491530682766289e-02 6.274598799471013677e-02 6.098300301647785471e-02
1.741069757352806391e-01 6.429699762557644638e-02 3.269698648360096910e-02 8.276708702711674248e-02 9.166498668105571568e-02 6.816196591019733908e-02 7.200235951941034995e-02 1.251631303350156099e-01 9.176476553258870739e-02 1.143969835822830489e-01 8.607506674146929437e-02 8.468514548111592821e-02
4.989424367929040649e-02 1.153117620536731752e-01 9.889739838847592945e-02 3.069353662107630540e-02 1.113827951528300192e-01 1.197186061416245645e-01 1.026796181879649078e-01 1.465693783816826856e-01 6.126170211424067369e-02 7.762522736326049611e-02 8.160699016437397701e-02 9.086474067345190475e-02
6.724030406092808276e-02 1.536055753955589964e-01 7.577798913744220044e-02 5.061697116138993979e-02 4.410634709762210892e-02 5.775702630404166288e-02 9.228986511534820192e-02 1.015300539976980998e-01 1.189008025417627734e-01 8.100010769894751272e-02 9.401806793893842384e-02 1.523477640098659935e-01
9.006149849653091732e-02 6.658187331998263736e-02 4.525364149138684511e-02 8.480334349980538089e-02 1.323370793983993932e-01 1.684846857537056763e-01 8.334170934439533163e-02 5.551449613017422902e-02 6.897223537713711994e-02 1.243217548045328219e-01 7.287361407319682682e-02 9.246348415626208517e-02
6.112840778508515233e-02 9.884413672584448085e-02 6.383128967644743912e-02 1.146737960733994754e-01 1.105830651474183635e-01 7.477414966640580363e-02 1.170120450524642086e-01 5.867023311378748163e-02 8.148808696164848431e-02 9.647521310796682015e-02 1.007076496601611443e-01 8.459072005173284836e-02
9.683192044667203457e-02 4.724609221082465976e-02 8.523952870506125434e-02 1.271052814450885915e-01 4.096751357741995614e-02 6.409496523099438015e-02 1.825152159607641711e-01 6.814267093791136209e-02 1.075142736442244173e-01 1.099822303814226993e-01 5.994810703493585330e-02 1.066926326622817389e-01
9.505888066218272370e-02 8.916221373361581104e-02 7.728604184129519994e-02 6.382173148808052698e-02 7.984118060292345886e-02 3.876565008381535615e-02 8.887882046841481809e-02 1.320237546791357686e-01 1.247921482040547786e-01 7.386281352641563269e-02 7.120813834351043259e-02 1.430648170872853009e-01
1.122603721450528835e-01 3.441721494444863194e-02 1.084872924890984830e-01 1.094309222690489497e-01 1.504807660894260102e-01 3.849957974294726526e-02 7.160099027252832260e-02 9.665388847790688798e-02 1.125377225349418614e-01 9.159133051615446497e-02 6.643348372386244372e-02 9.632349016119093332e-02
4.056009572346132991e-02 1.072773287123236080e-01 4.823839598110468002e-02 9.270108178165377411e-02 8.577318444635467776e-02 7.938996030651405966e-02 8.266371444918882427e-02 1.728985871189765988e-01 1.084433071290635681e-01 6.470578839087219591e-02 1.104573088332960057e-01 9.107628865100267368e-02
8.414381228381481725e-02 1.160595772651093066e-01 5.003290700809676084e-02 8.763043170704211404e-02 9.157279150730970874e-02 6.266169626019224559e-02 8.127979842598295757e-02 4.111915374098422393e-02 1.573540503779807254e-01 9.590016908872639467e-02 9.982946196538423911e-02 1.124274797443559903e-01
1.633727727987544787e-01 4.439116514856066009e-02 1.189719434053109898e-01 1.042127831165951535e-01 8.198180496058225797e-02 8.419924190573400968e-02 1.151519986318032956e-01 9.810120970522956396e-02 7.660155153669959138e-02 8.235900821053537824e-02 7.935945655763457229e-02 3.738348215376326167e-02
9.477109647610260090e-02 9.015416488075465862e-02 8.199856675311961718e-02 1.177350179778307304e-01 7.246945854279687738e-02 5.139037971245939002e-02 1.527051512787354903e-01 5.849104675725683156e-02 3.683901802138359743e-02 1.797271951880893004e-01 9.897547207406692804e-02 6.612253274220675214e-02
5.985892226654409426e-02 1.286096292064528024e-01 7.940523697336018816e-02 9.441466110366232567e-02 9.808536348152589734e-02 5.978446312495162840e-02 1.277006761744252650e-01 9.469545005591176179e-02 9.086933547429332236e-02 6.263842379071099531e-02 1.183462570952032583e-01 5.677329750499676697e-02
6.271442432701884728e-02 5.110731817122764892e-02 4.040310259790561714e-02 5.889782579816332103e-02 1.909939036763401710e-01 7.733297107933456704e-02 6.940744119193581474e-02 1.209196369580880226e-01 1.379737103496427864e-01 1.207728036553930295e-01 5.362498232582556951e-02 1.270220588708206311e-01
1.075713616641526538e-01 1.135307861791401279e-01 8.470222028118537527e-02 8.534652825446217839e-02 1.561923771716134390e-01 4.312325159569579264e-02 1.025025695702051626e-01 5.893702328962256709e-02 1.205107118999498295e-01 1.083082422196764150e-01 6.731909956308443355e-02 4.017560016098806197e-02
8.077845329996817536e-02 5.951877729102175024e-02 1.361661931023350758e-01 1.261885184734374277e-01 8.825463036423317198e-02 1.111832268021555742e-01 6.920100984012862722e-02 5.702811133343708982e-02 1.099748286479447501e-01 7.049912806388286546e-02 8.853549371161642534e-02 7.209072127934519625e-02
7.225436590059947095e-02 1.383020017777445987e-01 6.682000091958609223e-02 1.388797780698169393e-01 4.986200193792629520e-02 1.899412006634230987e-01 5.525524158242901135e-02 6.132782521865172420e-02 7.050641572505407517e-02 5.226584174587098341e-02 6.889930204685511261e-02 1.488079716778432926e-01
1.144140846093624486e-01 5.870536730212085746e-02 9.595096738727146302e-02 6.485449111672786371e-02 1.279790011484519263e-01 8.319361751857738685e-02 6.388440251683659421e-02 7.555054783295249432e-02 1.219358523698026026e-01 9.056280174192529731e-02 8.366820345071404597e-02 8.384870322905799145e-02
7.667824119813151929e-02 4.235728912336152174e-02 5.972244861559201923e-02 7.713003108664957808e-02 1.309645809659688021e-01 6.838292975885951197e-02 1.251786750565317130e-01 1.133814017843907812e-01 8.733768790222802558e-02 5.678468071464302241e-02 8.709941816664022729e-02 1.621873643357979733e-01
7.911318110728647601e-02 8.970643092121627360e-02 8.068230238102637453e-02 8.258214920221096378e-02 9.249017856784449987e-02 1.339254458100484213e-01 9.648490344101623428e-02 8.044626565371050531e-02 5.706770174864281980e-02 6.681177716659927879e-02 8.366974990589202965e-02 1.183117019412658760e-01
7.768357158555527775e-02 1.448742288571682746e-01 6.011717746368654830e-02 7.175410652292185665e-02 1.197196875633716878e-01 5.339465429894212772e-02 8.607239080695777700e-02 5.574587759747920424e-02 1.448188192304568356e-01 4.662302792620563047e-02 1.964663207204465079e-01 5.597377370897191340e-02
6.571363565082873059e-02 1.030222413775382234e-01 1.109281929789914523e-01 7.880014384537055439e-02 9.637181434397534829e-02 7.220642249314818129e-02 1.059859379532065160e-01 1.059841772215152356e-01 1.090325086978881086e-01 5.621938547641183032e-02 8.106361105765273745e-02 7.485306729612699328e-02
6.641929385528187735e-02 1.093721913821688457e-01 7.013971860565421101e-02 6.382531976214295133e-02 4.647969004630496392e-02 9.029455852822661222e-02 1.351068640415481192e-01 6.618267485906328962e-02 1.226219114230752000e-01 9.585500167758222168e-02 1.124877867245309276e-01 9.391089644908694190e-02
1.162281138143566317e-01 1.011523567133658374e-01 7.183602516030625218e-02 9.152774987145932684e-02 6.510812597702750337e-02 6.530087063387639279e-02 9.149871364759754044e-02 1.120267978927141639e-01 9.209184401783723772e-02 7.950272593424394241e-02 8.437432731872394898e-02 8.600795837118611897e-02
7.171923581506746415e-02 9.981346948103869687e-02 9.989500020336716801e-02 6.965367181697613985e-02 9.615218503380111581e-02 6.980949420040417908e-02 1.259785912290193044e-01 5.954001274147465578e-02 6.810019028729331902e-02 5.654409358636306587e-02 9.706129477502008218e-02 1.614516256426324070e-01
1.272700347176558555e-01 6.516935804318238490e-02 5.824884161982380598e-02 1.134678338990528224e-01 7.776425785613658159e-02 5.106552628723690784e-02 1.636317942761845723e-01 6.810143020422841642e-02 5.234282291352769512e-02 1.355947879169663306e-01 6.566889293642359793e-02 1.147926817051096587e-01
1.100846588366061057e-01 6.410964216753704814e-02 1.212335528203132839e-01 9.745327720792645865e-02 8.453318209433773045e-02 9.149432071361907060e-02 8.390316777591716457e-02 1.092828465837127200e-01 9.166542095369442644e-02 7.887804619341383383e-02 3.134996341152974930e-02 1.076420375088961573e-01
8.324870818251610405e-02 7.618338282382117188e-02 8.158417880520144050e-02 8.671293071123106766e-02 9.315304574857295739e-02 9.539823578972471407e-02 7.689282401575968373e-02 1.001582459700152555e-01 4.028073447928842005e-02 1.147096437688350373e-01 1.308056480168173219e-01 8.616883855925584756e-02
1.151521861565193289e-01 6.107904214513527191e-02 1.443064148895452647e-01 5.294213487113113431e-02 1.345280638205933188e-01 4.641448722384649422e-02 1.084433170183786294e-01 9.197115232923852579e-02 1.097440619237841225e-01 5.471690517510850033e-02 5.250338609032536435e-02 1.196896921512730361e-01
4.624175324346396776e-02 8.627388179242846677e-02 1.380420712169596609e-01 5.440490129584223816e-02 5.566983468020040432e-02 1.228091929251984432e-01 7.425706200043157013e-02 1.028003687397353039e-01 5.761442561261585077e-02 9.259760838773910263e-02 2.101898193930005487e-01 6.658795707133707831e-02
1.142496465958625501e-01 3.658159503224094056e-02 6.216205556579171287e-02 1.340015015341222138e-01 6.347605757363339318e-02 1.088339998126455210e-01 9.351846734120364268e-02 8.193563894283002746e-02 7.186928569641501396e-02 1.008158485312150299e-01 1.321129028392914739e-01 7.982201025974704212e-02
7.257550110477328786e-02 8.390884283354542450e-02 1.167039695973652452e-01 4.488872606934186243e-02 1.455202917133220364e-01 6.718986743249509563e-02 5.843599919056065295e-02 6.891892870142742045e-02 9.509657159963109951e-02 7.207318937232079503e-02 1.090017935183374975e-01 1.483733206834202678e-01
6.552914380192129129e-02 1.041823886216617506e-01 7.440525295976509190e-02 1.450298882458040117e-01 8.265717145422457612e-02 6.028417651058646382e-02 7.347435693336919205e-02 1.232496879658784572e-01 5.175780198607344423e-02 5.668022909142442223e-02 1.547742261569323985e-01 9.271826733250831953e-02
7.470315160938800769e-02 1.364780446148237125e-01 9.149704639364190928e-02 2.793661885322821364e-02 4.634913744657394308e-02 1.405294251203967337e-01 8.871853909386578918e-02 4.126483557974063021e-02 1.218005070271152845e-01 9.656359128906361056e-02 1.064900969792911267e-01 1.319193813654927216e-01
1.019186389683649080e-01 6.504332242259919239e-02 7.502351974452731165e-02 1.402825065279331151e-01 8.512801443520988387e-02 1.086063952972294855e-01 8.115625459856941337e-02 8.081084197470927988e-02 9.387384190388915750e-02 6.136384223288490064e-02 1.283982144981208051e-01 4.985459266449562138e-02
4.464496252934640336e-02 1.057238725190393219e-01 4.075936844795076397e-02 8.139429992597001229e-02 1.742676696008470527e-01 8.080876131650098493e-02 1.700898850480979940e-01 7.757543191084807777e-02 3.297064496821076190e-02 4.277669774208232856e-02 2.103080321922617124e-01 8.766532378112815160e-02
6.793810010218084838e-02 1.073111946402067474e-01 5.292784679514887791e-02 6.572037003809771960e-02 1.496897098817624172e-01 1.444011931068577004e-01 1.027985942208709258e-01 7.868288675047893643e-02 4.712619500480541568e-02 7.424195048628401405e-02 1.160623396157675763e-01 7.679002837213541599e-02
1.093471893374460824e-01 1.017419028977531309e-01 8.087927786024357024e-02 1.287056987756629856e-01 9.524564736746174431e-02 7.611109240964181177e-02 8.751629527090713789e-02 5.228843285907076865e-02 9.265707574815412739e-02 9.440830145370605886e-02 9.279152399338609636e-02 5.256433620285905217e-02
1.057494280509165968e-01 7.150980498123943319e-02 1.251155409841056554e-01 1.023908761460773365e-01 7.475010115102313779e-02 8.883678283495625994e-02 1.027615409157825177e-01 6.200563325614739940e-02 5.991139115756871636e-02 9.817474801618934765e-02 5.851110040938286433e-02 1.157722806712926517e-01
8.734003325535356910e-02 5.787160375231910348e-02 6.558627294895984228e-02 5.767529829408750419e-02 1.515914565652092261e-01 1.134362795339260710e-01 1.016602724758640247e-01 5.381269163236237357e-02 1.515062520326632967e-01 9.210042665546626373e-02 5.964379336483714711e-02 9.210789210714422082e-02
7.577000993733880307e-02 1.281129932784470793e-01 9.117157254025563817e-02 1.306350837363598472e-01 5.313621979469369816e-02 8.310724611807859818e-02 1.209501754180847266e-01 6.151713340049230760e-02 8.299237440465204174e-02 7.353009311754504784e-02 8.458424068996606149e-02 8.242564000318292061e-02
1.625831404916650846e-01 3.887823980338851043e-02 6.922895494624439761e-02 1.081723627461686488e-01 8.138631290704749499e-02 7.291567199996114301e-02 8.508062241221935051e-02 6.633249161147602990e-02 1.065700196617110906e-01 9.472245769483315925e-02 6.791642651610986514e-02 1.280721961747012527e-01
1.058364752308897511e-01 8.505629287297920837e-02 8.045958375074450941e-02 1.019122045600503873e-01 8.688673339520977534e-02 9.992435684292554077e-02 7.136426089002290141e-02 9.928060924472491278e-02 9.844792605155935905e-02 8.593882599650796983e-02 4.209723303651009829e-02 1.035917740942737669e-01
9.668276543089936170e-02 9.544967816050069220e-02 8.457890691905338432e-02 8.451036999515929016e-02 1.009964223465524419e-01 7.113392185882223828e-02 1.268534944559298605e-01 9.349473804760732865e-02 5.506322077302840123e-02 9.163970803491747197e-02 9.451638194630981871e-02 6.462481434898376120e-02
8.885668078288473659e-02 8.590006656685454656e-02 1.006470409949110217e-01 6.513229060346549526e-02 1.281284204318581255e-01 6.179820730237027548e-02 1.374440907165947467e-01 8.655391431762100851e-02 4.699658127464432372e-02 6.269545759912585614e-02 1.143143602588544555e-01 9.533590251795076576e-02
6.749214471445839914e-02 8.883297280631229087e-02 1.237189464253680010e-01 4.636527113311196546e-02 5.525642494398697729e-02 1.222007113390835287e-01 1.454217197369241377e-01 6.347249323533654675e-02 6.340505178201188974e-02 9.935589597378434445e-02 6.880062429487862619e-02 1.438003380908789708e-01
4.376713196649894416e-02 1.278362365105065457e-01 8.918550736042242522e-02 9.343480020764739769e-02 6.260333279243700255e-02 1.442736472424881455e-01 8.776445508689248443e-02 7.767884512690675924e-02 8.878079239458676331e-02 5.020381381353603012e-02 1.769115743503537619e-01 5.509911998918293197e-02
7.355015326883823645e-02 1.036084698267967785e-01 6.137544308008471144e-02 1.591370494695092952e-01 6.926647483105499714e-02 6.517480292205116155e-02 7.213132604761342270e-02 8.814395408330064074e-02 7.537561241043540250e-02 1.406419512264328875e-01 1.082434859210182343e-01 6.108769224320864666e-02
9.413591387947341238e-02 1.224238440549177964e-01 8.951576127733397448e-02 6.744177879671389708e-02 9.074113922522833442e-02 6.745379745277506334e-02 5.696493689889477879e-02 8.600848088609167053e-02 8.522078781933067892e-02 1.648184033343601806e-01 8.312075420342118770e-02 6.452016799932538960e-02
1.365728755760658164e-01 7.892845282606374135e-02 9.808458920302502715e-02 6.048663908040797371e-02 1.964811500127713328e-01 6.033862085386638985e-02 5.462795330326233878e-02 4.248043352300159836e-02 7.563601342440409714e-02 1.586174191581094794e-01 7.463426455655843006e-02 7.253227752671986828e-02
1.171095671408644012e-01 1.147588766917139597e-01 1.099624826962277840e-01 7.885529155950526947e-02 1.402307627340844687e-01 5.903941873634865889e-02 7.384566794544658586e-02 6.138889032635775483e-02 6.439463114260927934e-02 1.591539094559596690e-01 6.298206550107894597e-02 4.733931061925907013e-02
1.353448477810663686e-01 6.660239206060997175e-02 7.309653140353608580e-02 5.628238181341842922e-02 5.021087316498985820e-02 5.641677183132692147e-02 1.459033902914078640e-01 9.162982465646606067e-02 7.343864631489739614e-02 1.034921457593768884e-01 8.408209988520051748e-02 1.499805083057683952e-01
8.332795885074346931e-02 4.043029334787648366e-02 1.002127633523073047e-01 1.437056003291894701e-01 9.817805580520634623e-02 7.814454092433459342e-02 4.400312830144194332e-02 1.597216535441073892e-01 6.026001473857418161e-02 1.083604714217221154e-01 7.522421272235869927e-02 9.898068358668606070e-02
8.263436815374196331e-02 7.883234736339235493e-02 9.032692072596441857e-02 8.380194416567317284e-02 9.411857422003487572e-02 1.586599261852700560e-01 4.749184028926209389e-02 3.365279066520685675e-02 8.789041270381769966e-02 1.128671717826491144e-01 9.070415427564432198e-02 1.243351772373493674e-01
9.109519556976257426e-02 8.024869263794723317e-02 1.147095459795353656e-01 4.956045128297609931e-02 1.588732411123680854e-01 8.369051845860805972e-02 7.154252360134688571e-02 1.252884442267732934e-01 6.925476034650809853e-02 7.059723735003907430e-02 1.101366513910840422e-01 5.452793833746886337e-02
9.840789951763598276e-02 6.546330202654690456e-02 9.224350045315071744e-02 9.966792174227120937e-02 1.163966120966136997e-01 5.963714751647798684e-02 1.417050515727893700e-01 8.800168960963540565e-02 1.095259575141494940e-01 5.964001154638048918e-02 7.568085579037807376e-02 6.269856333561010797e-02
1.032767122137459997e-01 1.215122648654255455e-01 9.282270193348213239e-02 1.373648852503457085e-01 4.188534064301657756e-02 4.420333187746251780e-02 7.857475149811547765e-02 1.282167889902529889e-01 6.982249481858469886e-02 8.565147229070343982e-02 1.015708523126456625e-01 7.598055836884298753e-02
1.463798369306439917e-01 1.141473591299288631e-01 1.032747198233814057e-01 5.521992866194280758e-02 6.394981639477834157e-02 1.274608809059379899e-01 8.590764619131224800e-02 5.731503358359280043e-02 4.365235385945740593e-02 9.726770409035132015e-02 1.188565277647106178e-01 7.032289490317884806e-02
1.010811107058166292e-01 9.869683187642486200e-02 8.171459756060962809e-02 3.961152825721044046e-02 5.475955865846492826e-02 1.037303317360934729e-01 5.948177059388343874e-02 4.116147352519046454e-02 1.393159500080224933e-01 1.244317458960736422e-01 6.966990651320341399e-02 1.968357888729867222e-01
9.475228664021949354e-02 5.548530912883115063e-02 9.287487567227988017e-02 1.399939578899074277e-01 8.398985610841348814e-02 1.213894138838575026e-01 5.165075390819590800e-02 3.844576412821880396e-02 7.018959422296572326e-02 1.123246920800184817e-01 1.270762793416118364e-01 9.590785249781341726e-02
6.791897592062692834e-02 1.284799609624584227e-01 8.679829928828679264e-02 1.146288048941500187e-01 9.853244571927223527e-02 8.320416767452022688e-02 7.610610104578262314e-02 1.800209548024276074e-01 7.844354376274891016e-02 4.769247008323522496e-02 8.467926395267455497e-02 4.261154335690142680e-02
1.075314387688432877e-01 6.642947804674828594e-02 7.935549853864840020e-02 1.069599118850072805e-01 6.078119900489947769e-02 6.044449504409866308e-02 5.797395892115773247e-02 6.171768652675772848e-02 1.450985652741392518e-01 1.987273256454413772e-01 5.407110923609220743e-02 1.003902759163440711e-01
7.682685724302401598e-02 8.178166467976896725e-02 1.241105346597476816e-01 1.072672545358943352e-01 1.137537589949795397e-01 9.278186191921934667e-02 7.378842091802167991e-02 6.660901424154921924e-02 6.114662847383945526e-02 6.723878487813918226e-02 1.003004182745219769e-01 9.554985130520583791e-02
1.658532017772217648e-01 8.681696512899410301e-02 3.836052670581370505e-02 6.307411114076852399e-02 9.685984227715993544e-02 6.337174546968847577e-02 1.105541892625477307e-01 9.748625265355138902e-02 1.030558110061252780e-01 8.613470245183635354e-02 9.585502858966389594e-02 7.225911335849526107e-02
4.707903658736877633e-02 6.830368765113238594e-02 1.430867857422876144e-01 1.044357107294530823e-01 8.871220139884493372e-02 7.827070056034361734e-02 5.652087542407582127e-02 7.307407150606137769e-02 1.477818893487980179e-01 1.718336696719862527e-02 5.674570480143211609e-02 2.976108505354297940e-01
1.218501417847308865e-01 5.284655614282858516e-02 5.718375950574136612e-02 9.442246879774347790e-02 1.498097654365889431e-01 6.956081078665121709e-02 9.370531265049093783e-02 6.356655223662474596e-02 9.546537457228426726e-02 1.129251061155205210e-01 6.460259603747324497e-02 9.956973737428181925e-02
1.170154817662828750e-01 6.464869252313149017e-02 3.896268946217507773e-02 1.183344373271027206e-01 8.490221660155296279e-02 6.556887123190512090e-02 3.578048798599177405e-02 6.523560508239444056e-02 1.608093246392825471e-01 8.969549860978387468e-02 1.630695725391735906e-01 1.017714089724733040e-01
9.519742853017003348e-02 9.336848966234730096e-02 8.368933805226005940e-02 1.074434985483992827e-01 7.924000660306215749e-02 1.114666360002085493e-01 1.361740876143496815e-01 5.766953564573318314e-02 5.007871018284546644e-02 1.066243766512193630e-01 8.373236207734482961e-02 6.402308544845311533e-02
4.822219986185530272e-02 9.903034142908381798e-02 1.125651294234505245e-01 1.164811993036305587e-01 1.113293175405415392e-01 5.543812660730316338e-02 6.381866747463194045e-02 8.310417234195278946e-02 7.229995171846952118e-02 9.519216441083744318e-02 9.648501040346042779e-02 1.147318343462549323e-01
8.808300012324030148e-02 1.237243931314658402e-01 6.790740771540181020e-02 1.057851926087357286e-01 6.956856458263610543e-02 5.357003052560933842e-02 9.733689094436409617e-02 8.163305566926087886e-02 1.134677970926870061e-01 4.751563893514546000e-02 6.543976156122276178e-02 1.708002044578490752e-01
7.124955967200929940e-02 8.439413638831852471e-02 8.106415175941016071e-02 7.233216905814129905e-02 4.636784664152578117e-02 1.194001050201592418e-01 6.685674693546972414e-02 1.127776740834712521e-01 1.084550390238345347e-01 8.652576305165794734e-02 8.263202189785157081e-02 1.375606927511817679e-01
4.145892056622772076e-02 4.782653071767136582e-02 1.261713711427750462e-01 7.627237445905592217e-02 3.166015156114011103e-02 6.636296589860672668e-02 2.112914628407441264e-01 7.261031379315083245e-02 6.908625164344500691e-02 1.292505918804773835e-01 8.536247059804090431e-02 1.818114239293987244e-01
7.174626720202262331e-02 8.375745795424392737e-02 1.065587211694961900e-01 8.435629242015103835e-02 6.478304697848631666e-02 1.006599227643723976e-01 1.143358756290692585e-01 1.491209063534296719e-01 1.141584871438945520e-01 5.669492349171673107e-02 4.050362717179051275e-02 9.082437606885931936e-02
8.972106991693025446e-02 7.556671248022268916e-02 1.564054912255123941e-01 8.355123479222162364e-02 1.076587532795076213e-01 5.379671312248299891e-02 7.432030913247442139e-02 8.656935066682680535e-02 1.198490399897493147e-01 6.276884729218597248e-02 6.523812624034665275e-02 9.658255439609712834e-02
1.084238543280761496e-01 9.515311590690470056e-02 9.706841841818497629e-02 1.321577412427460685e-01 8.553465776616792082e-02 8.823722146059057025e-02 1.079014034171323910e-01 5.851458987729197397e-02 7.100904260978189997e-02 1.151509387719984179e-01 5.389238077969089880e-02 5.656248229336810485e-02
1.376566774720316411e-01 5.407359820217715746e-02 7.234646397899108239e-02 1.080680726258434615e-01 1.129628165891208985e-01 4.468267790925207344e-02 1.032812885362257016e-01 8.184933357369011953e-02 1.108608494129200844e-01 6.856358012402352653e-02 1.003431034380449227e-01 7.896596197773793346e-02
