-9.556164701752303259e+00
-1.005100387056934075e+01
-1.121795606544135460e+01
-9.399702682226051209e+00
-9.512562198814535463e+00
-9.489907603343525011e+00
-1.244573801870718732e+01
-9.675629442379946710e+00
-1.121019062760509755e+01
-1.113837508846945568e+01
-1.053636682279288017e+01
-1.003802030676269652e+01
-9.106154714911440351e+00
-9.745697281927112599e+00
-1.082576653575492998e+01
-9.108861743169534009e+00
-1.274568595087481349e+01
-1.057584528786092193e+01
-1.099076646520473055e+01
-1.154024511655952878e+01
-1.003239255049776624e+01
-1.106942304585941983e+01
-1.091617134765072272e+01
-1.137158377522721864e+01
-1.110140204658254426e+01
-1.034776756612580328e+01
-1.000029458425479412e+01
-1.006877604492287048e+01
-1.080635772094930225e+01
-9.265543166244654572e+00
-9.737055700262299496e+00
-1.158348740712008862e+01
-1.004641577859962531e+01
-1.166297320294012962e+01
-1.235915418198554505e+01
-1.023919642923595497e+01
-1.100261670747899601e+01
-1.005301867792157822e+01
-1.004883419258080401e+01
-1.046095151269091517e+01
-9.681850390067369361e+00
-9.975972774959066314e+00
-9.187036309577779392e+00
-8.806899618587568312e+00
-1.067666830513110199e+01
-7.349968741915476222e+00
-9.436543873551851647e+00
-1.149601189670662826e+01
-9.743302462274035847e+00
-1.088576140996803687e+01
-1.210840725862467693e+01
-9.952926396485519689e+00
-1.034702104298312086e+01
-1.167216203071599168e+01
-9.180755773253981289e+00
-9.207972553695148221e+00
-1.196150368839030698e+01
-1.051378042172133931e+01
-8.937576696901611939e+00
-1.166648336100829475e+01
-9.509387980119001327e+00
-1.133887245938643318e+01
-1.029074556503645610e+01
-1.062762813757030322e+01
-9.859784324529799804e+00
-9.864625291617253211e+00
-1.210986922187035653e+01
-9.248027908960988697e+00
-1.079806377043768784e+01
-1.163523361979909510e+01
-1.064827772299348929e+01
-9.316600098558305731e+00
-9.773675376258291081e+00
-9.270166699777501407e+00
-8.574781223326924717e+00
-1.081115820289368301e+01
-1.127390480480409529e+01
-1.075696658818433171e+01
-9.953759206104109580e+00
-1.080509736579924329e+01
-1.123919922647296943e+01
-9.987314227233751396e+00
-8.804510444523618418e+00
-9.898830396897139394e+00
-1.222780457071735860e+01
-9.419312097255145844e+00
-1.058068550324349921e+01
-1.074782986123830675e+01
-1.078719457184158870e+01
-8.648379206891545934e+00
-1.321049404065210631e+01
-1.119525030991540682e+01
-9.890619351143117299e+00
-9.105708362077505669e+00
-9.414834110666376432e+00
-1.032550329240641851e+01
-1.176094128708628261e+01
-9.790523031773936680e+00
-9.098763482971191863e+00
-1.019872979198589924e+01
