2.645753822258746848e-02 3.726214374648276206e-02 4.892553463283251525e-02 5.446756235060044860e-02 5.030761478755086530e-02 3.038740278275244705e-02 2.399545853945646984e-02 5.219469638022695979e-02 3.627959250846212597e-02 2.116551088408313158e-02 5.048523817754531351e-02 7.841410831485004507e-02
6.240002544740963497e-02 2.373916368321759424e-02 1.925347547912605733e-02 5.497573128526222347e-02 3.952559908657237581e-02 3.779715851128757909e-02 4.317537445340705049e-02 2.493707233484701580e-02 6.726309157240549508e-02 6.742201475911269171e-02 4.174971881546286206e-02 3.082098871839125329e-02
4.646520713043934131e-02 5.046956812093457423e-02 2.640704053754522676e-02 5.142705104729770188e-02 4.250787642689149437e-02 4.783014331542613518e-02 3.219012686477654150e-02 2.500638432886412993e-02 2.994976845377421426e-02 9.441059651794378449e-02 2.682143113213759575e-02 4.304583276120062946e-02
4.829564851320338609e-02 2.539481303723781919e-02 3.574064746603179688e-02 6.454732307075577991e-02 3.345330417528118161e-02 1.588396615695123956e-02 3.581323806602339233e-02 5.572495363521787898e-02 4.142386772797262973e-02 2.704475912621395403e-02 5.503647374275610904e-02 7.384853272038592598e-02
6.943695121308852969e-02 1.172303698636422732e-02 3.736519868954382012e-02 6.243924448251731568e-02 5.265931376237634881e-02 3.150034775564798661e-02 7.564200244214978885e-02 3.862652197364017242e-02 2.573931626937405251e-02 2.733312728247663456e-02 6.099463446028231817e-02 2.994442128589552485e-02
4.919917518873041101e-02 2.679047410120033446e-02 3.865288848559386703e-02 3.987897381645313238e-02 4.008500217405263494e-02 6.510894278175954897e-02 3.293337175237177894e-02 2.106816017851311992e-02 8.847824009681157231e-02 2.360866833421459976e-02 4.326838014848620462e-02 4.926128138011908603e-02
5.111415971248826212e-02 2.704899048621415072e-02 6.285106030836355717e-02 5.162576506797521281e-02 6.914889327230190619e-02 1.864366452348475631e-02 3.779837860932976079e-02 6.416170622100245136e-02 2.111289648131367894e-02 5.867470915400634784e-02 2.424532698030435612e-02 3.065280609788268579e-02
2.428700522600134304e-02 5.300968919679939495e-02 6.317474895921340594e-02 4.037175312175646930e-02 5.205053244419059061e-02 7.040906804672737718e-02 3.144344826334120185e-02 5.222920165824863209e-02 2.032421067198974390e-02 3.208209197992924894e-02 3.601810384296084272e-02 3.452911164037936187e-02
1.711809259675843575e-02 5.248922843091177737e-02 6.914291158402062487e-02 8.553747068315210866e-02 4.536525600838184347e-02 3.188459322941409463e-02 2.373551606200047931e-02 6.990385670948974506e-02 1.819327035467664666e-02 4.745102511506490983e-02 2.367194798586517296e-02 3.868300822011772749e-02
3.260051113717332694e-02 4.682464027804691259e-02 5.515169605082202026e-02 4.624205840610659535e-02 5.979811630796097455e-02 5.210251110817340492e-02 4.818519605883119644e-02 4.944957855854628659e-02 1.392789991592964516e-02 2.699134662122107051e-02 5.211755467381817830e-02 2.635225617359695724e-02
2.609175497002711591e-02 1.885102865350127624e-02 3.132947189449356712e-02 4.156119710383524013e-02 5.437944462733068640e-02 3.558619577869527595e-02 6.678588688575035071e-02 4.633272297216942809e-02 6.304584761932710557e-02 7.592235988941554992e-02 3.419351377888869142e-02 2.154835330067235433e-02
6.473767320188583696e-02 7.741186886203434148e-02 2.032040280607653668e-02 6.545890988461651461e-02 1.530547246560750446e-02 4.148774575324011560e-02 8.920843066862436943e-02 3.183866333004809618e-02 4.505635685283557179e-02 3.710506406867148527e-02 2.809469878626886033e-02 1.767260587910578912e-02
6.668603516430590683e-02 3.410819298768846125e-02 2.656492946585537959e-02 1.862069122916742286e-02 5.901148867085677374e-02 5.870736467722458690e-02 2.327308032983184741e-02 5.594739294137362345e-02 5.422773572483610000e-02 2.471187734826208945e-02 2.727634840941050437e-02 6.624062582497423912e-02
6.917017645597364761e-02 4.040613168918628234e-02 3.394074488519840255e-02 6.355425788633900508e-02 3.061099995362442233e-02 3.463527269890721155e-02 5.083345267885480689e-02 3.106244969780110748e-02 5.148490978332352641e-02 3.348690329621286516e-02 3.258337977682478070e-02 3.368841804236053644e-02
5.136191907520886585e-02 2.140808290488610544e-02 1.473259757439599957e-02 3.307570831308257603e-02 3.773191138954130885e-02 5.452848982364972424e-02 4.395517571128614021e-02 3.627408600217391782e-02 5.025584796474764915e-02 6.841443748853509588e-02 4.766415852399164682e-02 5.110818912397972064e-02
3.786033170251507096e-02 4.366640822067882621e-02 3.501715407928637780e-02 4.570380675046946395e-02 2.653142712097978154e-02 3.284302254471450216e-02 2.350412619673587777e-02 3.130187607558711227e-02 6.584157762725789675e-02 7.392343006166680885e-02 2.798259409629450661e-02 6.783610047742076599e-02
4.930573520891239070e-02 2.202127974033683475e-02 3.767105644434694256e-02 6.781751303804729736e-02 2.584845714413366857e-02 1.902461416029688906e-02 2.814445660911021538e-02 4.501824575000145517e-02 4.101212763440920117e-02 3.949694977448242605e-02 5.869712441675418307e-02 8.032393539695803497e-02
2.374877656914917839e-02 1.115787780090360809e-01 4.094017925834805838e-02 2.042533555120723890e-02 3.645620207503441623e-02 5.274109848593060840e-02 3.421889073615819871e-02 6.191800512575446058e-02 5.058492201348033235e-02 3.215626729992181881e-02 2.163877960968198580e-02 4.145845590269569420e-02
3.846309782988843046e-02 4.962562664839307441e-02 4.990220436628612505e-02 4.550353183060003998e-02 2.472285027942998370e-02 3.584740053384959102e-02 4.214191990640059338e-02 4.222062651109260989e-02 5.293736863252404556e-02 4.283948147750769181e-02 2.198624722521088509e-02 5.451378070951039961e-02
3.743315833150467203e-02 4.887010829983666482e-02 3.993296378476179909e-02 5.425226855036917317e-02 1.797639358623528971e-02 3.361499154605399747e-02 7.029944356599962529e-02 4.332822245559912050e-02 3.210595229438052006e-02 6.944023233352322744e-02 3.572105318646743438e-02 2.748734337919448226e-02
3.379635657069691990e-02 4.313980110832384834e-02 3.607333307887689716e-02 4.404182692168607388e-02 3.181252143797360515e-02 3.311546056579325187e-02 2.351509708634267476e-02 7.987352964125941923e-02 4.127023319743333002e-02 2.802716589826216229e-02 5.849512970137493717e-02 5.513741228810945666e-02
5.806842384158568404e-02 5.399355657151035104e-02 3.855900471825107062e-02 2.178887763847728309e-02 5.441762223740287396e-02 4.960488774760215408e-02 3.116057499682878262e-02 6.130975678459151673e-02 4.442016741207784059e-02 3.789014618614322538e-02 2.419676506029652674e-02 3.028779383188442975e-02
4.016848192846689258e-02 5.287000654972673352e-02 3.846991362391254110e-02 2.897338956195134874e-02 2.722780133866165020e-02 9.205046618666312686e-02 1.990457873434275590e-02 5.743627308716191260e-02 5.237516312221362352e-02 3.306973759607285263e-02 3.419307963659783123e-02 4.109412470053085825e-02
4.503345126285028532e-02 5.017459814489477060e-02 5.652213515823052009e-02 4.590888373373486209e-02 3.249878584338878468e-02 4.499933639842410016e-02 4.230801409166261989e-02 3.735889759138155686e-02 2.210597893586679213e-02 4.047987621577418121e-02 4.547936443677252222e-02 3.557370142422629916e-02
2.512583862985807645e-02 2.658660326740354060e-02 1.886153088099082331e-02 8.529401905684450003e-02 3.389082173989073354e-02 6.738387845003133980e-02 4.414531379640571074e-02 5.349724835303889398e-02 3.858693593248967157e-02 4.972295466190495422e-02 3.344908232366387846e-02 4.205957777376824469e-02
4.840285389117764819e-02 1.169536687247448893e-02 6.934750357191583892e-02 3.406294964365951666e-02 2.611712208874569091e-02 5.131423045673972477e-02 5.177104513170650152e-02 8.407372290893334876e-02 4.260721113245205527e-02 2.182401606082449985e-02 2.490850398057298243e-02 5.734686462904400178e-02
5.579303912200002380e-02 2.448434035438745021e-02 1.634098914666691493e-02 3.019797799261093527e-02 5.918395726154136033e-02 3.773554541891923492e-02 3.786064526642182043e-02 4.846902964149086418e-02 2.324536788606393692e-02 5.743654083348218725e-02 4.839178741478471213e-02 7.684009731477585425e-02
1.406364808419768679e-02 4.814006831402850572e-02 5.154691596243354823e-02 5.357016350130355126e-02 5.474974164208234323e-02 3.412523083041269639e-02 1.363583176374927146e-02 5.192133647132562285e-02 4.805596918921532790e-02 2.232877851739235864e-02 6.474783528102268093e-02 5.684046115799018528e-02
5.826122485937397510e-02 3.157854211599592925e-02 1.559205538600751811e-02 2.988855264369009654e-02 1.199471231088412582e-01 1.310847668251624923e-02 3.250171287195250530e-02 6.745905148414800545e-02 5.435184187386069704e-02 4.341293112241934732e-02 2.800454350418490543e-02 5.195037452208843554e-02
3.736051817454544982e-02 8.535598251918119495e-02 4.757648115763769836e-02 3.831769589346775695e-02 5.075170411766049411e-02 3.944840493417790805e-02 3.447203226150066108e-02 2.870460481554704471e-02 3.328323295814553107e-02 4.470147049759259916e-02 4.619853329815862969e-02 2.112364302951014183e-02
2.174075625891041391e-02 1.532776692951569320e-02 4.626207612202835884e-02 4.547750317712059148e-02 5.764982675202836443e-02 2.662063675460645679e-02 9.679207412889664908e-02 6.353082157560260845e-02 4.084596072548216106e-02 1.634715228716984714e-02 5.631170938770445333e-02 4.088499047856467006e-02
2.567465767909006547e-02 2.771657596008153535e-02 5.188655130033215795e-02 4.648919936250090618e-02 8.818915208946292994e-02 4.203807338251783210e-02 2.610217890286628192e-02 4.244551513554205985e-02 5.441141008329133943e-02 5.641997849211177751e-02 3.806702347418310095e-02 1.607515196473783756e-02
2.926287467293869904e-02 3.423558881182401509e-02 3.333719452417414908e-02 3.504551174342421249e-02 3.706333188505381293e-02 6.916599624778013711e-02 2.822989770670038950e-02 4.126605854848921368e-02 5.443607082641436362e-02 6.077455862041077073e-02 2.965686174566248973e-02 5.332427576020766502e-02
4.225782475724806225e-02 2.441350457546395333e-02 4.327622675618995191e-02 3.426492216243419431e-02 7.655049766491404950e-02 2.428039801110931650e-02 6.495256121307102504e-02 4.865673761014064486e-02 2.978796556591431152e-02 3.887026320576261046e-02 4.126435908473012615e-02 4.153733396392422783e-02
3.247782017882946265e-02 1.165542765731066299e-01 1.974345530628175693e-02 2.882675241658436832e-02 6.197553453486021047e-02 3.504495117779178603e-02 2.754601219644789087e-02 8.589260075404268890e-02 4.540903223659194243e-02 2.214981062416220003e-02 4.626665171889945277e-02 2.232635944889521315e-02
5.248388768585537240e-02 5.862409244611802711e-02 8.652834558251992769e-02 3.287834599926248158e-02 1.649349186573200593e-02 4.934256978534273114e-02 2.537219437932523858e-02 3.458433674385660156e-02 1.100940615818577634e-02 4.976782281077325037e-02 6.323517199971999403e-02 3.792658539442341631e-02
4.117482386346146134e-02 2.992991419328323507e-02 1.322455194903393236e-02 3.874140938060066652e-02 4.560920334436630030e-02 5.998255742503592891e-02 3.971908819038150878e-02 7.647413674874389833e-02 3.543435990712599792e-02 2.834074139812769316e-02 6.022309403220597879e-02 4.438795359914818328e-02
3.029778270385579189e-02 3.974978709740206728e-02 3.654658892052895652e-02 4.474453341647783439e-02 7.483662764947375534e-02 3.878461678412299662e-02 1.650779619005965718e-02 4.457325787448809112e-02 6.402478596137757549e-02 3.409666901556621804e-02 4.439204885076514923e-02 3.824696912112562908e-02
3.413970124921773125e-02 4.931852757282066679e-02 3.131296977662187397e-02 2.359506103096191756e-02 5.298609949378134398e-02 3.478664166869805535e-02 3.373851746074735258e-02 4.727201232797130503e-02 6.477409804623485146e-02 4.137456283763826098e-02 5.007161156970385552e-02 3.868739071150316400e-02
6.054312509667458819e-02 3.299276633955385701e-02 5.231727737507339826e-02 4.061464766269794885e-02 6.652530471597466188e-02 2.002720303882233807e-02 3.555465924642690206e-02 3.420855802954798908e-02 4.233187794546180993e-02 2.316556832451035705e-02 4.633251794568561677e-02 5.306277042817641315e-02
2.808989983443058516e-02 2.207176032606027183e-02 6.591196715934841133e-02 5.678745100675972046e-02 5.369663398093595108e-02 3.135052520458733727e-02 3.520517459890482731e-02 2.511851824689470200e-02 3.742223136951412787e-02 2.652647053630890692e-02 4.598513993272584921e-02 8.819303784089359277e-02
4.284534207770342856e-02 1.879290428724303408e-02 2.407378818932299352e-02 8.000043168809176097e-02 3.206748869389432904e-02 5.227838015772773989e-02 5.867084359955244272e-02 3.939650779869094399e-02 4.075029007231967954e-02 2.519965824256680670e-02 4.430444663148797729e-02 5.685841216689054012e-02
1.692238522818448332e-02 6.728547191860752286e-02 6.311801413671268290e-02 2.596710462732359365e-02 6.746874009945555417e-02 4.116690642767625169e-02 7.983172198826868349e-02 2.432529388791272035e-02 5.536741111278825622e-02 3.350672743636580464e-02 3.857180501633631492e-02 1.627382436161635068e-02
4.169921671099979105e-02 4.679665251721615987e-02 1.970709787701991830e-02 3.438526871656347184e-02 4.310826562556988040e-02 2.882615401099412195e-02 1.978040379141741620e-02 4.531989002063266381e-02 4.791696317379909309e-02 6.707330089756742553e-02 6.499330557640653483e-02 4.914172690611132849e-02
5.354172297483480308e-02 6.599058675848983035e-02 3.692143174337610134e-02 1.648894526693750473e-02 5.727854250780992779e-02 3.708656524435286622e-02 1.698571852560721435e-02 4.762020830511749098e-02 6.790080306414739142e-02 5.817452482925734858e-02 1.936785455970427283e-02 3.842313901269856641e-02
4.332206123794130753e-02 8.705516692835099657e-02 6.890840948432773450e-02 2.206304792747482146e-02 3.441943188504097140e-02 3.498962466967548562e-02 5.717865259540700490e-02 2.228876416439696390e-02 7.471685496351607170e-02 3.058159609454464897e-02 2.355277166747484288e-02 2.617581195373375538e-02
3.471396590610857646e-02 5.823757580315994109e-02 2.615315656725829621e-02 4.310028088001918029e-02 2.449175558042933354e-02 4.285687969748278037e-02 3.948476887864064977e-02 7.019471355091513876e-02 1.562565203872415959e-02 7.784144768491232935e-02 4.488576447273499859e-02 3.960960767742338628e-02
2.237373392784071033e-02 4.387567784819243477e-02 3.072092148080357230e-02 3.295338788138359870e-02 5.749967867525156151e-02 6.884222660962471818e-02 2.978587219633986247e-02 7.095819754518704892e-02 2.923944792404105722e-02 1.962742293621770606e-02 5.562765355697888575e-02 5.269323512469527987e-02
4.813830148697333111e-02 5.460002160758611889e-02 4.218146998933852004e-02 2.719540258323038806e-02 2.812526134282322676e-02 7.586872933414923192e-02 2.573120289477060993e-02 3.027841221302590702e-02 3.751032373139665671e-02 4.872129853293138968e-02 2.193343592845434578e-02 7.777365901386612546e-02
6.690017136653078622e-02 3.421140008136479282e-02 1.653506653382964472e-02 4.849777379376105091e-02 5.558461624527346462e-02 3.475087683492806417e-02 7.170318627162686198e-02 3.354375814351508167e-02 2.306609854803767096e-02 6.301562174632760471e-02 2.810586596832176723e-02 4.073742093711397311e-02
1.861857825443092099e-02 5.839117137628652143e-02 6.635621416256207161e-02 3.938928800665293661e-02 3.527261064111866795e-02 6.138850645551388596e-02 1.096279289609657440e-02 4.850200656562057150e-02 2.992455175005716284e-02 5.479552541079761585e-02 3.488571372669557052e-02 5.670974267652786199e-02
2.840102626240450373e-02 3.853483812177471018e-02 5.222724321592048247e-02 5.916596809605322721e-02 3.836178705861684191e-02 4.058567713912986097e-02 5.031270008436017349e-02 3.692925652205339415e-02 2.354646717108119236e-02 1.969506718809976853e-02 9.540787603212204371e-02 3.589021360261068078e-02
6.995187275005154692e-02 4.314072670274105015e-02 4.605498517680380738e-02 4.898586184243299002e-02 3.480830896203066654e-02 6.645021430333185319e-02 3.278843872381492081e-02 6.098218022030620078e-02 3.807825276946434634e-02 2.314198772063476989e-02 1.943665942394934287e-02 2.985025418815778070e-02
1.852214576226298912e-02 2.644685998125891405e-02 5.797706660586879335e-02 4.613991496434849404e-02 1.894868016843429676e-02 3.690298560806562489e-02 3.566758598584707229e-02 3.476003669937609980e-02 6.068282634910521223e-02 7.323251389493276586e-02 7.458873905052480768e-02 3.200230689818676227e-02
3.107164024725843354e-02 3.677762657439175020e-02 1.231507519564918329e-01 7.488329544876205779e-02 6.577446807808842721e-02 2.654450093033397864e-02 3.089334666003916777e-02 3.349681949725766966e-02 2.039763268394921211e-02 1.368640643237021767e-02 2.767383496212897503e-02 5.797420379692640180e-02
9.165581091625048249e-02 3.342530388244737555e-02 3.169924098172521854e-02 3.572900483011741402e-02 2.931525846148221731e-02 7.178053321407537601e-02 3.151245743068308014e-02 3.563718064787300965e-02 3.686661285990882470e-02 5.606791162154091401e-02 4.565367295170558865e-02 2.135036742461711434e-02
3.841611410581913938e-02 5.087182598694960783e-02 5.765632816172625713e-02 4.764264798777104182e-02 4.564983224216066088e-02 7.087438422329109255e-02 2.380264869022444968e-02 2.575036441602463963e-02 4.060163320058717690e-02 2.981831465598848777e-02 4.178619367451536643e-02 3.277838885321393558e-02
9.538128939763611258e-02 4.389562505692332778e-02 3.238274987479297651e-02 5.524492619071787181e-02 2.757237258525059923e-02 5.609802348972887237e-02 1.596276730911718594e-02 2.932204421522880897e-02 3.040415322127281925e-02 3.375490070938296644e-02 1.156890181783828409e-01 1.787800760023162960e-02
7.907418567970293799e-02 4.571569934178423833e-02 2.748772516609932631e-02 7.485313815485332423e-02 2.508780886626447645e-02 7.671167616589234794e-02 4.184210428364917855e-02 2.494350660593134053e-02 4.115566637573046110e-02 3.557493797050325507e-02 2.546399592025869532e-02 2.683206987398945725e-02
5.069717313418942162e-02 3.011762173965711054e-02 1.356252481487097046e-02 1.320955625520912370e-02 4.590441851221930408e-02 4.933188683907613337e-02 6.852786194702731315e-02 7.212877870439443617e-02 4.262205268534000058e-02 4.587962934791712383e-02 4.546445691095019753e-02 4.204799833258495573e-02
1.723524980288196340e-02 3.959842573387666043e-02 5.920452141706546850e-02 3.306388772851456825e-02 5.489560589427208009e-02 4.952264963950777504e-02 2.601854363607498596e-02 2.380909597658902727e-02 7.701580672290328500e-02 3.991649439158374835e-02 6.435866027559851432e-02 3.290846878238687379e-02
2.639084696730127633e-02 4.750065219345681045e-02 4.191987959113740309e-02 3.202426341748885325e-02 6.143861277519509917e-02 6.043890201403648993e-02 4.767360214261825990e-02 1.755310184779731303e-02 5.078396228940356555e-02 4.119378932494004858e-02 3.316841028766915472e-02 4.309881160838437836e-02
3.803451642915262054e-02 2.821753361365157003e-02 8.146308306916444364e-02 4.785451284847064973e-02 1.566196106426175419e-02 3.065262402938204872e-02 1.938786210812976085e-02 4.403971646360814451e-02 7.342224472763429766e-02 2.798648118114683420e-02 4.508759299365625028e-02 6.326999545130970737e-02
8.297526787427034201e-02 2.525177706522330895e-02 5.359786889049505260e-02 5.463067983985562398e-02 5.456135417485920985e-02 3.473110891835045483e-02 2.640862143382910823e-02 6.240138265549096536e-02 1.854512755078928724e-02 4.567256318437032392e-02 1.960062201368010029e-02 3.982132781556170509e-02
8.913421685649854098e-02 3.997645372862537738e-02 3.380850840729152790e-02 6.149498849282963170e-02 2.861929126323800587e-02 4.325112696146856534e-02 1.852229276852732781e-02 4.603504666222144048e-02 2.063417770075266083e-02 2.624945286245031900e-02 5.415013150031632028e-02 5.712121411716294256e-02
9.445766225506682656e-02 3.537210806973711125e-02 3.950628998077006931e-02 4.480251136106768589e-02 5.511064697950462249e-02 2.756929667908715464e-02 6.556233398630895159e-02 4.239721654974522302e-02 3.532880833265195780e-02 3.432872222747875013e-02 2.473877871242790086e-02 2.123319177637515709e-02
3.337479620570622807e-02 4.101670695684789258e-02 6.454972605623524040e-02 4.353306043999820296e-02 3.432146612643708489e-02 5.788713942278860686e-02 7.738153206324509259e-02 4.164538508984748366e-02 3.972246764662298174e-02 3.200067060003614072e-02 2.097642519499643907e-02 2.326865909383795880e-02
2.195864331655826562e-02 1.055748517112771179e-01 4.544948404787508417e-02 2.826944153345250371e-02 2.970085214366363635e-02 8.611175331238683783e-02 4.776907250184225795e-02 2.699779883292891328e-02 5.187852477541914781e-02 1.456287662484378152e-02 2.487439861859451831e-02 5.632838175813651566e-02
3.023930596616682814e-02 3.481051834003455470e-02 7.766786647889219186e-02 3.670600035855181575e-02 3.551510624582235320e-02 1.206919754287878316e-01 2.072186268375313459e-02 1.003209793590819666e-02 3.898980199324670465e-02 8.306469239732942877e-02 4.047384345256920674e-02 2.572413886378229972e-02
2.611368233095746547e-02 5.786880654019822823e-02 5.723867502526235745e-02 4.597541030121079370e-02 1.869965158687313111e-02 5.498987735982737574e-02 3.225637232233143775e-02 7.147991389472718726e-02 2.328458071151278189e-02 4.601027105384724453e-02 2.745044918005120488e-02 5.422194018131615972e-02
2.141525439901425035e-02 4.857821311039660361e-02 2.120209490619400991e-02 8.141177595088990027e-02 6.674716982515123409e-02 4.759148659117288377e-02 3.586001522591290847e-02 4.253692239486680376e-02 1.796535039990278249e-02 3.849322171414384930e-02 5.707489683650428247e-02 3.598284258559403953e-02
6.127244161841784165e-02 4.147837874102630606e-02 6.316142957838265237e-02 4.706996397494269541e-02 2.042643266793753992e-02 3.079148849164158389e-02 2.578115843418344114e-02 3.664560103532890634e-02 9.446011015819474888e-02 3.971200619952173355e-02 3.535931087279253759e-02 2.344908586048104898e-02
2.762690198241977979e-02 4.583723639174756836e-02 3.131022525154696090e-02 2.178587574866262810e-02 2.253041053723992340e-02 4.524970016496373398e-02 4.544653536692340456e-02 6.831116403181471119e-02 3.361371137178564145e-02 6.420455852322945467e-02 8.829044870584425164e-02 2.596058260367453338e-02
6.609963208566735360e-02 1.823890117214576820e-02 2.093999849319550660e-02 3.158987772456561816e-02 5.287627747061437317e-02 5.163231067026548965e-02 7.879772710375498868e-02 5.650525951362121713e-02 3.599806795870686554e-02 3.754580158317574051e-02 1.553081297666331247e-02 5.214094985669840560e-02
2.157422574079325903e-02 1.329359777012145520e-02 3.440398085785904142e-02 1.167250049652911181e-01 4.081418958432662253e-02 1.000020124810300504e-01 3.222072972968324789e-02 3.587484382828669965e-02 6.925298229268447847e-02 3.293962478627221468e-02 3.854351888105372881e-02 1.675786746303961280e-02
5.576417229292501831e-02 2.829731902620080675e-02 4.484400335146869476e-02 2.811627639832579503e-02 2.641359599005761727e-02 3.165238187243599871e-02 4.459175255444126212e-02 3.851053961084490579e-02 3.210511066586169832e-02 7.349597721134831785e-02 7.508097127996020415e-02 3.247930360767031788e-02
1.438306807496241013e-02 3.846805023325366307e-02 4.179674679948296862e-02 3.325277557161411546e-02 2.937819723958197057e-02 5.134519046571631856e-02 5.787955662270145157e-02 8.109798394898817819e-02 3.303696626396802200e-02 4.546265488934790600e-02 4.160365388935838293e-02 4.283636054005871691e-02
2.954351872478663127e-02 3.493682241327360216e-02 4.519440746427115518e-02 6.799660411181189523e-02 2.931024353866958435e-02 3.403116203030451259e-02 6.850702786887169493e-02 5.651501163323791738e-02 3.705376847025314280e-02 3.736478159660189258e-02 4.720879945971660080e-02 1.963396723208583189e-02
1.819617574834890214e-02 3.813558672067310362e-02 4.926314849131204626e-02 6.880848247731871647e-02 8.513629763610559842e-02 2.386402633764524162e-02 7.641132556330984538e-02 2.322895669582738035e-02 2.316875873795299148e-02 3.580791584701462082e-02 3.792236403942548378e-02 4.734560882705587254e-02
1.405339892826186834e-02 4.405516321187281925e-02 5.553784556660930349e-02 4.660114915088825471e-02 3.992320967800731812e-02 2.223545299558530100e-02 2.618423224047232434e-02 7.820692506262613697e-02 6.339351227598197247e-02 6.066569601500739622e-02 7.380932931130072816e-02 9.608197029861870533e-03
8.762112445090428081e-02 1.514061252244149232e-02 3.137689891549523546e-02 3.445405575369808737e-02 3.273394905207698685e-02 5.742307447049502245e-02 4.698122456380595530e-02 9.088354960893312018e-02 4.235408260335288971e-02 2.184271385887667088e-02 2.982594993459251886e-02 3.862335581650681166e-02
3.543429969989101563e-02 2.720180829864963720e-02 4.680570534575883429e-02 1.860625805242626177e-02 2.868590064261086758e-02 5.406247334468983201e-02 3.830551658572332874e-02 3.959415698072295958e-02 6.065474781345230049e-02 4.353960571002273711e-02 5.503430108729601838e-02 5.815987419678910614e-02
8.038304235718238266e-02 3.571904710689028511e-02 9.003674492195903878e-02 2.353266767910353399e-02 1.845276430215374991e-02 8.910854362831649444e-02 4.177277522333490423e-02 3.254724482687030435e-02 8.617217173780701567e-02 1.711438507277011217e-02 2.444760228440966479e-02 1.844127693995772574e-02
5.302286914459145017e-02 2.830261642176524345e-02 2.526810206456579083e-02 3.147224396389621676e-02 5.454686266230937552e-02 7.471930014593179681e-02 2.049615915682532694e-02 2.949500001910735497e-02 7.267225015006968658e-02 4.763478368906179372e-02 2.664965979407412158e-02 5.081465109537309371e-02
3.835441333126841240e-02 3.266188601564036509e-02 1.246908495609404255e-02 4.142483601244538460e-02 7.575669387241823483e-02 2.260064949002073970e-02 6.829867423162909457e-02 5.093564266311940286e-02 2.204820422390505602e-02 3.142023940421440065e-02 4.724032268832530079e-02 8.258539971268061275e-02
1.903818643811689554e-02 3.067393091570849370e-02 3.065864551906975766e-02 4.732316613803785182e-02 7.333023582785823391e-02 3.458198926066219370e-02 4.090800773828332654e-02 3.565939679073418939e-02 5.156211382906864676e-02 4.422154105909530813e-02 4.589097851626817298e-02 5.145158030524735887e-02
4.247494238513568193e-02 4.035701929501273044e-02 6.072761218837002817e-02 4.190574808573989396e-02 4.258798227479114462e-02 4.156461607799023794e-02 2.851982554089073710e-02 1.841150600251412542e-02 7.373211702924646616e-02 3.448961179287366591e-02 4.561657287528723265e-02 3.796050423277012170e-02
5.059753966997720953e-02 4.338879956042765440e-02 2.358419751776324666e-02 4.110131237501509632e-02 3.989388825247622977e-02 4.994114480090177527e-02 3.947571643907969025e-02 7.555615073927689218e-02 5.325058341378731408e-02 3.128391265802699106e-02 2.260955495928694201e-02 3.570161244771811321e-02
1.400149397015607033e-02 3.218088072051136089e-02 3.241053372854101056e-02 4.657420854344102024e-02 3.090318068677457009e-02 2.817524876212365928e-02 4.283394707840078308e-02 3.777437413192341609e-02 4.438495504169809314e-02 6.746469815902750300e-02 4.629895756003288287e-02 9.889042841218129154e-02
3.030000725692362507e-02 5.292477191699235944e-02 6.456754819014223767e-02 2.504152434868357063e-02 3.443552732460081894e-02 3.793587118067374281e-02 3.495059614093836559e-02 5.235518490936579700e-02 1.694057396708090191e-02 4.185834745931506229e-02 8.635614936670996111e-02 3.527732307646509052e-02
3.179185930239915303e-02 5.041650322512074289e-02 4.785506292373734039e-02 5.141386660433407835e-02 5.020389918730638196e-02 3.897919233565903807e-02 9.069923979533202341e-02 1.821559612091044195e-02 9.075832130738053019e-03 2.091819988840180194e-02 5.594399392059931642e-02 7.060566792193856411e-02
3.939788732909229457e-02 7.131113319570023257e-02 3.693110296420173272e-02 4.570728391457037215e-02 2.690104776781253315e-02 2.804934821060526412e-02 4.672316246144574831e-02 4.445461769060325696e-02 6.113979483152340300e-02 6.963642762987302948e-02 2.242760915668482249e-02 2.138491724187238305e-02
3.813302225805648149e-02 4.013213134828838569e-02 2.666794774568232926e-02 3.678890292669228373e-02 6.513287405270223873e-02 6.878655801756468346e-02 5.408492619659769490e-02 1.315661373838045677e-02 1.126438466123996784e-02 9.027637306981321774e-02 3.694087459294609355e-02 5.553903252285829345e-02
2.732268334672740065e-02 3.417564328401134083e-02 3.882862377679126981e-02 1.579816445964660546e-02 1.160858279506025124e-02 7.079392011980201183e-02 3.639668947158197082e-02 8.344592743662025691e-02 4.117080038360459993e-02 3.751997837917381978e-02 9.297892688771580705e-02 4.929538869678964236e-02
4.410855137319794061e-02 7.922157430431062131e-02 3.017204823819225404e-02 4.793941369915252770e-02 6.289689220341113107e-02 2.378095785140380350e-02 7.489562046244387095e-02 3.535916920603399127e-02 1.484915092181897898e-02 2.647958472818702849e-02 5.763531636593711982e-02 2.767286281849390406e-02
3.406956991972617116e-02 6.638887796478221137e-02 4.416286427855541097e-02 4.572023354815134971e-02 2.140276214962776383e-02 1.613860396419559279e-02 5.354824087582085723e-02 3.763108725713884550e-02 3.047154258969394028e-02 4.303099875574026983e-02 7.058248615595097419e-02 4.972310123920943570e-02
4.222276010794365209e-02 2.730716882424803413e-02 1.604770466729453157e-02 1.028420095248281652e-01 3.600870304376106029e-02 3.943820360923620122e-02 4.638610658619272270e-02 5.597972034933171304e-02 4.475577929865798971e-02 5.965011218349271921e-02 3.428250739387518620e-02 2.220630650397068320e-02
3.165912803907769413e-02 4.453927031898582273e-02 3.578124900387164714e-02 3.669287941292969507e-02 4.483695848457336375e-02 4.713350409191188056e-02 1.409899875194012796e-02 7.868534969009151336e-02 6.224992676054048185e-02 1.469005302010695409e-02 5.974581155326613713e-02 4.417018793232835999e-02
3.178691897449244935e-02 2.803804796958240739e-02 2.971148391744376366e-02 6.274719658266532385e-02 5.871753956029385907e-02 7.268147749576764349e-02 3.172943689019207258e-02 4.041230265838466340e-02 3.273867372103045348e-02 3.722535944213028331e-02 2.280384716110202617e-02 6.286465862178448882e-02
2.189517308796944117e-02 3.612807756016764987e-02 5.782091730884551112e-02 5.577563266316020590e-02 4.547336822789430771e-02 4.362954466725958713e-02 2.048402020456473183e-02 3.102331207300686525e-02 4.736605208108214671e-02 1.967065376742765243e-02 7.339349799830216514e-02 5.997578180762792865e-02
