-1.587724805230727299e+01
-1.373602886707201698e+01
-9.218282494001442728e+00
-1.248981051694029709e+01
-1.464146423506278794e+01
-1.066562012391787206e+01
-1.259450014752328073e+01
-1.364273766148723865e+01
-1.205060826434449517e+01
-1.401216184370679230e+01
-1.591848529535349854e+01
-1.448426540632356563e+01
-8.285338904455830544e+00
-1.217498549443029532e+01
-1.078185320993911311e+01
-1.208172584712447595e+01
-1.431238547249604665e+01
-1.167652803538692297e+01
-9.205863851265943865e+00
-8.148695588614694785e+00
-1.241892816712871017e+01
-1.098938298608269903e+01
-9.774299357548800415e+00
-1.194198829660048489e+01
-1.203348804369872305e+01
-8.240140287939222929e+00
-1.142692627239419068e+01
-1.139688757686900544e+01
-1.437131216864876748e+01
-1.321011626255067917e+01
-1.541914406905644164e+01
-1.355416753689138787e+01
-1.415116384650800718e+01
-1.242804434800591906e+01
-1.407577075505553132e+01
-1.408504535129691604e+01
-1.493771156639957987e+01
-9.814345293187548336e+00
-1.346937474734461837e+01
-1.377637138550805318e+01
-1.342452201429575531e+01
-1.546962833825320871e+01
-1.108681066729776354e+01
-1.254701383326927377e+01
-9.458425746937024314e+00
-1.002073080005973971e+01
-1.095102363490970632e+01
-9.937371177017285007e+00
-1.144157856037201171e+01
-9.947069027878580272e+00
-1.230611775692228882e+01
-9.187947300514101912e+00
-9.446989029245974834e+00
-1.367908643887143683e+01
-9.742722302319940297e+00
-1.163556725936342673e+01
-1.140223513670382971e+01
-1.007870569432017227e+01
-1.261819619189844310e+01
-1.656938322518324114e+01
-1.862798063809459492e+01
-1.463826299825637633e+01
-1.358058742935670082e+01
-1.207193394180325541e+01
-1.006470913713221371e+01
-1.475832157290049196e+01
-1.159019044018086042e+01
-1.589922795897939167e+01
-1.380472040246155707e+01
-1.087533816451308866e+01
-1.229665141714113652e+01
-1.306006773642778640e+01
-1.124246166363480093e+01
-1.082998716504662262e+01
-1.264744728378140159e+01
-1.243652805274214224e+01
-8.474666714727529637e+00
-1.023787872921982611e+01
-1.237288449346367081e+01
-1.038076954979077726e+01
-9.773600084459332038e+00
-1.075904277499820871e+01
-1.085452558164380576e+01
-1.166136672174210354e+01
-1.165348058948770316e+01
-1.404052528970566627e+01
-1.360189516261557685e+01
-1.127371998072822379e+01
-1.133626383480809530e+01
-1.203899345978600977e+01
-1.237838138236807772e+01
-1.159659572987970044e+01
-9.586402338506768928e+00
-1.180431219889390881e+01
-8.806278009998990797e+00
-1.266122777859415294e+01
-8.683917960132289338e+00
-1.262869035987960942e+01
-9.616815046169950421e+00
-1.390087521602894505e+01
