-1.170967745501460655e+00 -2.213829574870991301e+00 1.940199328996703165e-01 1.047550463377051377e+00 -1.566034047654884631e+00 2.548632022447932521e-01 7.587158828402342792e-01 1.145329742268585749e+00 2.262420069207276008e-01 -9.389715409842986915e-01 -1.013709268994419155e+00 -1.617631266534379275e+00
1.127475965835702532e+00 2.841064873624255527e-01 1.570806032887263948e+00 1.078523495845112423e+00 3.398083947250105097e-01 -9.077792075512812753e-01 -6.803127798838474183e-01 1.227182747849949296e+00 -4.566692520514898561e-04 4.441256961184056329e-01 6.912249269371032456e-01 5.314749143747419247e-01
1.834911241642928070e+00 -4.252192445207213928e-02 -9.953093528755133645e-01 -1.028608763445046037e+00 -4.600324992135408353e-01 -1.749549396133129653e+00 -8.130312836191356807e-01 -3.282649486913345793e+00 2.845283817994173070e-01 1.277483324523041475e+00 8.036797417597300042e-01 8.657657164716341114e-02
-4.311466101902384218e-01 -8.428577473953680066e-01 -1.769301712042034916e-02 -1.433206510647984988e+00 2.591620287418333612e-01 5.844588110955578619e-01 -1.259609314039991990e+00 8.063276345076695328e-01 1.062794134106405386e-01 1.484155502851484787e+00 4.605014378992172697e-01 5.766455042630316136e-02
1.355589959571007030e+00 -5.397477429095405288e-01 -4.234408770137861738e-02 -1.421421566478077436e-01 8.740212268602436385e-01 3.405823974383563324e-01 5.050086287550064057e-01 -5.724264739807131130e-01 4.594040717207773517e-01 -4.028785080671377083e-01 -1.859838442475853615e+00 -8.816060109108858622e-01
1.111473608548736725e-01 -6.519330744274636213e-01 -5.692794685677735611e-01 1.283642427839820854e+00 1.157108529378844120e+00 1.459853933284635252e-01 -3.472998543027151497e-01 -8.337564170668165797e-03 2.087275240304277413e-01 -1.975780374417144547e-01 -1.601888024306186598e+00 -5.597090917630931362e-01
-5.968835417289244383e-01 -3.090699815515891569e-01 1.015787907545579349e+00 4.267009091641084662e-01 1.296658327060730975e-01 1.164390940939675323e+00 7.091602727744784618e-01 -8.163080620975939894e-01 3.521169651607340967e-01 6.081045222247715154e-01 -1.928855393231863891e-01 6.456979955774604374e-01
-5.086620348942079151e-01 -1.991741223301015939e-01 1.176021401713650827e-01 1.067002971931301891e+00 1.490482601009885721e+00 7.300214139822772119e-02 -3.878394355553255735e-01 9.735688944152736113e-01 -5.407419551707338679e-01 2.729590901124382629e+00 -3.295760216527532371e-01 3.986499638677924451e-01
4.045466313260239200e-01 4.029626343652580323e-01 6.801058612849935070e-01 -1.097643819381042718e+00 3.961195117892793993e-01 -1.763330662445787400e+00 8.744685836855756178e-02 -1.098491280942595516e+00 3.005640075534360967e-01 8.379731557456900903e-01 1.545393206573134615e-01 1.602673065817718845e+00
-1.303671819716942584e-02 3.736333852089465668e-02 -9.655987687398064345e-01 -2.207130265370196021e-01 5.775525906082353000e-02 -1.060544543471483747e+00 -1.436717828014688170e+00 1.892649303502055957e+00 1.645267945392982212e-01 -1.367329789151301156e-01 4.297146066914178664e-01 4.505310938473160998e-01
9.166556266034816547e-01 1.443825216895431529e+00 -2.152230004682315734e+00 1.729451475043026099e+00 -1.120001587250628816e+00 -1.220589389688828019e+00 -3.952647722158758592e-01 -7.630100561857185992e-01 8.939550194587251308e-01 -2.369785201848373657e-01 4.662398772962386140e-01 -2.590061319649342164e-01
9.625162775545373917e-01 -1.497351334417267754e+00 -5.926036178480525302e-02 1.025517080502047040e+00 4.236761340305016943e-01 1.559988236154927765e-01 1.749253457576940729e+00 -1.206786091679009354e-01 -5.787634610876102315e-01 -4.957025246442849920e-01 7.740249546306808837e-01 1.034499983127857403e+00
-5.105456926386967575e-01 7.330844161438064832e-01 -1.003293425588601684e+00 -3.104470906197178137e-01 -1.269430771053556173e+00 -1.230637748655267982e+00 -3.756792337398051629e-01 -7.826103102039504433e-01 1.940128412925286039e+00 -1.359314305927954436e+00 1.514797880820645037e+00 -1.354130453487653263e+00
-7.159268807958996117e-01 7.997635397517592892e-01 -1.205704382614449788e+00 -7.359644013194961004e-03 1.497855375597928695e+00 1.021069025637630634e-01 1.038882710090105466e+00 -6.197308478054363023e-01 -4.705510921248999834e-01 -6.698077862798196280e-01 -8.310582491823158280e-02 2.736231940235400284e+00
7.491422454069252002e-01 -1.374391520290715096e+00 -6.589333067280488399e-01 -8.248672550244211532e-01 3.460679870657222823e-01 -8.356945246450997455e-01 -1.537004323379708604e+00 2.026487723713501499e-01 6.997329619966683456e-01 -8.673320304641937151e-01 -6.985843261692404882e-01 1.576642792242143098e+00
-6.988899928401498540e-01 -5.173675148443697136e-01 5.560674430378018673e-01 -3.114724987078867913e-01 2.081328988423297027e-02 4.774249712527292577e-01 -3.024632416379361421e-01 -8.766787619709296431e-01 -3.462389990468209833e-01 -4.274914970005449510e-01 1.660306127727430026e-01 3.514202810615148914e-03
-1.817795358852677623e+00 8.111460529715351642e-02 9.463001517289872933e-01 1.015313207134456858e-01 -4.165671571550388363e-01 -1.053276053242719446e+00 -4.150977106712892550e-01 -2.411373824556980461e-01 -1.707684919698715609e+00 -9.754774576701503719e-01 -1.349660597518067551e-01 1.450592792812252174e+00
3.379528034289422944e-01 5.957901462580431629e-01 1.895882232391313149e+00 4.564415394397079995e-01 1.004028200851810215e+00 3.950736444107201262e-01 -2.272147367974172716e-01 2.541080391749011014e+00 -1.446054848799891435e+00 4.881603633268136178e-01 1.269108329516239531e+00 4.471429122171189374e-01
1.008389298013093294e+00 3.110239688753065890e-01 -1.281791045729516521e+00 -1.432474459500049591e+00 -9.573980905244423856e-02 -1.370065680078085268e+00 -5.655306939932168431e-02 1.335788059417495788e+00 -9.863882914211086206e-01 1.409318282876579564e+00 6.605753777764374890e-01 -1.791995884981232579e-01
4.298249486170023781e-01 -6.573528393271167447e-01 -1.455384916281345697e+00 6.839268744909524078e-02 -1.467009023608580598e-01 4.171467954379650123e-01 1.133172571383071370e+00 -8.320753400243262599e-01 1.269251887356420250e+00 1.137806232975297621e-01 2.860902497983089932e-01 -1.336908104997671098e-01
-3.941657332867939956e-01 1.628636839855165386e+00 -4.204772040720144988e-01 6.507265202791004954e-01 6.368200688358504058e-01 -1.599630273816593506e+00 -2.576579045537968349e-01 -7.864896067372277866e-01 6.972051555320462057e-01 -5.054803853648320855e-02 1.973973775247496620e+00 -8.412269002442123167e-01
4.285118851490742897e-01 4.321856571798078916e-01 -2.845595165712986319e-01 5.651255423608431139e-01 1.178480325762525815e+00 -7.704049776512261749e-01 7.750078987548598697e-01 3.858103579112515669e-01 1.957848442815064011e-02 -2.419939417565009424e-02 -2.524107885780853877e+00 -2.571977769050878937e+00
-9.752889646029931914e-01 9.498160863120710951e-02 -4.600960090387572476e-01 6.694119117688689391e-01 -3.795001035289338187e-01 -2.328825574954334954e+00 -1.296379742424674131e+00 -6.929737620884426352e-01 -4.249131313235505192e-01 -1.801179506232790106e-01 1.132583820134844599e+00 -5.726210220749899937e-01
-3.246049074705184556e-01 3.619247102227594048e-01 2.121414092837418108e-01 -6.210167697584600965e-02 -1.347647368721245908e-01 -1.522552586267229557e+00 -4.956660534737157842e-01 1.028234103523216897e-01 -1.059355376525292991e+00 7.672023899404154523e-01 -1.005181789070401788e+00 4.861129817827057609e-02
-1.320186898024832578e+00 -2.339215109282304916e-01 9.780139194451813456e-01 6.371244448430669616e-01 2.922994269676785772e-01 3.540401651504386238e-01 1.201116222413385198e-01 7.332638968350644326e-01 -5.275637737504272895e-01 -1.014882587847030448e+00 1.933389517536872326e-01 1.302707256865761165e+00
-1.354770806678090134e+00 -9.760478582738278952e-01 -4.173875119601294648e-01 1.890109197261288440e-02 -6.802744437244503395e-01 5.411565987530870814e-01 -1.340206531043480198e-01 8.396729119783966633e-01 -8.801941161516114998e-02 1.047608994349287892e+00 -1.626345121310217801e+00 -1.283667565859426096e+00
-2.955380932998120588e-02 -1.606035710051805510e-01 2.273957324542432989e-01 1.065290534437188130e+00 1.118424115973396527e+00 -5.779580259630541228e-01 2.074654456877484954e+00 -1.151888140385983528e+00 2.297002284264194838e+00 -2.386966619096539122e-01 -1.782388877510855119e-01 -5.050694309341835497e-01
-5.841724847419730304e-01 -3.134619102611630598e-02 5.068957130792449695e-01 7.718384792586775456e-01 -1.587039656669193999e+00 -4.873617494502253122e-01 1.538450687139983231e+00 -4.295918273254568653e-01 8.150805640558594564e-03 -1.587498483954094874e+00 4.182660020284631464e-01 2.003359935162799810e-01
-6.938583261292740056e-01 -1.831785128564238807e+00 6.240644129317940436e-01 9.292799311740631563e-01 -1.674673982503513958e-01 -4.133098147624969521e-01 -2.994581533591282874e-01 -8.836717115223919894e-01 -4.911953893279597527e-01 1.168105502132026130e+00 5.454360338895735127e-01 1.033125434691912981e+00
-7.114061799445077217e-01 1.650778630609854303e-01 2.181236987530573490e+00 1.657495388134827274e-01 1.535623616640378275e+00 -1.223528257531107055e+00 -3.673434876134509253e-01 3.289251025407541329e-01 2.986539548850127290e-01 2.030893408302627101e+00 -1.827190874418522515e-01 -4.913854534377231076e-01
1.053008240130092865e+00 -1.268268083992404094e+00 4.938844929993858046e-01 6.303083417294610413e-01 8.109844449982577252e-01 7.995333081176103640e-01 -1.534950520216370240e+00 6.763838673503703713e-01 -7.319489734161935823e-01 -9.969506553269386062e-01 1.049318958130291080e+00 -2.972093813153657837e-01
-1.561467396073432212e+00 4.279069867997650767e-01 1.341300068068452589e+00 -2.389136522258676010e+00 2.369050871718479112e-01 8.862291580209474828e-01 1.195283159771638903e+00 6.324534058656414715e-01 -1.493327889484094562e-01 6.570348982198449539e-01 8.340722134478383287e-01 -1.305521125083031198e+00
-9.789259569740400568e-01 -8.590805454606368352e-01 7.716025818874969744e-01 -9.146925627190628516e-01 -8.544974841035983815e-01 -4.980762896290590880e-01 1.372601662281928592e+00 1.118145197885590303e+00 -1.069288374418930321e+00 9.834550523394517407e-01 -1.195220265775806201e+00 2.667276099650311982e-02
-5.069221740065444903e-01 -1.148544835703435574e+00 -6.094417195061520021e-01 6.876397824144069304e-01 -2.444911352974274088e+00 1.147898070105941581e+00 2.985229367084537566e-01 -1.139377998521752700e+00 -4.313358560290755372e-01 -1.462496826199793237e-03 -6.215983100036964748e-01 1.411974573977824887e+00
-1.607718006998423821e+00 1.999194457529510416e+00 -1.824134395534250386e+00 -4.535536079720663971e-01 1.016132471009200788e+00 1.027869052556696472e+00 -1.710119721457257880e+00 1.826015879378311890e+00 6.633097547738856514e-01 -5.154393543363916530e-01 -4.045614545759202429e-01 -3.923058447046787710e-03
-1.410837652721800728e+00 -2.115303083971088682e+00 -4.055227979998317633e-01 8.942941997959331646e-01 -8.099899248312186772e-01 1.304918822571479398e+00 -6.814068288244520266e-01 1.264458435992584229e-01 9.798577750378692497e-02 -1.053414914418829146e-01 1.385856518804585047e+00 -4.864536170478937493e-01
6.759999211858894741e-01 -2.212350998280159686e+00 1.096569600102472952e+00 7.882670542655103585e-01 9.373286302099806955e-01 -6.070391977748774703e-01 -1.160953576238078266e+00 9.194774734682600315e-01 5.701519941227272126e-01 1.872178471333941774e-01 -1.492038004063034107e+00 -1.983173570020598131e+00
-6.926450999809463660e-02 -7.006211816445246932e-01 -4.281798588015229834e-01 5.621471320367356084e-01 -1.713076665743568983e+00 2.677125652878251660e-01 -2.161757065535597488e-01 -2.039659846819331934e-01 -2.343709509277511205e-01 -1.860549259687844348e+00 2.269304040453870464e+00 -1.188314810159027513e+00
1.959263381273557980e-01 -5.274314412244711647e-01 4.902307224107808614e-01 1.374704409829912377e+00 -3.485153889037279074e-01 1.117018211076790252e-01 -5.991853711270218596e-01 -2.558662219337934474e+00 -4.495447640500037645e-01 4.040856626153396247e-01 -8.252354350940668271e-01 8.912697101777055098e-01
-3.129558684873704616e-02 6.503573087397594987e-01 -9.210875318647582244e-01 2.274826177617539913e-01 2.307709347760024343e+00 4.224840042487589820e-01 -8.918733801592273469e-01 -4.447696217618163916e-01 -4.725302352622431923e-01 5.751583743923292108e-02 8.311154249160125629e-02 -6.286104326876038595e-01
-1.045775667288496337e-02 -8.579692867209809393e-01 -1.910656291950991736e+00 1.355472398503687836e+00 -1.003229917893490031e+00 -2.124571299721252637e-01 -4.881709463340678234e-01 1.390575678299640572e+00 -1.183808692355381442e+00 5.330502499003781924e-01 -2.718995299769472185e-01 -1.784974951710553759e+00
-1.199780579739249120e+00 1.283155547917711026e+00 1.442688792689648336e+00 5.178157635739165654e-01 -9.970897436368081346e-01 -3.325701308820080415e-01 -1.231333988982868721e+00 -1.325430050627428358e+00 6.365236591238784825e-02 -2.052545434167847571e-01 4.252208585453060574e-01 8.617823585756607951e-02
3.794236687493420801e-01 -1.306604034470819631e-01 -5.309026773398751731e-01 5.850446636060404604e-01 2.751523176655760738e-01 5.497792681040175600e-01 3.013493353950915665e-01 -8.695380923702055176e-01 -1.279115007175565477e+00 -9.608707232163542500e-01 -1.503993434031959675e-01 -3.028598419879969250e-01
1.023677922531149198e+00 1.223073759688879214e+00 4.269408521299908332e-01 5.433499019254821594e-01 3.052664000506484232e-01 -7.018534357418791947e-01 -1.237183417409725594e+00 -1.384552166656710881e+00 -1.063731204114966716e-01 -3.613958576168045944e-01 2.546609012100961689e+00 -1.962914252532180492e-01
-9.286157793323381870e-01 1.497786402392288774e-01 -5.646316120491572388e-01 -1.357123365626454969e+00 -2.591039328384258100e-01 -2.319321609472171641e-01 -6.585384465389635400e-01 7.866659655535838125e-01 -2.562278609080640646e+00 9.138500547631740467e-01 -1.305952788019542954e+00 -3.343986184777500426e-01
-6.535272884090087553e-01 1.492427452005846922e+00 -2.232108895348902666e-01 -5.111330262536162294e-01 -7.774536204385343874e-01 -1.291659708616861746e+00 -6.433884934628308905e-01 3.045456544110298203e-01 -6.581018266252113280e-01 -8.599760575251864658e-01 2.676084682283433325e-01 -5.609084386894699348e-01
1.507818859030283010e+00 1.338857612076838732e+00 -6.335737490443454911e-02 2.238924644296342414e+00 -1.875954862974262616e+00 1.555703182069222201e+00 -1.066496522431212152e-01 -3.947944974237342364e-01 -1.598035514784399203e+00 7.481601527235006710e-01 -2.597152513676372343e-01 -1.557296527807421616e-01
1.245163663386559927e+00 3.137907583864035233e-01 -3.778332719023175801e-01 -5.779393913426870144e-01 2.048254727522196561e-01 4.839366976987294344e-01 2.644758984799812015e-02 -5.958642086403560523e-01 -9.926132207555196096e-01 2.626171398817012115e-01 -5.613566410425185893e-01 -7.633312302297698970e-01
1.447173470954070007e+00 -2.001016888558197149e+00 -5.392081605006092682e-01 -2.714142417404499241e-01 -1.535481268218420459e-01 -7.905281482138493132e-01 4.529501617258235302e-01 7.405833587395499462e-01 2.347723370133033283e-01 8.974644566978152715e-01 -1.385487199489229493e+00 1.821654239131725639e+00
-1.225390718329304240e+00 -3.854973825235370744e-02 1.777415354235517331e+00 -1.660147406331705877e+00 1.451531792360570838e+00 -1.548629722018658450e+00 -3.819738462053362538e-01 3.202610488066789940e-03 -2.569560214647590435e-01 -2.544209629949000906e+00 1.162096923023199224e+00 -1.812695591426388031e+00
-3.923611625660389408e-03 -4.265842209511887528e-01 8.287253551212707681e-01 9.531856387883974602e-01 2.435677194386513117e-02 1.870382051988284944e-01 -1.936835091223816641e-01 2.920667761491880232e-01 -1.584464868030835749e+00 1.125676968109307063e+00 1.048460926790696357e+00 -1.003441149576840496e+00
-1.170860170180240578e+00 5.134304713256286901e-01 -8.777772617804008304e-01 1.533112897893041948e+00 1.659128651817468159e+00 9.134629036425976345e-01 8.404730765584313146e-02 1.314847313316781507e-01 1.475203697426423988e+00 6.975754713356012715e-01 1.490759869539452609e+00 1.481465553732314921e+00
4.213038493001804996e-01 4.233718412577021639e-01 -1.017345972854032610e+00 4.503406187745719325e-01 1.566719957705982047e-01 -8.179045893780129139e-02 1.350564751754544712e+00 9.961872611677502487e-02 7.062121848965812188e-01 1.980742185944287970e+00 9.935447242458227135e-02 -1.776383354104835277e+00
-4.508694277476376633e-01 2.685639686658122804e-03 4.607129344977877600e-02 -2.411838602000859200e-01 1.576723049019720824e+00 2.547773848779935069e-01 1.424372738056037369e+00 4.248297552724357717e-01 -4.403636942944804122e-01 -8.303184193789971967e-01 -6.162821779873954575e-02 5.575064663661688513e-01
1.570317804624348668e+00 3.169678738222744929e+00 -4.420460798338562425e-01 -2.032738377292232279e+00 -1.649845453932586636e+00 -1.138074291010561234e+00 3.128756406211277152e-01 -3.760539341524536394e-01 -3.740600788323978909e-01 -7.765605797703070134e-01 1.842000320919571665e+00 -8.673261009848504122e-01
-2.218993202064006853e-02 4.253121343359448359e-01 -5.043414195002151601e-01 -1.247464851080841486e+00 -1.582969612754969280e+00 2.021600933100358599e+00 -2.101328414452976023e+00 1.897984057333527153e-01 6.620859886528368543e-01 6.806590112715299457e-01 1.386528015086493149e+00 9.067796714904499122e-01
9.230336333855654329e-01 -1.843898849792111827e+00 4.130807042645563976e-01 4.031269238923615994e-01 2.469546496780001266e-01 -2.315717546799462012e-01 1.689652312190349226e-01 3.598518625659731240e-01 -1.882647765294080289e+00 1.453521115656370710e-01 -1.624966429212244101e+00 1.222777856932746321e+00
4.861987691946164647e-01 1.950336638052122679e-02 3.933797381277305827e-01 -9.896192691580355319e-03 -3.939347083480616574e-01 -1.176105005500941658e+00 9.131715368953098322e-01 -3.632758879175742028e-01 -1.150116990868790490e+00 -1.204108135892772324e+00 -1.808828757037796775e+00 -7.607236444896122718e-01
-7.019448619131603007e-01 2.006543416172245298e+00 1.564302857621107323e+00 1.414413607665163664e+00 -1.877021296214036239e+00 9.005683468042973150e-01 -1.269023838850593666e+00 -2.172546336327202399e-01 -5.969283266631093543e-01 -4.909685307885923444e-02 -7.825713829923962306e-02 3.275939831491346821e-01
4.268931956434337538e-01 8.026226713139694713e-01 3.081542381738697212e-01 4.619836416650383581e-01 3.070718167757779393e-01 7.883384994814178759e-01 -2.810641727530646672e-01 1.326589033428487552e+00 -7.264369573217435150e-01 2.377821536900527610e-02 -1.059137647234604795e+00 -7.306946129405389456e-01
-2.189776260093563576e-01 1.755496141324004722e-01 8.808193936156002435e-01 -1.020226543716695078e+00 -1.324807675525852657e+00 -8.724436153854783216e-01 1.446496700811340519e+00 3.207811290765910095e-01 -1.357596695311429347e+00 1.221927949229714594e+00 -6.340189905527348069e-01 -1.849470605733471162e-01
-2.039465157742139656e+00 1.768140901048511904e-01 1.564269780776350316e-01 9.316311983883306391e-01 -7.289114541782012457e-01 -2.250186003662496548e-01 -2.501417115297007721e-01 6.586569749559214593e-01 5.573993028767699753e-01 1.143800737171327686e-01 3.989172811464297697e-01 -3.705179743032081530e-01
-8.210423632235208657e-01 -1.253033710203781625e+00 -2.517418017054938173e-01 -4.639060589538583912e-01 -1.016980718282033180e+00 -2.958531894541268081e-01 7.699873250340045772e-01 1.827844228949632999e-01 5.303724455461379661e-02 -7.382629915166506462e-01 -2.042589581488793993e+00 -5.787081401781312140e-01
3.714604307601470645e-01 8.368577975172705047e-03 4.643592047979179238e-01 -1.527080036388758444e+00 -6.579666974388175271e-01 -1.198914545570598733e+00 4.266134833451764030e-01 -1.589465780292597552e+00 3.388476285640154018e-01 -6.040082895479743641e-01 1.027662211554070532e-01 -1.490364509425271322e+00
-3.723130696051743516e-01 -3.435172186566984864e-01 -1.294935052023128197e+00 -5.687619220894198913e-01 -2.538872296984267529e-01 1.957295526261212615e+00 -4.295628390968803667e-01 -5.814597451938179340e-01 2.716116061700516449e-01 6.803575404157167217e-01 -1.971720963627040524e+00 8.446231965074801895e-01
-3.974606309962057105e-01 -5.904263714712588706e-01 -6.505711911351009791e-01 -1.246454165697819194e+00 8.244993340941411120e-01 -8.480215085059650271e-01 -4.869937478342943882e-01 -1.998016768143211275e+00 -6.078272317671765679e-01 9.884334436289961001e-01 9.088178111290466654e-02 1.526596242095580980e+00
2.569638966741218389e-01 -6.561233040696591579e-02 1.673620222760012100e+00 -3.814219255914817752e-02 -6.402168740226708010e-01 -7.190191279018893766e-01 2.647758564878233134e-01 9.193346542722784509e-01 1.249978668896642775e+00 2.218286081688801425e-01 -6.680612867021820112e-01 -1.468575449137611511e+00
1.314659335072934088e+00 -1.869266494560980929e+00 1.699342216598647148e+00 -4.093744527549968981e-01 -1.371062890489322061e+00 -1.621332017730023445e+00 1.191938509314955930e+00 -1.130965145449610798e+00 1.513913676305700395e+00 -3.268967576567410882e-01 1.188637332817045422e+00 2.648326909227811665e-01
9.945237589470002915e-01 -1.459344003461604533e+00 1.536111143243618950e-02 -5.869950810046745127e-02 1.079603608247182045e+00 1.549939051725099715e+00 1.424170913367023283e-01 1.555999456187749264e+00 -5.026370848906748234e-01 -1.351645224559842040e+00 1.155318877147032408e+00 2.224665103356017859e+00
-2.194877235040289865e+00 -1.018879605502948094e-01 -1.774344457211264992e+00 1.139559149440333208e+00 -7.505967249865974633e-01 -2.705315799208895741e-02 5.845971687074925233e-02 2.794545501787020214e-01 1.424969934295456930e+00 -7.056351337845687688e-01 1.123894168963423867e+00 9.632942837207478792e-01
-1.131717788174728956e-01 1.015069938483631196e-01 4.928039607980196357e-01 8.522240205499123089e-01 1.753737654183918693e+00 1.339987997737716041e+00 6.313858039424762314e-01 2.812351847555964457e-01 -6.774834957704292671e-02 1.620382664257846717e+00 -2.135234827811759994e-01 1.218068106193325173e-01
-2.192698321434281006e-01 -2.053488032842542554e-01 1.184189185508748077e+00 -1.256456641719068346e+00 -9.757490395351758883e-02 8.520111335405312625e-01 1.725374928408925257e+00 1.763409230678010253e+00 -2.577804731236817970e-01 -7.458943908619347640e-01 1.359996165778363020e+00 -2.826065467764420427e-02
9.536202924034219430e-01 -2.153482361543776591e+00 -1.494060066921350849e+00 -2.097995903965898801e-01 2.315052854423884199e+00 -2.933034776871800142e-01 -6.901581673253950333e-01 1.595368981471564640e-01 -1.099447133542092336e+00 -4.259680273423920860e-01 -6.234224176857600108e-01 -4.966326872723426655e-01
8.080432431258651738e-01 6.760459348709734195e-01 8.515675778071092328e-01 4.010000694506002938e-01 -4.362874624633060194e-01 8.279908347992724904e-01 -3.637716368046587379e-01 -4.695950697944694663e-01 4.076543426285509364e-01 1.056575026403716588e+00 -1.649286383611870077e+00 -2.940172177579513102e-01
-5.200522935099703981e-01 4.872419018318800976e-01 2.418910501655668011e+00 -5.707328669212619054e-01 -1.022996731996638653e+00 -8.285616755642691289e-02 -1.361611593340400050e+00 -1.064863942002935548e+00 -2.742318494895415459e-01 -1.198502614636077102e+00 1.216143415828598862e+00 -2.896106181759532383e+00
1.078542041730838452e+00 4.490850617336746703e-02 2.394175162294926551e+00 -7.816607814692468070e-02 7.730213614424781554e-02 -7.464556128023387416e-01 1.806715611178434822e+00 1.907019870257175009e+00 -5.869602887701534932e-01 7.229105379310716284e-01 6.778148023990084869e-01 9.477550974439575837e-01
-2.949009714480788968e+00 1.260148588588170471e+00 -1.896132041530729673e+00 -7.912727329285831890e-02 6.025796922501781561e-01 -1.345142424943009729e+00 -1.391149039245480390e+00 2.289012870043129588e+00 -9.055871952517771106e-01 8.733574375972827930e-01 2.734938740919525269e-01 -1.989743117382041460e+00
8.767569630509729484e-01 4.828524398854605049e-01 8.433454003500036045e-01 -9.470657251604591709e-01 -1.428296593743769716e+00 -2.471791037904143562e-01 1.796290387782459419e+00 -1.439238658943934546e+00 -6.289692868019287619e-01 2.152940105108834892e-02 -3.192778981749472278e-01 6.007859112956235315e-01
9.478847456284872353e-01 -9.025183797834702704e-01 7.635935381997379645e-01 2.364239333660169418e-01 7.570656585391758453e-01 -3.171455166238072026e-02 -9.744703499587172857e-01 -1.122798243960628994e+00 8.893831585070577361e-01 -1.096401511542618001e+00 -6.428995167521253107e-01 1.510983292269634237e+00
-9.172754613154299186e-01 1.013039487073857492e+00 -1.301370722559152260e-01 7.524849338795533971e-01 -1.954051464108196745e+00 -1.276007116664259256e+00 -3.284075404994580838e-01 1.210516811997760511e+00 7.160650587362678010e-01 -4.169249472382534627e-01 -4.330235727716251759e-01 -2.577344671479734339e-01
8.835294087961743648e-01 -1.442891696951390079e+00 6.653997061789211909e-01 -8.824635122649755747e-02 -6.458360434867334021e-01 -8.230901430611562430e-01 7.224528892681612025e-01 -1.223214899665074490e-01 -2.741764506768629150e-01 -1.827814426658129321e+00 -8.493319012143522029e-01 5.561247139449603250e-01
-2.971603278348245336e+00 -3.016250694455579140e+00 -1.203131455205456390e+00 8.647230885073995399e-01 -1.075051275539961049e+00 8.922845660985223581e-01 1.735835247736331743e-01 7.833464094298391300e-01 3.959129644059278252e-01 -1.888463784747577145e+00 -9.453418010084058132e-01 1.309322032082282927e-01
-1.147398968056870139e+00 9.475305284529453864e-01 4.613357846099831461e-01 2.664058612574944918e-01 2.568385012885527008e+00 -1.211643531420829145e+00 4.197226471923476976e-01 -4.128774060978059879e-01 2.876699132013867399e-01 1.381777878271097659e-01 7.693113127740144330e-01 4.990992741469499894e-01
1.337817741556192264e+00 -2.063530275955914872e-01 2.962637570246462460e-01 1.158309103665311257e+00 1.380970164916994203e-01 -6.953675749510781490e-01 1.619441393095331527e+00 1.101496145353784373e+00 -1.941196325714246995e-01 -2.071355024924415478e+00 6.750722901914242291e-01 1.090537575044555174e+00
1.311785738295342174e+00 -2.962006911939239484e-01 1.339263651107091224e+00 1.397638196908117525e+00 -5.439923188409083732e-01 -4.444770093805897049e-01 -1.403571045966645059e+00 2.271358939189346504e+00 4.017574710312823982e-01 5.634149852326887364e-01 1.472746295461758170e-01 -1.813335385480617790e-01
-8.776849794329161236e-02 5.768008752135193040e-01 5.401168622222852767e-01 -1.609380244810650007e+00 -1.992461808240174825e+00 -2.190520179664392941e+00 -1.277994467197991479e+00 -8.169702556369330404e-01 6.308304108655370390e-01 -4.316393732290806917e-01 4.436924383402120475e-01 4.380937098826688803e-01
2.755392299427700809e-01 -3.248974482025549504e-01 -7.448044791932764142e-01 -6.643725573175871535e-01 1.059753257008579919e+00 -1.592589166844166959e+00 1.477145098985518656e-01 2.006887035806072805e-01 -4.351091730261371637e-01 -1.227487372025690249e+00 3.929273192765447287e-01 -6.871219436069840869e-01
-7.344039346950841374e-01 6.013371475102039510e-01 8.509724265105169660e-01 9.126908936729124511e-01 -1.051970900173289536e+00 2.026613986713155402e+00 4.367405523225136310e-01 1.519328787480534793e+00 1.177583441030207956e+00 -1.999944140129954251e+00 1.542155671527100091e+00 4.159228910284517577e-01
2.745179176910051422e-01 1.220401257665846950e+00 -2.717901099431512257e+00 -3.241498388496940386e+00 -6.057645248969403262e-01 1.093146698611872220e-01 4.212679484744671354e-01 -1.737579313035219286e+00 1.247553100757363476e+00 -2.447158412979105191e-01 -2.193250124836351844e+00 -1.259254410787952860e+00
7.430533677027326700e-01 -8.856315342699506710e-01 -1.280980475493760817e+00 2.104875952240733206e+00 -1.878245018210076722e+00 -2.372554088343177547e-01 -5.570799275089699520e-01 -7.463158941565770643e-01 1.376735558885560540e+00 -4.334053994004296029e-01 1.534836346408494423e+00 1.519843329848220570e+00
6.252905391312066907e-01 -1.101515469750868892e+00 -5.756469551260267464e-02 1.637989560744792294e+00 8.858604081883056924e-01 -1.346512694898944762e+00 -9.377173517325392282e-01 3.864711034431112663e-02 -3.554740805484482569e-01 -2.592813287338852635e-01 -2.929739362733503327e-01 -7.215130861677874208e-01
9.864704818525413255e-02 -8.444498543723666373e-01 5.321087035918520280e-01 1.309555167435424217e+00 5.791298570976304294e-01 -8.773998201384481943e-01 3.842427955765053138e-01 -2.230146145387101320e-01 2.277657776616214935e+00 1.196501701307764343e+00 -7.087168183714092073e-01 6.990033031540077157e-01
-2.374789813914545689e-01 1.148465256246081312e+00 1.252184219239430352e+00 -3.423391546243402805e-01 2.138554615747739973e+00 -4.882585299122166878e-01 -5.104973608046365907e-01 -2.715807437760218157e-01 6.609742424964740737e-01 9.669260705968700798e-01 -4.512348042407592907e-01 6.253288283012675697e-01
-1.212037036326673034e+00 1.644805225668075771e-02 -4.512880451847225416e-01 5.882960210731185136e-01 2.268314794991853900e-01 -9.353613770839344088e-01 1.637500249605701619e+00 -1.616194964309478899e-01 1.401415829427861415e-01 1.136593455958087251e+00 1.650286367010431743e+00 -6.978147829043106487e-01
-1.354322498844737543e+00 -5.991897460335395692e-02 -4.786237640026315132e-01 -1.463903494583479237e+00 -1.792675994973657927e+00 -9.620900245072148971e-02 2.759469205087563548e-01 8.758579400447505936e-01 6.032004161490359673e-01 9.193962946230537225e-01 2.063481336896816620e-01 1.580513775822166345e+00
-7.433075194969296362e-01 -5.178819445792326448e-01 -5.305862623952887214e-01 8.262860637450220036e-02 -2.432740591840689137e-01 3.998780375544708776e-01 7.647262017419247104e-02 -6.456036834482614672e-01 -9.995946916771080160e-01 -1.890286931590103303e-01 -1.289434379080527937e-01 1.269513798562255324e+00
-4.081054799866417615e-01 7.871782221342610297e-01 -1.266714937441428601e+00 2.016932849650647508e-01 2.171965892543795129e-01 5.884031072765378845e-01 -2.998618942070984672e-01 1.018046296198831246e+00 4.643799751986197322e-01 1.489052736727927151e+00 4.298511756221740643e-01 -2.008146679680697377e-01
-7.335925983896477431e-01 -1.371965979076606335e+00 -1.064053911947979159e-01 -3.364120590509495634e-01 5.099803001057279239e-01 -6.270966047957778899e-01 3.356488356778054571e-01 6.365213398900544661e-02 -6.117091622080659263e-01 3.822249751499746107e-01 -9.418847801252820673e-02 -4.375192535282392825e-01
3.443518141443535630e-01 1.035635916494684894e+00 -2.568273008847631392e-02 6.020555496654037553e-01 -1.617868859841526508e+00 1.157976425843438628e+00 8.393846915326901303e-01 -3.484920156161832039e-01 -9.945400053175014188e-01 -6.379991058495311229e-01 4.500533418033646482e-01 -1.059334077937469587e+00
5.124749514439347342e-02 -1.320249432863270345e+00 -1.214847864013083090e+00 -4.757531880733825158e-01 7.138014810248977104e-01 9.763591815309221461e-03 -1.797846623013552803e+00 -1.253207834034129053e+00 -1.222210662982085916e+00 3.366260961995297674e-01 -2.010703713826543504e-02 -1.284747243853017862e+00
