3.295265930334557308e-02 6.161283227605304086e-02 3.242251002324750969e-02 2.504335177383869640e-02 6.727504592820506002e-02 3.472098861240244250e-02 3.566120034415257156e-02 3.103243706548856895e-02 3.755298200629542810e-02 4.378723084253750841e-02 3.606711033270484229e-02 4.233845702469711536e-02
3.181906183361313256e-02 4.756747473138506904e-02 3.018315557871216817e-02 3.542489520684276305e-02 3.685183632457200015e-02 4.727531426234182071e-02 4.847672660707493669e-02 2.625597283128688897e-02 4.451159442730034249e-02 3.672080825714645752e-02 3.532660532405674375e-02 4.010781757978324619e-02
2.466372772938462202e-02 4.415553167635671850e-02 4.412489206805543518e-02 4.030617208423421804e-02 3.044818621246518642e-02 4.813381841556874097e-02 2.825573304036200356e-02 9.477864045650352676e-02 3.282033802305677622e-02 2.982543946372521668e-02 3.648835621069221324e-02 4.970581097856807684e-02
3.839632618601184627e-02 4.291562419323709243e-02 2.956628963418380523e-02 5.491983496042144447e-02 3.241650618543329143e-02 2.940030315212558906e-02 6.113195618578751850e-02 2.851135729889437559e-02 4.647833084353145822e-02 2.811519827921887121e-02 3.969320144380593385e-02 3.744247179093097150e-02
2.338557352542441209e-02 4.917878115188838856e-02 3.584208565794979456e-02 4.246396244250161267e-02 3.097218895424527427e-02 3.923004661696349177e-02 3.278063412751398842e-02 4.746145735794009279e-02 2.967474151435858798e-02 3.647048476116073606e-02 5.375182078846220401e-02 4.856827630313716865e-02
3.128941538797243294e-02 4.201544129400462679e-02 4.906249287962088923e-02 2.963351040400738143e-02 3.252752417037799160e-02 4.073168091186427087e-02 4.166372840888434015e-02 3.660184594527952223e-02 3.372834638000631741e-02 3.433920469633235800e-02 5.144521947374254556e-02 3.659592411372084020e-02
4.558243722548104698e-02 4.356856591319293454e-02 2.975154894489916158e-02 3.822457755200838608e-02 4.367709970917538209e-02 3.074922377962976613e-02 3.374943215327370211e-02 5.277972204025016545e-02 3.412751826447409792e-02 3.265770401641115289e-02 4.428309930919299697e-02 2.965499563185675438e-02
4.368219056431381364e-02 3.827214093253327593e-02 4.105208111848145103e-02 3.438014905140671096e-02 2.965722091183572648e-02 4.382378881362267858e-02 4.758376891132045511e-02 2.844768323683840444e-02 6.916643737423858185e-02 1.911029834217123011e-02 6.147151473564587548e-02 3.251806218832688916e-02
4.262964867224876969e-02 3.797074596142441250e-02 3.024020166032730106e-02 5.503701925962917185e-02 2.581101201574363332e-02 6.111997179893736282e-02 2.764633609868018607e-02 5.099999719089311906e-02 3.488719317841732642e-02 3.213997154529064926e-02 4.740793454128268414e-02 2.753677006912734829e-02
3.889808421847386344e-02 3.358668147507271745e-02 4.618645553060547054e-02 3.499414559606940645e-02 3.165808725252736155e-02 4.419292248919368810e-02 6.930136919367227422e-02 2.146717006050937945e-02 4.303368085178546631e-02 4.206347009168551893e-02 3.478270155357134075e-02 3.478201663252403902e-02
3.337289701089901639e-02 2.508974108124652214e-02 1.027557019576185587e-01 1.903132002771338455e-02 5.702785978984813153e-02 4.403111901015890894e-02 3.344293249026909776e-02 4.789526882310083528e-02 2.728415405494087273e-02 4.510813568244427529e-02 3.221578729764555671e-02 4.701722684063060209e-02
2.982884328491761106e-02 6.458560228293915018e-02 3.888955880510365504e-02 3.022387050362830563e-02 3.869879462816245425e-02 4.627752007191106992e-02 2.507599364212448681e-02 4.631581181192304109e-02 4.176455556198228197e-02 4.448017957914116027e-02 3.361402946020700805e-02 3.385953370126925516e-02
4.107543531698004680e-02 2.664954219626973833e-02 4.938719510087156289e-02 3.145380902987597593e-02 4.259136735389710410e-02 4.211880625801119049e-02 3.372500839741281869e-02 5.616700857000306996e-02 2.000303948734242360e-02 8.005207185274108850e-02 2.099951812744917101e-02 6.270673128846906974e-02
7.231790807528173937e-02 2.709192578660727518e-02 5.789462086963570453e-02 4.176528204819246470e-02 2.669649157422180480e-02 4.736160300141161600e-02 2.823495865999970517e-02 4.734815812013032366e-02 3.726961769056334056e-02 4.378900532519987288e-02 5.301161554331753484e-02 1.894539488129703964e-02
3.261052976969854716e-02 5.668396523178208246e-02 3.531704907576783958e-02 4.306473965894373063e-02 2.821634163845669618e-02 4.131041310043173653e-02 5.283729768187112735e-02 3.254402640251245066e-02 2.888857658397421188e-02 4.859378532762683583e-02 5.314461349390696421e-02 2.548817850991943676e-02
4.196458628120568884e-02 4.186867661454023171e-02 2.970792798202877630e-02 4.243512619978295070e-02 3.759439216172587306e-02 3.174885169227017329e-02 3.865474441522797483e-02 4.285923448410858261e-02 3.505830907811608582e-02 3.991107837972648897e-02 3.355159087538929497e-02 3.476960507970919961e-02
7.644697632444123758e-02 3.633230259857366667e-02 2.976486976367823112e-02 3.823418591338288014e-02 3.791450861323603094e-02 4.377923181975502259e-02 3.479162182911136464e-02 3.106934748969821664e-02 5.004681578842797712e-02 4.069160744158288601e-02 4.029991091530434749e-02 2.210953936006362225e-02
3.980449510453040046e-02 4.252088161020296797e-02 2.718792329937232480e-02 4.646190935040638709e-02 3.284710197258348952e-02 3.868355047560154136e-02 5.632119884686378336e-02 1.849822721364745293e-02 8.861957407105423845e-02 3.639129764740248185e-02 3.049503270338614971e-02 4.023215227061060356e-02
2.947088417235994504e-02 3.447414914164714794e-02 4.771430371877841137e-02 4.593816282611662416e-02 2.836845899513322500e-02 5.177130418775974935e-02 3.945862336791806924e-02 2.487060569207205293e-02 6.710017557610818695e-02 2.686715992915036585e-02 3.675422857541676969e-02 4.752213554641147170e-02
3.064365818857694990e-02 4.040540130454226692e-02 5.090431431038965060e-02 3.137313283981474354e-02 4.039484886976762307e-02 3.733289221520039169e-02 2.793718566490075578e-02 6.136488939478664667e-02 2.642712497736531690e-02 4.270165226399601222e-02 3.515073095572086165e-02 4.100044239281572939e-02
4.905546274021735376e-02 2.392882387402886155e-02 5.367289709485861121e-02 3.257752150370840649e-02 2.977740287814995696e-02 6.007448752447441809e-02 3.174986504671205301e-02 4.751260931772559315e-02 2.982816509932303961e-02 5.013145400465716939e-02 2.215577921778549494e-02 6.118838450526112999e-02
2.771694688734985604e-02 3.266893909077007996e-02 4.507729343198377953e-02 3.619204799890419350e-02 2.836341452164824889e-02 5.727578349652880790e-02 3.015695247126554124e-02 3.645163978216606898e-02 3.750255884125556355e-02 2.965347096268147395e-02 6.076235551308650090e-02 6.795922004586227305e-02
4.560290287544740279e-02 3.139153451319685179e-02 4.439172697645150240e-02 2.831008097007881377e-02 3.588323069536099308e-02 5.734650877244245465e-02 3.766778062350157469e-02 3.593409735852573506e-02 3.744072860322871649e-02 4.181208955911404346e-02 2.615970511015650729e-02 4.552915505438227817e-02
4.164626088044518643e-02 3.351279950019895454e-02 3.603044118580023963e-02 3.741695528811012084e-02 3.291085700052225754e-02 5.090570648977742890e-02 3.628107434868851899e-02 3.061782007715559140e-02 5.269364640994900206e-02 2.535105017317132101e-02 5.183095699523827121e-02 3.238415768718122534e-02
6.266515965589869452e-02 4.118166999209445234e-02 3.075154575391050860e-02 3.629264230765678195e-02 3.892149510830715531e-02 3.606110794829953808e-02 4.021285340804062192e-02 2.990054896547026178e-02 4.271931553738145954e-02 4.786931657697002240e-02 3.684151009333969107e-02 2.457376352678636647e-02
3.985760344900861341e-02 3.853051675208279264e-02 3.641372921434735815e-02 3.260358305968950876e-02 4.644953165597383998e-02 3.042207068571754769e-02 4.409865797287096378e-02 3.024892994307030319e-02 4.530572431687859836e-02 2.487428678471477472e-02 5.922122599350566202e-02 3.735768415331534864e-02
3.497337293224073856e-02 3.978085779925542853e-02 3.977534687104884031e-02 3.325895998144710874e-02 3.137651153114501962e-02 6.379122936143595546e-02 2.089535049130295669e-02 8.752792447966900591e-02 2.017940907608677115e-02 5.291966104575536456e-02 3.723601569392594179e-02 4.119719197923632503e-02
4.398906029178350358e-02 3.791965211326657481e-02 3.457528607793237951e-02 2.842205993020372606e-02 6.161412862595454926e-02 4.640823244141441956e-02 2.368243960112402166e-02 4.901186758893517209e-02 3.140154370987349036e-02 5.926024566216316763e-02 2.948130026451550173e-02 3.421500282102106494e-02
4.533380525841556458e-02 6.377597616506534839e-02 3.043918049223418368e-02 3.033407356796329751e-02 4.181714145619221806e-02 3.894705552375343771e-02 3.482999418128449737e-02 4.287577223410811433e-02 4.536601383986491737e-02 2.886669607136424509e-02 4.022284207737174266e-02 2.909473655245172277e-02
4.516821541308827653e-02 4.546715336821963854e-02 2.375630903551864334e-02 5.372812737784074533e-02 2.457297963773712526e-02 6.327386262756964919e-02 3.920785869655022543e-02 3.505094576183908489e-02 4.560270896423314346e-02 2.383247725944222933e-02 4.947554344964982115e-02 4.003048300941725729e-02
2.566316861527303747e-02 6.276064656014967991e-02 3.240960894985896873e-02 3.654287381547278307e-02 3.498837827967395814e-02 3.005529077227435744e-02 6.672164351863896226e-02 2.569225937963646317e-02 4.409216552877183448e-02 5.175713596029086344e-02 2.589313595026273424e-02 4.907653441806578143e-02
5.485811959843477081e-02 3.243310950237643375e-02 2.263113984343130894e-02 9.380090017778493217e-02 3.473945867387018271e-02 3.478282884401767000e-02 3.264444725693096266e-02 3.704250387908148562e-02 4.540413930864028308e-02 3.359805632242133383e-02 2.879620213764930853e-02 5.299995416453968239e-02
4.345784195635950253e-02 4.573535075236435932e-02 2.556717803938572328e-02 4.654622120643526345e-02 4.068219246108215059e-02 4.805067675223376189e-02 2.845699220664400439e-02 3.035786608569273834e-02 6.325225221803013054e-02 2.416649507326660770e-02 5.646320493695430875e-02 2.968798295566611040e-02
4.538707391677408026e-02 4.498936502095232659e-02 4.129778105818991685e-02 2.422797524347356998e-02 9.334381477437356245e-02 2.368522701119245288e-02 3.416026924587096253e-02 4.985226402138874524e-02 3.700432742572336980e-02 3.353482999596385516e-02 5.133050389496248561e-02 2.385164729549520829e-02
7.416204931475930962e-02 1.738895435583381194e-02 7.947134724049696730e-02 4.307453565343289520e-02 3.093350398048559310e-02 2.904764743165125576e-02 8.843974096963955200e-02 2.293224759557333653e-02 3.672758558816167224e-02 4.517568184934706021e-02 3.884485298916885015e-02 3.155214513354233363e-02
4.227170750772706737e-02 5.412880104527342112e-02 3.818865633160097028e-02 2.649965008987749046e-02 5.802085466720897922e-02 2.412348547017062125e-02 5.225133506947007150e-02 3.458014601193754034e-02 3.671285990867869525e-02 4.501601676785633999e-02 2.517098037738426872e-02 4.455963236204409095e-02
2.162871300665812971e-02 8.556559489333336044e-02 2.669236256667856938e-02 3.645871970061913270e-02 3.113177863944880178e-02 4.498159605548356088e-02 5.438170962158558192e-02 2.887300716748187474e-02 3.519725744680515106e-02 3.324323649909852879e-02 4.809256079146596863e-02 5.980996881775964280e-02
3.219984574301105323e-02 4.166049144020113337e-02 3.999327261938199346e-02 2.638075690653900879e-02 6.367446808213469978e-02 2.926598469343997047e-02 3.842343632019767224e-02 3.689646427457524830e-02 3.395609136513720594e-02 8.726483933680088956e-02 1.693061147362395422e-02 6.718252654875658814e-02
3.723756902449612549e-02 4.696179646504233807e-02 3.695557631428036949e-02 2.738357417976867991e-02 4.856887243496924023e-02 3.255805773178923473e-02 3.527885051983307985e-02 6.576773159082437148e-02 3.493566761324815029e-02 2.911897232279780576e-02 5.270313485280955085e-02 2.846599333820879971e-02
3.747419813661955618e-02 2.917334706303352510e-02 5.401605833728233275e-02 4.597035012099540130e-02 2.321113081733071001e-02 4.277535861437914422e-02 4.885947516784951844e-02 3.633694454615113423e-02 3.963673889791118066e-02 3.466436480314866869e-02 3.409536819178646261e-02 4.375082390937987814e-02
2.827066940444104837e-02 3.846731141351897310e-02 6.955697289769818825e-02 2.057282154273532004e-02 5.383795400244782703e-02 3.466318229097478665e-02 4.803414549499353953e-02 2.318104746648872241e-02 6.314930593997013231e-02 2.832395194184389800e-02 3.574566722230432259e-02 5.648182326514466362e-02
6.290955769896927618e-02 2.978850435902972993e-02 3.104647699881566553e-02 3.678188630344729482e-02 4.977461952551449215e-02 3.190952147511783021e-02 4.198880872950542381e-02 4.592878526219346808e-02 3.128461863086698380e-02 4.028407418493541725e-02 3.284526942250210607e-02 3.479512732418311993e-02
3.211012364707088035e-02 3.792380285859010131e-02 4.501488987483138332e-02 3.174388580305970847e-02 3.887730149009457903e-02 3.426285458023863723e-02 3.359571709588725363e-02 4.243943522393788664e-02 4.181692770443771329e-02 4.020580634118065683e-02 3.341105562376744248e-02 4.028464997093846034e-02
3.407123366089583050e-02 3.268111701075868125e-02 4.122667765604942636e-02 3.537432804211263632e-02 3.427403028811339125e-02 4.064980428141825447e-02 4.072553550817172713e-02 4.648525201755366459e-02 3.345683509641386028e-02 5.895804727617087737e-02 2.033172098583855766e-02 6.072758552585520719e-02
4.476991974998023593e-02 3.006861493790246101e-02 3.743406188356158959e-02 4.739024655312637502e-02 3.321476183198353305e-02 3.517865256075138752e-02 4.504715440053150277e-02 2.327539203957356903e-02 9.214562300132363160e-02 2.116265925766243339e-02 5.401782845762218010e-02 3.217390124525996292e-02
5.077835673201521599e-02 2.404281935737076145e-02 4.442222241334384258e-02 3.813902936126319781e-02 3.693924560825205539e-02 4.354099452456906827e-02 3.909788199838028916e-02 2.947254868074204032e-02 4.104635207105901407e-02 4.391768511699714606e-02 2.986673095011843290e-02 4.139458501881146391e-02
2.986132781454116369e-02 3.249188880924010203e-02 5.646302670536547386e-02 1.973116762427144094e-02 1.056195195481517413e-01 2.277072148238053900e-02 4.411919274885377218e-02 3.591243041476748638e-02 5.971070780503443670e-02 2.639105411891684225e-02 4.246793722036658336e-02 4.735775603103947046e-02
2.653466199046262963e-02 3.773022957438251085e-02 4.064594082828452970e-02 4.253720593828527047e-02 3.505903269705824138e-02 3.326674666612780551e-02 3.649272829137035351e-02 3.926878026990932719e-02 4.563632724486173936e-02 2.951662609838006865e-02 4.077838759444954442e-02 5.085108449625055926e-02
2.694677505567335402e-02 8.146222872973020446e-02 3.560068219088997205e-02 3.619540058966609630e-02 3.416765319145211727e-02 4.708335297656646157e-02 3.408874430633876407e-02 3.335323005161260762e-02 4.176142978834689740e-02 2.859530006362875909e-02 7.932713039607236505e-02 2.438908675140579602e-02
4.520917134314045294e-02 4.115702522784203676e-02 2.129939558318713275e-02 8.641391742575872670e-02 2.035205453256874047e-02 6.608305930665518690e-02 3.585371995465762990e-02 3.358710510165954788e-02 3.191658719392511528e-02 8.370554865374836562e-02 1.886030241038321245e-02 6.148163656769145557e-02
3.301482011598667193e-02 4.580626468970887266e-02 3.267765373555393121e-02 3.239086383599899810e-02 4.220772186533994219e-02 3.524899743140441633e-02 4.054683410029737839e-02 2.996699727320764270e-02 6.908153995038886219e-02 2.775087947727973917e-02 2.939820795619544139e-02 5.588184982386173311e-02
6.708263613114254231e-02 2.837978915026612148e-02 6.188235622407113612e-02 2.997115695052948378e-02 3.208512135015400418e-02 3.757318130869030659e-02 4.275649696680632744e-02 4.472938166444974384e-02 2.936005032003448020e-02 4.392448125993562297e-02 3.279202341990383046e-02 2.891937213362801018e-02
3.009182204439388164e-02 3.139646247973073429e-02 5.332664086741741027e-02 3.111607445853285109e-02 3.742271358479513921e-02 4.568461753671226172e-02 2.763275859478047172e-02 4.653136577644897964e-02 4.051928180322253437e-02 2.543285326816584549e-02 4.344467021271971457e-02 6.653933074856725749e-02
4.403456425153041282e-02 3.584179341054322121e-02 3.639495753272444650e-02 4.893425221758601618e-02 2.642128812253927150e-02 4.851199127771870651e-02 2.891752370698046429e-02 3.829125445359574109e-02 4.120600431531062230e-02 4.386888119766749888e-02 3.671667609176543917e-02 3.054904819651973677e-02
3.486623082988674766e-02 1.983115488807010024e-02 7.222956886172610114e-02 6.137334598459414509e-02 4.300119209883179056e-02 4.419548351272442610e-02 2.888351454954893663e-02 3.961649791635665774e-02 3.723693986557863322e-02 5.778940786830845389e-02 2.162053684579556129e-02 7.375249267647090989e-02
4.378940197906989323e-02 3.182691700184800410e-02 3.937927130768174161e-02 4.295839058671584165e-02 6.807825739793135766e-02 1.680703464714785461e-02 9.113792959720748432e-02 3.406943558842567832e-02 3.501335766966114788e-02 3.975582745851097971e-02 3.178368808947268365e-02 3.546493622445122396e-02
2.882330096149194817e-02 7.415074155364817510e-02 3.081690391035663348e-02 3.547028183933198520e-02 3.568565677004169323e-02 4.122344580065284009e-02 3.549816527362954083e-02 2.953752336161315911e-02 6.440536377243530342e-02 2.609590311803353102e-02 6.905673814552477918e-02 2.616039713249521809e-02
3.030357899380108078e-02 3.990883037045811488e-02 3.363126845171929974e-02 3.696562077507569571e-02 3.699248000025173039e-02 5.393525292639275714e-02 2.540606917620846089e-02 3.958836081515063055e-02 4.163008951638501320e-02 3.608316810074441855e-02 4.697009166413260162e-02 4.044153533168611675e-02
6.284166737477031583e-02 2.702040067344252047e-02 3.542047584956013739e-02 2.916389536139858685e-02 8.601477332692229749e-02 2.307030718866262542e-02 5.543790524740088016e-02 3.255747023334348844e-02 4.123845563861942148e-02 3.488816242937184398e-02 3.875818397349448802e-02 3.284264029176495181e-02
3.418458360971423499e-02 3.289265010335148259e-02 3.970928805768073749e-02 3.598708230875203445e-02 3.943529844530322542e-02 3.154959832855376567e-02 5.013050091586741808e-02 2.507529042171899661e-02 5.256107397143487681e-02 3.111416639678394463e-02 4.516210625998397232e-02 4.305654937274808192e-02
3.926713687120921698e-02 3.768509899295459376e-02 2.760968118712083322e-02 4.825425473522228920e-02 4.395264188485596690e-02 5.129608973429761881e-02 2.489321269877365489e-02 3.663405845275305439e-02 6.491219263712212639e-02 2.336047995909052571e-02 4.885483041919477104e-02 3.604262693108586241e-02
6.335432642826453742e-02 3.070067626081384241e-02 3.912791898720471839e-02 2.829021893938493334e-02 4.886703036651003640e-02 3.608306900601809808e-02 4.174106035134611536e-02 3.280600161243562435e-02 3.518301956730711388e-02 3.986549468025800402e-02 3.254461292706566089e-02 3.623455973054532514e-02
3.613762090642207159e-02 4.420631909178544122e-02 3.224748134177168185e-02 3.565866324286015576e-02 4.409980766011539766e-02 3.984202893262502737e-02 3.026275954502592735e-02 3.816418774131091762e-02 3.440757843979800473e-02 3.724171964304419380e-02 5.340261115366852496e-02 3.121613374423722054e-02
2.982318419888698585e-02 3.890986779488169595e-02 2.882110787541266803e-02 5.404333828180666460e-02 3.304149023686396569e-02 4.782277930864242688e-02 2.533432032552748389e-02 5.987126396200014716e-02 2.769489085063325112e-02 4.365112978070407462e-02 2.958246721883953101e-02 5.725491560108771777e-02
4.187589607939593700e-02 3.413941660604255524e-02 4.650094804423768324e-02 3.776779209175181590e-02 4.840167436333278617e-02 2.221318758009198716e-02 5.184606306727864572e-02 4.387062299945398286e-02 3.473219065594704280e-02 2.756564080293389535e-02 7.622219020984213889e-02 2.474208803423282033e-02
4.764535016177556120e-02 3.885627898121025992e-02 3.628226897543573165e-02 5.219982029802484880e-02 2.463529124291947286e-02 4.654517915721868154e-02 3.167729950506269904e-02 5.571722469462113414e-02 4.225663991888654186e-02 2.816642254936900167e-02 4.710090862129565070e-02 2.558036951280736118e-02
3.090388697808005292e-02 4.705126213423257292e-02 2.499238690642348326e-02 4.379558674380956695e-02 4.161535718231344771e-02 4.388166254292345109e-02 3.682560823704425501e-02 3.499578837477493320e-02 3.103427238014957318e-02 3.880081075295669507e-02 4.050172773448669494e-02 5.299375650368957913e-02
2.524634120673126605e-02 9.188375110857331662e-02 2.055916780904437635e-02 4.473622684817907258e-02 4.527205241697456611e-02 6.081749153578161482e-02 2.203528005115728064e-02 6.788414072953197209e-02 2.357275186765771594e-02 5.429173135219641372e-02 2.890338355491006705e-02 4.488087610935641986e-02
3.650813841574408053e-02 6.590965584570041003e-02 3.345434031834026989e-02 4.379958080770283979e-02 3.416515949050625417e-02 2.985667919242251597e-02 5.082392095277112054e-02 2.556919518459563681e-02 4.918317744411376119e-02 6.457688556392927881e-02 3.437839023405772632e-02 2.665076114790333392e-02
7.802089832711253670e-02 2.684517611464426121e-02 6.736746798593941377e-02 2.252427465884323729e-02 5.017209658884618645e-02 3.554940288035823848e-02 3.797688065903497695e-02 4.112918180586751932e-02 2.618940034585588369e-02 6.076691684095357482e-02 2.915517101838288605e-02 2.822507027110129560e-02
3.938441437623978192e-02 3.842539212552797262e-02 3.754211975003225732e-02 3.977144017428238532e-02 3.128737170073635915e-02 3.545740883865001331e-02 3.937752204873806727e-02 3.844581360958075622e-02 4.764745574972504422e-02 2.515671464734507354e-02 4.866339108718981121e-02 3.562195945516226370e-02
3.936104792811967457e-02 4.340604003917868103e-02 2.474879619157605709e-02 6.049112837768067658e-02 3.968144539973780111e-02 3.796882914552742599e-02 3.221397414063572467e-02 2.962800495878449222e-02 5.018139984858104724e-02 5.404790065793930315e-02 2.535552051144415384e-02 4.257768768367259371e-02
2.284196392686278776e-02 6.834609752017563322e-02 4.792019378968537940e-02 4.852579657512008648e-02 2.065302548194775448e-02 5.321791629966093201e-02 4.465518385402858503e-02 2.986037693748700914e-02 4.668513007229506406e-02 3.405353298579882199e-02 3.896412837300497478e-02 4.207032069374700561e-02
3.209304234871704353e-02 3.739758036314476397e-02 3.411511548880091782e-02 3.615697553475407527e-02 4.762027926444298287e-02 2.833380470917665900e-02 4.297226532568336477e-02 4.308379270755165885e-02 3.519044039756345083e-02 2.604493702392506049e-02 6.616713534775695016e-02 3.987793107660667080e-02
4.000955210271984336e-02 4.209116496025139958e-02 2.107499807567536632e-02 5.991002963972159867e-02 4.642655596245993943e-02 2.967617557584962401e-02 4.529189634626763772e-02 3.989476598394180173e-02 3.132361115754008635e-02 5.327585807914612948e-02 1.915877205273034539e-02 9.924972159709782860e-02
3.343078779684074270e-02 5.631831098465823332e-02 2.206542939754072355e-02 5.328045816025817755e-02 3.618584811180500238e-02 6.153290259074219865e-02 2.823787648841365877e-02 2.759320275113848892e-02 6.269496526184328844e-02 3.343470458329525496e-02 3.817265712903464975e-02 3.611492261366394674e-02
9.350827818482222720e-02 1.741867346045294918e-02 6.739267481261505821e-02 3.336285621477852459e-02 2.729315501071333597e-02 5.355666240627973695e-02 7.459533095625722754e-02 1.804112142437609353e-02 6.721408602754037898e-02 2.822766159237708253e-02 3.149586523967139173e-02 5.657711363430834722e-02
3.379890000345817797e-02 3.928281474740130674e-02 2.937920027617206900e-02 4.785716868542814334e-02 4.955135795992510195e-02 4.291691500728468667e-02 2.070730727008814401e-02 6.837166862992509475e-02 3.926156397169183743e-02 3.353521525107919926e-02 4.330078067461368141e-02 3.447737797923921405e-02
3.255013195272680321e-02 5.863855640221654619e-02 2.994902827137523038e-02 4.083210009053631073e-02 3.153102674250751747e-02 3.747658151577488994e-02 4.307686544697336001e-02 4.968226160278762377e-02 2.418711626722060137e-02 5.209707495249907977e-02 5.089433707179733674e-02 2.694578739273923579e-02
5.150998243026975315e-02 2.672177319648964822e-02 4.463693768416977792e-02 2.592790713965169302e-02 6.242001134800583689e-02 4.269136566297759838e-02 4.250907329497580905e-02 2.874547283589492033e-02 3.431077462585827020e-02 4.348944364833631088e-02 3.845204107519902686e-02 3.466503209816924197e-02
2.800574544416640013e-02 6.557367722898543860e-02 2.764893436197746190e-02 3.773422261744501655e-02 4.010078934085696545e-02 4.660268945936735241e-02 2.826909129636585513e-02 3.914694607709975210e-02 3.315630996121987639e-02 5.314001708550920855e-02 4.284904863455248764e-02 3.220565426650723317e-02
6.593057718003880741e-02 5.600365245286494792e-02 4.453010257683402001e-02 2.377770355858020712e-02 5.922058743648387497e-02 2.828115280812905016e-02 4.215146143333772105e-02 3.220302958260202325e-02 3.172064547108537774e-02 5.937826172901677219e-02 3.792976295311274726e-02 2.387281565157181248e-02
6.060716198739846822e-02 2.856132227296257625e-02 3.859873600679180478e-02 4.926260927064139011e-02 1.953109720545602099e-02 8.220912278965220032e-02 3.039685988341352813e-02 4.468556008101739335e-02 3.416203621434929505e-02 4.019745751023751090e-02 3.282984014760613467e-02 3.322639943037010435e-02
3.055254436922583833e-02 4.855809449430466274e-02 3.929091940982829684e-02 2.965582831740690151e-02 4.005059333437747254e-02 5.795888052012212327e-02 2.692909399876430507e-02 3.299686089514201198e-02 4.067040326934049516e-02 7.378510605980981296e-02 3.132450102749694681e-02 3.465813024793509139e-02
2.673386796241285571e-02 5.492275416235059549e-02 3.114838050382105761e-02 2.967176548051206342e-02 5.042001944644879108e-02 3.678039895030488227e-02 7.792571680282940616e-02 2.065156313839212193e-02 4.535100686325860969e-02 3.551707957479666167e-02 3.823181125769646582e-02 4.654713204970564039e-02
4.258810397211450910e-02 3.319764197694193703e-02 2.981297559307379344e-02 5.127561899792933142e-02 4.065018908919093565e-02 4.427123699610143598e-02 3.706356388224810172e-02 4.277030235686415938e-02 2.797654234460420636e-02 4.599656647131897258e-02 3.375779017933743659e-02 3.471810949894636039e-02
3.107115185467838533e-02 3.789912305625708216e-02 4.057446764579786258e-02 4.549982038225054704e-02 2.337530785332573441e-02 6.528323789202784833e-02 3.184987897659119493e-02 3.348434211029033269e-02 3.764875008335604595e-02 5.041830247592612307e-02 2.788817804066055089e-02 4.628548026314276836e-02
5.178960973085212222e-02 3.369328311458227171e-02 3.522913346400598222e-02 3.128660811377075718e-02 7.348916101014711655e-02 2.310717540830994898e-02 4.921128103994642372e-02 3.086777027390879072e-02 2.998761382017261015e-02 9.535581796806842647e-02 2.351390028066036378e-02 3.743544019635913073e-02
3.202197089705563493e-02 2.124049033105638445e-02 8.720424504208354466e-02 7.121031644321891563e-02 3.261144316788486264e-02 3.431097926739618692e-02 2.985048217787353991e-02 7.326996380740299908e-02 2.240291698258019965e-02 3.654839306588498343e-02 5.871529341094239990e-02 4.619576317653890235e-02
3.584021210905190269e-02 4.869166337272189116e-02 6.463864023094370581e-02 1.729472794093904822e-02 8.363488799681238761e-02 3.241457667956735428e-02 3.887032568149880601e-02 5.157188222291480412e-02 2.465618943026574514e-02 5.877058497806425530e-02 3.031311199702119152e-02 3.243481412618546417e-02
2.681025004118699553e-02 5.359240618612980123e-02 4.419571256220008321e-02 2.694511333890410934e-02 3.249332242625940781e-02 5.688825194924169298e-02 4.203000968200810289e-02 3.175938145851581879e-02 3.859469377056982259e-02 3.643981342544096863e-02 3.583354242127979178e-02 4.537241110659347848e-02
3.674956178055889533e-02 5.084556726319693770e-02 3.577680802641129004e-02 3.012845931399484381e-02 3.571214071778510551e-02 5.324262242256954519e-02 3.188042826318083361e-02 5.720164647479192982e-02 2.447513836617829994e-02 3.488231735783002552e-02 5.791973057651961937e-02 3.017297742295501836e-02
4.887435637839556563e-02 3.208948228840082656e-02 3.113360258772073993e-02 6.071680948959574942e-02 2.157338624401332686e-02 5.525886425264693591e-02 4.067432299070520424e-02 4.145000827601036386e-02 3.418589109306994361e-02 3.056930448641362319e-02 5.011520982820314579e-02 3.070711908004245677e-02
4.844005180011284190e-02 3.150075047096562858e-02 4.385458956257667212e-02 3.142149139667600038e-02 3.485218188717238014e-02 6.039747983927536840e-02 2.341132099344673742e-02 4.818529805389695775e-02 4.231898620559678553e-02 3.407623978296787232e-02 2.683588404786100418e-02 5.292971072382283981e-02
6.661217522204575248e-02 3.150472679745114357e-02 3.529396321832126149e-02 4.224900309469661885e-02 5.060855042161448852e-02 3.370459420831643793e-02 3.761572007474370954e-02 3.332755368594182005e-02 3.893513775671292310e-02 3.336735708252617366e-02 4.580009517665976915e-02 2.375191499574693180e-02
5.012948134797000355e-02 3.736330470093541384e-02 4.009235528066006082e-02 3.339348433753737411e-02 4.108038677688038987e-02 3.277327533019525757e-02 3.527652964739002445e-02 3.980506431833243791e-02 4.352771970345531427e-02 3.506181802768167100e-02 4.287435984066959027e-02 2.530137300163807362e-02
4.372575112979636136e-02 2.637450847855459662e-02 5.784053987514166384e-02 3.273913529953920848e-02 3.784172107823553094e-02 3.243246378609807717e-02 4.842303926407471454e-02 3.061820574652591651e-02 4.362042446423597397e-02 2.902534516337417977e-02 3.959529137336168653e-02 4.047625035610318001e-02
3.668441775356437451e-02 4.745698316622867091e-02 3.198781380328196561e-02 4.118396209200023139e-02 2.980927217523929654e-02 4.726341762067565871e-02 3.230839872592539130e-02 3.551705579100063181e-02 4.527108310150423226e-02 3.133322393307362563e-02 3.718786232922096507e-02 3.741711033918900670e-02
3.547440501970693105e-02 2.990829008138410489e-02 4.428342549974064596e-02 2.872784845700387252e-02 7.248597479923220288e-02 2.717712549979880293e-02 3.250002134967520939e-02 4.167059507696344728e-02 4.337521861110569393e-02 4.106677424440766111e-02 2.801563395164860526e-02 5.342976992862152191e-02
2.774910712350833406e-02 4.518829646737174827e-02 4.182299731503166113e-02 4.028871335584735536e-02 2.883166076836954361e-02 3.395729289856043442e-02 5.222753544185393393e-02 3.694371388034013021e-02 4.598800450218672176e-02 2.950752517179343684e-02 3.360026190010263064e-02 5.061838090953293956e-02
