4.953159452946512831e-01 5.180852160912954307e-01 4.897425278792648107e-01 4.816172227131294559e-01 5.221366118979187121e-01 4.953722486536116243e-01 4.978497614364754131e-01 4.927610303184498663e-01 4.985260491886076561e-01 5.052583481012489219e-01 4.986635014411052724e-01 5.046715369843215448e-01
4.942158272761292270e-01 5.090385918034054935e-01 4.916992014457521321e-01 4.975467280425646122e-01 4.978963277163880319e-01 5.084705543375136472e-01 5.086132374052871885e-01 4.852606474311991769e-01 5.065834814859758728e-01 4.995009685087467011e-01 4.982952569503906193e-01 5.028791775967255129e-01
4.820430166590868870e-01 5.036236844011207081e-01 5.056622490585371832e-01 5.028839086407910219e-01 4.920487309114576768e-01 5.090975842712206489e-01 4.872999950592494245e-01 5.377786199732811356e-01 4.819346093162217848e-01 4.889491579893748829e-01 4.983102369679850430e-01 5.103682067517560927e-01
5.009965109837324349e-01 5.053017660223987351e-01 4.910031043294613151e-01 5.143004010210726618e-01 4.932161794518127862e-01 4.900166304856030663e-01 5.184077567824370014e-01 4.883513246078358683e-01 5.079356657255402752e-01 4.887603139196950996e-01 5.018195837891079591e-01 4.998907628813845649e-01
4.791185777011569558e-01 5.098238644303034750e-01 4.985975589380463591e-01 5.047156927015052919e-01 4.929750671716752186e-01 5.020654114021253500e-01 4.949988411774022823e-01 5.089458768803483135e-01 4.912023075036511255e-01 4.972509257770215685e-01 5.133311987684618938e-01 5.069746775483423562e-01
4.933376047917323315e-01 5.044961568065411406e-01 5.090834190946318394e-01 4.895324620754245570e-01 4.944712185053263820e-01 5.026055512483811327e-01 5.043068369089407366e-01 4.994483668699788437e-01 4.964058465229725381e-01 4.958123470832713764e-01 5.118643371980546863e-01 4.986358528948504065e-01
5.073502905368004745e-01 5.052153468431268557e-01 4.910409538965554432e-01 5.010460829390371851e-01 5.058287897665475485e-01 4.926731823266410348e-01 4.949706620672158497e-01 5.128139917620195831e-01 4.962926492629858299e-01 4.950860924703366361e-01 5.065256224232286275e-01 4.911563357055516721e-01
5.057605541059120302e-01 5.010432005091935981e-01 5.030237622976601042e-01 4.964334254749201980e-01 4.906185917911446426e-01 5.050879934235965596e-01 5.088084957384745310e-01 4.887976990751724538e-01 5.228668767931692329e-01 4.656558363446625659e-01 5.174737539957044996e-01 4.944298104504708524e-01
5.046664961290202589e-01 5.008388928666129836e-01 4.908073495540222764e-01 5.143002686460418360e-01 4.844140056292614571e-01 5.183855888377755239e-01 4.877761808869430227e-01 5.114554120895726808e-01 4.961314909986865862e-01 4.944534596623115785e-01 5.087426157419545625e-01 4.880282389578834978e-01
5.017296084418982893e-01 4.959649098903633480e-01 5.079563845884380591e-01 4.977115020502774212e-01 4.933287263727447192e-01 5.058146411611010862e-01 5.218811680238024664e-01 4.715316972250340743e-01 5.044589638351951733e-01 5.043998831397258353e-01 4.976487221355015422e-01 4.975737931359645039e-01
4.947287550150373803e-01 4.769279173766811653e-01 5.426460032972535430e-01 4.640929787654048955e-01 5.137802072180404078e-01 5.058804003087140622e-01 4.957182213719617536e-01 5.088043318316796126e-01 4.873049829060936977e-01 5.070760074823275065e-01 4.946465725823631643e-01 5.083936218444911059e-01
4.878970462342672176e-01 5.204084314925657706e-01 4.997103570194956212e-01 4.915798405684616013e-01 5.014055548051539191e-01 5.076466088468105653e-01 4.832757561066022833e-01 5.065076443669603856e-01 5.041438788391898740e-01 5.060196502028693200e-01 4.950572801861197192e-01 4.963479513315501856e-01
5.026291478589330897e-01 4.860164706060126627e-01 5.101372466684042095e-01 4.934689222391857588e-01 5.048448154091167428e-01 5.043391525114966356e-01 4.957290586534666699e-01 5.138427316547481416e-01 4.685577035871416607e-01 5.297942487326049443e-01 4.720127815024481865e-01 5.186277205764597831e-01
5.245097364997965972e-01 4.859151735590967469e-01 5.160547835558415564e-01 5.021939924076446182e-01 4.860773680303478450e-01 5.087848168966799811e-01 4.885050067271829444e-01 5.081999537243995224e-01 4.999971495065982929e-01 5.054035513920660527e-01 5.100583084673357970e-01 4.643001592330372462e-01
4.911867000917646275e-01 5.148295163206408898e-01 4.980184589119557859e-01 5.051125546316475035e-01 4.890321301568709145e-01 5.030653443790479296e-01 5.125727195758957855e-01 4.929695966966961551e-01 4.894283412834716795e-01 5.093997551331681528e-01 5.116758006810635528e-01 4.827090821378067220e-01
5.045139751033449471e-01 5.040865278588551046e-01 4.913552738386428032e-01 5.049449851389156141e-01 5.004253857702551933e-01 4.940591421474769263e-01 5.010008148619726764e-01 5.053338142631770280e-01 4.979148489576623593e-01 5.026777975535500209e-01 4.962729862931787306e-01 4.974144482130212208e-01
5.275464428955755070e-01 4.966328803166344397e-01 4.909654557884314263e-01 5.004332629986881775e-01 5.002780180954022882e-01 5.060440241341248591e-01 4.975140062909930716e-01 4.924369678722344545e-01 5.107895233915688005e-01 5.022314161446264080e-01 5.010095928150697375e-01 4.741184092567061747e-01
5.025458920684744424e-01 5.043526011962549127e-01 4.873905308279129489e-01 5.079849490657363242e-01 4.953467565888602375e-01 5.008288642373812660e-01 5.144143446086557603e-01 4.612951586098358314e-01 5.342732949331119308e-01 4.968089477211392602e-01 4.919396976297230051e-01 5.028189625129573237e-01
4.908531658112093021e-01 4.947593399945262593e-01 5.081717685182085553e-01 5.074642611315867136e-01 4.890828707999309022e-01 5.120419064004102516e-01 4.997246642571724351e-01 4.825143566643821380e-01 5.221722550980234523e-01 4.853669181421071954e-01 4.989473628800300542e-01 5.089011303024979505e-01
4.923470017237261964e-01 5.021043203090247431e-01 5.114039564501684509e-01 4.926505635315925891e-01 5.029906638030168242e-01 4.996610256665161565e-01 4.880053092312705565e-01 5.186174866204891210e-01 4.856269980610971593e-01 5.049049057683558939e-01 4.979554094410816312e-01 5.037323593937311772e-01
5.088232702790764783e-01 4.806340535989350182e-01 5.132428083140174735e-01 4.946103486120032589e-01 4.887787814571061817e-01 5.175173932281180722e-01 4.936408614853207144e-01 5.085858322790492991e-01 4.907152426476349416e-01 5.104917934429953341e-01 4.754948079376596359e-01 5.174648067181455424e-01
4.811809145237862517e-01 4.947798665261042839e-01 5.067925824152250680e-01 4.985187021810351116e-01 4.884468955964357817e-01 5.158891535402165829e-01 4.915693553563652562e-01 4.988276079924299222e-01 4.999401462620858827e-01 4.863216412402019406e-01 5.167956258853281248e-01 5.209375084808860468e-01
5.074192521570862757e-01 4.934155735458752856e-01 5.063900666759415525e-01 4.888954334562702897e-01 4.949192878198181988e-01 5.156416297491809297e-01 4.996272027507443481e-01 4.982871363738363701e-01 5.000893535341692786e-01 5.036403891584830816e-01 4.853537052669041896e-01 5.063209695117558695e-01
5.042318902769836741e-01 4.961755310747659187e-01 4.989216153552425981e-01 5.002614116819471546e-01 4.945542518285341305e-01 5.115022329084311092e-01 4.983770921960229972e-01 4.924459963735864365e-01 5.127161361054091149e-01 4.840284120807649693e-01 5.121089406576733172e-01 4.946764894607116325e-01
5.190170109711705893e-01 5.023108688847743863e-01 4.921004789114252209e-01 4.991625148368789566e-01 5.018005500432640709e-01 4.990359790797808115e-01 5.030238200267602711e-01 4.912763880916156678e-01 5.043613097822913227e-01 5.090134245660959955e-01 4.979847279986873154e-01 4.809129268073225050e-01
5.024743026961366876e-01 5.011548807217930390e-01 4.989193428276050835e-01 4.951695310568982045e-01 5.081412003338727779e-01 4.921404667373625585e-01 5.063515504836810788e-01 4.918627789681939699e-01 5.071848867036495845e-01 4.806329410884593867e-01 5.158570530683783684e-01 5.001110653140381501e-01
4.978045148685482091e-01 5.025529063836842170e-01 5.020275369780944352e-01 4.954708922242057612e-01 4.924310611700257745e-01 5.198944867789081492e-01 4.716771166080318545e-01 5.341381340091406749e-01 4.690253845411768707e-01 5.113817617201557031e-01 4.997824610351028762e-01 5.038137436829849269e-01
5.062445908817786444e-01 5.003845717650816649e-01 4.971331672081115149e-01 4.868855168325729177e-01 5.184105925611828258e-01 5.056420908570585793e-01 4.798439576658288797e-01 5.093814966721283977e-01 4.926690963967105263e-01 5.171785768721472998e-01 4.895613268151934871e-01 4.966650154722881405e-01
5.049399209012617185e-01 5.197254251485909915e-01 4.882584273011586484e-01 4.918433722244486273e-01 5.037014304590197167e-01 5.018800689547506799e-01 4.975159677052569118e-01 5.052836508594055198e-01 5.060725728029856763e-01 4.891144612102351630e-01 5.028818744128783491e-01 4.887828280200979814e-01
5.066679268750426957e-01 5.048482538883064530e-01 4.798369229515856427e-01 5.131804028719262334e-01 4.800016692938662843e-01 5.190491854808571004e-01 5.012860178031501857e-01 4.971965942035230235e-01 5.067031297858581862e-01 4.801743311615281340e-01 5.086736948549287485e-01 5.023818708294875979e-01
4.837895608462668418e-01 5.194505979033530174e-01 4.933567374105344849e-01 4.991725787860550878e-01 4.976404206051521228e-01 4.889385734632656355e-01 5.219545204171054387e-01 4.841658040062937762e-01 5.056297207714884889e-01 5.114223519241262172e-01 4.843852527669306740e-01 5.100938810995299111e-01
5.133898496194173600e-01 4.911121937552413996e-01 4.719321428116542982e-01 5.375416155085813719e-01 4.929594478144214698e-01 4.963501553236031594e-01 4.949818733329532927e-01 4.993976541390061641e-01 5.072832275120822132e-01 4.960542652230125471e-01 4.873364278076665612e-01 5.116611471524009636e-01
5.055616085355417733e-01 5.069286778915984559e-01 4.844086988150835271e-01 5.075727390067115152e-01 5.031795008584213358e-01 5.077714171063375526e-01 4.878653552110779890e-01 4.894721405098825251e-01 5.196911110912856291e-01 4.812450564743971926e-01 5.151232709315922698e-01 4.911804235681374586e-01
5.054864338745523877e-01 5.068256024358933631e-01 5.027975323850457645e-01 4.795015859368398359e-01 5.374261666666795279e-01 4.750443409580872856e-01 4.949157962333881611e-01 5.104479211958699025e-01 4.995771587065897523e-01 4.960255133960735918e-01 5.113679965549431383e-01 4.805839516561133395e-01
5.258300225792309490e-01 4.571595892907438508e-01 5.287393910462946378e-01 5.028343816826632562e-01 4.910375938527371531e-01 4.870065232383637421e-01 5.345901604332253809e-01 4.743888110224646626e-01 4.976008112633881764e-01 5.065493469773831858e-01 5.015536208642339400e-01 4.927097477493488364e-01
5.034726593544087692e-01 5.132891085823229060e-01 4.974452698585125621e-01 4.857166684464742090e-01 5.162982740178878593e-01 4.813146869903955904e-01 5.121998542603175553e-01 4.971812360603464764e-01 4.995641150101420291e-01 5.066227172126940292e-01 4.830820652746781740e-01 5.038133449319339707e-01
4.738799829788016282e-01 5.329376729706613025e-01 4.797529750026237050e-01 4.988977568892860037e-01 4.916052494326488831e-01 5.058194264483582003e-01 5.134310175895300254e-01 4.881857353320707693e-01 4.976556804245860222e-01 4.931389563590918290e-01 5.080933156497700054e-01 5.166022309226532272e-01
4.939409651005671198e-01 5.041175755018836302e-01 5.023556918681727490e-01 4.850844088684513888e-01 5.200848719935406983e-01 4.895889649939314525e-01 5.012567467414481559e-01 4.994898571126311637e-01 4.954365431015126386e-01 5.331346132554898309e-01 4.542831872086267042e-01 5.212265742538053637e-01
4.996491597504383320e-01 5.084903423902822350e-01 4.987494529456837911e-01 4.872668400219363760e-01 5.092026749594853463e-01 4.945153883017894270e-01 4.950440261896479344e-01 5.213028979304668020e-01 4.940301946458973692e-01 4.901178661865682185e-01 5.126565579742272671e-01 4.889745987036462349e-01
4.999896178255871515e-01 4.901156169044466049e-01 5.135906348324690285e-01 5.047657748095827346e-01 4.785175053792267708e-01 5.017200023775947315e-01 5.094777010191179345e-01 4.991322301531837535e-01 5.023834809602911733e-01 4.974576722844675225e-01 4.968000732289645782e-01 5.060496902251521156e-01
4.884619653353687307e-01 5.003586089126118575e-01 5.228421692410849531e-01 4.704955149802178549e-01 5.130835423925699246e-01 4.969373274569764409e-01 5.087218828352016997e-01 4.787372848094031408e-01 5.195669038094543613e-01 4.887915905906342617e-01 4.966032368729182966e-01 5.153999727636353612e-01
5.192190948972583708e-01 4.875852608518731479e-01 4.925308538435607675e-01 4.969529831554037047e-01 5.103320043841711451e-01 4.939832312178792928e-01 5.042956421115214471e-01 5.073428382954452420e-01 4.926847468381668760e-01 5.030142372108736826e-01 4.952077137552347574e-01 4.968513934386635800e-01
4.945470502565350035e-01 5.007251971828390325e-01 5.069705920923026632e-01 4.938322527061337341e-01 5.017834559535614414e-01 4.970216367596853035e-01 4.952827634445955418e-01 5.040357776076229701e-01 5.043896954981601510e-01 5.025639981922616073e-01 4.958569024576549578e-01 5.029906778487301944e-01
4.960263264246269621e-01 4.950488513070291918e-01 5.037172916690617619e-01 4.981703654462479869e-01 4.962066234529729503e-01 5.023494705238646940e-01 5.032308969606756888e-01 5.075912867870677747e-01 4.946118416817823493e-01 5.151427097888504614e-01 4.701266338238705433e-01 5.177777021339854402e-01
5.067883520066716052e-01 4.917878346939581480e-01 4.997325115557291753e-01 5.088993313464666990e-01 4.954053056951245315e-01 4.978812262275146283e-01 5.066614485245182209e-01 4.765180753484845599e-01 5.368098856353924475e-01 4.719132998747065377e-01 5.132639791350250835e-01 4.943387499564172449e-01
5.104475802361791992e-01 4.809840809680885343e-01 5.054099776232001684e-01 5.007004853828194157e-01 4.996242876501040264e-01 5.058575953420334503e-01 5.012001729171779996e-01 4.910012572955221311e-01 5.034287011586777716e-01 5.060368223527001996e-01 4.914430212768482464e-01 5.038660177966788334e-01
4.903650252638308560e-01 4.936982626703801946e-01 5.149520967085838841e-01 4.642903037360736063e-01 5.441694401915577739e-01 4.756478841931295332e-01 5.047405915867013704e-01 4.976726462170191212e-01 5.172423161215321530e-01 4.845860395796195430e-01 5.047908398492773063e-01 5.078445538823892491e-01
4.855386231986175138e-01 4.998196261063564405e-01 5.030484626671856141e-01 5.049848499621949482e-01 4.975318646195390215e-01 4.959586658948711424e-01 4.989621882983096279e-01 5.018029766012199744e-01 5.074567183703254658e-01 4.908933256481403662e-01 5.033220187177511740e-01 5.106806799155463317e-01
4.773791340916930803e-01 5.298511863055451743e-01 4.975295207157028887e-01 4.986754903985239351e-01 4.970217257591192372e-01 5.085293482904488238e-01 4.959015525585410700e-01 4.960312428182576117e-01 5.040936315818442814e-01 4.885154680072123501e-01 5.292177489559458659e-01 4.772539505172359586e-01
5.056568650534278841e-01 5.005218721218565037e-01 4.713799541417840744e-01 5.334278048878170475e-01 4.698866076726448404e-01 5.208752340545714787e-01 4.978917681884856283e-01 4.956966842635207593e-01 4.913750242406516033e-01 5.317475339962076664e-01 4.638796799381217362e-01 5.176609714409592389e-01
4.954974077725732839e-01 5.073381140262426259e-01 4.944749368964853620e-01 4.946473294655099329e-01 5.045446164322324734e-01 4.981689261845005934e-01 5.031460062378849685e-01 4.909070092584621459e-01 5.232217566092715044e-01 4.846577982633147874e-01 4.887960189324351279e-01 5.146000799211032373e-01
5.218275615091778619e-01 4.888780496241085238e-01 5.184642461627113619e-01 4.881402452143690507e-01 4.941484966451827887e-01 4.994067935704485928e-01 5.050562672249541141e-01 5.062951143895642048e-01 4.906569152204566242e-01 5.060602804027787283e-01 4.949696654208680657e-01 4.860963646154411455e-01
4.895429494047453534e-01 4.928668981342509969e-01 5.132156672073878712e-01 4.926977831241895478e-01 5.002882104416830344e-01 5.072352910048082419e-01 4.881253821190895126e-01 5.081448441078624256e-01 5.022184734023065200e-01 4.829777427432075942e-01 5.009737047045497160e-01 5.217130536060176071e-01
5.062606137372345216e-01 4.986934423302138431e-01 4.993117290307961254e-01 5.094777630971045745e-01 4.857751024700533993e-01 5.097408208251963391e-01 4.900286915945747390e-01 4.998418618537314728e-01 5.032356899177217180e-01 5.060757316615511758e-01 4.990514733314408424e-01 4.925070801504541906e-01
4.908926247256286679e-01 4.593297911700945368e-01 5.175375867460201285e-01 5.163978210719687434e-01 5.039167032552176462e-01 5.049933463858695681e-01 4.895520227094349863e-01 5.021776169574192483e-01 4.999285088621018280e-01 5.150890216495460638e-01 4.743044086004490900e-01 5.258805478662831323e-01
5.058623054939463959e-01 4.938676257245215862e-01 5.009448014916111358e-01 5.046039452030138817e-01 5.208233889539030104e-01 4.536853783139103147e-01 5.358245630159346184e-01 4.933226845801023108e-01 4.971624368885056988e-01 5.022656875614557315e-01 4.940465104099805993e-01 4.975906723632219641e-01
4.854615244626695469e-01 5.263227511781928269e-01 4.906721786176805322e-01 4.980993063830775336e-01 4.985045485551878874e-01 5.038684335264335123e-01 4.982164597899466640e-01 4.889964495267715705e-01 5.203937375323690606e-01 4.849597672480270294e-01 5.229271042750409659e-01 4.815777389046670409e-01
4.915701755661452399e-01 5.026831324132352563e-01 4.963727016184881213e-01 4.996216736962341143e-01 4.995020027290991704e-01 5.133276383519924657e-01 4.837269265176947219e-01 5.009893005906129737e-01 5.037715524882957485e-01 4.987512417925467068e-01 5.084261133950189748e-01 5.012575408406859667e-01
5.188451861249785413e-01 4.831242688230926730e-01 4.972186869247157137e-01 4.822710626791857358e-01 5.331692486805645892e-01 4.780372351683651599e-01 5.142909297867319651e-01 4.948804768323743497e-01 5.038169118790307710e-01 4.977202155246693849e-01 5.014729307211853726e-01 4.951528468551401607e-01
4.958393188077711566e-01 4.954971589626044892e-01 5.025409881090137088e-01 4.989907013966622951e-01 5.023222534480322743e-01 4.936693881385030291e-01 5.109384556833439506e-01 4.831899761358288137e-01 5.122488548618051585e-01 4.929815779098263850e-01 5.070143652986580651e-01 5.047669612480329970e-01
5.020123735039241364e-01 5.002653429150720754e-01 4.871097563956318655e-01 5.081032604008628439e-01 5.059442803893702267e-01 5.096008495304182873e-01 4.815939970130828085e-01 4.969994908766728892e-01 5.206807035094350722e-01 4.792555631010909645e-01 5.095603436988542789e-01 4.988740386656302372e-01
5.197817179730271908e-01 4.899510163584077649e-01 5.015637195100719481e-01 4.886582504845434771e-01 5.097242798631123062e-01 4.989326315305762649e-01 5.040593897574225934e-01 4.951559604088050515e-01 4.980062499000994514e-01 5.026404040484462321e-01 4.946271835720857379e-01 4.968991965934639321e-01
4.990115780065252915e-01 5.063448277062441161e-01 4.945247301873849644e-01 4.984526029916758749e-01 5.062990157354315679e-01 5.016067373440645794e-01 4.919099627309282408e-01 5.008303534698141934e-01 4.965144008272128762e-01 4.984437642352569919e-01 5.132824767577339742e-01 4.927795500077864488e-01
4.902712106281167381e-01 5.016747285503204701e-01 4.885661761253363156e-01 5.133875310958366800e-01 4.954945516123357985e-01 5.088765295319315207e-01 4.839080322541974288e-01 5.176450873391706953e-01 4.876779403977613558e-01 5.058554595619231264e-01 4.907142034381892226e-01 5.159285494649578085e-01
5.039038198482976849e-01 4.963993363953735916e-01 5.081517971772949727e-01 4.998422704394274163e-01 5.078050087863178463e-01 4.762222739712205222e-01 5.107110102472069979e-01 5.058402390783959257e-01 4.968331384846543242e-01 4.854448146016350774e-01 5.276873443428307109e-01 4.811589466273997195e-01
5.078171446681181145e-01 5.014857492875923750e-01 4.989470368885315921e-01 5.120061014385672848e-01 4.822879669869896135e-01 5.077161142759808454e-01 4.929831222528996415e-01 5.147609334003808712e-01 5.016699245614041347e-01 4.879048142185627990e-01 5.084706370888345539e-01 4.839504549322358740e-01
4.915046713176461912e-01 5.079125507572164189e-01 4.829895378263621142e-01 5.044263568154591093e-01 5.038902376252955007e-01 5.058121361116587611e-01 4.985645195228952664e-01 4.973231026517960229e-01 4.927072049154443967e-01 4.999913044517221294e-01 5.021481836648803432e-01 5.127301943397230000e-01
4.803217097240441436e-01 5.366183786561760094e-01 4.697917712319645833e-01 5.036668378894301190e-01 5.064064423871522669e-01 5.168079678237900154e-01 4.748656502922224965e-01 5.225220420309745206e-01 4.789896106444083701e-01 5.138406434515594423e-01 4.895510655656231669e-01 5.066178803026735178e-01
4.930659757386593456e-01 5.210386049151920496e-01 4.950418631914549894e-01 5.053646928799157001e-01 4.958527293836103578e-01 4.910240685846010145e-01 5.113950677495984198e-01 4.834047519684826488e-01 5.081072655190017606e-01 5.198982917387959812e-01 4.905599050342950851e-01 4.852467832964996175e-01
5.283141995625842968e-01 4.859413372016632149e-01 5.218664157339873988e-01 4.764331144887116176e-01 5.106929282515275670e-01 4.980702841368728762e-01 5.007887096071089728e-01 5.031861922512655960e-01 4.852178091218860567e-01 5.180617102795388451e-01 4.892352985370490015e-01 4.821920008278760550e-01
5.022560954147856638e-01 5.012164920034618554e-01 5.001872151368276231e-01 5.020025850314598914e-01 4.933556507752991926e-01 4.978747037372686091e-01 5.017456378467672895e-01 5.011543350365501581e-01 5.087521854336517491e-01 4.836091364086565481e-01 5.093483735343253826e-01 4.984975896410531737e-01
5.020152858850296385e-01 5.053075622681271195e-01 4.819666655237514474e-01 5.177275450498498577e-01 5.008231607185131828e-01 4.990154691325937586e-01 4.940710018367888701e-01 4.886041709749996964e-01 5.092740620333453538e-01 5.132665266194976761e-01 4.834742276441125197e-01 5.044543223134366761e-01
4.756312052544632296e-01 5.218130355083430150e-01 5.075316415769627332e-01 5.047023754228141534e-01 4.708859551695592227e-01 5.108759594896608025e-01 5.065369617643515898e-01 4.912601963693360441e-01 5.083085390000743331e-01 4.968149933780111049e-01 5.016450095999949177e-01 5.039941274665196147e-01
4.936111956233857345e-01 5.003413465060140286e-01 4.968076190080292776e-01 4.985487906620509335e-01 5.091144437338118722e-01 4.892536925245840607e-01 5.050571643938635003e-01 5.052055846318570520e-01 4.973085537871663186e-01 4.826996468514861971e-01 5.213011436218345507e-01 5.007508186559783692e-01
4.975627261564137260e-01 5.004275621616718350e-01 4.709964718746494361e-01 5.147431789512287859e-01 5.078466860023331808e-01 4.907572974829970125e-01 5.070520509471152515e-01 5.023813209895436893e-01 4.929898156071456095e-01 5.125960954141663972e-01 4.622628076399366570e-01 5.403839867728759128e-01
4.957531376834697356e-01 5.149642473143478671e-01 4.761114700836733826e-01 5.117037620583990698e-01 4.986041214611935946e-01 5.178474537206649853e-01 4.852675312555854159e-01 4.851199693738489915e-01 5.190652844848742120e-01 4.956022977029048704e-01 5.009352107660745013e-01 4.990255140950155543e-01
5.362416487842177615e-01 4.548028965054081718e-01 5.219241806544631102e-01 4.932251080307435975e-01 4.861929750840426889e-01 5.124581841509369129e-01 5.245178651590343133e-01 4.598777011115874336e-01 5.216813351372513452e-01 4.878860056788399402e-01 4.882173954386613279e-01 5.129747042648917787e-01
4.964749770910973359e-01 5.020556541149394647e-01 4.892936307814912955e-01 5.078010285556344705e-01 5.100691812553006521e-01 5.021403689771284373e-01 4.706181771370488987e-01 5.219145070933202124e-01 5.014647793810237397e-01 4.958929158439788210e-01 5.055582517625323291e-01 4.967165280066055955e-01
4.928532875991739615e-01 5.167515193989136169e-01 4.911496581177882126e-01 5.034516535431756701e-01 4.936799443408832477e-01 4.991744101295572111e-01 5.050115911287604842e-01 5.099093767308112701e-01 4.812051119266320121e-01 5.119922077716638764e-01 5.096870282452269363e-01 4.851342110675104236e-01
5.116205203060955053e-01 4.858523166433444951e-01 5.065383985984686088e-01 4.821173569686598714e-01 5.183591729347046817e-01 5.040932862583904495e-01 5.024013797887560973e-01 4.890177535165671219e-01 4.959567000392965386e-01 5.053380055778979862e-01 5.013364755646557702e-01 4.973686338031942933e-01
4.868700641532608397e-01 5.212242301227018038e-01 4.874259930382474071e-01 5.000227447151719407e-01 5.027049661974918315e-01 5.078803311305908341e-01 4.888069031141234477e-01 5.015855270340321415e-01 4.942058962719656501e-01 5.130013844109183596e-01 5.033149098205510485e-01 4.929570499910188586e-01
5.193694864509705855e-01 5.138156336448679307e-01 5.005401495117248745e-01 4.793746454211605390e-01 5.169491618099082419e-01 4.881521592859477954e-01 5.044886622283570876e-01 4.942223202014201511e-01 4.902605961877758434e-01 5.166144250378652547e-01 4.997984017200441942e-01 4.764143585000819026e-01
5.180684623553717394e-01 4.882834139558872022e-01 5.010339686172218254e-01 5.092607928362318237e-01 4.651452525826360596e-01 5.303599649291952378e-01 4.916674143545587405e-01 5.065700957545393734e-01 4.969248667302789135e-01 5.028703658592601489e-01 4.952975375063436436e-01 4.945178645185320243e-01
4.914422215434424146e-01 5.095411720092468677e-01 5.017135806309822588e-01 4.910239896813114457e-01 5.019738683135139823e-01 5.158900886810269260e-01 4.850360463983871551e-01 4.934370442603818185e-01 4.995628504081576216e-01 5.260255561335867025e-01 4.876558539435629780e-01 4.966977279964438496e-01
4.866468680470487085e-01 5.142978868293073269e-01 4.921012478877089258e-01 4.893670206088179819e-01 5.098125961439561316e-01 4.990356440741055000e-01 5.272803967395697233e-01 4.679401421555042795e-01 5.065643479302578411e-01 4.979706727628343543e-01 5.010701418343118663e-01 5.079130349866395333e-01
5.049754487506454836e-01 4.955851435570003405e-01 4.881703904318095422e-01 5.096164787662500473e-01 5.029178518747006166e-01 5.060563759032912223e-01 4.989306751880037138e-01 5.037594230678887897e-01 4.883581206407605624e-01 5.078418732944334213e-01 4.961953137414397697e-01 4.975929047838688057e-01
4.931676984105173300e-01 5.005483147406251110e-01 5.032006302925203789e-01 5.066716600059026909e-01 4.790874536282137552e-01 5.209605457969626041e-01 4.929900697940249321e-01 4.958701001167981071e-01 4.999582606031423571e-01 5.110618434208098471e-01 4.883917819358111201e-01 5.080916412547281658e-01
5.120057866428038285e-01 4.954151569819428835e-01 4.977595611268564868e-01 4.920123480757317980e-01 5.258577093645450118e-01 4.769603547087759021e-01 5.099729519891218477e-01 4.918852399860573765e-01 4.851540246650242194e-01 5.385606316050600695e-01 4.757552685279113902e-01 4.986609663262082659e-01
4.914762865531302483e-01 4.626803467327475494e-01 5.305608358931641622e-01 5.237586190015373067e-01 4.878113876256509607e-01 4.956363371545369767e-01 4.895717216320866205e-01 5.257987899638333351e-01 4.757272602867959610e-01 4.947036994485247696e-01 5.164973089711366594e-01 5.057774067368854265e-01
4.956320328207099446e-01 5.084116271277322463e-01 5.191274706993698196e-01 4.563024524427209405e-01 5.311636465820296360e-01 4.936858882083299260e-01 5.013772187468167330e-01 5.110292031577829963e-01 4.820295090297699869e-01 5.168351322936917125e-01 4.901290999772589529e-01 4.942767189138514983e-01
4.865414994661735326e-01 5.133646703996253002e-01 5.040130861279970009e-01 4.860483468587186162e-01 4.905109930646091021e-01 5.147001553950008024e-01 5.041120489000137095e-01 4.937776307841750811e-01 5.015870634958539132e-01 4.994091817866829208e-01 4.987322270390076029e-01 5.072030966822129727e-01
4.988856812540360952e-01 5.114100580174447686e-01 4.968835129300150921e-01 4.916924474121533439e-01 4.968446209243572720e-01 5.130399413943764753e-01 4.936547054288665803e-01 5.148215691762689783e-01 4.806121651143212548e-01 4.942921078758304443e-01 5.161258804449796456e-01 4.917373100274334830e-01
5.098943903482822115e-01 4.935872473007915096e-01 4.923480690853021535e-01 5.180273281372373972e-01 4.745014315516976056e-01 5.128898652921330958e-01 5.031962582922655525e-01 5.034849953602210659e-01 4.963914001517231722e-01 4.920681531931783148e-01 5.109103942276645993e-01 4.927004670595824809e-01
5.095317066274678286e-01 4.932043053429412405e-01 5.060445915326114985e-01 4.933152137004565008e-01 4.970316925337181502e-01 5.176130114359986933e-01 4.791544785659627714e-01 5.091356831876094891e-01 5.041350954794499017e-01 4.959636600582272292e-01 4.841449938408109444e-01 5.107255676948478929e-01
5.212899881983190653e-01 4.934572979250086977e-01 4.970697539350615313e-01 5.042709370734536067e-01 5.106895743594133119e-01 4.940285503336834805e-01 4.998895131057394803e-01 4.957449245775043534e-01 5.019057972337614970e-01 4.957932548228607406e-01 5.075446008566515399e-01 4.783158075786005381e-01
5.101732933966679484e-01 5.002697899660420999e-01 5.027593471646442103e-01 4.961188139541129472e-01 5.037703778819189182e-01 4.953777962899872378e-01 4.977495359064402214e-01 5.022632814955495517e-01 5.058192937284309298e-01 4.974342165547604999e-01 5.046767819825850321e-01 4.835874716789282379e-01
5.058180803425492700e-01 4.855666250471240009e-01 5.162734204763619328e-01 4.944075589454044461e-01 5.006284962548877004e-01 4.948899558637855911e-01 5.096800588406689148e-01 4.922775570306201498e-01 5.058560944973541362e-01 4.902686976206348524e-01 5.014462614300232435e-01 5.028871936506698059e-01
4.993734932217713807e-01 5.088925214725350532e-01 4.938255338407236406e-01 5.037230022568318644e-01 4.914792504009731222e-01 5.088801615562639213e-01 4.946706908610275510e-01 4.982273605572948294e-01 5.073017780355140172e-01 4.935256459113436245e-01 4.999475618048311865e-01 5.001530000809680798e-01
4.967684011065778282e-01 4.914678070763411344e-01 5.061823262140102697e-01 4.885129228795782597e-01 5.253877441028051987e-01 4.840325018792401290e-01 4.938613806570537612e-01 5.029513043483315737e-01 5.056670530820812637e-01 5.031377114549834273e-01 4.887375440835188822e-01 5.132933031155288983e-01
4.883586198768021802e-01 5.067965238733420641e-01 5.041368837555217919e-01 5.016513840576000138e-01 4.897279575720318023e-01 4.938708228716849891e-01 5.118821505894457502e-01 4.996586919974040364e-01 5.069397163633787562e-01 4.902915235979936615e-01 4.953848876243305832e-01 5.113008378205460280e-01
