5.178320161254089220e-04 3.981435844546020973e-03 1.439280465856134991e-02 2.281286256959461425e-02 2.872643746769662151e-02 1.408497798974548201e-02 1.632877698556210082e-03 3.439382866473292039e-04 1.511628808658792484e-04 2.309540395908602243e-04
1.328903895112188913e-02 2.036667449679784372e-02 8.172327931979903037e-03 2.853502159623605081e-03 1.348134356967864954e-03 1.238658386849027975e-03 1.052688365461163043e-03 1.779445327212431137e-03 5.064712032346208037e-03 6.505722162201300375e-03
4.786607712178241741e-03 1.402400162671909277e-02 1.787661624876567268e-02 1.643123206944612988e-02 7.766118554798777038e-03 5.323837327312568209e-03 9.991478827128979275e-04 2.491152581245444195e-04 2.785272016940752173e-04 9.698645078493889219e-04
3.671258875193246594e-03 6.019808848369695431e-03 2.259018516984985167e-02 6.092382483515024379e-03 2.719152849600023434e-03 3.430383182631814576e-03 2.624965128883635472e-03 1.408072405078594162e-03 2.131113328889062269e-03 3.060797555756503401e-03
2.202805955883694634e-03 2.270517743311808046e-03 2.532253735380067972e-03 1.980543723446753866e-03 3.432675235609206673e-03 7.360498278201168740e-03 2.302027108724373147e-02 8.644120688804424885e-03 1.881440434964088033e-03 1.147673224708599480e-03
2.005248259775001696e-03 2.106650795530307270e-03 4.096707450849500741e-03 8.133576820470642815e-03 8.105225417463921694e-03 3.695250576833358606e-03 3.415732283882807769e-03 7.244723050684402643e-03 4.475306654967286211e-03 3.539517234569667780e-03
2.957143205542954109e-02 4.462178180893114528e-03 1.081405490767993428e-03 2.749825624004307548e-04 2.298026715267722109e-04 6.897196938136963698e-04 2.245116154386897055e-03 5.481463659395617756e-03 7.491491482939126485e-03 3.006319773475640486e-02
3.815817444435846192e-03 6.384014127705710077e-03 6.197710646501340681e-03 4.275297446550082453e-03 2.353810418290606162e-03 9.911217352722484410e-04 2.669109104087913006e-03 6.490774603590127902e-03 9.481116005325793128e-03 3.392600729809801090e-03
1.160487834999231194e-02 1.287487552698517862e-02 6.469022104183139166e-03 5.615981308290122521e-03 2.689905054602935268e-03 2.620273357642580701e-03 1.960823231539849353e-03 1.582514358039777006e-03 2.110181366731425645e-03 6.410659906471920071e-03
1.469321717289759268e-03 5.850258116605818424e-03 6.710097414608075239e-03 4.949426909126836138e-03 1.026222334907542222e-02 9.734261284771653436e-03 6.001268406673435085e-03 3.494805401209646802e-03 2.027530990703117243e-03 9.004061473356375850e-04
2.553410233813548699e-03 2.585295959539627483e-03 1.458800774127721241e-03 1.690087893570862542e-03 5.675400515457878353e-03 1.291361498268373334e-02 1.192297423028519480e-02 1.187708283650960872e-02 2.568195078264919832e-03 1.587276005342081256e-03
1.873001354119722701e-04 1.253715094739820616e-04 1.087469422014701972e-04 3.565135592424705630e-04 5.219923798244772810e-03 3.375974208141731964e-02 3.315333129251308436e-02 1.715309580084438748e-02 5.275498561952030041e-03 1.769908228831241007e-03
8.383302717783524052e-03 8.108104507387831061e-03 8.622358411361450217e-03 5.237227795013550333e-03 2.898991481676248868e-03 1.306656769547817187e-03 1.135606933377270381e-03 3.778568901825946329e-03 5.440677618067320080e-03 6.216987544143314816e-03
2.575718650282664279e-02 1.836666664673776081e-02 4.105168002734715417e-03 1.478723919679654627e-03 2.565007097194869565e-04 5.167178057846344170e-04 1.423363196196449250e-03 3.528207036043565486e-03 4.766212495453829578e-03 9.093537366184458251e-03
2.454115725858851526e-03 3.274266567560006440e-03 8.226907397998819982e-03 7.755158021340340796e-03 2.918333057332937828e-03 3.636651080983571271e-03 7.729322472679388094e-03 4.665205079614660744e-03 2.194593054760594387e-03 3.534784430729025380e-03
2.246129324475821566e-03 1.779934045269802607e-03 1.408268021115002605e-03 3.129120019494326284e-03 7.810648899991693914e-03 1.407852603260585818e-02 9.098448205321445909e-03 3.290574032047899593e-03 3.927536378784589333e-03 4.553165887881815456e-03
3.377967768403602848e-03 3.251145754647806908e-03 4.005353915076927118e-03 6.871067357598479274e-03 5.106431192024907945e-03 1.973988954679766535e-03 3.019478433297993324e-03 3.302708234074720230e-03 7.097269079469293793e-03 7.787188412773743580e-03
2.421539098307743353e-03 6.709031133077555768e-03 1.277980554664398007e-02 1.196985925056589378e-02 3.522968236372816305e-03 2.390990191571289603e-03 8.258909853061265332e-04 1.964472143316015832e-03 4.835280389535200930e-03 3.068983640798622452e-03
1.830186461083164323e-02 3.887867328374329610e-03 1.238902493283084577e-03 8.860733345013030926e-04 6.831485534933149414e-04 8.362611955132621911e-04 1.615073311349419409e-03 4.953209475567025080e-03 1.699788271508696075e-02 2.563848706834365165e-02
2.504643115712188069e-03 2.014573763124037457e-03 3.957810659509965710e-03 4.582834632588622149e-03 6.523967164897401597e-03 9.483109157369959061e-03 4.986036416484457279e-03 4.420672186532147857e-03 5.548234860310821692e-03 4.305401616963516233e-03
1.015259133524633837e-02 9.985974374285553831e-03 3.568622105670269870e-03 1.054153315131565755e-03 1.798497592343675441e-03 2.701381008698273967e-03 2.844539091512699423e-03 3.804132581185692020e-03 8.357090282856461522e-03 8.223138438867648448e-03
1.550317047378049241e-03 5.549513701844456309e-04 4.935104399675838052e-04 3.664783968270752114e-04 3.433620913757058808e-03 1.437392590473280177e-02 1.655468270540786518e-02 1.949370698459635190e-02 1.151566695408405387e-02 2.712227421254256518e-03
4.033948097660133326e-03 2.310694612770622033e-02 3.306591804601410195e-02 2.310001201398781054e-02 5.587865787456963371e-03 1.093355922970124438e-03 4.839539928035504904e-04 1.123421026835184699e-04 1.630578523078929170e-04 1.394237092134298882e-03
6.131306637312620425e-04 1.712358099508028966e-03 5.363659883529325878e-03 1.442785702005673805e-02 2.004819998789152471e-02 2.358735815246097364e-02 7.117341271190216236e-03 1.549840940322722927e-03 4.725430831307873749e-04 4.011348601305710277e-04
1.015135037484657041e-02 1.261937865542747846e-02 1.580058540651337745e-02 5.031097421667879432e-03 3.403371822496897934e-03 1.190562354071825939e-03 1.985694340183166880e-03 1.759864006770808613e-03 2.126757980045843478e-03 3.386051954101798166e-03
2.591236338240702174e-03 6.186308270343590784e-04 7.442590599750619623e-04 7.550758716164557858e-04 8.418874890206867224e-04 2.553443164752706128e-03 1.323875812946462630e-02 1.280958827001182909e-02 1.485411421618229588e-02 1.854479134697259446e-02
1.696258836153567012e-02 6.969924824978854065e-03 2.754615274620148858e-03 5.102902564550400874e-04 7.024624182345037219e-04 1.523260668822707525e-03 3.737699973484497149e-03 8.278618804387061908e-03 6.591850854297266402e-03 6.332527371875965906e-03
7.236194307946470236e-04 5.005249489235431490e-03 6.148834817548914575e-03 1.646391090488181358e-02 5.551254491351861366e-03 9.380797526058132565e-03 8.050497016658043209e-03 2.546144773431808801e-03 5.814384132587479539e-04 9.665191854117235115e-04
4.770999790682313620e-04 2.851239307501924410e-04 4.876677815068609120e-04 1.565895827154587536e-03 6.486516169925884458e-03 7.997655280759670068e-03 5.970112924500284128e-03 9.397776621639274824e-03 1.886416698595613783e-02 4.265550281197100224e-03
3.858642835937598891e-03 1.853070858061143904e-03 2.572277169638292980e-04 8.872063479314271344e-04 1.911585371623293703e-03 5.686583838080896611e-03 1.178042733469444880e-02 1.120829948260257912e-02 1.927943995109106592e-02 4.960083558198005727e-03
2.850501766028431302e-03 9.180726643270472860e-04 3.472213298671312652e-04 5.329171013677129910e-04 2.079127966437568052e-03 1.012002548433883764e-02 2.095045808713208446e-02 9.194552366252731201e-03 1.049987110817902740e-02 5.469534083430377912e-03
8.236716208301742004e-03 3.012824078179363041e-03 3.051698945704673684e-03 3.822853888555617294e-03 1.487205692555494630e-03 2.170759891442074208e-03 4.233075428493943658e-03 5.806783876869945835e-03 6.590128247543310287e-03 1.246685460914317457e-02
2.769140989751147156e-03 3.824710968629253024e-03 4.057867124077341008e-03 2.310655273839139299e-03 3.415936407965480901e-03 6.047761248652964994e-03 1.473718882236369279e-02 4.485883835953323462e-03 4.899487595757773956e-03 1.645824917136413847e-03
1.306115018433613023e-02 7.557490486470734396e-03 5.667743928197449717e-03 3.490480857892909721e-03 1.591244997016957614e-03 9.839885157684889923e-04 2.115659796468625196e-03 3.725796244397453633e-03 7.630946567946560004e-03 8.385215433240977498e-03
3.388160050449076643e-03 1.942379342039210911e-03 2.625340372167651176e-03 1.197703284361588578e-02 1.071159260631714995e-02 1.159524002157157757e-02 1.945522079108627945e-03 1.301403732798893419e-03 2.613993404165375865e-03 2.725912751369638422e-03
2.336564317799664798e-03 5.390867977046978621e-03 7.146669467721721188e-03 1.198619618719225753e-02 5.288524898323736755e-03 9.747521168364470245e-03 8.524003653948281425e-03 1.487258157566082560e-03 4.218386865233665932e-04 6.276234621823737576e-04
1.538466612950841264e-02 4.174592308275047389e-03 5.552710652156499140e-04 1.847873836602177493e-04 1.318734511575274501e-04 3.441193007468653351e-04 3.057747300990384942e-03 4.597853943760085542e-03 2.013346536311352505e-02 4.609444330452644456e-02
7.158109418506630565e-03 3.356660302252676906e-03 1.324366460422740513e-03 1.442803275683728114e-03 1.618697193136540936e-03 2.608968092877494895e-03 7.129596090684366463e-03 9.822379604598094685e-03 9.256493526906326916e-03 1.119341473105085402e-02
1.061065333015910085e-02 3.769902191374479954e-03 1.275861467918513277e-03 1.111115242052964453e-03 2.794870089954074217e-03 2.129307311320196173e-03 3.434120261352937697e-03 6.649794852130500381e-03 1.481903112788633681e-02 8.419593593971269260e-03
7.988954876024975367e-04 4.688332924898401164e-04 5.544618901338169321e-04 2.424234881436355699e-03 4.590931786743658420e-03 1.000842811802512937e-02 1.657678681670207016e-02 1.644303333053722879e-02 1.271397416445414069e-02 2.041339128496374219e-03
1.198081168910539174e-02 1.100028706739513210e-02 4.020961793012976446e-03 1.963128492812625959e-03 2.076255216215314257e-03 1.586946208250112570e-03 2.093709410310581973e-03 2.907630868487870619e-03 9.081433672575736291e-03 7.943851608006011894e-03
6.707000462429483015e-03 1.674328391516760953e-02 1.464508791898305046e-02 1.507621609311992662e-02 4.534748483890686105e-03 1.457174855727626445e-03 9.851939058935766085e-04 6.816287851589839311e-04 1.097300565547774899e-03 3.225041510992278544e-03
2.201824688108275883e-03 6.613222237226232779e-03 9.346552874590024693e-03 2.112247477257158876e-02 1.754224021483495599e-02 6.884140610198376600e-03 3.265307321086224294e-03 5.211197284662917465e-04 3.864596357331265362e-04 5.799856738819252891e-04
8.223477005850150096e-03 5.490631237277785251e-03 4.449632238536358440e-03 1.091073913271780119e-02 7.960246829707197727e-03 3.818561174555509200e-03 1.369722042972004294e-03 8.288702829428214050e-04 2.415067249098234569e-03 3.933445124597581208e-03
4.270986765541399249e-02 2.861356990917766560e-02 6.052126761751167039e-03 2.269574162284176012e-03 7.423439260333205723e-04 3.721562550281195592e-04 4.181755952120215026e-04 6.244185844712974885e-04 2.106151695039721206e-03 8.740561760769092678e-03
4.072460040023159235e-03 3.002327100880736437e-03 1.782070884839488103e-03 1.366745937560737102e-03 2.283592870209765445e-03 1.037797576530390120e-02 1.179044848498139557e-02 8.101594444079134733e-03 3.051782876565814137e-03 4.169945081764974554e-03
3.341463659469412050e-03 1.610523573441129423e-03 1.280714404537059955e-03 1.464490103807683736e-03 1.206758280029351970e-03 3.112531827384231852e-03 1.076203012656284409e-02 2.598433756549140689e-02 1.045350196437194387e-02 3.444296015893717235e-03
3.256142176344758304e-02 8.392102108855660839e-03 4.640766130755153394e-03 3.431558535205624528e-03 7.375565720412065015e-04 6.527453313866784460e-04 6.506054001906988937e-04 9.452688284062187073e-04 3.756112909835168396e-03 1.785260471920706651e-02
5.958163268113571970e-03 2.814338831783614204e-03 1.082934281985779585e-03 8.290231409752380149e-04 9.884361055470169619e-04 2.078613887734170017e-03 5.101344811878985759e-03 2.152862202100243316e-02 1.235384919681123059e-02 9.933470941569674459e-03
4.771224379836815771e-03 3.702422030900540725e-03 4.620929036998370695e-03 2.856062216343646046e-03 1.524702906589960614e-03 1.445744930164831986e-03 2.594937281019432402e-03 5.956946289607763408e-03 1.291787256653448984e-02 1.173482541774930298e-02
1.846179012289984531e-02 5.276648993982131948e-03 6.955214717612009023e-04 4.319959363908860680e-04 6.755849274094415753e-04 1.872499554800005541e-03 2.578257011642052805e-03 4.289556094280241524e-03 1.115994355003396311e-02 2.324227678126750476e-02
2.062471352324130036e-02 1.186610861182879444e-02 8.697366985889423696e-03 9.237904303918617610e-03 5.140172164837965470e-03 1.280081040249148603e-03 9.635706438725007454e-04 2.949817685390754654e-04 6.242155253021370882e-04 2.287951401448827179e-03
1.111274216969907087e-03 1.102218322772144593e-03 3.764020276573958046e-03 6.959837654795895424e-03 7.109288694543349982e-03 7.191443394132484949e-03 8.058081467159115135e-03 6.134761526493786796e-03 5.422755437324854738e-03 3.231592092838035148e-03
2.808625689760849923e-03 2.687781797344221662e-03 5.507516985539011138e-03 1.720221181628954835e-02 1.627576925870771046e-02 4.349957056356924985e-03 2.976157004758735614e-03 1.870457752266863451e-03 1.319831663362125906e-03 2.160993354827658950e-03
5.297203895605125980e-03 9.462292972124898560e-03 3.161535964685761868e-03 3.227297885078128040e-03 3.694602020134107878e-03 2.589156384364137749e-03 4.436246576723431624e-03 5.137532668725810180e-03 5.851966924836204259e-03 4.580457907273196259e-03
8.301821747440901733e-03 1.014082165049399499e-02 4.956951588557462554e-03 8.769204654202562843e-03 6.111789653998836273e-03 3.137574205422549809e-03 2.067052299063645154e-03 1.680665409569639078e-03 2.738935666996407826e-03 2.803037494350429058e-03
2.223844972460859229e-03 3.137947157531338106e-03 1.601795536796851802e-03 4.722708768855761116e-03 1.107823914011104791e-02 8.474430758340758055e-03 8.242267947249271379e-03 5.625010167265014939e-03 4.643377094526470600e-03 1.599740762064133471e-03
1.634671667831110592e-03 8.786930292194590443e-04 4.643908256223789667e-04 7.266017483904265665e-04 1.950572070896500936e-03 4.704457115165760171e-03 1.826735618241479703e-02 3.071548277185363884e-02 1.558501741857855165e-02 2.850376186209477476e-03
6.041354678412505508e-02 1.872790505537159922e-02 4.985690398207115806e-03 1.646968006659301322e-03 1.688577996713609079e-04 1.222863789273550303e-04 4.419007768132553302e-04 9.573057354732066255e-04 2.333184101144370522e-03 1.511356009438742133e-02
4.626619805802420667e-04 1.355657550257515897e-04 1.116489415597670830e-04 2.476003002669337682e-04 7.990218613497168318e-04 6.246479844922625015e-03 3.211665282969301122e-02 4.807462846212957885e-02 1.876468655495288490e-02 3.396238176908576972e-03
4.263913266613219601e-03 1.288130429439813922e-02 2.110177914692007439e-02 1.843162600933557355e-02 7.719656601205240193e-03 3.636191329522134828e-03 1.026329372621518146e-03 3.635570503794087905e-04 8.559280187003349494e-04 7.052651862555648493e-04
1.153629007126500761e-03 6.274421855157642910e-04 5.707342120771697778e-04 2.029741627125446896e-03 1.106994427718808148e-02 1.385930185614966254e-02 1.049418101128831923e-02 5.380191254986043010e-03 7.571476676609520742e-03 3.662079291216239867e-03
1.730761388711509960e-03 3.823954898601048674e-03 8.392731062996400260e-03 1.411574564239931502e-02 3.715030456894674246e-03 2.300035131697579244e-03 2.868526115736455290e-03 3.581182092742134313e-03 4.234189639015156076e-03 2.640153758995386190e-03
6.834039198406316852e-04 2.674364385432271424e-04 2.395933766404367154e-04 7.276603673273198021e-04 4.401287843871993372e-03 1.123679764211365714e-02 2.666919828640930759e-02 2.145041653052450967e-02 1.223427620823621352e-02 2.483160081041669784e-03
9.517998113247234243e-03 3.141856369820636950e-03 1.653737851275914302e-03 1.659148862310947737e-03 1.602300223504060823e-03 2.978121738314648374e-03 1.031726181942849672e-02 6.537339035878948768e-03 5.553820276007651741e-03 6.680847016665462587e-03
7.534890049008370963e-04 3.223164963476984977e-03 1.472972889294309369e-02 3.177123847549788438e-02 2.075267916464906479e-02 3.597722888613516350e-03 8.236076549608279404e-04 1.101922483799818971e-03 9.105455051618984406e-04 7.801411060380634586e-04
4.293791953171591930e-03 3.059719680130909298e-03 8.855675602209851349e-04 8.459842784555523815e-04 8.181756112222909666e-04 1.324682632259855351e-03 8.982658191372731166e-03 1.403188189075641606e-02 1.525385919655739865e-02 1.481525925199887565e-02
1.120885961643307803e-02 2.374081890889192820e-03 1.137169610391569911e-03 1.466144487444465822e-03 1.432414306085103787e-03 2.222130604471682022e-03 2.192540660299265119e-03 3.041967447423786844e-03 8.279757477345663433e-03 2.800956485182004227e-02
1.723843553343922409e-03 7.889932176657234522e-03 2.703878362754158493e-02 2.391735524166788487e-02 1.037909423766075236e-02 3.604851090937518428e-03 1.846631275470021413e-03 6.008932502551992891e-04 3.475828417450972153e-04 5.772196806565169525e-04
5.106828216544899088e-03 1.184011451037833909e-02 8.215809590882834981e-03 8.796637842398851576e-03 6.274955556424500688e-03 3.718083672282099846e-03 2.912971626733029500e-03 8.792529025936306588e-04 1.320280092630780715e-03 3.793425409582618698e-03
4.525200214230232568e-03 7.505517816080550970e-03 4.395133693573019182e-03 3.059453988894181558e-03 5.022076751941454732e-03 2.861200745120096207e-03 1.678509572151491453e-03 5.493760091332107985e-03 5.866873459270285744e-03 7.118081612669142043e-03
6.298005944436929670e-04 2.029450759230831767e-03 3.661710683266821038e-03 4.804556548368723451e-03 9.430588612379702668e-03 3.072776189752054674e-02 1.311762344090855632e-02 3.806390893042601448e-03 5.692324430715957166e-04 3.037056175562737308e-04
7.748543946853082582e-04 2.815377448423004116e-04 1.716181869689196852e-04 8.518929638205667955e-04 3.142139680532642781e-03 1.822601394502160882e-02 4.484694423762215082e-02 2.255213022649404236e-02 4.032698887857874386e-03 1.219917104781877669e-03
2.399605199730205432e-03 5.219022830706463931e-03 1.333245124181928892e-02 1.401433569049906000e-02 3.676094130656835154e-03 1.867701060622860071e-03 2.126242334195193630e-03 3.853822619860216344e-03 2.574327677320531645e-03 1.704431658278700171e-03
6.833300961658542345e-03 1.125842521735041964e-02 2.137889452174883062e-02 4.597097371604640798e-03 8.653017809497340947e-04 3.797550465958067067e-04 3.390724068072388780e-04 1.320694663270389861e-03 5.189275723267964754e-03 7.682837510250051065e-03
6.020239226196136620e-04 6.184052308511363153e-04 4.791533805911786471e-04 1.368013700467188764e-03 4.378081131627509920e-03 1.596182930714717951e-02 2.640292789246918154e-02 3.024921908665105519e-02 2.943593758407303529e-03 7.682117616745321289e-04
1.471931076310003996e-03 3.421595605454776090e-03 6.530283063293116849e-03 1.396835185857470824e-02 1.838815764089861415e-02 7.563412932029185860e-03 4.919684817893375979e-03 1.798890187233406551e-03 1.844801982764660312e-03 7.022415982559941563e-04
1.104074010362946466e-02 1.300255098925565296e-02 2.845119516164063434e-03 1.706382239566712382e-03 6.221746277795133472e-04 8.644101779481253370e-04 1.414703194457470753e-03 7.302613343923511531e-03 8.508457632628337389e-03 1.106633265301166201e-02
5.768556574749035895e-03 9.790570005809899612e-03 1.628013787777143548e-02 9.692239946167231432e-03 4.396348801303927301e-03 3.863637424987722592e-03 1.626993399579961105e-03 9.017829364527821332e-04 1.615158368105334627e-03 3.220170739179069579e-03
4.077024829835328330e-03 1.418518558509170458e-03 1.017253076034372455e-03 1.586668390916628124e-03 2.678047382371426428e-03 3.748987920823340387e-03 7.163891215170017576e-03 1.745130744940698655e-02 1.333027403437897322e-02 6.394466693097704789e-03
5.032524833061318738e-03 3.964522121753613106e-03 2.855775761784344439e-03 1.908466589749340447e-03 1.030625858874122070e-03 1.739456177927901697e-03 4.016769323957395527e-03 1.647432648103845654e-02 8.213835330935548990e-03 7.905825066871248127e-03
5.510775233739274338e-03 6.183904392680498845e-03 7.208198359644923080e-03 1.988802498488919865e-02 1.350844903928894412e-02 5.059549180397679424e-03 9.116518295140588722e-04 5.244976306293095856e-04 6.884442403292799929e-04 1.619785549852608645e-03
4.838754636221263838e-03 3.554061180600524405e-03 1.546837287641626138e-03 1.809644027226981746e-03 2.429640611666135982e-03 8.189092107781827112e-03 9.703466536356075006e-03 3.128823634244277951e-03 2.865339401113646805e-03 7.858487812043632795e-03
2.618819571398702320e-02 1.248160211884549904e-02 4.316908151438386514e-03 1.339290305623406282e-03 1.841790036621129790e-03 1.050170023767577759e-03 7.228984484935604624e-04 1.731008720215921649e-03 5.131932376395456977e-03 1.229702824285870688e-02
8.120155325459399442e-03 2.262528647812003454e-03 1.423117458885957663e-03 5.659292114752660727e-04 1.064862751037764935e-03 3.338465888100486910e-03 9.708618112514427051e-03 6.960899717912248305e-03 7.274796386680087296e-03 1.395781566390313748e-02
4.491978071293572378e-03 6.193831970157884052e-03 4.353362629359790355e-03 3.142749474795355179e-03 3.949519213436148389e-03 4.466566186701746016e-03 3.476152729971893410e-03 2.922023145448016199e-03 5.670601774981602269e-03 8.773574970749854762e-03
1.457162064663856265e-04 6.609019503657305905e-05 1.642561361580425442e-04 6.775789304497710193e-04 6.529646648504495825e-03 3.467033180797249314e-02 5.137166844452421832e-02 1.842556493699617354e-02 3.336379986893390354e-03 3.752430292620702367e-04
4.369288966465476043e-03 5.096417156610653920e-03 2.310027358108241932e-03 5.813259001387525819e-03 6.614322941036130700e-03 7.148520091418860550e-03 5.686163960663418761e-03 3.638353208339497116e-03 1.986933413545541316e-03 4.373664824541323437e-03
1.034999927078647693e-02 5.694539040763699905e-03 1.755702524620684612e-03 1.318081945902220076e-03 3.299817930317357900e-03 4.805020324637036128e-03 4.069335749808072715e-03 2.635950533203530125e-03 4.417280339711560089e-03 9.044939855433000581e-03
8.049524809563713551e-03 1.825154543026396778e-02 3.811871098199592217e-02 1.857218691729155963e-02 3.233941035322213629e-03 1.086884584805354083e-03 3.018367479511982520e-04 3.238578209043408004e-04 2.516042835573796695e-04 1.523818073284263774e-03
4.118190670830478711e-03 7.924853198736139456e-03 4.509963944222386556e-03 5.197196600086352418e-03 2.146296940511263716e-03 2.046248591128237582e-03 3.932020914705292025e-03 5.137325586080247579e-03 7.122202964769306331e-03 5.357201664466919658e-03
1.797225312304732156e-03 9.646673904788862029e-04 1.689420996415499227e-03 3.828152148834377145e-03 1.148331812195211438e-02 8.936960323402538126e-03 8.643447021954129769e-03 7.554461124876937946e-03 4.770350619509406039e-03 3.418743835440973041e-03
4.266773109778401393e-03 7.658760597653370937e-03 1.066422579277507415e-02 1.613656292312483712e-02 7.728340415771666437e-03 2.569983145737502438e-03 5.698996890086446398e-04 7.671763394020619580e-04 1.487451104444182997e-03 4.876072366176084638e-03
8.997671143663939523e-04 1.234918502348080231e-03 3.342075592671791759e-03 1.081494394953436480e-02 1.389043083458479932e-02 9.387121306927844258e-03 6.272632105589952788e-03 3.921127540520578762e-03 3.430298510233650497e-03 1.968976731921140769e-03
1.018854253222484241e-03 6.796346623221059379e-04 1.019619411096141324e-03 2.852443832291602904e-03 8.593782366775153114e-03 1.179878477451231852e-02 3.695396933518340418e-03 5.691131578712530469e-03 8.520785715894343276e-03 5.348406686145540552e-03
9.438765946883755434e-03 2.325920990402950608e-03 1.676784246981154886e-03 2.587972851258542404e-03 2.633022483200466671e-03 2.311162801684398839e-03 2.024908505779960191e-03 6.334298322526507596e-03 1.157638284441132176e-02 1.246874497454618022e-02
2.650069384451574431e-03 1.456061882658909318e-03 6.378193108571969441e-04 5.386031162870339502e-04 1.329728485441338459e-03 5.491628822797718114e-03 1.193411802702497825e-02 2.051030466622185550e-02 1.637754922837822077e-02 7.006156223135304000e-03
3.506194295125524083e-03 2.533181066882520156e-03 1.008342867416100845e-02 1.709558357008729435e-02 9.558435842616508360e-03 4.018070656220460238e-03 1.316682136230373779e-03 1.340851832224009216e-03 2.234929640616928510e-03 2.914783751497258303e-03
3.830909643855945085e-03 7.547657955443106727e-03 1.314345455832524080e-02 9.210787053098695373e-03 6.758972062047309375e-03 5.746891521081755501e-03 2.733408133352664953e-03 9.512717994300726567e-04 2.220778878065776413e-03 1.836192973237820358e-03
3.623988842727679602e-03 4.173960065078273496e-03 2.505242081257586136e-03 1.160637985822995022e-03 2.668917003317867066e-03 6.343051000081837906e-03 5.008408181224095410e-03 5.394527067776925221e-03 1.319019948471988023e-02 5.862815508406912443e-03
