-5.893512396990065877e-03 -5.543427101795215389e-02 1.222070727738984036e-01 1.197646553586093066e-01 -1.178643683536604279e-02 -8.447722307883992476e-02 -5.592504118031136826e-03 -1.990689426810708998e-02 -3.541272649218320939e-02 -1.098783489799919355e-01 -5.769976198784711185e-02 -3.696663485533503712e-02
-3.539197267322393564e-02 -4.080411223717659783e-03 -1.992146124861003242e-03 -7.215684043853889951e-02 3.515714892709494860e-02 -1.513375714327430122e-01 -1.250211600517016630e-01 -9.460337540616491070e-02 -5.770786250078151908e-02 5.269102444602433155e-02 -1.131683564942210229e-01 1.302301245771007032e-01
-1.932436243240245322e-01 5.256261208978375843e-02 1.258932640741487752e-01 -2.036864853873064929e-01 -4.949052658715463737e-02 -2.521355571990366307e-02 -1.189317241952896620e-01 -6.384755334415040395e-02 1.194792549666096743e-02 8.890414098924344366e-02 -1.132643858787571595e-01 -1.405042782402925530e-02
-1.538478671055925062e-01 1.315112147927343933e-01 3.918146939315880761e-02 -3.720854474838295595e-02 -1.496440964803937568e-01 9.994434797112559943e-02 2.374855743637221614e-02 1.213550036687769951e-01 -1.316505690654002636e-01 2.641775773099576743e-02 -4.500324438174543862e-02 3.168528838953137139e-02
4.213173603530854378e-02 -5.361831315838016393e-02 -1.047720132487852118e-01 -8.018089324383614880e-02 6.813937151710064422e-02 1.669988512509471557e-01 3.555410008717477428e-03 -1.104669619074872683e-01 1.726254270600816598e-01 -6.872514694321062156e-02 -2.073141971482710955e-01 -1.256494955341054265e-01
1.467557497266384729e-02 1.164677916500500565e-01 -1.135535929790112697e-01 3.968913721873128936e-02 -7.165768279424671039e-02 6.687142706436099981e-02 2.349833201073479524e-02 -4.032857832727246294e-02 7.712490121186192649e-02 -1.020023493846107521e-01 -1.062041370716610977e-01 1.230928753335728820e-01
7.370559193203984893e-02 -1.227530940288508454e-01 -1.385989570854495589e-01 5.600883170522857890e-02 9.193487774634097331e-02 -1.176422877495763714e-01 9.015037320263966092e-02 3.411678562345615146e-02 -1.808920049072429816e-03 4.669265802519732660e-03 -1.169494324037804178e-01 -1.189453407585253503e-01
-5.707768722511274290e-02 -7.944433165390110338e-03 8.552651971067033732e-02 -8.890511607838029462e-02 8.992599112250493354e-02 1.546629910304598288e-01 1.356542568296706941e-01 -7.149350252817709972e-03 1.422577858249333693e-01 1.666532318524027168e-01 -1.547418163122409318e-01 -3.087949850340248048e-01
-1.053529139158143196e-01 -1.014797702249255612e-01 1.788247468810552077e-01 -2.458205392985371440e-01 2.987802048030555133e-03 -6.061450454170648483e-02 7.164368940003627839e-02 -4.225848500596275648e-02 -6.924106504911389792e-02 3.957960184965558792e-02 -9.186596123556617366e-02 1.646272642203231440e-01
1.886655648799005769e-02 4.362692157034971097e-02 1.744897176858531962e-01 -8.178408445943566307e-02 -6.037808190383989193e-02 -4.691625515320219098e-02 1.402650398017180333e-01 1.689378197348059552e-01 -9.192887926743908977e-02 -1.566575452245652089e-01 7.939391578363354240e-02 6.132032731887487875e-02
-7.300292029518602732e-02 -9.384676265561169017e-02 -3.607267723715597285e-02 1.026702811663980086e-01 6.097430007186062373e-02 1.118861632202843293e-01 5.615465355427282784e-02 -9.761340558100566056e-02 3.522764297966090447e-02 -5.109221220553871595e-02 1.265565229386814844e-02 1.097510599889340716e-01
-3.658504251903198917e-02 4.301514102359388358e-02 1.450179884666455421e-02 4.227329843749177973e-02 -6.621344561394544581e-02 -2.470970864419975155e-01 -3.208710872987135393e-02 5.474683374206924802e-02 -2.164518204015163441e-02 7.094972724259140939e-02 -1.101488777062230584e-01 3.356566284247999160e-02
2.201307061704449453e-02 -6.904379289810406994e-02 -3.701451994164856041e-02 -4.989510929542677331e-02 -1.080345433095582508e-01 -1.757108129005395189e-02 3.761586642489084253e-02 3.416799969755204142e-02 7.469412110561715612e-02 -5.243593725669265515e-02 -7.725208179275085130e-02 -7.458694551334429934e-02
1.048179650367392357e-01 4.118915705009327244e-01 3.863296777717286495e-02 2.023461288021373428e-02 -3.779443440454383074e-02 9.464561799473490689e-02 5.682594406552689270e-02 1.997044435546898103e-02 -1.347472350644846328e-01 -7.203742013624635232e-02 -7.649580936591221514e-02 -9.159320608032572864e-02
6.843987049662714206e-02 1.354701436403144554e-01 1.516561133008607343e-01 2.428650587404092287e-02 -1.580085435558067561e-02 -8.148111772541525742e-04 2.121844774000351264e-01 9.369740875117089918e-02 -1.749155596475238383e-01 6.685008791320427857e-02 6.067337635242475019e-02 -1.697878530215430615e-01
-1.672424827776539460e-02 2.157114267286510678e-01 -5.372298728240454402e-02 -1.955158706141865710e-01 1.913707748729091829e-02 1.595383920253000409e-01 -6.509041519303450374e-02 7.569005111401658215e-02 -3.379221930016720193e-02 4.843332643915657099e-02 6.661740894359197140e-02 -1.818506115084779218e-01
1.676857218051611489e-02 -2.564057768999923881e-01 5.508229478882033237e-02 -8.398349971715897422e-02 -7.998410111460103888e-02 6.037425812130958747e-02 -5.543890481509410745e-02 -9.247665558858164658e-02 -7.666628704999488286e-02 1.638210016669536806e-01 1.882805336696694032e-02 1.401796955674678713e-01
9.152808321366674715e-02 1.580638677719204133e-01 -5.553616481760240836e-02 -8.016665359937653543e-03 1.808861207496753887e-01 7.825616992303226216e-02 -1.345499706752536218e-01 2.977079676679582690e-02 6.303397208892567993e-02 -6.126694506018176556e-02 1.015965746253871677e-01 -6.767868491485871940e-02
1.321517348362455102e-01 -2.907722883436033093e-02 -1.451272246055691217e-01 -8.646543996587517655e-02 2.157133670771289521e-02 -2.519647138053909483e-02 -4.393916400756158608e-03 -2.663204343998163900e-03 1.387184794971619596e-02 -5.364457044811299369e-02 1.245211172265729971e-01 -2.444632420319931276e-01
1.667353908773144822e-01 1.115717854944534571e-01 -6.263251482350364052e-02 -3.508977148131642299e-03 -2.537187714097529148e-02 -1.919136749823524557e-02 -2.026370350266584741e-02 1.932461656047544385e-01 -8.249769665968620380e-02 -4.039166535979046152e-03 -2.364333691608381735e-02 -5.614101996851526138e-02
-5.425247864609994419e-02 -5.373565941863918394e-02 4.828150498755659492e-02 3.235783015179429650e-02 1.866784128594483338e-01 -6.841809034739045059e-02 -1.551668799819910516e-01 8.249346757669599739e-02 2.671557265213847510e-02 -2.099370860608404665e-01 8.500270648416324848e-02 -1.504100086546514836e-01
-1.357313057522676059e-01 6.555085248115183338e-03 -1.155887183009144670e-01 2.251024475376966483e-01 1.720417299083724580e-02 6.367009874909415612e-02 8.933380521606408553e-03 8.149202034698194153e-02 3.369933711225541612e-02 -3.532465620574481296e-02 -1.288017818431866704e-02 -3.346879182827932481e-02
-2.621071174489204014e-01 2.081431043384495208e-02 -3.770431936269071256e-03 3.903531030889883374e-02 8.910768133621089354e-03 -1.657304571845439334e-01 -3.757518976713759146e-02 7.639371209665647700e-02 4.726272907534745382e-02 -6.311216082660578430e-02 6.892262244358769718e-02 -3.784867344182558935e-02
-1.998079030548771118e-01 1.422157160143495969e-01 -6.358604508212144235e-02 -5.213531092310457610e-02 -1.992454476985607015e-01 -9.479777830967672791e-02 -1.246449282026584754e-01 -9.317284202067399601e-02 1.503192009036745935e-01 -6.497023919151360960e-02 1.550088625855338409e-01 4.537314327000037395e-02
9.784848408801222197e-02 -8.181994343877388096e-03 6.891808110378268293e-02 1.110309324739407466e-01 4.620199123151809417e-02 -8.117336857160704910e-02 1.577210510012932998e-01 2.767215470780433617e-01 -1.582927813339006784e-01 -1.004956015242632478e-01 3.403133986760303875e-02 2.022808706907795462e-01
1.305981489989239130e-01 1.688112827618524353e-02 -5.824387662562180434e-02 1.045273089234742825e-01 -4.706616566220831605e-02 -5.976846084441159862e-03 -7.470206853483693510e-02 -1.974148817429561553e-01 5.479674645210624861e-02 2.995267129842170417e-02 -6.151962086230389204e-02 -6.617809289190793032e-02
-1.869701399399261582e-02 -1.188897421048090569e-01 9.637301153666812809e-03 7.729691445929619265e-02 -6.958581655976367984e-03 -2.910048525072586253e-02 5.151377409601462509e-02 -5.456554223983130225e-02 -1.694483752929452081e-01 2.135170019085590454e-01 -4.632744135192405632e-02 1.566763001658793425e-02
6.038318452422290067e-02 1.311551216405132669e-01 -5.249587198208980482e-02 -7.094071177807573236e-02 8.453260717632071763e-02 -1.029458056439263615e-02 -1.229914363421049095e-01 -4.095454073058862887e-02 5.835077193741329549e-02 -8.723838394985647393e-02 -4.567241889734519229e-03 6.392779298828810131e-02
3.974119125159214505e-02 -6.021441151651715264e-03 3.022228943955310859e-02 8.730599603564659361e-02 -2.672975975148400227e-02 -9.117679594734151571e-02 7.010593292581479737e-03 -2.041574353349928650e-02 6.176494416298553610e-04 1.382013572296709319e-02 -1.166134235874790870e-01 1.691727556984434777e-01
-1.156591665056300872e-01 4.670261726787584833e-02 1.277246847316489686e-01 -4.056671104877997147e-02 1.425669452087050260e-01 -1.504015338187041362e-01 1.245690932310336008e-01 1.471728827221339964e-01 -9.839027287140500455e-02 5.593928619052189466e-03 -6.199359291007192942e-03 -4.395082444056819942e-02
-6.640001773497801463e-02 -9.468136549844968775e-02 1.555604637647375714e-02 4.065612734451155841e-02 -1.246011468365567643e-01 6.798092408022873845e-02 -2.986755668380183804e-02 -1.163689100757684669e-01 -1.925736675988887203e-01 7.645605534111828139e-02 3.736258677108716258e-02 1.413295999927202395e-01
-3.792786254794205947e-02 -8.971830776329450460e-03 -2.404058312615141579e-01 -7.525566955443574978e-03 -1.046661821522730379e-01 2.213670664484843620e-01 -4.879890660468567259e-02 6.497543273960833254e-02 2.876194652234966009e-02 -6.545087392127381387e-02 1.360360406316620842e-02 -1.477749783510798331e-01
-4.067960685624832928e-02 -1.189269757770583386e-01 -1.356988114466692597e-01 -1.036816443255066389e-01 -1.219416559148177870e-01 -1.924388898879162910e-02 -1.370489911656077968e-02 -6.340207432695228740e-02 1.601995710852908428e-01 -6.166968798271963564e-02 -1.430832064085157118e-01 1.496237649072985378e-02
-1.572051446539214636e-01 -3.614815267508386665e-02 -9.438210893910135846e-02 -1.223267554379887240e-01 -2.035377404419911052e-01 -1.504039081790222721e-01 1.215430707567646262e-01 -1.964912548388441094e-01 -2.713753438088974471e-02 3.930257913871505054e-02 1.922536624879274403e-02 1.165973364270928569e-01
-2.781095594471971744e-02 -5.043514946622852657e-02 5.046281251386228184e-02 1.458501105439474754e-01 1.987293865025332451e-01 -9.445839851182863400e-02 5.011512295139898543e-02 -6.661072260756310814e-02 3.730675758348414583e-02 -1.546809566310310691e-01 -2.298454429381296960e-02 -6.886749723285788549e-02
1.703795221841079149e-02 -9.973089734683136809e-02 -2.180854518873886760e-01 -2.020837128437323951e-02 1.110189646836673705e-01 -1.319607891363549501e-01 4.466075214570967150e-02 6.411529540464061538e-02 9.351803622621968071e-02 -5.449145916458542072e-02 1.525709366024283753e-01 -4.804028032463814046e-02
9.691551805899333016e-02 1.285922967163284081e-01 2.511735405989329872e-01 7.632476071731517098e-02 7.068084833597398919e-02 1.224270882361186072e-02 6.326184933038726810e-02 1.120361135780867656e-01 -2.569575790776184102e-02 -1.222770410617400882e-01 -1.988649097981483164e-04 1.426078517830299368e-02
-1.586575527875724520e-02 -1.036588175616334206e-01 2.784462941454303800e-02 -7.672803642948786834e-03 -9.788513815844734900e-02 -3.139246746731404886e-02 -5.410212304302886022e-02 1.689079141733421663e-01 9.975456066316827630e-03 -8.089458593633280792e-02 -1.441713507744637329e-02 -1.567688765901462389e-01
-2.222383955175193104e-01 3.022256383461173826e-02 1.364567428976139543e-02 -6.491696583806690068e-02 1.628405259629628343e-02 -7.049661970634753250e-02 -1.332329882657517506e-01 4.537024669327738985e-02 -1.366113925966369602e-01 -4.290902879031164435e-02 -1.183377673032483673e-01 -2.070229906823762844e-01
9.495973820710948421e-02 -1.533647415312834883e-01 -1.996197408178338947e-02 3.203804217668273363e-02 -6.420463455750206883e-02 -6.489575617192192003e-02 -2.726814301794674468e-03 5.248091105032687276e-02 -9.759219919900562201e-02 7.488676067929449232e-02 -2.649572365684694231e-01 1.201236581401028403e-01
1.415585720591461816e-01 1.978985183876455223e-01 1.177049364022066946e-01 -5.358165688368753815e-02 -1.255315024997011863e-01 4.090819410796391747e-02 8.082711651367592565e-02 7.181989143080369509e-02 -1.822202799559290501e-02 -4.238796786719582071e-02 -1.282292802564104217e-01 -4.057864683522444116e-02
3.943967869187064296e-02 7.952207933873288448e-02 1.169490062050557722e-01 2.877377422829109355e-01 6.674909397411642187e-02 5.548776559648187917e-02 -2.526315106827294044e-02 -1.466734824365345524e-02 3.761945843092389524e-02 6.167291385313786872e-02 -1.194513909117999595e-01 8.768992964944503921e-02
5.223134296628613102e-03 7.410611749911137636e-03 -5.527851530980324585e-02 2.502868574847469212e-03 1.064797499101834410e-01 3.289580029841032011e-02 -7.331841104860595433e-03 -1.548925561585786370e-01 -6.463080988825863071e-02 1.247579775291536991e-01 -5.150577921153179362e-02 1.418828155735076813e-01
2.790957506592565800e-03 4.119802235643781063e-02 -1.390253118204092808e-01 -1.252792432045393423e-01 5.275748256920797380e-02 -1.429146987101198411e-02 -1.058501022983069917e-01 1.167284181774990021e-01 -5.103521311424831508e-02 -4.267652333685216515e-02 -1.772228748150326827e-01 -5.168224574178841707e-02
1.252646300256588796e-01 6.867203503259951269e-02 -1.072810965663688609e-01 -8.291013237176042550e-02 -4.217164512827162315e-02 -8.881311556381603356e-02 -1.219448937090609475e-01 1.244396906217321019e-01 -7.863302727867517439e-02 5.920869579826437343e-03 -4.815814825643670305e-02 -6.967920830495985540e-02
-2.126917663826553562e-01 -1.541873380159439755e-01 -1.280418001710852405e-01 -1.392623311207474013e-01 1.651011947557098555e-02 1.939851327828590391e-02 1.128453012641806863e-01 4.142582081642807307e-02 2.038967986403088239e-01 -1.275527962704013120e-02 -2.616305566581944020e-01 -1.511288274622950567e-01
5.008624421636168750e-02 -1.492047259329519482e-01 -3.009053079799165614e-02 9.666596619570697047e-02 -9.454622389680100020e-03 7.239548522252771401e-02 -1.108736429195506662e-01 5.311078725508142778e-02 -1.017772369380835623e-01 6.015100283448441372e-04 -3.863390894608313003e-02 -1.499472114078929767e-02
6.083430142367531046e-02 9.367798282765472939e-02 -4.608266280506187473e-02 7.660396408167882698e-02 1.065459334474931491e-01 -6.835393274774489991e-02 1.415974270578096569e-03 1.322352669695074923e-01 -1.011750880356147020e-01 -7.919441828898721170e-02 1.027305018160369204e-01 7.179259509727327349e-02
7.519156019786045475e-02 -1.512013677482959562e-01 -2.396388317107268212e-02 -1.144855389142057124e-02 -1.856130865031754146e-02 -2.766168005606665925e-02 1.733827225281451279e-01 3.426728591039471250e-02 -8.922214326096149228e-02 -1.377715415794671973e-02 -7.716565088864857369e-02 3.151934398032048973e-02
-1.731872775978492707e-01 2.799041182185336984e-02 -1.524871918125494420e-02 -6.419883625145998696e-02 -2.025247080124738946e-02 8.454965256167334964e-02 8.179883417786192046e-02 5.034270909857601478e-02 1.027603723696668692e-01 5.026171641716326022e-02 2.730495217293140153e-01 -3.702551264172444095e-02
-1.743141934566591958e-02 -1.055706608271862225e-02 -3.426333051890300546e-02 7.901832588884037667e-02 5.167017884227237401e-02 -1.146018713802430533e-01 -5.891887374034654457e-02 9.964139887789827399e-02 -1.211515765515388567e-02 8.512365697803715714e-02 -4.227633544187952425e-02 3.468455325649946047e-02
1.360320972366989567e-01 1.915420782693492280e-02 7.837491880181035597e-02 2.493195460439329506e-02 1.520121500902158751e-01 1.847046937449553158e-02 -5.890583794510221086e-03 -2.950623051856811688e-02 -1.051152936597727905e-01 -8.145709443214459167e-02 7.391135176296778631e-02 -1.285916078330549273e-01
3.139859511149187959e-02 8.742623733416355139e-03 5.464312728839001987e-02 -1.279778421896845819e-01 6.891264197789973012e-02 2.737938200700764865e-02 -1.581363863101604705e-01 1.556277921486675167e-02 1.645448320073736870e-01 2.012550440669078344e-01 6.694855327573832893e-02 -1.138260247477355797e-01
5.083401980094618550e-02 2.395966863654680479e-02 1.549680684516465956e-01 1.610725976667007620e-01 -4.444626558936139171e-02 -1.171919287918935099e-01 1.045883613774180668e-02 -2.284994628484618429e-02 -1.359931469429653643e-02 7.528886187943864550e-02 1.762417309447362745e-01 -6.223980190666886410e-03
1.569998615939598857e-02 -4.954862106428110924e-02 -2.240102290085913689e-02 1.866323376936262005e-02 -1.227137268000806219e-01 -8.018817351813516126e-02 -1.261688712307754701e-01 1.180228411946639550e-01 -1.126182175771583416e-01 1.788957339240366401e-02 1.306374012530527873e-01 3.145376820790186240e-02
9.090193291849874013e-02 -1.626428895231789018e-01 -7.830291891908822133e-02 4.728663720659491421e-02 5.065300763644534771e-02 7.866974137240326237e-02 -2.387405908984993608e-02 -4.410483700397735234e-03 4.279744790724099301e-02 3.228068588930351618e-02 -8.231880632901121542e-02 4.814254056606567106e-02
1.682074312670355995e-02 6.407058874096493994e-02 -1.123192082130984731e-01 1.951957028773655123e-01 -4.308956551300338784e-03 6.153185141949375769e-02 1.528214519397164128e-01 -9.177953267110371127e-02 -1.258242188849571508e-01 -1.017425773463123510e-02 -3.899930647157965041e-03 -5.489344841309700546e-02
-8.800493426993077906e-02 -9.779306644294913364e-02 3.922441001434900931e-02 -1.705625170564741000e-01 -7.353310878769378500e-02 1.448396233664376864e-01 4.859334504906487155e-04 1.016750852832923463e-01 1.472416882240790495e-02 -1.887691088745339571e-02 1.160177158136529718e-01 -3.513428866150754282e-02
3.350123105475188295e-02 4.492888219422818546e-02 8.320256258662922511e-02 -3.946194965961030005e-03 -3.307387682315447719e-02 -1.762230016086401355e-02 -1.592716501764140924e-02 1.051349560274240647e-01 7.301176874370458869e-02 4.853849441577287593e-02 1.389967669825575569e-01 1.127426507679004652e-01
-2.190919606742215003e-03 1.197893986324293086e-01 -9.810116021970791134e-02 -6.720764148739051536e-02 -7.372106334274816652e-02 8.875244919696920198e-02 6.143786882901972057e-02 1.838286697081778151e-02 1.374200489361737387e-01 -3.420362057163751218e-02 6.325724359752780100e-03 -7.584008423322727288e-02
-1.378834359638973495e-01 -5.574216827413974729e-02 -1.439142752184156306e-02 5.038700155613363985e-02 7.528309018691031751e-02 -1.322882572605036111e-01 3.479397160869343586e-02 -4.839805317157341857e-02 9.056156611849019988e-02 8.090697763759846506e-02 -5.355912724048675355e-02 -1.090017658206088313e-01
-6.210423132761344611e-02 -4.816914779385964712e-02 1.605415497446728290e-01 -1.085869555642801770e-01 -5.681903183839353416e-02 3.649288479071287339e-02 1.086443140768647009e-01 -1.652843906716794931e-01 1.631353231606240128e-01 -4.170836435154991716e-03 -3.150891202617824016e-02 -2.947601901587060952e-02
-3.853523059515741311e-02 -3.207321841576747656e-02 -4.153614718062267203e-02 -6.013904796692999370e-03 1.006714484669245513e-01 -1.520424892019576479e-01 -1.566540715557170060e-01 -6.042195637588104046e-02 5.842888476382898655e-02 1.351565573223268979e-01 -5.365661645330184124e-03 -8.563673818735267895e-02
1.889334400395095443e-03 7.059977165079210637e-02 -4.755039171881805804e-02 -7.317357873267844870e-02 -9.620731465609790034e-02 4.221332263553553843e-02 -1.121964432650381094e-01 -6.054470804670183080e-04 1.630093682995918322e-02 9.287806811221220593e-02 -6.438294483924256184e-02 1.497778036057171025e-01
2.123221743434573205e-01 1.077987181929355720e-01 1.489615034464983334e-01 -7.265457564651571498e-02 -7.190456227317908178e-02 -1.604915083488288596e-01 -3.606332459381327016e-02 -3.176091486022627336e-02 -1.415580020287497964e-01 9.804862420169213610e-02 5.845114585055952855e-02 -5.049683453317271864e-02
-1.647331022496176245e-02 7.642319936108411815e-02 6.309800597477850659e-02 5.717831306893178533e-02 -1.073568840140193131e-01 8.062011282399711432e-02 -1.101325393604508235e-01 1.692815633176907586e-01 4.057817183042992937e-02 6.506244344164523186e-02 -5.973596837490703637e-02 -2.204756746494082875e-01
3.301296876653254941e-02 9.816171444537089702e-03 -4.188930422342206777e-02 3.885899108129414053e-02 1.517053135098385130e-01 2.097607078911396805e-02 -1.545450506463937057e-01 1.423821824460043128e-01 3.131203300197598488e-02 -1.507524280697600805e-01 1.698044764270598694e-01 -8.343681550338222230e-02
1.341011296857533563e-01 -3.304440554332235824e-02 -4.617231828857540354e-02 5.384474512686818898e-02 1.826195783317082766e-01 -2.754108676630386172e-03 3.249521094520745751e-02 -6.577583440060330577e-02 8.774489054940673438e-02 4.911621458552562630e-02 8.326934448473227723e-02 1.598457610792480832e-01
-1.221968322552117736e-01 5.571941771414639505e-02 4.254636262301760008e-02 -2.984576646480977674e-02 7.703868821407998391e-02 -8.196000897055912005e-02 -4.440884477169698696e-02 -2.818384210324896902e-02 1.988921735758601012e-02 8.638928857227125280e-02 -1.362640793467106703e-01 -2.084231968059014339e-01
-1.154901956907350286e-01 1.125550864108191829e-01 -2.787505098368991407e-01 -2.444604842299225034e-02 -7.044025422424310401e-02 -1.214796502219408873e-02 -4.481623690688096850e-02 1.729439762877024445e-01 6.480620260879529915e-02 4.640871017151526612e-02 -4.217984473488637504e-02 -1.507693157739958267e-01
1.636765505690771783e-01 -1.983518533640905857e-01 1.095793098975301333e-01 -1.692132933805206574e-01 -1.352239049028664541e-01 1.199659716031151180e-01 1.035378662424137064e-01 1.222946999005374985e-01 -5.449451568689374359e-03 -8.914980267960399829e-02 3.446592965570150630e-02 -3.080031631038657181e-02
-6.008128504172913220e-03 -1.575141052961621102e-01 -7.877429260987321713e-02 -4.022070701104960705e-02 -1.720402282514682524e-02 9.142331038882284266e-02 4.675445770680677904e-02 -6.192495813111792424e-02 1.563108749940745820e-02 8.554598011818466408e-02 1.665256521013246949e-01 6.987018283038994027e-02
3.106858532041777143e-02 -1.282888709331515553e-01 -1.705409468047522359e-02 -5.327081184786750662e-02 -3.116234286922599239e-02 -1.260511141712978666e-04 1.621437415697167261e-01 1.094226845459368991e-01 3.018881662737392391e-02 2.106732089592772972e-01 1.505950768091658953e-01 -6.115629783030537836e-02
4.393833429309434296e-02 5.394820405572965660e-02 6.221512857307995997e-02 2.169803108200214423e-02 3.774478776005599917e-02 9.094669072497509055e-02 6.779479218002425200e-02 9.820297832871255350e-02 -2.862961422154968183e-01 4.980389411942287570e-02 1.269847356865735693e-03 9.253038074769616428e-02
-8.197848954456599113e-02 1.327327746719056678e-01 -1.025130621274652071e-01 -5.720845046134412359e-02 4.442136154717328533e-02 7.769726550299757561e-02 7.523568171013500505e-02 5.666833737974490831e-02 8.074877978478801899e-02 -1.083165290170014228e-01 6.263330711939944784e-02 8.062562881819711549e-03
-1.527439280482602024e-01 -9.209411882792729875e-02 1.172510515125372993e-01 -1.028492195217504263e-02 -2.701999190367959658e-02 1.516349660983369596e-02 3.245332619054051848e-02 -5.775614133343338896e-02 -1.750766548640668163e-01 -6.005629299958123619e-03 -5.926840747769331064e-02 -1.176581969858482846e-01
2.963889381206926896e-02 -1.668797283753131744e-02 6.772833147214966931e-02 -6.476910019032484922e-02 1.314311818159481608e-02 1.700320339908309095e-02 -1.317098841194906389e-01 -1.416072757622226284e-04 5.720571436669705939e-02 4.295497787833697095e-02 -2.240396392198327202e-01 1.539729679451465882e-01
-5.164068985703654940e-02 -1.730737025763773862e-01 -1.030472264682173178e-01 8.667735981159118558e-03 -3.465944927283877430e-02 -3.373226301921521814e-02 1.373553132348369343e-01 9.299985423362940040e-02 -1.464390691640509445e-01 8.172492269518735752e-02 -1.281559919908301266e-03 -1.337771548596758675e-01
1.372341381758782342e-01 -1.318137087986713252e-01 1.614177488944369687e-01 -9.502403163586276014e-02 4.114994202653072392e-02 1.899457736051987367e-01 -2.481536734004521905e-02 1.193392067528297878e-01 -1.078849478876980385e-02 1.065524804177665763e-01 -1.630777737788294823e-01 6.943424415092057378e-02
-1.282938597090052535e-02 2.115738638857485032e-01 -5.805341908215299468e-02 1.415039384747585893e-01 -8.284536680239977524e-02 -1.309115207624295812e-02 1.216494597234975689e-01 -1.989034152081194107e-01 -4.393646106206797186e-02 1.005284815876908988e-01 -5.303566302655355648e-03 9.105072068814748509e-02
-1.183492713653857935e-02 2.176254044276799693e-01 -1.792022012615375123e-02 1.710343496678649877e-01 1.896776401032232717e-01 -1.945490216461457159e-02 -1.276313821323409869e-01 -1.402322856156237862e-01 -3.918322647918258406e-02 -3.272785858147770482e-02 1.328886987874100534e-01 5.220358207363537395e-02
-1.138199876736227384e-01 -1.293894904848373884e-01 -8.270764886917773839e-02 8.427388930910201248e-02 -1.143471048003841251e-02 -4.770333600222112502e-02 -6.937075674038489792e-02 1.680881895764692324e-02 2.021364833882300770e-03 -1.658339932692364238e-01 9.219966053826771091e-02 -2.215520904311670813e-01
-1.781151125815742114e-02 5.989913774106447875e-02 4.911598440456408504e-02 -5.047962379265011346e-02 1.629727467107341676e-01 -1.527184511619646412e-01 -3.374183442185212795e-02 -1.003001658038234489e-01 7.784370693313497069e-02 -7.623760987608011255e-03 2.633387759489401458e-02 5.380238122844399444e-03
6.117684495707864482e-03 1.914696992106708351e-02 -1.619660945034276101e-01 -3.517139874705006719e-02 1.413672583268845984e-01 1.757206079154891576e-01 2.899631471529304921e-02 -9.646939546273071431e-02 -3.834908578000621737e-02 1.534643246880832146e-01 6.147146551527157832e-02 5.244917628393455655e-02
-2.734299847796458835e-02 4.032245103255731322e-02 -7.542451940479762140e-02 1.057455113846364481e-01 3.522604249446872199e-02 1.134192447810962586e-03 1.095286397173084042e-01 -7.183930256057988184e-02 1.220477290079740587e-03 -2.427889327676302673e-03 -2.149245691248584389e-02 1.197718784211259909e-03
-3.453059522690631739e-02 2.000685265764644560e-01 -3.119493807487208267e-02 -1.294989345476529052e-01 9.171474271236584874e-02 -5.216267937588926762e-02 3.262340247125796681e-03 -8.769175256848454891e-02 -1.610260510656620278e-02 3.860567852075391226e-03 -7.314827636194771998e-02 4.975349854776991293e-02
4.074215859042270432e-02 2.354108166258333731e-02 -2.006447620195983550e-02 1.350689099246248359e-01 1.258941866219545624e-02 4.608353684631319447e-02 -6.317904707471344583e-02 1.066927689289180747e-02 -1.152426591851131443e-01 -1.276332530516416375e-01 -1.162020939679738601e-01 1.309803365309235301e-01
8.465139548649171231e-02 1.408988455978664456e-01 7.879253244103121001e-02 1.122582770884306413e-01 -7.677320095356510166e-02 3.366889125971308516e-01 -2.738920998389531361e-02 1.026998804562154338e-01 4.699408215582270149e-02 -7.362805253661579633e-03 -4.186268593980152497e-02 1.763484133525836453e-02
4.276862136661594566e-02 1.079726242523509905e-01 -2.805612211068156392e-02 3.142091538348372459e-02 1.138448522112781025e-01 1.011094658670169261e-01 1.161210726174749380e-01 -5.543416715317689425e-02 -2.154058816797639331e-01 -2.309471313798665618e-02 5.929934281718011319e-02 -1.476313336318623992e-01
1.217331698026591913e-01 2.617565189978202783e-02 1.226309023626475786e-01 -5.548410012036596867e-02 -1.363680262540025723e-01 -9.136366063561324191e-02 -4.394856193894231336e-03 1.316212588322891175e-01 7.931473796084397010e-02 -1.208798747544795882e-01 1.747189542897121910e-03 2.785669461677862946e-02
-7.438569246142696934e-02 -2.121921918185197542e-02 1.361987521853278149e-01 -2.265623145876038969e-02 1.561286048137668081e-01 1.406870481250033778e-01 -1.536004630449318842e-01 4.697482716661827325e-03 -1.831992977520058297e-01 3.596639516383331320e-02 -3.820699272543263969e-02 8.783628597333233146e-02
6.482699198071409374e-02 -6.689071948071934059e-02 9.197623142879253477e-02 1.487720992956940713e-01 -4.257750924029057860e-02 -1.064476388025355214e-01 -1.033210064696925001e-01 -2.524226613385737242e-02 1.336385785891014422e-01 -9.298584348053944015e-02 -1.031074731938068090e-01 2.129136678985164496e-02
-1.114429098483007280e-01 -1.823160686765549487e-01 -2.151241403362800786e-01 -1.202159369010533281e-02 -2.254978581387517833e-01 -7.763019707079243936e-02 1.746132825271288352e-02 9.784750310247519733e-02 -1.453685131719556212e-01 -7.758787147115246696e-02 6.971348215005951365e-02 2.213637310937277280e-01
8.985696461273701141e-02 -1.718097130778078324e-02 5.303572124602592974e-02 -3.149204387363795099e-02 -1.110709441176682549e-01 -5.159675502081337989e-02 -1.428108417517332668e-02 -1.591977377176681530e-01 -3.776010059511118039e-02 1.325860245893194234e-02 1.593664180290746968e-01 2.247396923995291854e-02
-8.124355375243469402e-02 -1.367905898260933228e-01 8.478414320060267961e-02 -7.291236897642019987e-02 -2.296936231859420252e-01 5.637586750368067667e-02 -2.288619145612739297e-02 -1.160959126503821048e-01 5.361451450122178136e-02 5.193966858075848431e-02 -2.064126458445810289e-03 8.727395071178280228e-02
-1.307980631076771094e-01 4.281139609637765742e-02 -6.578137575875456222e-02 -7.866601902833314508e-02 -8.833489853674358905e-02 -1.392264100965100518e-02 2.122572285095365024e-02 -1.118183641969136034e-02 1.624561255677881011e-01 2.161758963795003263e-01 8.275430818161741420e-02 6.680750444846481756e-03
-1.923067351315020657e-02 1.990644158272019404e-01 -1.503872930305516498e-01 -3.550527367877859969e-02 -5.788262027558354478e-02 2.290107490605055307e-01 -1.987733345231286475e-02 -6.694911701921796299e-03 1.111766303481514506e-01 6.898760621279161065e-02 1.365985399957271029e-01 1.433400997856017489e-01
1.464529774979027033e-01 -1.511180111783202717e-01 2.632077513385107370e-02 -9.828034314420334983e-02 -5.170549409347297010e-02 -1.243622933650132545e-01 -5.338892210234177753e-03 1.770324457235011029e-01 -1.214634165768106872e-01 2.169982102087401055e-01 -6.356816414776934876e-02 -6.973093641746613836e-02
1.154047332287128358e-01 1.976328031363873763e-02 -2.118067127291379248e-01 5.401598077896357410e-03 9.254513478277283378e-02 -8.453709513072350801e-02 -7.250029501338563220e-02 1.564370747055974370e-02 3.989592402118917469e-02 6.609309016549781701e-02 -2.811017426370795644e-02 6.645975411166323010e-02
1.764861888887491459e-01 5.709428340818600671e-03 3.370370224552183408e-02 -1.278487731003991046e-01 8.968938722693322804e-03 -1.300913999349441186e-01 -1.410027728079520093e-01 -1.059032201225085790e-01 2.123745359922056264e-01 6.813313090468101074e-02 9.866560397756626855e-02 8.214322108512213394e-02
