8.614143468493930256e-02 9.361969919382615024e-02 7.412875816518470218e-02 7.315639364670371847e-02 8.865644408446674007e-02 9.498148657712808529e-02 8.529565629519687830e-02 8.787441052199185254e-02 8.900323650790989416e-02 9.637268056258398163e-02 9.212981061467068189e-02 8.814300648009598671e-02
8.728179500119044587e-02 8.506919041422082717e-02 8.365049884128740454e-02 9.123382976608834793e-02 7.983962417723317051e-02 9.849925607303815223e-02 9.590286094643930837e-02 9.292162087088605416e-02 8.808053333797422058e-02 7.924701356948934960e-02 9.648330176482075582e-02 7.166933978163493590e-02
1.078037949810122520e-01 7.708264026553726667e-02 6.824466557197667038e-02 1.094496089310795645e-01 8.748613622082135333e-02 8.153456357296222368e-02 9.789752753623336134e-02 9.005473435816598038e-02 7.901250805101252273e-02 7.719883917289707687e-02 9.502775937496439618e-02 8.226331409042163256e-02
1.056038215742689662e-01 7.391389990732741277e-02 8.055658497362984394e-02 9.252389006158126539e-02 1.024756949162419772e-01 7.718357733162616030e-02 8.440308973229015965e-02 7.574171796291297165e-02 1.008578045449717020e-01 8.558091884040185116e-02 8.899376598629993307e-02 8.361522830223738767e-02
8.001667394703579350e-02 9.123306290913844874e-02 9.421919488055688352e-02 9.460852230066363333e-02 7.937629410600234581e-02 6.676493643898195884e-02 8.642252075315137727e-02 1.000885935466185039e-01 6.643847363248901738e-02 8.983529746530480309e-02 1.098536612076709135e-01 9.450996744631819102e-02
8.553285490410941772e-02 7.807266198404536062e-02 9.832714844017272082e-02 8.373692429420312444e-02 9.575139731662539455e-02 7.975676456464862729e-02 8.547758229547564035e-02 9.345917770142959935e-02 7.757705598994130147e-02 9.847640274947590255e-02 9.988150259807770937e-02 7.445671595508551732e-02
7.395273943933751426e-02 9.748612478210276489e-02 1.032765873193461914e-01 7.523441901216489092e-02 7.632545456726971822e-02 1.021115112209221715e-01 7.459567909310138578e-02 8.156008436106350346e-02 8.876280808949649215e-02 8.155166599123510329e-02 9.759640788659945665e-02 9.979966942123598417e-02
9.176052960506402012e-02 8.960531851804215409e-02 7.961557993905350739e-02 9.918031267022860142e-02 8.204630714283851767e-02 7.176073597675858284e-02 7.583168496097357492e-02 9.370969514551640012e-02 7.457890470665992644e-02 6.983817867648120514e-02 1.055484746080592035e-01 1.218428249373752770e-01
9.874850419169113602e-02 9.687801081126565239e-02 6.557569738188695485e-02 1.145105584200025312e-01 8.580489984820001415e-02 8.715403187455457445e-02 7.933141604160673377e-02 9.045887300097549266e-02 8.947291014006687748e-02 8.284053950330723393e-02 9.593528554613370285e-02 6.720965408532145191e-02
9.098674145979807060e-02 8.377336796008176545e-02 7.218470593810785707e-02 9.939111788563451122e-02 9.488087412184770253e-02 9.491230474647981141e-02 7.671129962460435103e-02 7.082044992324303123e-02 9.945140616833023084e-02 1.082739211321643857e-01 7.856736108081446845e-02 8.253288781486167736e-02
9.573616130087672649e-02 9.973270104532636071e-02 8.976273107318991085e-02 7.887654449456518724e-02 8.448098621772429095e-02 7.638060401275817424e-02 8.300982756347533020e-02 1.009068229270941863e-01 8.273174501213013954e-02 9.435776967021645978e-02 8.872646026078341575e-02 7.550074532888594037e-02
8.748039151293836302e-02 8.191037592739545958e-02 8.519815284717957571e-02 7.943519878827776104e-02 9.030391160997022770e-02 1.141027109159219594e-01 8.574323476460606053e-02 7.973266719345090126e-02 8.883729981616428351e-02 7.795969114249647058e-02 9.688668112980529379e-02 8.310583517048747426e-02
8.157725988369118886e-02 9.284278087686602399e-02 8.776951358138868065e-02 8.837485538995432099e-02 9.705268777140377279e-02 8.578737589926141438e-02 8.097222181805296959e-02 8.270846133126283362e-02 7.739066872438071787e-02 8.923024089799018455e-02 9.385268903275700847e-02 9.124207483161862753e-02
7.836184348888169948e-02 5.286308924512912039e-02 8.782910951722716630e-02 9.086700659987594075e-02 9.172154837525553495e-02 8.238325227991702415e-02 8.436155710790953222e-02 8.605327292276268580e-02 1.061405977830382069e-01 9.573633672383370652e-02 9.413260780911392178e-02 1.043500363579698276e-01
8.213050144181462120e-02 7.632347952440564354e-02 7.956596439870709803e-02 8.711804885794569020e-02 9.297290487239671941e-02 9.481808453405533854e-02 6.800087414974892441e-02 7.953849430671094956e-02 1.169107930159076353e-01 8.042960137237588347e-02 8.180314701916492626e-02 1.151242711430439797e-01
9.049461244435286211e-02 6.298277697015924881e-02 9.274184370601258609e-02 1.131186715769420675e-01 8.064460285164316844e-02 7.313615963663021302e-02 9.804342042952507441e-02 7.847469334041941302e-02 9.300824528308593298e-02 8.462478514827531662e-02 7.688911963117089909e-02 1.109062898589601304e-01
8.228108705449992122e-02 1.193375218139204053e-01 7.665942071287813742e-02 9.300601420485304915e-02 9.773626089276629680e-02 7.673422786552390462e-02 8.945615189826201796e-02 9.863597997002822304e-02 9.066162516972814389e-02 7.063889543802831517e-02 8.784920734584185376e-02 7.086401916320489436e-02
8.314295956486823791e-02 7.103633289965459452e-02 9.880396891342273225e-02 9.419908975858272415e-02 6.861668985646200702e-02 8.229763411546121843e-02 1.095759750844717828e-01 8.317797369600692103e-02 8.456932199356916036e-02 9.977078688864679523e-02 7.753979467067688425e-02 1.003565416233302976e-01
7.148542460722619174e-02 8.347820467092638419e-02 1.038983739185412591e-01 9.148417715862267041e-02 8.033937746275830738e-02 8.987856899629598217e-02 8.500868845443620980e-02 8.280130421831148613e-02 8.712881949977452356e-02 8.842133013294826982e-02 7.182653351573153877e-02 1.170833178559530924e-01
7.145494633108465110e-02 7.570491835216128229e-02 9.899729641499593891e-02 8.798593844971873412e-02 8.808942154140429748e-02 9.409308790231685204e-02 8.958537297618107687e-02 6.893523041613443259e-02 1.007394184689165140e-01 8.832214062696858159e-02 8.900884403036099513e-02 9.863217295853898836e-02
9.343837888324824092e-02 8.646663570663415399e-02 8.324942419848614661e-02 8.459733102081355705e-02 6.500029773365606500e-02 9.265278262263977604e-02 1.065189584266280909e-01 7.214718025795670286e-02 8.268973033263643524e-02 1.129165185166974006e-01 7.356542980827361633e-02 1.012426113915584902e-01
1.013422891495904116e-01 8.673585724140470132e-02 1.017950070678472624e-01 6.756798761262257369e-02 8.512991967109212466e-02 8.434912769875867189e-02 8.710540992343866751e-02 7.939989253159154825e-02 8.530336639317577518e-02 9.242405035773540445e-02 8.763015867140044879e-02 9.175195276895775631e-02
1.170893734123548968e-01 7.956040407588023389e-02 8.567751197946545105e-02 8.312033837837211336e-02 8.103347439683064590e-02 1.038523472215508170e-01 8.999279809510807304e-02 7.388677598300726068e-02 8.127156950705811955e-02 9.498002867760427237e-02 7.479828775335958801e-02 8.730719735122012548e-02
1.106032358651601183e-01 6.977240263557490940e-02 8.699261378138660461e-02 9.152727436968394192e-02 1.028803887590342553e-01 9.031794215546291860e-02 9.890907663036216380e-02 9.155721909335216846e-02 6.983327919197267197e-02 9.489593894110250061e-02 6.872754725894858474e-02 7.808624341012075643e-02
8.268433165855031131e-02 9.457155645804743438e-02 8.746924685552559531e-02 7.961404025156323949e-02 8.686260409005837346e-02 1.063853314926895000e-01 7.515004353019465178e-02 6.427141032738571680e-02 1.130189265527122705e-01 1.030615254476565934e-01 8.714628469946217315e-02 7.428391195908676248e-02
7.065820504851234862e-02 8.658040622031352995e-02 9.355493043361186312e-02 7.389823702906765657e-02 9.292183201523314395e-02 8.640172980228452704e-02 9.025318345139503318e-02 1.102881182303881574e-01 7.926534555090986034e-02 7.927495482422232398e-02 9.546730944533447782e-02 9.300404794089067728e-02
8.448373859992651391e-02 1.017724340311754183e-01 8.617939220768448816e-02 7.550999919669236504e-02 8.966219651913004407e-02 9.162498793155025856e-02 7.695487481585309986e-02 9.403739455250899326e-02 1.070982942327064480e-01 6.441489000610564619e-02 9.320054689992457453e-02 8.736610366978428410e-02
8.351679353862051514e-02 7.349072494438652070e-02 9.299900027609631081e-02 9.745201413775031463e-02 7.654322358322461495e-02 8.684056141694071473e-02 1.033075854641179736e-01 8.904661932622455478e-02 8.018749795243745870e-02 9.900119551912511806e-02 8.677743551116250120e-02 8.132513183117501265e-02
8.223919772222765268e-02 9.223946238670042985e-02 8.423664052608961783e-02 7.750883543895040195e-02 9.245412394222003727e-02 9.729917061585854898e-02 8.541461880291602304e-02 9.197950446741766373e-02 8.648690761267274763e-02 8.578448782098652137e-02 1.036297417099781154e-01 7.097678873870935656e-02
1.017225686391490941e-01 8.059062539739807185e-02 7.828790635392175734e-02 9.349572365407123054e-02 7.319122904533383045e-02 1.090403943331525322e-01 7.652352857440383738e-02 7.085743320514323318e-02 1.022716214703772303e-01 8.821081070822164860e-02 8.477702187796197497e-02 9.388206163988190023e-02
9.149915579717900205e-02 9.798784163729054586e-02 8.115156467124826078e-02 8.050492968932741744e-02 1.015432706683294384e-01 7.774327798193955696e-02 8.545214672832066038e-02 9.891771635577707722e-02 1.044961972968200120e-01 7.771242581304096952e-02 8.282880305394468845e-02 7.172689698488771137e-02
8.723635677799770893e-02 8.336961112267017582e-02 1.109308664083667184e-01 8.534920347757971038e-02 9.376221423382156972e-02 6.584523382114808310e-02 9.017852357985539635e-02 7.890132973485795842e-02 8.173581318248823724e-02 9.170166357018298686e-02 8.191097194344804100e-02 1.011021632403661247e-01
8.495112440424497369e-02 9.637593882386708000e-02 9.289715775170105660e-02 9.176105393000219546e-02 9.619438880927023983e-02 8.116215245575215953e-02 8.472415622727878792e-02 9.123080544807044001e-02 6.545119608846303172e-02 8.793106550865362192e-02 1.005300448144830078e-01 7.772084008508974018e-02
9.769977456348839795e-02 8.636050420154631202e-02 8.926146645257534984e-02 9.146360357911116623e-02 1.043844621243514154e-01 9.521732048527065118e-02 6.885828857926611091e-02 1.049492035838114484e-01 8.464325060457915384e-02 7.724199220936929511e-02 8.100794911215181138e-02 7.132689818758401745e-02
8.950111875805900896e-02 9.229544850338365636e-02 8.436902659101776225e-02 7.211001003746241034e-02 6.888857634847074529e-02 9.926806631803812564e-02 8.284958171224082735e-02 9.218344763738015035e-02 8.394454760998421028e-02 1.033069721376909944e-01 8.862638399759195651e-02 9.378636768219554554e-02
8.497601547982482073e-02 9.243478495173210185e-02 1.138342957323171395e-01 8.596012473758464500e-02 7.296984194094491283e-02 1.046786820805256785e-01 8.257645403303670584e-02 7.663839107136791173e-02 8.090271975699095397e-02 9.315600646004748575e-02 7.085111712602787382e-02 9.389790386182234050e-02
8.535192179498211906e-02 7.964963661942395245e-02 6.952586502783221489e-02 8.662141806469182692e-02 8.605652110797273879e-02 9.186548983467920926e-02 8.762298889178628258e-02 8.010724581433577296e-02 9.492640354619155674e-02 1.069822596969483286e-01 9.078307909455274327e-02 9.093996043718849398e-02
8.579454433589664419e-02 9.440934196573155801e-02 8.178941933029848510e-02 8.480530513882007793e-02 9.372009296286619440e-02 8.833903678159374384e-02 9.030756270641181194e-02 6.814426383806150567e-02 8.391594566688920231e-02 9.375953470220667330e-02 8.446618818417307717e-02 1.005779508864243499e-01
1.041336584944242138e-01 7.420735275788305219e-02 7.974045519026620732e-02 8.939142671827762787e-02 7.626257590506266282e-02 8.815916387160943612e-02 9.549999296580839736e-02 7.385125779617163211e-02 9.481756823993466032e-02 8.584545961820279347e-02 8.761971359760840905e-02 1.016052227439928901e-01
7.141780872578942785e-02 1.065565775399080067e-01 8.593848888991138801e-02 7.771616231706807154e-02 9.424809401932036923e-02 9.180307664964849901e-02 8.162935397432838358e-02 8.317712705747440372e-02 9.416653719690054603e-02 7.519481191695571998e-02 1.204230349885097168e-01 7.226100333291919642e-02
7.549613855149127362e-02 7.094491285149787108e-02 7.791810540350341263e-02 9.497991888921900050e-02 1.033287497250258147e-01 8.456884131687449069e-02 8.067763883926558355e-02 8.318828556108245897e-02 9.121918785222651871e-02 9.212685774717441212e-02 1.028977878916082639e-01 9.395172193992611109e-02
8.694332869413187725e-02 8.875321987338820329e-02 8.051171382147825906e-02 6.531412498675864819e-02 8.835004019734110647e-02 8.780030294755999942e-02 9.345436581391597386e-02 9.664539928278313707e-02 8.710810247389023930e-02 8.482472199495351417e-02 1.089762422017225146e-01 8.254281196474566595e-02
8.599105958614837453e-02 8.837992230328514665e-02 9.374256797345145720e-02 8.721467047570484465e-02 7.851867250657161568e-02 8.439877219420853505e-02 8.711249440264477728e-02 1.060878094272846711e-01 9.319163946375030871e-02 7.508676270262219787e-02 9.545366807625821348e-02 7.512330938905700806e-02
8.284998366144197268e-02 7.712595073593003780e-02 9.891744352548313690e-02 9.733916576263956788e-02 7.499785470681963329e-02 8.597694591079743653e-02 9.641366574385155930e-02 7.113055868733923759e-02 8.813895973745539125e-02 8.864405805084622780e-02 9.984015545022069393e-02 8.944432053940870597e-02
7.204044976412846135e-02 7.565412376500156577e-02 9.878492083078520281e-02 9.253549962547598373e-02 8.513707046006196988e-02 9.610113564778634265e-02 9.690740281948956314e-02 7.142163942926466058e-02 9.522932589990371066e-02 8.406028441690327480e-02 8.788543710759895433e-02 9.534665006330371451e-02
1.032981260764739700e-01 9.717387269123189952e-02 9.218066172149692872e-02 9.732101892836597656e-02 8.109865037632735252e-02 7.830183062714897446e-02 7.440400146796724568e-02 7.999057894059635743e-02 6.240374525294976882e-02 8.254111369036185031e-02 1.124116853661424331e-01 9.300583045732861709e-02
7.904592528343751257e-02 1.033931430194547363e-01 8.861840722090649769e-02 7.549786549201621677e-02 8.729100453219386380e-02 7.984011380922030610e-02 9.641807242841825276e-02 8.102494162924112064e-02 9.613061113838289318e-02 8.494724180549730053e-02 9.047338590974624006e-02 8.720995237395863520e-02
8.506297725169233159e-02 7.861558269270174648e-02 9.876326667023670181e-02 8.269669307136737202e-02 7.609716010465517044e-02 1.013802210073720539e-01 9.023067325262372484e-02 7.316195429380377424e-02 1.036200960518370573e-01 9.924252971324018513e-02 7.675776718823291989e-02 8.589889764558553131e-02
7.638586768897648316e-02 1.052451432258318248e-01 8.887951739624022629e-02 8.381615871440839527e-02 9.102792138915399844e-02 9.045957613182180335e-02 6.793693083415394685e-02 8.434848167475879344e-02 9.765540148651001562e-02 8.504797822406827412e-02 9.676854202264961735e-02 8.343128989558511177e-02
1.125576520947562109e-01 8.342600071333762524e-02 9.065240099079305280e-02 9.905897987383002756e-02 9.050146819212855076e-02 8.191675126271336094e-02 8.400067644078212936e-02 8.390844475578727868e-02 8.225091996857843146e-02 8.745229763987305560e-02 6.329864043212672653e-02 9.321748039586852386e-02
8.822130313855172656e-02 8.860000934208017709e-02 9.311297927157426157e-02 7.897166809422476175e-02 8.088062979682976439e-02 1.022792272966216581e-01 9.272883754797088540e-02 7.722755984868229229e-02 9.046966057917409099e-02 7.971923170892325494e-02 9.155279912898602046e-02 8.566426671172840124e-02
7.550786080933262479e-02 8.429390932655880797e-02 8.400768937402740277e-02 8.603441485910674758e-02 7.285896110703397877e-02 8.833879421989236647e-02 8.966280180516715548e-02 8.846983044538894725e-02 1.014387472709415705e-01 9.541759452166338751e-02 7.944875670933353173e-02 1.052578384136868689e-01
8.670867856943534346e-02 8.657579837832511671e-02 8.336429744641815631e-02 1.055910698318290042e-01 8.092431393720485311e-02 8.406974599536516657e-02 1.090723530240392120e-01 8.744003124552279793e-02 7.271059174189117846e-02 7.077248279813308507e-02 8.310052173090727579e-02 1.020850270776290786e-01
8.576112108903401199e-02 8.968143993894868438e-02 7.705862763834268880e-02 7.356006379889437619e-02 9.615794061448643126e-02 1.046834936832991975e-01 8.690718660730073486e-02 9.290952014488942923e-02 9.457407767295392120e-02 8.189631140447582724e-02 7.422638630954839223e-02 9.329132893090059941e-02
8.520541063964010009e-02 9.014845026940412898e-02 8.836875384903812580e-02 8.363838053241165471e-02 9.650610977094890852e-02 9.488706647629042978e-02 9.823851887437110020e-02 7.295675960016362316e-02 9.965916381782041755e-02 8.518080555566338863e-02 7.183138733686619815e-02 8.384904812459828549e-02
7.619216344626743298e-02 1.078748585233258450e-01 9.460464060409033704e-02 8.146590254805041731e-02 8.451274826666187179e-02 7.963520495945497490e-02 8.961491326993029083e-02 9.045438711122522069e-02 8.179761312107418358e-02 8.312829414651959348e-02 9.973174285141039874e-02 8.142697842857710144e-02
8.251892255625750683e-02 8.262983667237004670e-02 1.033483195784999503e-01 6.774967848799795522e-02 8.999097375895916129e-02 8.532027609243521271e-02 7.005585784150249185e-02 9.765032321388199266e-02 1.036186010156616849e-01 8.457137026951148939e-02 8.815326165759268529e-02 9.660071401655923040e-02
9.842792783095992426e-02 9.520558050364744118e-02 7.952893239590723418e-02 1.078284866503922412e-01 9.335993842733764092e-02 7.152350982863182882e-02 8.953693337259484297e-02 7.727006759794449731e-02 8.448141235784208114e-02 9.153710942646638149e-02 7.492597753662431914e-02 8.777770418861018109e-02
9.087961687789355980e-02 8.719248519145660070e-02 8.247665819137706134e-02 9.352407088265149437e-02 9.446960891624586742e-02 9.287352620387333280e-02 9.496765222883349344e-02 8.048339223653469543e-02 8.459177462854100549e-02 8.954333341596859563e-02 7.777221992317372157e-02 8.013249388519595728e-02
8.837886593745926389e-02 7.526684835328056877e-02 9.789680686435933699e-02 9.534228626317117761e-02 9.467548123435699792e-02 7.870240595695154884e-02 8.306695102604798320e-02 8.667216850971007358e-02 7.488314365032409936e-02 9.193258941687709740e-02 8.686356718936079357e-02 9.621637856816663004e-02
9.788326420727758159e-02 9.067524010340120844e-02 8.809848332046348041e-02 7.918789932060976700e-02 7.849752255576918081e-02 1.009670470026439587e-01 8.140903112821931686e-02 9.093904456532224401e-02 7.807773484843752443e-02 7.648643266249662009e-02 9.103540250224147201e-02 9.684588069478232419e-02
9.472104616850056391e-02 9.394299868799119158e-02 6.853910639462454379e-02 9.872875574423797818e-02 9.648098417535082294e-02 7.798973822561150460e-02 7.703852130425112299e-02 1.097898250029932937e-01 6.932173452137649350e-02 8.671122798515847052e-02 9.390092404936531412e-02 8.586722389538335720e-02
8.765786050781032568e-02 8.678220543752908356e-02 9.143935683138941506e-02 8.502489541351539171e-02 7.387425461007764149e-02 1.017173033770816665e-01 1.007662471240853286e-01 9.018542449483796242e-02 8.038130798485175477e-02 7.183960527485867831e-02 8.531325742419179625e-02 9.561062161322091135e-02
8.726063248261636818e-02 8.171969699846209911e-02 8.964677243310784083e-02 9.549275041841848166e-02 9.683661321346113959e-02 8.074903783853454309e-02 9.958458377612089407e-02 8.836506758560383479e-02 8.280511338174148528e-02 7.954818020592339944e-02 9.534448428405808973e-02 7.259067566928840975e-02
6.786820370744889308e-02 7.562281322228212033e-02 7.656594524174083205e-02 9.427911108155377640e-02 9.332520277950073773e-02 1.064358901907627303e-01 8.835844268339292096e-02 8.941352998194336543e-02 1.065134102993424842e-01 7.558314923431620758e-02 8.167958477854274368e-02 9.724630601587877510e-02
8.808913664344819594e-02 7.930882014780706035e-02 8.145785880224867825e-02 8.300936392552396570e-02 9.824323451034917831e-02 8.002190503027384327e-02 1.000289973063700627e-01 7.218978707906197056e-02 8.359249529809702206e-02 8.156682502678309910e-02 9.167012589509555831e-02 1.125100848557457484e-01
8.808985789881598749e-02 8.292640835081134532e-02 9.554738970710080492e-02 8.705299520483211762e-02 6.928101906847054792e-02 8.728984382369436856e-02 1.103956849202755996e-01 6.992777346403496186e-02 8.606977973082582944e-02 1.098598484846331491e-01 6.911487716430009254e-02 9.887881249897012559e-02
7.837795814642030401e-02 9.664048171520159269e-02 9.838467974378052594e-02 8.567372885849983133e-02 7.511261765632845644e-02 9.320891624380350793e-02 8.909187306605166612e-02 9.987890472023255861e-02 8.334496581018541184e-02 8.732296750869836255e-02 8.613604463872583106e-02 7.680281666561207532e-02
9.559795990772773644e-02 7.743620855571457795e-02 8.160142147147923797e-02 8.822951616083736515e-02 7.634035334054729838e-02 9.326812032035840250e-02 8.908686654819870931e-02 8.698010489293210579e-02 8.309832834979374860e-02 7.542164330534592565e-02 9.677548945921538026e-02 1.067409316290925947e-01
9.494123094224458936e-02 7.064577947062188057e-02 1.190611859779775877e-01 8.616955432696901673e-02 8.714341594432491178e-02 8.909886930214949707e-02 8.915598647377075137e-02 6.725839959775803401e-02 8.034999693109720620e-02 8.150803892243518867e-02 8.512250174573857131e-02 1.033668743727134687e-01
7.248375108305860071e-02 1.127306760730679702e-01 7.454861747506374980e-02 1.042138975879425555e-01 1.043094739297207446e-01 7.356273496848583782e-02 7.731245892137811326e-02 7.759454532434535701e-02 8.711068142495777267e-02 9.635016273776395024e-02 8.592121963991927736e-02 8.767660007036907899e-02
8.823847658614078493e-02 1.056543734097102338e-01 9.439547844519996511e-02 9.142080776427870259e-02 9.153655130075324942e-02 7.839115149237818603e-02 8.295696290222769054e-02 9.639798199362971387e-02 8.681236555155227852e-02 7.959152613227180040e-02 7.383717040380614882e-02 8.104200962945254383e-02
8.510007437258508556e-02 1.040122926269434062e-01 9.295202180336326059e-02 9.266728136691761153e-02 9.489220348763016677e-02 9.211317363797597024e-02 7.252653261040423183e-02 8.108676182240388830e-02 9.158714078629541511e-02 6.865110859943293620e-02 7.594296530813292312e-02 1.003337340597554167e-01
8.510542702480264343e-02 8.457346154708042518e-02 8.481340340264482969e-02 8.765919392186038994e-02 8.598124209075676261e-02 8.342495121675395919e-02 8.140447688809747395e-02 7.868199331449714229e-02 1.262404894667299438e-01 8.296450755754107564e-02 8.818077234770914374e-02 8.308092276791341491e-02
1.005680772206059836e-01 7.327704594149600514e-02 9.947302902331602026e-02 9.714949274576126226e-02 8.146046329056376434e-02 8.139437419298362064e-02 8.438315589206328571e-02 8.103858895277703256e-02 8.066858721853002734e-02 1.037793800947573869e-01 7.984624167400587724e-02 8.792758777465883857e-02
9.844461898440881598e-02 9.273407395802216180e-02 7.132522603647226123e-02 8.382860949032175379e-02 8.799243207117493637e-02 8.139784790684605198e-02 7.844715315098522990e-02 8.938055262247115995e-02 1.018591630764925371e-01 8.219310224137360565e-02 8.844123929423282349e-02 9.413369081955827444e-02
8.417753886594399326e-02 9.196918172384394019e-02 7.763782759305631886e-02 9.504574706009100149e-02 8.683351792694198046e-02 8.158244918589702133e-02 1.023106349518204672e-01 8.860398152492629520e-02 7.628751906680893147e-02 8.308250934721446435e-02 1.157450032142490898e-01 6.942462273800591166e-02
8.562248542368790238e-02 1.021640680656785150e-01 9.686223972113307268e-02 7.946196183987264128e-02 8.894224811431870881e-02 9.163006025913492114e-02 6.805215029791016057e-02 7.538444662973842192e-02 1.054511908169865342e-01 7.389648769614545754e-02 8.325808765475238571e-02 1.020192227598702289e-01
7.657395089590141035e-02 1.096523438301292563e-01 7.244006476551545504e-02 1.018802661873029342e-01 8.876312285097992527e-02 6.968036835963749287e-02 9.360168706187445287e-02 8.203222166965315476e-02 8.770711428897844109e-02 7.909230133902547810e-02 1.128718599751492163e-01 7.995531108774299456e-02
8.778411903799640537e-02 7.162621857799798819e-02 9.684482552543702272e-02 7.399433875500623092e-02 1.002453036326207692e-01 9.148570096487562697e-02 7.339801558502669077e-02 1.142540107303336300e-01 9.348956825326742992e-02 7.620904291688902765e-02 9.137405550993475678e-02 8.239716172669728222e-02
9.326968100763632918e-02 6.832631812295053564e-02 9.564413721305095595e-02 7.607608776722106503e-02 6.916843096776097155e-02 9.301134410893519000e-02 1.047114702663297370e-01 1.009001715085430934e-01 9.487951007062571385e-02 9.454033674872691639e-02 7.478982124877038562e-02 8.769719702808147221e-02
9.302690938458088588e-02 9.271699511440587016e-02 9.224121288318404277e-02 7.388283885045718313e-02 8.126417371779810772e-02 8.886531722583340676e-02 8.967257900179885499e-02 7.762244871724424677e-02 8.362695771332721850e-02 1.004431417165644047e-01 7.149861302124403684e-02 1.064947313395990247e-01
9.071157841279149647e-02 7.970275501970508492e-02 8.391389510904653792e-02 9.387443563370106991e-02 7.093781458984889376e-02 1.036255166294853952e-01 9.163830132494506231e-02 9.562881619144318612e-02 8.015282177183616352e-02 8.881233864148309343e-02 8.406930986107540027e-02 8.708656886093513183e-02
8.838546902613836354e-02 8.619793546376791626e-02 1.082561524938590453e-01 9.353084091568650282e-02 7.537512853511420252e-02 7.328287935722709034e-02 8.668463414409313672e-02 1.010234499345189635e-01 9.398181822407955521e-02 7.429754899990478889e-02 8.370467731779768217e-02 8.662546546052536656e-02
8.890646027051406219e-02 8.447585937660384570e-02 9.744443160666366177e-02 7.646373382537167973e-02 8.537345300047427532e-02 8.957850288965976682e-02 7.603950725182077874e-02 9.631514401116689217e-02 8.878849325510622392e-02 8.635584380495757439e-02 9.052279207042043807e-02 8.882220317452590996e-02
9.151267052144748670e-02 6.666075343453921331e-02 9.005782536334670796e-02 1.029320620321690777e-01 7.572876216450771802e-02 9.160267944590527733e-02 8.752235668069238694e-02 9.428505761679052688e-02 8.794615662990099003e-02 8.671871412310977467e-02 9.267313240106000993e-02 8.304716713233181724e-02
8.218725216635996977e-02 8.688699513376385575e-02 8.889206387165417278e-02 7.426078998490952265e-02 8.607397835991470458e-02 8.314037676694437107e-02 9.310480618229319272e-02 8.578844495232323952e-02 9.690369068844448264e-02 9.995507710544260238e-02 9.928292000815552854e-02 7.371054478428527845e-02
8.567676531143930685e-02 8.106368147425779824e-02 8.290399663296883770e-02 8.455837942112252870e-02 1.039377318242856035e-01 6.178090109589506190e-02 9.767061388826643598e-02 8.574041370702674414e-02 8.541078579989150321e-02 9.486558770824272957e-02 9.835158143973456168e-02 8.989202869967659326e-02
8.226751185271688471e-02 7.528228781602823438e-02 9.505877351239978845e-02 8.491756516151685585e-02 7.626570724639789023e-02 8.142188820081297518e-02 7.614186372955981941e-02 9.094147115509550183e-02 1.154527934574384879e-01 8.693351604959739798e-02 7.932871814189917936e-02 1.089313269218945973e-01
7.836830142748410499e-02 8.627646199887668843e-02 7.552318951727217400e-02 9.388965803038185065e-02 1.022291292978322469e-01 9.610969314598932778e-02 8.987383902265663749e-02 7.465783704063712334e-02 7.928178784724421169e-02 1.031199705512489684e-01 8.784474021968777246e-02 8.365052432465960863e-02
9.825280811859112007e-02 8.895790709038269017e-02 7.369479549359354842e-02 9.436769898779484578e-02 7.229209316279809616e-02 7.279726256554776287e-02 1.074186888221248110e-01 8.569461363481496730e-02 1.054498202945708396e-01 8.599841634556225356e-02 8.971408341444922496e-02 7.798972564848942468e-02
7.964093648008142845e-02 9.765956121811333879e-02 7.666482701654973864e-02 7.128293144267602854e-02 9.333487405040388762e-02 9.616947831800441715e-02 9.708756891045797199e-02 9.051177845318539306e-02 7.179428967174270038e-02 9.593281172601129947e-02 1.003001792965143579e-01 8.126940880612379403e-02
9.319054256519722357e-02 1.016770687737863915e-01 1.026583638322351028e-01 8.143082075789329077e-02 1.060042204142667283e-01 9.103164423932015581e-02 7.898165063574771882e-02 7.250833771809367390e-02 9.805290370494129659e-02 9.217382932626259906e-02 7.413082027027594056e-02 6.243578161774473306e-02
7.860181826759714274e-02 8.942901348091215896e-02 8.123719903821054189e-02 8.834547735048051131e-02 9.963928234508687143e-02 9.034042884547603680e-02 8.604113350569002339e-02 1.042385470637838679e-01 9.035506115892971701e-02 8.409682311698277180e-02 7.306759691017578051e-02 8.462908347201909820e-02
9.298092759018773690e-02 1.033287520809399590e-01 7.162855010060076300e-02 9.077954961735261452e-02 1.145311565828473072e-01 7.425372574322701424e-02 8.629936455926782990e-02 1.015380217828441567e-01 7.595113793009124203e-02 8.030287264020262439e-02 8.910040931778949458e-02 7.302313240117069837e-02
1.025855910315654623e-01 8.329117914251468746e-02 9.408085146827481482e-02 9.642221721156246650e-02 9.729878117122531256e-02 8.869217783885288697e-02 8.625734243346269703e-02 9.161889394943158182e-02 7.328682392295585157e-02 6.833034698334768120e-02 8.073088090996477506e-02 8.850109566111460935e-02
9.644786003961060283e-02 7.243148348076508536e-02 1.066327619805095828e-01 9.749525766028520335e-02 9.635357457970292194e-02 6.916070073442026622e-02 9.609264767519712369e-02 9.364799035894542933e-02 7.972305223823561438e-02 8.764801418421944157e-02 7.829590982558476409e-02 7.846699741281788765e-02
6.974313915692546828e-02 1.029517222958392791e-01 8.527146014438241606e-02 9.211927784352227921e-02 9.078767789164236823e-02 1.014064770195283877e-01 8.290711284674485981e-02 7.091782310513262966e-02 1.030329586505698003e-01 6.491865104677820020e-02 9.349106994802061643e-02 9.637430983650037419e-02
7.421866878146392288e-02 8.392004954809462181e-02 1.143722816368432788e-01 8.456295811543042273e-02 7.621674566818766039e-02 9.876861385719180875e-02 9.431828337077112490e-02 8.518613759593769708e-02 8.481241194071804934e-02 8.047742472587737783e-02 9.117788429060387501e-02 8.340415983443380532e-02
7.301021940624488615e-02 8.900726389784723025e-02 8.500751942869856637e-02 1.025404968453787480e-01 8.730996934002450971e-02 9.903386626617566302e-02 1.042855319855981455e-01 9.972824524206654051e-02 6.780826121802349671e-02 8.252928533176621950e-02 8.228067479243927895e-02 7.971149010457156958e-02
