-1.829820596546131162e-01 3.119134332621291417e-02 -6.080671437668509066e-02 -6.816290446360991607e-06 -1.075256479441174806e-01 1.712590824911598142e-01 -5.041136613257873877e-02 -7.406779438684593653e-02 -6.973918498685966177e-04 -2.584815673632028313e-02
1.925439551133382651e-02 3.307778646267513917e-02 -1.833180286954845806e-01 -3.677736728223265222e-02 -8.138852194757982550e-03 -1.712020611463876615e-02 8.045706588885272181e-02 -2.131307011857330388e-02 -5.224599443654959208e-02 -1.693310277337993774e-01
8.492960236538781016e-02 -4.801792213243012697e-02 -9.245133373120667519e-02 2.129931741967920900e-01 1.798930431045729916e-01 1.400783923946654352e-01 -1.133799423842863086e-01 -1.448828026739775732e-01 1.020970393228762679e-01 3.100336357617921798e-02
-4.750948594181089724e-02 -2.193008782507075219e-02 -2.481357573850088982e-01 -1.033084191281820677e-02 -7.649903907167060479e-02 -2.559530733014331316e-02 5.080851659638871420e-02 1.733765668194437934e-02 2.504877090721194938e-02 6.326725961813370325e-02
-1.385757693970146309e-01 1.641223999305477521e-01 -1.239419643146013605e-01 -9.548926917821821958e-02 -1.025214567920892383e-01 7.463418522879265715e-02 -5.388229779446784135e-02 3.221619408074155849e-03 1.443532809635518499e-01 -1.393049797523645272e-01
9.394993292637228433e-02 -1.742023371913425933e-01 -3.922798792062636569e-02 1.033537157488348124e-01 6.110098021440157207e-02 2.086681598331280307e-02 -9.878156002898060006e-02 -1.333618589378145758e-01 -2.346351114994604109e-02 4.901325396199765483e-02
-8.134252006962684745e-02 -8.734134183369002269e-02 5.224888577162054015e-02 -8.579546049397689111e-02 -8.336810371721407875e-02 1.127533866322869005e-01 -1.708963047381686085e-01 -5.896905103175286919e-03 9.228416141958080410e-03 -5.880963828647689517e-02
5.613243792939465182e-02 -5.155756902399871722e-02 -3.359630705119177885e-02 -1.224540091559700727e-01 -5.238879730392207584e-02 1.370457874216311212e-01 1.991405396899081914e-02 -8.205965704399856286e-02 -1.286311073910006153e-01 -4.125906191172923343e-02
1.780593097861640425e-02 -2.518191570684957803e-02 9.151356695529560409e-03 3.743781053957571242e-02 1.925346399464325509e-01 1.066768280188698653e-01 -1.466509456316568705e-01 -9.132449555729492408e-02 3.933207729177866721e-03 7.223448173495786162e-02
-5.575086208967083845e-02 1.195024398762223328e-02 -1.017531657040817161e-01 7.482448244725078967e-02 1.638727793745122785e-01 1.007917886949436098e-01 9.426735984653512868e-02 -1.701064469838829141e-01 3.923917786804395624e-02 1.026747538921561897e-01
-2.383338996278069610e-01 -1.286625104740526937e-02 8.381773005754922234e-02 6.673548677142419894e-03 2.899133175086043845e-02 7.412387521537400215e-02 -1.525439458019120335e-02 -9.486643429040597653e-02 2.189752864528860324e-02 4.321218721098057935e-02
-3.098732580406645676e-01 -1.560204043116666765e-02 2.462517281946441719e-02 -2.546498112864610808e-01 1.035429061218278018e-01 2.981984930910137888e-02 -4.256380063921390289e-02 -3.399499770545432592e-02 1.479708229176552592e-01 -9.928699942099387943e-02
-8.875999713966670202e-02 1.394182953298391675e-02 1.507132561391117537e-02 -1.197293099605692135e-01 -1.494504590945679723e-01 -4.664063092193860421e-02 7.004353565818623173e-02 -7.150510871372893484e-02 -2.795567611031315666e-02 -4.102823299329633189e-02
-6.219979184206173711e-02 -1.326687803338110760e-01 -5.148711089648744244e-02 -8.501143879648381807e-02 8.905630639193923281e-02 3.136786377627728134e-02 -7.442096240802999196e-02 -4.518379050216003723e-02 3.777053557320464439e-02 9.145230191531383834e-02
-5.349847792007159791e-02 1.341961929669462927e-01 1.226604873421311137e-01 1.184825607409225601e-01 -2.062825729320055118e-02 -2.685334453547149614e-01 1.241920589844699996e-01 -2.269377642074467752e-02 1.087459916460824100e-01 -5.455302232890390374e-02
-5.389483584452528508e-02 -9.620427155507740857e-02 3.000145834162430691e-02 -5.306883511322313396e-02 -6.932519087098434896e-02 -1.857880405792717571e-01 -5.804160415077935092e-02 1.201342560575517915e-01 9.373788210579729954e-03 -2.495220699934118380e-02
-5.480024170444419696e-02 1.753629020533962468e-01 -4.138559173399051355e-02 1.161272446757067450e-02 -4.793600320126300326e-04 1.018416784027897926e-01 2.907915223262438550e-02 -7.925829289174644854e-02 1.211278993806420012e-01 8.585036613700108843e-02
1.349419232120164375e-03 -9.166775202808515044e-02 -1.285825055416895957e-01 3.507344775264891606e-02 9.393144061512985477e-02 1.243732758142103156e-01 2.529882913134363920e-02 1.174804201115905722e-01 -4.941260907014952131e-02 -2.317028326612410524e-02
1.544325427034625720e-01 1.609301231178994207e-01 1.208086942914154971e-01 -5.524094308987662072e-02 8.150745800974769362e-02 -2.052509790463318690e-02 -9.880006685314873804e-02 2.145526058327655028e-01 3.136359133144014238e-02 1.222462477965087328e-02
1.441741873234655136e-01 1.106730864538008341e-01 -7.095548004137219866e-02 5.197705418822223117e-02 -1.291553492481663790e-01 1.170360349101119968e-01 -5.640247451527796024e-02 -4.359781296958541164e-02 1.562934923604331339e-01 -2.656367166391878157e-02
-1.730539539055045983e-01 1.365002215400406838e-01 -2.289425459044300282e-02 -1.118607838261278797e-01 4.589559294414893853e-02 4.483544560037769529e-03 1.876675409534951933e-01 1.036659594732931150e-02 1.734566685737905234e-02 -1.589595432918805840e-01
-9.342036639130739395e-02 -6.709248174323932667e-02 1.902672896073771824e-02 -2.800779374493075902e-02 -7.623312006822069442e-02 9.061375597227475098e-02 1.468605282010853053e-01 -2.431672854307439374e-02 -3.851302743473161705e-02 -1.168805627899991307e-03
1.854396810358806269e-01 -5.348147698523160465e-02 9.474986153313713633e-02 9.642705421470947058e-02 2.275340814458783056e-02 2.153372513526912585e-02 -5.633154097468476285e-02 -3.582129080136089300e-02 -4.140565531429873242e-02 -5.464755961404696438e-02
1.020730772903647998e-01 -8.486717729379442132e-02 1.606796972791100370e-02 -6.278419229417007974e-02 -1.040288527705927751e-01 5.063609292354375596e-02 8.964948031260039363e-02 1.815040773675399011e-01 -1.590798119763602858e-01 1.609903804195890187e-01
-6.662607410840785949e-02 5.335093231838460709e-02 1.776436502085931152e-02 -2.313209479531410651e-01 2.100222113671363910e-01 -2.733214836526930147e-02 1.025736012739070085e-01 -1.954611600390361859e-01 2.892794571657797669e-04 -1.121023314160769085e-02
1.138942964286633608e-01 -6.015699047745829559e-02 -2.493801253643724430e-02 7.096654937991326087e-03 -1.125231378459803921e-01 1.190942476536375194e-01 -1.146121250186055429e-01 2.060566307718343648e-02 -1.361303210959433352e-01 -4.262381731609410362e-02
-9.486893740996249491e-02 -3.466234713752189972e-02 1.056908585535094591e-01 3.176103213107804579e-02 -4.122732125818794752e-02 -4.789661098583686272e-02 -1.943523066436761426e-01 1.370603561294916062e-01 -4.169067051374356764e-02 2.149761665726547255e-01
2.742259441633930830e-02 -1.145861195738049343e-01 2.673662251082240676e-02 -1.269930915209184497e-01 7.516095124493690771e-02 -1.330017529024189564e-02 -1.181833592478745143e-01 -1.696981981077558266e-01 1.531128480022274918e-01 -9.575937210596395521e-02
-4.863524387900352436e-02 9.662473756982060957e-02 4.815790494978708543e-03 5.288806580467757951e-02 -5.049675088529836237e-02 4.101029236162340164e-02 5.296294834337986202e-02 1.036475034821686576e-02 -2.544325243522106983e-01 -1.290798386952110854e-01
-4.234471967485672200e-02 8.458421363821749805e-02 -1.845025927612744809e-01 -1.863834268896029656e-01 -1.384159804603957988e-01 -1.876099884016527441e-01 -1.189397472070249234e-01 4.032814526717389686e-02 5.526361962733922217e-02 2.114910370875567117e-02
4.323275446343238793e-02 -5.701534895469837633e-02 -1.750197539154640103e-01 1.370076668361273897e-01 -1.661421565014564727e-01 -6.633680674286800139e-02 2.516898210153275736e-02 4.682118358909272138e-02 -9.765825417589968360e-03 -6.012855067977565526e-02
4.694894980660982778e-03 1.745929380532438777e-02 -5.578383607479242556e-02 3.017942131090476515e-02 1.189408901521312317e-01 8.894344256698619167e-03 9.313885630182558439e-02 3.396314745479612346e-02 3.474174590315189798e-02 3.591150299591925471e-02
-9.667339255610393756e-02 2.735373697968778925e-02 -1.155153533109177372e-01 -4.762002120666346261e-02 1.497725373768585555e-01 -6.681173327830888797e-02 -8.539050509616900875e-02 1.654254876572860619e-02 1.223833464837244256e-01 4.746899226893041418e-02
2.255185814313118431e-01 -5.917817235514392232e-02 3.450050221652198410e-03 -1.103779576160024700e-01 7.306706085920870730e-02 3.479156955521147537e-02 -1.084681479887289642e-02 7.035035262064727457e-02 1.552749503791028829e-02 2.174500340508567220e-02
-7.511687226106603110e-02 1.039403829996993212e-02 1.718137293483649186e-01 -1.040211588254336822e-01 1.874764397130890825e-01 -3.265001514607956262e-02 1.571256368510344503e-02 3.394322047342750170e-02 7.954351071128620831e-02 -1.029337401466450946e-01
-1.213882024481909884e-02 -4.162951222599936552e-02 -2.271404321769458778e-02 -1.892581522286098522e-02 1.618283085098670415e-01 -6.670135520568808152e-02 1.002540743399059874e-02 8.887380580952239373e-02 -1.620664365166051002e-01 -1.090330510973156397e-03
-2.107937215100181561e-01 -1.839199307561397989e-01 -7.726723548085795423e-02 1.167348379302619032e-01 2.955058180912073507e-02 1.932466366462557150e-01 8.486559400670876108e-02 -4.172900880208023355e-02 -1.546303429191693279e-01 -7.617408824838715897e-02
-1.741191354003944203e-01 -4.079152524443491884e-02 1.195223077628483205e-01 -2.361510944725317696e-01 -4.376057600146582988e-02 -4.087194239075923191e-02 -1.573919620014241350e-01 1.984382590780226635e-02 -1.449913630811196230e-01 -1.780927334472474574e-02
-8.919780363267899859e-02 -1.060144588632994378e-01 8.161658972223571895e-02 6.843049509307695677e-02 5.124408650696700950e-03 1.114566715418904147e-01 6.002661542378793375e-02 -6.730516593036103834e-02 -6.252140922221326169e-02 6.750446216695225876e-02
-1.416610884103019011e-02 1.440360537258933149e-01 1.491836460543792542e-01 1.238947982560403283e-01 -8.806124803685999591e-02 4.963299142324963109e-02 -1.182904976586564294e-02 6.798413608250615525e-02 1.327589030870293951e-01 -2.036433693284304958e-02
-9.013675480893010294e-02 -9.103515486954533165e-02 -8.006507824382287641e-02 8.795216262338046917e-03 -1.574141516615753522e-01 1.507199646428554474e-01 7.853119328196576932e-02 -6.654200955802822004e-02 1.681248526662267595e-01 5.017427549726141689e-02
5.366878311485927949e-02 -5.261229333106275802e-02 -3.649232113343692935e-02 -2.528682246273263393e-02 6.198216237946176099e-03 -1.214359692048943701e-01 -1.023498510625750479e-01 -1.083370974829705596e-01 -7.419789039961513510e-02 7.555723413709369840e-02
-1.401348579790942517e-02 -4.923290169460945581e-02 1.394411281538361358e-01 -2.678416263051895674e-02 1.888293614375055884e-01 -2.550506028127703106e-01 -8.838921327031326602e-02 -1.739918315337966870e-02 6.157716944919863766e-02 9.508499432773294402e-02
-1.910248098673017134e-02 -1.116590562654551887e-02 2.982919345368840406e-03 6.939237412448176490e-02 2.321259642182610661e-01 2.335321273007448170e-02 -2.285908206560844855e-02 2.792462424008106472e-02 -7.400449570053278803e-02 -1.792361281798715913e-02
9.866241170306699892e-02 1.136710273247284369e-03 1.360333227447638460e-01 1.334998975395379761e-01 4.495254638457729657e-02 5.311095753646987577e-02 -3.427966920651037003e-02 -1.947180527519287441e-01 1.994444098473183505e-02 1.463042876039356288e-01
-8.227621565374061696e-02 5.655247643132171875e-02 -3.281996946558448508e-02 4.166344126791619168e-02 6.539176443708653863e-02 -8.687405460892347331e-02 1.170020293212275520e-01 -2.400616434017782339e-02 7.643369742785433539e-03 1.430828940933600961e-02
3.667938277109456663e-02 1.518919885453253737e-01 1.935378171273664447e-02 6.591083091596716681e-02 -7.499498047186502203e-02 5.017450093920294146e-02 -3.497263734122652706e-02 1.134094789410659276e-01 4.980152572851088977e-02 4.023430049791529295e-02
1.140023272286957018e-01 -5.979006727959199075e-02 4.849480010249120759e-03 -2.137693729591032266e-02 -1.608327669411557803e-01 1.554363355255547301e-02 -3.848064385574176405e-02 1.142454518131051089e-01 -4.058310286707629555e-02 1.566361662689959300e-01
2.676012391614914776e-01 5.994932950551643686e-02 1.198125934679347866e-02 1.559833648883923729e-02 -7.781883961702629193e-02 -1.407319400160928213e-01 -1.760190289972523858e-01 -5.506492327288282917e-02 -1.746783320615000190e-01 -1.238127897358262119e-01
1.424718164301570500e-01 -6.399835355861700770e-02 8.658885279493366838e-02 -8.171040358836978434e-02 -5.515350407343126010e-02 2.795873867548764533e-02 1.432854276946023409e-01 -1.710383095939357889e-01 1.512171656299269619e-02 -5.830911461633795506e-02
-1.880329751346789813e-01 2.959869480610978704e-04 -8.467324192240173464e-02 -4.942360573269099361e-02 -2.071068972653410806e-02 1.054677617894409468e-02 -1.101388387746096015e-02 2.246152716138778149e-01 4.080887081440065511e-02 2.447444013052043482e-02
5.587798971696518457e-02 -1.861916975007793518e-02 2.406795460604841536e-02 1.824328317138863495e-02 -3.151050652697495735e-02 1.655787700518504546e-01 3.284067081044785789e-03 -8.610953144931687842e-02 -2.750655955296232510e-02 -1.618608967234446139e-01
-6.982535526414467009e-02 -1.113825634857766450e-01 6.580648369011722620e-02 4.391453100968091550e-02 2.188803586097119724e-02 2.874738456203018364e-02 2.702560044363334218e-02 3.563208193116046418e-02 -4.566022529759983239e-02 -3.537077898054787062e-02
-4.505870146818691246e-02 7.269638461859039003e-02 7.257480954069114865e-02 1.757658742742859992e-01 -1.239500330029402186e-01 1.736013499926592207e-01 2.153327812075874273e-02 -1.348991517022775921e-01 8.662511875081735369e-02 9.196140005668514139e-02
-1.718405767436012865e-01 -4.065353709598702042e-02 -7.277900565363215613e-02 1.349466040323041849e-01 -3.321488916509143102e-02 5.194411431417984837e-02 -1.033344217210294264e-01 -1.032824921517618705e-01 1.649138327424371775e-01 4.240601195850640659e-02
-6.055046917849491589e-02 5.674355134336803164e-02 -1.181605477844798191e-01 -2.171522391997421364e-01 1.678258583539270210e-02 -6.527867678636320448e-02 -2.878365077475805722e-01 -3.213544123134823294e-01 -1.086716017982005955e-01 9.581610901348229514e-03
-1.438300915870290575e-01 -2.576917698117841757e-02 -2.726763549661314137e-02 8.707834148320370282e-02 -7.294115101620156361e-02 6.945107014706199122e-02 -8.063926764252515866e-02 3.022995346021345453e-02 -7.125211919216151157e-02 8.923581977433717172e-02
1.570407843993861241e-01 -1.321494614670408740e-01 -8.972886157762696366e-03 1.358300025357452034e-01 -1.521987610043923633e-01 -9.205076709181679584e-02 -2.569336482504151753e-02 -1.949195257267024098e-02 9.412402664570017341e-02 7.366243463019843396e-02
-7.621393081165929451e-02 1.631813325760139016e-02 1.545378908082661873e-01 -9.445721879053428638e-02 1.310750297702128753e-01 1.844595105577175875e-01 -2.126266764947026544e-01 -1.261052702540039760e-01 9.661413324773204196e-04 4.146084248579442327e-02
7.569627495186605215e-02 1.970229083692519312e-02 1.274009704966849732e-01 4.049972815154373462e-02 2.070264987600794592e-03 1.623538423367881511e-01 5.730448016064587646e-02 7.063711627320283515e-02 2.746140331486657260e-02 -1.403236859360116988e-02
9.394694314725060558e-02 7.247666884988333835e-02 8.017913718528119071e-02 -2.623217119504611117e-01 -2.594570174827927622e-01 -1.056125312683748457e-01 7.355681001072585101e-02 1.264609013386238170e-02 1.354110296804466318e-01 8.665944662088337358e-04
-5.598052226866771092e-02 6.932972757128228088e-03 4.969440416061388088e-02 -1.072014335491478232e-01 1.458222507488272403e-02 -1.393805811725284394e-01 2.357055335947742542e-03 1.282475769371904384e-01 -2.714466413225830599e-01 1.483236671322974987e-01
-4.545090547786461571e-02 -1.027680904457408256e-01 1.137185503463770675e-01 1.015874628570844901e-01 -1.994381634781291213e-01 6.242902920860245175e-02 -1.369815677193547410e-01 -3.178816220780265184e-02 8.633059262976743031e-03 5.087590286743068346e-02
-7.139655148390541828e-02 3.494514414841527750e-02 -5.528578816248916339e-02 8.955297823086873221e-02 -8.185422896374321133e-02 -9.063534274455822826e-02 -1.643992432360942280e-01 -1.135054566464827747e-01 -1.243944597113456896e-01 -7.366221025355469687e-02
4.441013014718287605e-02 -1.422970607592981829e-01 1.655427148805722337e-01 -8.257110193336876514e-02 -1.842434493867588507e-01 -5.133234413090520531e-02 1.342563607620618493e-01 8.484235479103152677e-02 8.696961491827250035e-02 -3.338332061073041174e-02
-3.491134115761963808e-02 -3.098134610775831257e-02 -1.521613501077165309e-01 -8.138074212630154458e-02 -9.599856602213302503e-02 -1.055067330969695688e-03 1.091655949095255047e-02 6.486630434835170822e-02 3.755483120686137211e-02 -1.581008363833821470e-02
7.377858107724388770e-02 7.459816541359780284e-02 6.598378768489802926e-02 1.856169635382919902e-01 -1.467872197240171761e-01 6.258435020815987515e-02 -1.687276454885527910e-02 -1.572712989370896319e-01 -1.884397067674697390e-01 2.478447410229992626e-02
-1.322740953739844350e-01 1.653592470801318326e-01 -2.451971331284197309e-01 -1.311635197765923244e-01 -1.138538093043586080e-01 6.000963974137768497e-02 -8.945537890024307659e-02 1.196861383753003993e-01 7.209291806166596983e-02 1.830838565147304906e-02
-1.869796832140870890e-01 5.909889041148880251e-02 1.338034782240004605e-01 8.135491503323782903e-02 -1.920639327384761341e-02 -3.416792578670568847e-02 -1.274302474227911874e-01 -7.920469462345291686e-03 -2.637670093197748422e-02 -6.832798909131490572e-02
-8.210529151501914577e-03 -1.047143106349855968e-01 1.333362874893458984e-02 6.065141300251425394e-02 -1.126139711692838996e-01 1.726143584056560876e-01 -1.763104116985147844e-03 -7.891658579201396573e-02 -4.676543496097146368e-02 -2.042197036217757167e-01
-8.913238878323970216e-02 -1.418959804638237482e-02 -2.338733847784811581e-02 -9.821948658757209683e-02 -3.586611520254378432e-02 1.277222441144947596e-01 -1.359481468136309115e-02 7.593168157923804729e-02 4.246449877954440455e-02 7.504687093853401603e-02
6.943578949270746981e-02 1.920906464171534545e-02 3.683160111156508904e-02 2.134680350603125609e-01 -2.897722325023337209e-02 -1.131835671265282450e-01 8.520505647667988083e-03 -1.908269177378750514e-02 -5.439254132781089907e-02 1.897542043697063308e-01
-4.893554526477218204e-03 -1.198920253817672699e-01 -1.020807115048597141e-01 2.986465463854776070e-02 1.380881605109129384e-01 -4.989473315362888406e-02 -3.850274746280393269e-03 -7.373274881546630806e-03 -1.671277329243313625e-01 2.425652125162018266e-02
-5.172729046943497222e-02 -5.208986749034610897e-02 4.732538956949222664e-02 -1.397681783455847204e-01 -6.725879856366469289e-02 -3.786173961569167662e-02 9.736456801312301512e-02 4.506587087161059713e-02 1.069081431462921838e-01 1.163589066597745525e-01
4.293359179590167801e-02 -7.683188729793086202e-02 -4.945957511259810313e-02 -3.711069066792510585e-02 -8.506917365305155174e-03 1.231801197935905867e-01 8.121034565155238472e-02 -1.157673040654003532e-01 2.135153036581124431e-01 9.185248244805798920e-03
1.353472146836637025e-01 3.914675392412538674e-02 -1.134518669121740431e-01 2.416746261764696202e-01 -8.022020071715260658e-02 -1.204234279663434909e-01 9.148588174622945476e-03 -1.066173412240857543e-01 2.537005426418133605e-02 -3.615310793449914850e-02
9.228957408484204927e-02 2.016130628228433863e-02 -5.177393891057266440e-02 2.292707020072971835e-02 9.963130757320642558e-03 1.692322173016067577e-01 5.885360034193090617e-02 -3.966058782066952948e-02 -1.262106715444928084e-01 -1.908368311581689139e-02
-5.762007911382865250e-02 1.664957898544796588e-01 -2.178959220449968037e-01 7.079043537127353847e-02 -1.824148621485228161e-01 8.420566429443304690e-02 7.528593198922782503e-02 8.572082987960866207e-02 -1.112587692379044674e-02 2.738156020543193458e-02
3.044198556040751680e-02 -7.463186808331905009e-02 -5.946607901383495209e-02 2.394098853219004536e-02 6.550450424856821274e-02 -1.482352835401895275e-01 -5.502906095091371352e-02 -3.555123926411205004e-02 -7.800777565936029001e-02 1.997144681141287959e-01
1.016531925017829796e-01 9.393396178706586025e-03 2.281125794237706672e-02 -1.112386970648260656e-02 -5.923477099616591274e-02 -1.134792349056060017e-02 1.457209641640635212e-01 -2.000756051358582033e-01 1.516280492758477205e-01 -6.604694522490310582e-02
1.235034678508795392e-01 1.531896965382389952e-01 4.132867414532967465e-02 -8.573760465495874894e-02 1.523304518561534662e-02 -1.009935334701856924e-01 1.349310870049484927e-04 -1.360265646471498779e-01 -1.101125143862025368e-01 -1.317813892379083862e-01
1.262721336774250969e-01 1.819898643150268669e-01 7.877747333227076709e-02 1.197034127334423159e-01 -2.577437792875356126e-02 2.000154448697421261e-01 -2.091767180384605448e-02 -1.150014793424644355e-01 -2.817929127500513192e-02 8.288602958769870910e-02
-1.204490751790184416e-01 -6.209572667319197825e-02 1.268710975937365794e-02 -6.540572928381818696e-02 7.774081491143224054e-02 -1.917175494491288323e-02 5.199418249311271722e-02 -6.159680059298397459e-02 -1.318827389479947099e-01 8.984215019178230788e-02
-6.962777669689494686e-02 -2.774704421759464634e-01 -2.251714328431287937e-01 -2.389115596027879818e-02 4.383796897447824609e-02 9.069569877174830930e-02 -2.894916628857300417e-02 -1.379507023009843847e-01 4.360329308142605470e-02 -1.011519364072163696e-01
1.206234277422029710e-01 4.811751242355571945e-02 1.077692663213386526e-02 -5.340780349601392807e-03 -8.626645849512935837e-02 3.663312691121105996e-02 -2.931282804082632754e-02 1.170860684447518479e-01 -1.737399249024679238e-01 -6.580913369483820663e-02
-5.918305648117764411e-02 -7.124274761362011515e-03 7.154205076439648647e-02 -9.808490853700414791e-02 -2.136997871917483138e-01 8.554877937627819798e-03 8.324377002774600853e-02 -2.592906161987471036e-02 2.099603013581108346e-01 -1.029398677131889289e-01
9.087398444765779071e-02 -1.755784828712289025e-01 -7.834008020306655606e-02 -1.732137899611436715e-01 -8.938069596872171008e-02 -9.791587200069562513e-03 -2.384364016152591137e-01 6.930187921859684574e-02 -8.277731933781944107e-03 -1.117247435175166559e-01
3.262172748161815822e-02 1.329746239620134829e-01 -6.571666616333070310e-02 -1.554474815438245672e-01 -1.426553193694119759e-01 1.523558026335601889e-01 -1.392249731020410441e-01 7.924204703924425663e-02 -3.329556073743940650e-03 2.952329693870353600e-02
4.850696302131540100e-02 1.122855190112615614e-01 6.776561116780436406e-03 -4.156409272840690117e-02 4.708419276495032224e-02 4.845047893226041985e-02 -2.733190917032548347e-03 2.270340474572581785e-02 5.617395032537057104e-02 3.513286797004144812e-02
1.771470176837476318e-01 3.675667258546806704e-02 -1.197496248490040743e-01 -2.015807116710446878e-01 1.310034011256233089e-01 8.749798973447903139e-02 -8.637426313624825547e-02 1.672660216502049740e-02 3.467721577175368608e-02 -9.968071565830421976e-02
7.157245004843847125e-02 -1.314060181664116478e-01 1.354282237828864921e-01 -1.316606466915085927e-01 -1.316848221189658441e-01 -1.209424933380004452e-02 7.244744298954011730e-02 -5.170011790944234464e-02 -4.035698479172078468e-02 6.008498698445009431e-03
1.002865876944833146e-01 -1.528052190436851587e-01 -1.240808588883533931e-01 -5.273238604364586385e-02 4.406636271286959276e-03 6.175477452340177864e-02 2.164489317503901500e-01 -6.623419779579974020e-02 1.526206025585992530e-03 3.974352890537249418e-03
-1.785650375652841904e-02 -1.943951660802763909e-02 3.101702141313085817e-02 2.011020983457793843e-01 -1.848938042036603613e-01 -1.722522741342505104e-01 3.359020010843642018e-02 2.289056557654532698e-02 9.116262041713468767e-02 -1.004016459549369328e-01
9.382060009079096208e-02 9.932061873189769463e-02 1.120695541149007921e-02 3.603737347718607292e-02 -1.317202585003234006e-01 1.098712724669513446e-01 -2.710609713577512292e-02 9.323533733239712518e-02 6.518507272824007603e-02 -9.414855143797748200e-04
1.102252370925105862e-01 6.393004339456442864e-02 -4.280554104465961922e-04 7.991025432557996577e-02 -1.283291066355651301e-02 4.971623839280920470e-02 4.596489050852597957e-02 -1.026570207915868949e-01 4.360792425444269538e-02 3.363961287278204731e-02
2.248856151825348593e-02 4.274188381728181996e-02 1.136679612021437302e-01 -1.023494406204931012e-01 1.062043766807228284e-01 1.554590989731008226e-02 -9.316307554539612901e-02 7.385285157034102155e-02 5.811385712451644370e-02 -1.063183572963438683e-01
-7.656137277019654797e-02 6.470237219602310852e-02 -1.870629856272559496e-02 -1.004540641549440116e-01 3.612856356058700980e-02 -1.088146461435893358e-01 9.461272758243627345e-02 -4.633870495310894039e-02 -2.973378687102591969e-02 2.036036434235452552e-02
-5.706742190631289985e-02 7.667174701793835756e-02 -1.335042364385899682e-01 4.997189308601135416e-02 1.007537818807915236e-02 -4.203543885310312422e-02 -1.309340764138888502e-01 6.000270353436526483e-02 1.837043625093345289e-01 4.681211211154096170e-03
-1.022821171742549495e-01 -4.666428615450055745e-02 8.830148988592208259e-02 1.037497542078552881e-01 -9.171990990215641779e-03 -1.228177954477758099e-01 -1.532550999450019436e-01 -2.025578451161355251e-02 1.287548484084871103e-01 -9.664665571504815755e-02
-3.675191198333004929e-03 -2.855170498052258914e-03 2.692331686601454055e-01 6.924610394273138236e-02 7.059682798222789712e-02 1.062624650957042366e-01 5.802849110059864896e-02 3.403345934068249118e-02 -4.915642875705904247e-02 1.671640221775734167e-02
