3.211553417270982536e-01 2.908830419716455506e-01 3.021645615524460871e-01 2.978749506334947283e-01 3.112583305182942128e-01 2.722225604561041568e-01 3.037669027440346725e-01 3.080566383517124862e-01 2.938770196989629602e-01 2.987406523462074470e-01
2.913724517321218399e-01 2.899537768670851223e-01 3.206892077211442871e-01 2.993130964664354465e-01 2.955979708223521740e-01 2.995669228924058292e-01 2.858924191644971469e-01 2.971431636264473264e-01 3.020876624170558689e-01 3.183833282904550699e-01
2.927508458931650237e-01 3.104027981687156323e-01 3.179527731983777805e-01 2.773421438599984468e-01 2.819576246481386717e-01 2.862169869396254951e-01 3.196996749168555807e-01 3.224195806595647196e-01 2.897439441561154849e-01 3.015136275594454407e-01
3.018387389637031126e-01 2.985872890255035772e-01 3.280812104190801159e-01 2.959097225429986322e-01 3.058396622463210313e-01 3.010669489916651953e-01 2.897713281387089279e-01 2.951475213958552057e-01 2.945997920086753097e-01 2.891577862674874488e-01
3.166015703330317121e-01 2.716089519591442514e-01 3.123264779769461263e-01 3.106987849343568198e-01 3.076781956693922515e-01 2.852344956977510559e-01 3.066315847524108129e-01 2.975763189270521636e-01 2.745998137806049955e-01 3.170438059693061472e-01
2.849424618553551003e-01 3.221282930200125572e-01 3.036791256816389617e-01 2.838696733386278925e-01 2.917220908640117405e-01 2.960053746010975484e-01 3.097747546004261388e-01 3.147931442808411528e-01 3.017787543265908479e-01 2.913063274313911766e-01
3.064684957712230373e-01 3.055640850639816941e-01 2.862668429464407804e-01 3.080082333745656764e-01 3.064367685743498715e-01 2.779870118125676859e-01 3.184871881275018191e-01 2.966933521482910674e-01 2.918567784239070040e-01 3.022312437571702537e-01
2.890584886258091846e-01 3.033974219549081530e-01 2.993089042247182863e-01 3.121467545174337888e-01 3.040813615661132063e-01 2.779559388815052712e-01 2.936844522964294213e-01 3.072241089796367564e-01 3.124897915443891616e-01 3.006527774090592131e-01
3.005505275975799417e-01 3.049138925202394823e-01 3.014981106374380326e-01 2.993262148512831899e-01 2.774389402536622806e-01 2.878859389526590151e-01 3.217958180566747872e-01 3.132104133789782030e-01 3.001421490957901228e-01 2.932379946557028827e-01
3.111860400840056329e-01 3.008110284206666485e-01 3.160169718455890231e-01 2.945292058655576417e-01 2.832936401362695644e-01 2.906166202828782685e-01 2.907878173272208100e-01 3.263984014559065949e-01 2.974200702328897439e-01 2.889402043490167937e-01
3.312240747104028271e-01 2.996772234932796319e-01 2.857045517301053938e-01 3.003355827186801053e-01 2.968141612771368898e-01 2.874584024521753545e-01 3.007988745941780340e-01 3.132197134971642649e-01 2.939222016662279557e-01 2.908452138606477666e-01
3.367798182891361680e-01 2.916733501081888447e-01 2.896523871135864292e-01 3.310790424108283614e-01 2.796014005591545559e-01 2.882216636030878743e-01 3.035965372304729737e-01 3.009562650386141680e-01 2.712178118109184188e-01 3.072217238360102076e-01
3.070900544061161974e-01 2.927787303821580145e-01 2.909307097913628182e-01 3.095630379410467259e-01 3.141249802953001158e-01 2.991584597308794002e-01 2.847257071838587006e-01 3.052334521846737925e-01 2.977622633262393403e-01 2.986326047583672816e-01
3.063185716050139673e-01 3.136949755924718364e-01 3.025831358951412975e-01 3.092593175763507229e-01 2.860016725681956418e-01 2.927515557416280334e-01 3.078452181317676839e-01 3.040798293750155423e-01 2.922673354109893706e-01 2.851983881034265700e-01
3.100981571287889649e-01 2.855607733302820694e-01 2.882837804535112736e-01 2.862067521579554352e-01 3.051980650046626775e-01 3.369557400292617633e-01 2.843098662214470496e-01 3.053700934526253907e-01 2.885930945461261388e-01 3.094236776753392926e-01
3.016139484046029273e-01 3.077573471627295665e-01 2.913733778095347615e-01 3.011988717072722199e-01 3.027731000796190508e-01 3.192984388526129980e-01 3.026759516484168189e-01 2.789396337185189867e-01 2.953872233769237465e-01 2.989821072397711443e-01
3.139350306788372680e-01 2.804185203745419575e-01 3.090605236958305357e-01 3.042487526920153451e-01 3.043055143049624434e-01 2.895588766821121096e-01 3.013171306983892794e-01 3.163711551683949796e-01 2.868330265002287383e-01 2.939514692046852895e-01
2.987719267437211612e-01 3.122158105246445881e-01 3.181375100551945279e-01 2.960095548589273262e-01 2.891976013392094647e-01 2.873214555010459303e-01 2.995475455519469032e-01 2.854490973748998184e-01 3.084673119792043505e-01 3.048821860712025988e-01
2.875658960437963430e-01 2.859339853983557944e-01 2.937477578023933167e-01 3.161714023851255884e-01 2.938416941873979171e-01 3.103875298148183748e-01 3.223115498446805227e-01 2.771495724437086916e-01 3.038850474860440576e-01 3.090055645936798934e-01
2.855516674639098085e-01 2.888499374265505737e-01 3.124056516402101691e-01 2.962133707313017728e-01 3.194200523182447737e-01 2.862684809231351157e-01 3.112193173111026945e-01 3.096617967899669144e-01 2.817349027555614005e-01 3.086748226400195527e-01
3.221612483200223531e-01 2.785470260873923465e-01 3.025599667607011267e-01 3.151241377905659169e-01 2.924072803695192402e-01 2.990974594051818980e-01 2.766760744092191526e-01 2.990146920161167454e-01 2.948072576493110941e-01 3.196048571919685166e-01
3.113691281381658627e-01 3.083063906118160280e-01 2.943692412904910238e-01 3.024919252006985637e-01 3.110525031358391534e-01 2.871442215367153161e-01 2.794387525827687346e-01 3.044366631891793906e-01 3.045406798439683760e-01 2.968504944703575510e-01
2.770624973317847850e-01 3.110374980420302915e-01 2.913739131609766608e-01 2.893485881616527644e-01 2.999521742591030327e-01 2.998200288558606208e-01 3.087709909414144693e-01 3.051138722442787166e-01 3.080088192020903337e-01 3.095116178008114893e-01
2.882413007642969371e-01 3.158349367792890328e-01 2.988992835942035908e-01 3.081311446861381143e-01 3.166265922725211568e-01 2.965296794876304265e-01 2.893666868180022611e-01 2.793905365406927910e-01 3.261921554007838342e-01 2.807876836564450196e-01
3.091881013372306253e-01 2.891294024273772800e-01 2.957359572394852587e-01 3.302094592760653757e-01 2.700786113033669111e-01 3.007870079416595233e-01 2.855090020788569882e-01 3.239669311410792729e-01 2.963885031185001240e-01 2.990070241363778081e-01
2.811090933666306468e-01 3.063070695775599317e-01 3.003770642945409741e-01 2.956100104957522512e-01 3.121389955691121765e-01 2.814785009061758769e-01 3.116862436600703612e-01 2.933309537053561122e-01 3.149620615497394915e-01 3.030000068750621223e-01
3.140688456122527894e-01 3.064428453176530898e-01 2.854129913126757789e-01 2.972050338490271892e-01 3.053864163258141473e-01 3.056007547047870920e-01 3.247578461280740125e-01 2.826228038744545978e-01 3.065775433133857697e-01 2.719249195618755888e-01
2.933618653846589153e-01 3.088025917426484579e-01 2.914801986357453689e-01 3.135573115148848622e-01 2.856214602479568709e-01 2.949134967373904237e-01 3.123292331667535948e-01 3.177241422711761798e-01 2.735233453743419196e-01 3.086863549244491245e-01
3.020359870204026853e-01 2.856243838052456852e-01 2.976698734970718574e-01 2.904711374491370512e-01 3.046346282263728833e-01 2.933578399676147752e-01 2.897195044217309445e-01 2.946183555223493289e-01 3.293386683146171667e-01 3.125296217754560679e-01
2.984831254884374729e-01 2.788945414330265549e-01 3.159875807892306154e-01 3.153366229883374228e-01 3.057118167602521086e-01 3.152693545946124165e-01 3.079209041795408219e-01 2.857391839672822065e-01 2.848855669540785174e-01 2.917713028451991431e-01
2.881322150426403050e-01 3.050888654508270847e-01 3.204257078866006303e-01 2.753020423367766867e-01 3.181591932438573855e-01 3.068658816278759249e-01 2.915006207497300439e-01 2.898174934583246931e-01 2.996492564511246681e-01 3.050587237522375261e-01
3.028636764439135987e-01 3.009639530075391423e-01 3.118145729100345043e-01 2.999604521250117117e-01 2.883472174016774581e-01 3.042814001554533521e-01 2.924674788872415609e-01 2.995753519143956600e-01 3.000151143951172994e-01 2.997107827596138252e-01
3.127774210137972410e-01 2.930025520090430713e-01 3.150918558930315139e-01 3.070820736725670130e-01 2.775362259098332895e-01 3.080827990561033625e-01 3.122443864196976504e-01 2.965359736844468408e-01 2.825000579723279115e-01 2.951466543691543265e-01
2.734434196721718946e-01 3.110066652146840083e-01 3.031254131443913979e-01 3.166594143597818434e-01 2.928182018771879891e-01 2.993056569926828558e-01 3.056841079430114294e-01 2.930760234684683940e-01 3.026933829403282705e-01 3.021877143872959692e-01
3.127784117832708710e-01 2.990316988342577309e-01 2.804338898935461732e-01 3.183442643205825484e-01 2.772736574813371435e-01 3.061952457812758821e-01 3.024473118662039939e-01 2.975792289077416886e-01 2.903140242932262249e-01 3.156022668385569663e-01
2.987230915364043060e-01 3.044163006034282248e-01 3.033104982301458308e-01 3.013866413078625794e-01 2.772423610513059522e-01 3.104242113311600493e-01 2.984211470100706087e-01 2.855703106953433323e-01 3.212502462307318396e-01 2.992551920035411150e-01
3.210171337315514406e-01 3.194495005085792316e-01 3.043890669405859284e-01 2.813186182972640115e-01 2.954415213194221401e-01 2.725992871092223213e-01 2.849358946045312257e-01 3.025598738295726675e-01 3.157428270122319969e-01 3.025462766470446985e-01
3.150288445295914008e-01 2.960180429369396737e-01 2.736004716562316919e-01 3.236913821084590470e-01 2.962110799927920590e-01 2.943153865175951456e-01 3.122220305666235651e-01 2.883618083660511866e-01 3.083866100621526773e-01 2.921643432635681048e-01
3.127962070660241234e-01 3.158394735217089910e-01 2.881722933730380132e-01 2.925502406262190380e-01 3.031734184650397013e-01 2.863315235767242006e-01 2.917625504376525347e-01 3.112754162382693757e-01 3.091162911143249814e-01 2.889825855810031485e-01
3.099578347735540418e-01 2.880400463992069948e-01 2.873539145268898531e-01 2.918349981920733693e-01 3.185458912102876461e-01 2.986751305912343502e-01 3.085921368074184823e-01 2.990059832558628616e-01 2.881316148038675640e-01 3.098624494396080564e-01
3.121833524586148378e-01 3.110646289880397708e-01 3.067909847117781252e-01 2.981420985844240867e-01 3.218185470331933473e-01 2.784945954369913990e-01 2.900195809692081017e-01 3.120004377489365432e-01 2.775257386748892219e-01 2.919600353939217907e-01
2.882542218419811286e-01 3.031167492454746593e-01 3.003821097177836186e-01 2.976534129214031266e-01 2.939632669209095717e-01 3.108479760770038181e-01 3.067441519646323389e-01 3.081722232709931397e-01 3.056370590167812873e-01 2.852288290230382550e-01
3.031916086536872168e-01 3.072781116851260874e-01 2.831436895277584798e-01 3.047301014632732841e-01 2.744302314253709296e-01 3.330749128311806251e-01 3.114293195297243022e-01 3.009556416797098954e-01 2.934517962259961532e-01 2.883145869781756909e-01
3.036573848649952723e-01 3.034132731589218590e-01 3.038140308669875500e-01 2.946824329641090090e-01 2.721356485557515636e-01 3.015782571039405946e-01 3.066335898441688856e-01 2.971707402578082080e-01 3.118950366666921603e-01 3.050196057166318364e-01
2.940124058241319061e-01 3.074275572851156713e-01 2.871536191320871456e-01 2.882847515786060022e-01 3.018283310540872955e-01 2.971357598286070711e-01 3.071173582253670653e-01 3.306256637103787699e-01 3.019624893968421153e-01 2.844520639647766802e-01
3.114843294547763319e-01 2.931277592503589435e-01 3.058205920120504184e-01 2.953557386177474431e-01 2.925368640888613703e-01 3.133149767125419372e-01 2.851987250721498834e-01 3.043406562781202362e-01 3.002280984652035412e-01 2.985922600481935030e-01
3.011038722256847988e-01 2.856186652517516134e-01 3.032407615184479210e-01 2.970395382977936705e-01 3.140658089479914095e-01 2.982139795417716455e-01 3.101605476242617065e-01 2.905764182705792287e-01 2.985797575450265806e-01 3.014006507766895382e-01
2.862868085561862119e-01 3.110262999906152626e-01 2.993399483914539472e-01 3.019609034389503233e-01 3.218854683593554977e-01 2.984109323740679054e-01 3.047077723311404918e-01 2.869200333396224600e-01 3.085850466093378319e-01 2.808767866092723997e-01
2.586783297278518745e-01 2.892789010226141100e-01 2.968620860925693661e-01 2.924243611376319274e-01 3.029913784815019828e-01 3.136687941447909300e-01 3.165229497637712108e-01 2.978194983693319697e-01 3.186495194347135906e-01 3.131041818252282005e-01
2.820953309601217374e-01 3.096150013952750912e-01 2.875903183365163818e-01 3.096766426723131516e-01 3.088480198366801988e-01 2.953029305574343399e-01 2.801640479824272778e-01 3.228831634801117012e-01 2.979624433581600784e-01 3.058621014209542688e-01
3.232298634523357306e-01 2.971446151184535811e-01 3.095633640722775803e-01 3.062301944155678690e-01 3.004704501391557425e-01 2.987135984413655798e-01 3.029330983420103762e-01 2.707468418712130620e-01 2.940537182104285829e-01 2.969142559371905632e-01
2.916658927174285432e-01 3.015219698532454196e-01 2.960975167669567254e-01 2.977646875656806413e-01 3.047167929077845283e-01 2.771930189152187474e-01 2.997717158517645419e-01 3.104479773652748520e-01 3.010987190472537156e-01 3.197217090093948944e-01
3.076174906337449944e-01 3.143464645321201179e-01 2.902793161519530707e-01 2.938915450745220870e-01 2.980144025169125799e-01 2.964503026014949638e-01 2.958638215230479096e-01 2.951350345745266113e-01 3.058377745360363331e-01 3.025638478556361699e-01
3.128021857348309287e-01 2.966267627916921445e-01 2.937294889944173093e-01 2.829342394996177124e-01 3.239054340458172865e-01 2.804607540051982095e-01 3.010447873638518179e-01 3.250846991562063026e-01 2.920705657830167112e-01 2.913410826253581831e-01
3.215278595398400330e-01 3.023845536313641835e-01 3.067039011928478498e-01 2.819624770958518156e-01 3.037824391271310986e-01 2.899637066774505278e-01 3.121709832209482172e-01 3.136608013685507901e-01 2.750882485522939125e-01 2.927550295937189628e-01
2.967121290139722589e-01 2.775908937956426126e-01 3.017809364771497638e-01 3.166771882569209828e-01 2.825117738568047043e-01 2.918163766936107129e-01 3.231261982709056069e-01 3.263411051820855890e-01 2.973675456300974296e-01 2.860758528228103392e-01
3.168191216738011073e-01 3.020498896600002370e-01 3.004676638776129227e-01 2.872489708698595101e-01 3.087085577012957938e-01 2.889181296981427893e-01 3.079826869751878249e-01 2.951703798599593642e-01 3.072696406987737716e-01 2.853649589853621826e-01
2.789851721153591146e-01 3.202407628301996434e-01 3.020166435420561513e-01 2.796399327002023760e-01 3.210967648026097909e-01 3.121753753745791782e-01 3.009654957814025811e-01 3.036129574920053420e-01 2.904222211778624274e-01 2.908446741837305005e-01
3.129387216865749943e-01 2.970967997209469358e-01 2.789592776421736531e-01 3.168668448628323420e-01 2.844453484633327478e-01 2.731370027628219344e-01 3.289331041778105202e-01 3.170581895533493566e-01 2.960369682362741228e-01 2.945277428938792852e-01
2.974359949602024544e-01 3.051860983240900493e-01 2.900464323795807209e-01 3.026474709756683534e-01 3.081626930307087009e-01 2.856711551670714777e-01 3.003992893131750552e-01 2.985965882845661445e-01 3.033094618611669735e-01 3.085448157037707917e-01
2.883459048763641341e-01 2.892591601510191568e-01 2.856994039830270671e-01 3.305792932325015698e-01 3.299474561989304555e-01 3.086179362923748837e-01 2.889315838720002971e-01 2.983024629029723540e-01 2.809746587852725574e-01 2.993421397055371358e-01
3.040766480116369741e-01 2.978428443472103115e-01 2.906842598808215827e-01 3.102965388877320096e-01 2.942300830382972299e-01 3.165363200845264791e-01 2.957268968113603291e-01 2.796080630081403395e-01 3.342177392231400201e-01 2.767806067071315601e-01
3.046699623956657943e-01 3.130505688392271058e-01 2.810115895817115184e-01 2.849450379180819004e-01 3.256836467043076611e-01 2.874277794168615952e-01 3.140433091664280862e-01 3.035458535310532890e-01 2.961586544006287181e-01 2.894635980460356084e-01
3.007641401311837437e-01 2.878605264729158231e-01 3.002903330178311458e-01 2.803519903368407173e-01 3.023441974523971565e-01 3.033553384591924917e-01 3.117136120531550647e-01 3.051418905665771453e-01 3.069424493999026726e-01 3.012355221100039282e-01
2.947201872919877341e-01 3.203208272131971013e-01 2.768209112855011256e-01 3.093618093908472311e-01 3.252510856418805441e-01 3.056346869333742555e-01 2.821879063970924584e-01 2.912653396012049312e-01 2.909095522133539058e-01 3.035276940315561611e-01
3.003710746700760104e-01 2.991598230953064208e-01 3.152422148422394654e-01 3.056436863531901693e-01 3.076081026633317173e-01 2.966443616084718515e-01 2.956459882575233622e-01 2.884164357806392465e-01 2.919401164123948678e-01 2.993281963168253901e-01
2.906114602928230317e-01 2.933577939906939491e-01 2.917905810446709269e-01 2.749906553497569739e-01 3.212751027861182607e-01 2.917990291272893333e-01 2.984979734802895579e-01 3.198075251392604734e-01 3.236335003717558667e-01 2.942363784173357422e-01
3.151103103160904917e-01 2.717413103252466766e-01 3.276063518873760794e-01 3.142594531510055633e-01 3.077276089171922524e-01 2.883434708156010773e-01 3.108560285611930429e-01 2.815705007336172239e-01 2.858259208980287180e-01 2.969590443946504843e-01
3.224786587067471899e-01 2.895393452950981716e-01 2.802809843623608743e-01 2.891471189399485997e-01 3.006578795296572792e-01 3.008441084740951510e-01 3.140172849154538870e-01 2.985853523763808415e-01 2.988727830333121616e-01 3.055764843669468434e-01
2.960168838175109007e-01 3.098350861191849770e-01 2.938399285999013788e-01 2.885779805172479229e-01 3.129330325274435332e-01 2.733057813692477134e-01 2.968379233984018706e-01 3.067471282034253122e-01 3.007790216192803845e-01 3.211272338283561179e-01
3.133117363526922161e-01 3.014732362057692683e-01 3.013503633635011836e-01 3.142571233822464838e-01 3.052568849208139312e-01 2.828156469827561859e-01 3.038562178745002340e-01 2.925196041681282222e-01 2.945641150544578424e-01 2.905950716951355428e-01
2.946398262490895203e-01 3.047093384532495453e-01 3.002542350882856370e-01 2.741284698800995345e-01 3.090411264216524345e-01 3.198661149957668925e-01 2.991727907940208153e-01 3.065397426985485563e-01 3.135113278559685801e-01 2.781370275633221478e-01
2.950210366502308834e-01 3.125003800376249252e-01 3.106743108752152427e-01 2.917110126989765906e-01 2.788259211936112703e-01 3.058172720556984192e-01 2.967440335964326437e-01 2.960142774662550824e-01 3.197232678578869614e-01 2.929684875680720335e-01
3.091686389504464949e-01 3.077158691433048432e-01 2.921806994702279558e-01 3.183406762882343699e-01 3.095542035148947102e-01 3.042627347171983354e-01 2.884240813505728473e-01 2.973558009236492161e-01 2.879625937265825053e-01 2.850347019148855576e-01
2.978304372398851707e-01 3.113728998555330696e-01 3.068907932058037025e-01 3.070939753837914066e-01 3.045181104718167608e-01 2.848606109316908497e-01 2.928757546393445654e-01 3.197576246640200237e-01 2.737420926322051695e-01 3.010577009759084488e-01
2.806965704216600188e-01 2.970524762986325729e-01 3.173862190361310121e-01 2.658875910671314458e-01 3.110231263946523494e-01 3.169261355415911030e-01 2.958194587475899695e-01 3.124746364390156295e-01 2.977710880918458258e-01 3.049626979617489075e-01
2.889304943394162550e-01 2.998218942221292926e-01 3.085703881046950592e-01 2.985422562859965101e-01 3.015648877851628828e-01 2.806498395931416590e-01 2.939963592248354129e-01 3.064947433679343081e-01 3.178381985955566758e-01 3.035909384811349421e-01
3.075391570479423797e-01 2.784863477139291055e-01 3.285748924007945160e-01 2.898399873797395943e-01 3.234176091043663437e-01 2.906595940345949591e-01 2.907003307548626792e-01 2.904104530446095511e-01 3.023795750642121472e-01 2.979920534549487243e-01
2.940201465351776622e-01 3.093745064632060782e-01 3.063102890961154068e-01 2.937216991706286251e-01 2.895383845592359728e-01 3.185971340219830861e-01 3.033738912160202084e-01 3.023308232301251675e-01 3.107843586235341515e-01 2.719487670839705329e-01
2.890632728472148916e-01 3.003369202351411360e-01 2.977448139498685142e-01 3.017302759608837537e-01 3.100682687232563239e-01 3.014760541755442391e-01 2.814236202920514796e-01 3.282286359530366404e-01 2.807648732117064561e-01 3.091632646512958438e-01
2.813205910686237265e-01 2.773617534570245735e-01 2.938324982928680607e-01 3.089855555983251345e-01 2.939374400048661018e-01 3.100341821403752585e-01 2.967988702086333808e-01 3.124472302880593744e-01 3.104388368741476389e-01 3.148430420670781382e-01
2.929860592984641077e-01 2.853675466616141798e-01 2.975197922787060634e-01 2.932994018060762764e-01 3.124689856431747126e-01 2.802382682369582989e-01 3.094323045825889129e-01 3.227255400380543149e-01 3.093671740875112430e-01 2.965949273668485042e-01
3.132252291463899496e-01 3.056139220769890086e-01 2.940748422345149105e-01 3.060198495851883527e-01 2.879982623947604514e-01 3.000631356721019660e-01 2.893015307056739926e-01 3.059332216249194270e-01 3.146941460706516036e-01 2.830758604888093388e-01
2.987081585322290955e-01 3.252977957716513546e-01 3.194543790179863452e-01 2.937753613133192720e-01 2.866907621800729444e-01 2.800899857461672804e-01 2.964860425702333102e-01 3.101627448095730655e-01 2.851426235002592069e-01 3.041921465585124551e-01
2.822375927237480431e-01 2.947326246814930828e-01 2.994454679651440410e-01 2.996198080976331113e-01 3.101860869369210683e-01 2.958491903999798667e-01 3.033818447218253889e-01 2.824309862375443125e-01 3.230741817995208542e-01 3.090422164361912305e-01
3.078070659048148250e-01 2.984555648680268236e-01 2.867132094153632127e-01 3.110429989880586499e-01 3.263436742016779801e-01 2.946458270826206594e-01 2.886254672141050359e-01 3.047087871017531424e-01 2.700471791064095184e-01 3.116102261171697640e-01
2.782263344195015642e-01 3.127321812923153921e-01 3.005072778582728033e-01 3.128232128642757237e-01 3.006233208047928152e-01 2.912807040259565161e-01 3.233083508753241686e-01 2.805943413957178167e-01 2.923623733992647411e-01 3.075419030645797358e-01
2.964841017555250313e-01 2.807673889794447541e-01 3.061121729751350440e-01 3.201635763260031742e-01 3.157182582752344757e-01 2.771892683114413058e-01 3.189621080309441581e-01 2.892309238647889913e-01 2.982209288349852438e-01 2.971512726465017629e-01
2.989467892036044017e-01 2.887759039712620157e-01 3.035990446000280119e-01 3.104879227091983940e-01 2.970603978961804392e-01 2.973678372637287293e-01 3.055590676175991560e-01 3.011869474719965356e-01 2.962007729447414528e-01 3.008153163216588655e-01
2.767413315130928808e-01 2.920808929704551971e-01 3.161631036195921007e-01 3.263880419789403353e-01 2.797358463669973316e-01 2.886730372773064213e-01 3.140862003008605408e-01 2.958629509459095308e-01 2.944157742540560729e-01 3.158528207727927528e-01
2.888868122503049918e-01 3.164482921843371765e-01 2.775650435468652866e-01 3.134367305101272705e-01 3.159650158331698266e-01 2.972912101304486798e-01 2.866248233844829185e-01 3.054162164051336115e-01 3.036388652224479845e-01 2.947269905326851402e-01
2.854250486223970373e-01 3.201499114071367225e-01 3.148964669081326662e-01 3.042676925139214394e-01 3.010977425144534259e-01 2.934546012602555765e-01 2.710909915221885180e-01 3.097234046471428193e-01 3.016084770918135427e-01 2.982856635125590294e-01
2.998852306049011318e-01 3.025508339937920121e-01 2.959017952413583452e-01 2.701636620308042191e-01 3.232233694104754695e-01 3.213175308207490977e-01 2.917605517640240453e-01 2.958582049622990873e-01 2.878096239589438832e-01 3.115291972126525422e-01
2.926644750234240755e-01 2.918997636707174603e-01 3.027676191713577492e-01 2.996289658707155246e-01 3.209963519441493274e-01 2.891414781674550016e-01 3.084952458960074639e-01 2.927900236737799866e-01 2.957680765728586958e-01 3.058480000095374352e-01
2.901443233169831992e-01 2.966212620657881494e-01 3.044010548133265770e-01 2.931331524664679833e-01 3.065141222318074621e-01 2.972109543802769482e-01 2.969990031085693039e-01 3.174847053767950733e-01 2.980395249153592330e-01 2.994518973246241278e-01
2.991621844210879400e-01 2.943033180090980916e-01 2.876171750843292130e-01 3.171412789579980962e-01 2.863203459316697730e-01 2.989493759731680633e-01 3.161985981347780195e-01 2.908787681914954959e-01 2.925583418977479866e-01 3.168706133986285978e-01
3.086287229480250138e-01 2.888701675232140387e-01 3.004459498237413984e-01 3.110060704968315992e-01 2.924840400670322693e-01 3.122171302007378246e-01 2.853154540343413315e-01 3.042913525739514014e-01 3.018934384007846417e-01 2.948476739313445338e-01
3.084397842872951268e-01 2.880485360193105748e-01 3.185473138367937995e-01 2.946128624709225541e-01 2.965815009800704116e-01 3.051738111242519036e-01 3.186922948082875351e-01 2.920427977897807614e-01 2.753566558744782178e-01 3.025044428088091708e-01
3.107118070450508585e-01 3.025781696310542723e-01 2.863407735376925500e-01 2.848266010636275603e-01 2.981424960442243810e-01 3.118088751085028587e-01 3.170236773252482765e-01 2.993566084503809233e-01 2.791785605162334649e-01 3.100324312779869640e-01
3.082711022290824388e-01 3.090926956550071880e-01 2.713274058595795402e-01 2.997720443510418220e-01 3.003029717208005600e-01 2.930896287901393338e-01 2.990899376873151772e-01 3.032503921462985641e-01 3.131353009527997333e-01 3.026685206079328672e-01
