-9.087363833034144633e+00
-9.484470045425510421e+00
-8.586613182589390547e+00
-8.612226536016029499e+00
-9.684106549837258271e+00
-8.369079180916665806e+00
-8.796340924748818679e+00
-8.390745363409816804e+00
-8.042537905617773930e+00
-7.310027307937305707e+00
-9.186299710471503843e+00
-8.602630513454347039e+00
-8.666512769064416588e+00
-8.270257775028918346e+00
-8.608603912795190993e+00
-8.436969567233997935e+00
-9.086933999523134631e+00
-8.956381741536405983e+00
-9.098423257274214748e+00
-9.228938410543864990e+00
-8.826756432352684811e+00
-7.282231206946406132e+00
-8.628876175326883669e+00
-1.005792689551411101e+01
-8.709151725812953160e+00
-8.736870754151308205e+00
-8.707843354267906122e+00
-9.139586555263859324e+00
-8.846467028960146806e+00
-8.477132320449783265e+00
-8.429231797855265995e+00
-8.705576053565179606e+00
-9.478076661298885597e+00
-9.305102349011880492e+00
-8.628437390104402027e+00
-8.355836465368167154e+00
-8.415485245463935726e+00
-9.058046171444987138e+00
-9.849207892013842169e+00
-9.010423614396556147e+00
-9.351337502878747543e+00
-9.290877881424661311e+00
-9.355960704361132585e+00
-7.356702263770354300e+00
-8.001982063412162560e+00
-8.959224465519255887e+00
-8.385332824544512675e+00
-8.819820274249012826e+00
-9.402619420009722617e+00
-7.840703413828878254e+00
-9.464375830057468519e+00
-8.423392323079525568e+00
-9.059457828296238802e+00
-8.584445369706916296e+00
-9.124697763240973813e+00
-8.376735249958359830e+00
-9.212803035295896947e+00
-8.271371109723251180e+00
-7.448855925916863185e+00
-8.565562660757100488e+00
-8.647665644430389875e+00
-8.165070290653650531e+00
-9.204336294464866342e+00
-9.271145290244751536e+00
-9.846490318107237627e+00
-9.444199321654291879e+00
-8.684762965401851886e+00
-9.319941391472447378e+00
-8.488534397103286722e+00
-8.703260513956811550e+00
-8.685066943611397861e+00
-1.049173890055334368e+01
-7.533864622663346111e+00
-9.191431100918904917e+00
-8.073436586037940899e+00
-8.442659039261291909e+00
-8.045406485006651565e+00
-8.822158053289619772e+00
-8.387768554456172865e+00
-8.351871111961127525e+00
-9.529614252921197348e+00
-9.149983332463717645e+00
-7.995736347997025817e+00
-7.353314138093283603e+00
-1.058696129846028100e+01
-9.322739634286437038e+00
-1.032125478524237394e+01
-7.471486494304578230e+00
-9.303433103497122048e+00
-8.492465375757420887e+00
-8.220218467235870463e+00
-8.040286992535232713e+00
-8.077921411462750001e+00
-9.499844969889799984e+00
-8.610554143499554058e+00
-9.425807932544440604e+00
-8.760449787751916517e+00
-8.329397491753605109e+00
-7.774805196226137305e+00
-7.956081424958165726e+00
