2.107197923567879615e-03 1.797889901235963242e-03 3.965113949110316525e-03 5.617014019351913552e-04 4.103788520516912807e-04 3.786217497860557175e-03 1.779613526148819333e-02 5.082824835278666221e-03 7.669060309621150663e-04 1.454342089250328226e-03
1.990246146855274671e-03 7.769547110212985351e-03 7.310974200932635579e-03 9.489522707010877162e-03 1.888350572548344250e-02 4.475089608039342637e-03 3.271356934030111071e-03 2.953476255638428413e-03 3.771430244896425499e-04 6.987483401379756317e-04
6.579347067653402992e-03 2.499852932636989229e-03 3.280918415499941166e-03 3.617542684674768336e-03 3.019376257764004850e-03 3.969611356551407816e-03 6.808741393815211443e-03 6.232003759776004979e-03 5.235438240897479292e-03 6.720976418743951006e-03
2.310166369484790202e-03 4.682170239885110469e-02 1.510964760254198368e-02 7.404528158348126776e-03 4.936423332406542942e-03 1.786932676193190824e-03 6.279875930545301705e-04 4.451006491878131840e-04 1.593032772734451056e-04 3.367945289401306965e-04
3.459183669795208582e-02 2.003332336221332922e-03 1.136439794779620175e-04 7.771100514298307361e-05 1.711927989494846109e-04 1.333035488200959577e-04 4.589931009464632530e-04 4.026741912060391101e-03 1.043935617403999629e-02 8.929795860074087044e-02
3.232638278754319111e-02 1.092161328756706580e-02 1.037736540688410404e-02 5.052736465007451327e-03 1.885750915816991093e-03 1.047688610169115282e-03 3.212564300418380928e-04 8.407414758665350801e-04 9.700692285807145220e-04 6.108956443440262396e-03
6.901082962869154423e-03 1.855399883468251965e-02 2.284776107783756741e-02 2.237389823150871815e-02 8.094664121775788784e-03 2.526887399549094994e-03 2.176050104641782717e-04 1.795624669207888707e-04 1.723812539249632112e-04 4.843378263249869999e-04
1.531053841058395123e-03 1.568218266627633567e-04 5.376248832443333045e-05 1.641093747666753585e-04 4.518704551629894339e-04 2.437050508402802129e-03 2.190878661464994159e-02 1.297607559301435301e-02 2.613215507500815660e-02 1.816665890383159510e-02
7.057296064924524319e-03 6.145728771549352444e-04 8.391724011228315460e-05 7.280857953655108449e-05 7.854882379107434452e-05 9.861159916479437463e-04 7.792320522722402838e-03 2.280279637575814006e-02 6.153716994984530231e-02 5.949065646695193832e-03
5.934402887778599846e-03 1.975268135697268168e-03 1.163180980187146713e-03 3.805534209500213358e-03 2.202958206726329284e-03 1.157014792282952832e-03 2.334203955423603486e-03 3.730055882739472580e-03 1.792162062688499452e-02 1.245059052387451938e-02
1.015361803482589011e-02 2.601816012888039445e-03 1.207308056455699309e-03 4.922140274680618290e-04 5.147246002020120469e-04 3.238676178375931875e-03 5.948975555562860049e-03 4.143465312248951343e-03 2.029504388821685035e-03 2.086388434828065352e-02
8.352063798436827786e-04 2.575025355339608749e-03 9.433567104436733908e-03 2.636332217022023874e-02 8.730817323234597166e-03 8.493529702001369891e-03 3.186746132579810261e-03 1.812051910255427960e-03 1.138889772551352018e-03 1.191099433780933199e-03
5.435440709122232221e-04 1.352268820353692749e-03 8.117636802939426008e-03 1.728863101011316600e-02 2.114518473266200835e-02 6.164912361511442999e-03 4.588696191972478459e-03 2.233180823917899158e-03 1.732017594214672234e-03 9.708359088575007310e-04
4.962283713191123838e-03 5.351282654645384516e-03 9.401770827480138495e-03 3.133078456719863569e-02 6.369541313412455108e-03 7.358405399941938662e-04 1.842306353817257545e-03 1.881361691716851997e-03 3.452445317239244155e-04 6.339196988624797545e-04
2.736032784166100764e-03 3.932486722873408495e-03 1.037646539237630297e-02 1.508947846626008601e-02 4.424554311078235901e-03 6.009660515442061431e-03 1.511434840768876480e-03 7.868171642460838411e-04 1.848136276763606180e-03 5.124158446169846046e-03
7.043871903756690630e-05 9.669150010268716703e-05 1.754624629547327447e-03 3.220983990859034325e-03 1.582870466128871029e-02 2.399752967881248200e-02 2.179806070769830031e-02 6.707172016832685379e-03 3.344273641504893081e-03 9.103716857641311246e-04
1.910234604993982341e-05 2.524392197683576225e-06 7.672660879225203723e-07 6.613208282238835158e-06 1.415569284047623136e-04 5.132892855327115568e-03 1.453006026074937784e-01 1.019970711240257843e-01 1.155747120456724827e-03 2.306095576493267813e-04
5.283612890795078140e-04 1.184786249640647790e-04 2.439858565583388815e-04 5.222252832211177502e-04 1.428674922908004579e-03 9.064091951234646422e-03 2.186549752232224558e-02 5.193939695971441090e-02 9.346045039053391471e-03 3.805828450852366974e-03
3.160081489983513747e-03 4.364702820399493817e-03 6.672194269992125226e-03 7.701963355359408604e-03 7.014535583762442593e-03 1.313276912744701028e-02 4.331687658508739588e-03 1.914121118892176234e-03 1.563407799602190831e-03 1.788210100676587656e-03
9.267868932599834450e-03 1.300977136525745259e-02 6.054636386463509157e-03 3.880399842169487881e-03 7.852398865947332520e-04 7.577489864919771190e-04 5.966442968340262328e-04 1.766620993710795286e-03 7.799090484765808934e-03 1.693376854559398154e-02
1.266539375280339996e-02 6.406144978636943085e-03 7.770718606722679285e-03 8.871757001273449308e-03 4.030291420967660986e-03 3.160045592328132071e-03 2.504741298638552688e-03 1.396633693048321412e-03 7.276034248592645835e-04 3.725399895236894496e-03
1.429685161889953033e-03 2.678510029933956729e-04 2.453570458596014106e-04 2.259193352095812735e-04 1.871013109151828347e-03 4.469657696030721918e-03 8.022709594952045359e-03 6.159848129822847670e-03 2.755623458589664607e-02 1.885601561824058747e-02
4.345483433782544418e-03 1.999373456624474812e-03 6.070302005984947423e-03 1.970448642557806086e-03 3.841404634411185563e-03 9.102928445118835601e-03 8.667870347928227290e-03 7.372190448201010847e-03 1.443864993301695017e-03 2.139433816023981506e-03
1.643106163912918909e-03 4.324633452013828747e-03 1.955254651216928492e-03 3.979043992810669429e-03 1.240666994792190801e-02 1.057897575717274379e-02 1.430786121176304618e-02 2.957856012973507712e-03 1.811325752320058161e-03 3.763315548923453825e-04
1.247519242907370318e-02 5.227391897097906359e-02 9.092733704933806185e-03 6.697123717043058748e-03 5.248236007775341008e-03 3.008481315108235427e-04 6.428241446623787932e-05 1.426577791216086192e-04 8.573363810126146799e-04 1.088201873055821226e-03
1.227767069138395797e-03 1.122398156501334607e-03 1.393801427335311085e-03 4.108556326515608141e-03 5.616771804715281827e-03 2.127046516752625557e-02 1.483801956543284901e-02 7.002320892373591933e-03 3.841721879470526117e-03 1.775466970877454019e-03
1.934519613233968635e-02 1.424970295942455147e-02 2.076317610005733692e-03 5.268182661650591464e-04 1.243563149582445706e-04 3.326667951117340109e-04 4.346679861276720510e-04 2.374022830280676181e-03 2.503857693650701766e-02 9.972608012503108785e-03
1.830278686891455286e-02 2.475949189798720695e-02 4.232463225321327245e-03 5.535893768612511374e-04 1.126533117294575891e-04 1.380698954536970814e-04 6.199313473665255154e-04 5.676331676669474531e-03 1.644161592600332841e-03 4.005186132070675566e-03
4.139772524813192106e-02 9.970041499513282446e-02 2.161683260233034087e-02 1.068684322046096905e-03 9.397778205669144499e-05 2.572413643541845380e-05 4.754789756321983789e-05 1.011574846718222827e-04 2.335511135198309600e-04 2.928708439110719926e-03
4.218998619107063724e-02 6.554101872438381632e-03 2.573433892581346153e-04 5.226719208925127014e-05 2.533276999659060129e-05 2.796418341952000195e-05 2.979745566771683208e-05 1.022707917264615044e-03 3.904999414722838246e-03 1.452931007219397941e-01
1.524039401994544130e-01 3.156336885356113980e-02 1.707010308310130155e-03 4.254722968351927188e-05 1.880887391416280021e-05 1.618862226410878251e-05 1.198757405230756396e-04 1.569192142087458947e-04 1.510961281460404797e-03 1.458413985095390920e-02
3.393047343353620656e-04 1.935731884651561313e-04 6.581765439615128860e-04 1.876516695094257708e-03 6.757218819584610847e-03 1.055851989012186048e-01 1.678060729353436642e-02 1.455972020278167639e-03 5.986972654564634826e-04 1.933322112417485382e-04
1.681864499411020279e-03 1.903731224332779652e-03 1.102423981280203523e-03 5.683868796953706927e-03 1.541887961868648738e-02 2.060903352686433224e-02 5.884244437795152841e-03 2.647409701027102560e-03 3.056141369927809805e-03 1.282044527853238745e-03
7.231547207535568567e-02 1.883324397174990922e-02 1.333286257418517078e-02 1.629252938856592166e-03 9.060007897359547856e-05 5.253029651858019414e-06 9.944420428537090902e-06 3.926408046957387759e-05 1.670000948689616925e-03 1.672386182319847425e-02
1.202458209401550054e-04 2.601057458935051206e-05 1.636937997951724930e-04 1.303054985586332920e-03 2.054712908267392751e-02 3.968574357422804261e-02 3.197240954000433316e-02 1.018641449986995573e-02 2.576496571152186912e-03 1.580900341575640919e-04
6.554884633750451177e-04 1.207646039491392514e-03 2.908264483170386761e-03 5.731359328735988190e-03 4.798926165094238860e-03 1.730560679756272535e-02 2.154564869075676833e-02 9.368815115380865408e-03 5.572023557533275356e-04 1.895488373868645430e-04
5.363234183810195073e-03 2.768784041251981694e-03 5.667443513232816579e-04 5.053445364004193266e-04 5.181558639735866448e-04 6.265846416656944452e-04 1.857567466804346552e-03 4.285244475394554137e-03 1.013950566138732516e-02 6.595358210530703758e-02
6.887054086585258153e-03 1.372909913672600186e-02 1.465378996968976291e-02 1.968543976054868121e-03 1.592489073573475755e-03 1.686836803711139242e-03 4.826298976085476901e-03 1.088552492325282547e-03 1.138264721699196007e-03 1.801861546846952357e-03
1.931145056083319030e-04 1.958888565269129728e-04 4.084166355331531636e-04 1.137571660528825628e-03 2.873667386185376968e-03 2.283951100553265751e-02 6.400666288449854968e-02 2.078817778152340992e-02 1.886389651017795262e-03 5.651116777318966220e-04
3.344623280645303456e-05 8.219999724238780624e-06 1.414458581967759033e-05 1.023836507440037662e-04 9.043268432138586556e-04 3.171699620185233076e-02 1.395379441874615711e-01 1.908441453696438361e-02 2.723974348575850142e-03 3.251130632767235715e-04
3.662225428858165849e-02 1.613467659485634184e-02 7.166584316177086397e-03 2.002137489623691605e-03 5.722652511466664758e-04 5.413123615869199759e-04 1.123111727723447896e-03 1.457099966556968905e-03 1.720614530485330661e-03 1.003652096876445771e-02
2.921641166934441439e-02 4.741891531817093303e-02 1.612177183413485496e-02 4.008240540710699242e-04 1.981835187246630461e-04 9.690841465916919851e-05 7.789648990268821461e-05 3.908674088162837601e-04 3.694316507312925615e-03 9.030683585986114953e-03
6.257300605578052042e-04 7.091308771575907492e-03 4.699756426554291266e-02 1.581458803657573645e-02 1.849051082882802524e-02 2.918962782366903673e-03 5.734327282207259298e-04 6.307884086580115837e-04 7.584400812578796661e-05 1.114217225101339317e-04
2.541097279726378211e-04 5.854835723797675298e-04 2.862072084447744597e-03 6.487660418258905937e-03 2.544726619410998120e-02 6.747205093160657530e-02 6.576679683456569322e-03 1.270375157627214252e-03 2.277572451829726200e-04 9.870799983393190372e-05
1.468615195765230787e-03 1.361859470505314600e-03 1.569744583426583879e-04 3.570594064634853717e-05 1.824971179889915674e-04 4.654921819207012896e-04 4.653110561835185378e-03 6.538700013834659874e-02 4.240536550334633031e-02 5.436578323676501470e-03
1.361450896715830916e-01 1.653330907816846079e-02 9.133082420098115415e-04 6.009517523961807047e-05 2.268408568611865000e-05 2.086744767319463200e-05 1.638046309326680959e-04 8.307747310327489275e-04 3.670273313072701382e-03 1.908839047859854990e-02
1.373738226334128521e-03 6.623897086021415803e-03 4.412684041526245167e-03 3.457146205079347518e-03 1.053439073619245013e-02 1.026998690038223062e-02 1.001523600197749136e-02 2.419636959089534536e-03 3.274352480616461464e-04 8.819800699217035002e-04
2.703616947652634148e-03 9.865160275379588912e-04 1.164450665001007284e-04 2.727225628510440746e-04 4.868732797118600366e-04 2.469024230475546419e-03 1.927721647928671081e-02 2.410528524910581991e-02 1.236076825206361939e-02 1.406375972152855772e-02
1.619096962076404210e-03 1.303971759288938053e-03 1.427232614748637695e-03 2.468272563037051531e-03 3.618580489400345050e-03 8.638130581859771243e-03 1.057108010797087189e-02 1.085173027270477757e-02 8.096380183455643281e-03 6.392941365453532095e-03
1.300696782546196216e-02 7.421951811551637246e-02 9.055980968774817244e-03 1.822564979351109582e-03 4.213212030008650871e-04 1.032796932022766795e-04 1.599343410699346417e-04 1.625721404769873979e-04 2.085340014445023499e-03 1.047732722601204571e-02
2.564504309277247911e-03 5.950475441054622070e-04 3.736964206949093775e-04 2.223344914220455560e-04 3.577619021404926315e-04 4.487168020581288989e-03 1.145122678639294393e-02 2.587191993690100833e-02 1.923640668154172340e-02 1.454155901433894227e-02
3.380000011429108026e-02 2.216460765480338796e-02 2.286960620731246559e-03 3.042512567092478374e-04 7.930062937667072388e-05 2.878270049880372124e-04 6.086313532287224159e-04 1.070771846805392826e-03 4.923581737853730163e-03 3.602361652879718101e-02
4.843005243201517571e-04 2.696795065665463179e-03 1.409228537965805279e-02 5.111012203363733686e-02 3.918318356888465109e-02 9.715211992437874575e-03 5.120965209841057617e-04 8.385640148133968773e-05 3.716109285551787665e-05 1.483626731160568981e-04
4.805155031164756035e-02 2.172637239633805339e-02 2.182907646183554137e-03 1.527947470640422616e-04 4.689233015410836162e-05 2.308500646790159956e-04 5.886152252935694055e-04 2.638136222514814427e-03 3.803806930510501404e-03 2.158393913011401322e-02
4.636679952937967789e-04 4.372803505572930610e-04 2.434455294564430005e-04 2.196450338734803193e-03 3.639672077324376809e-02 5.301954884115691463e-02 9.687573002840635383e-03 2.434923402088668212e-03 6.253246011670484522e-04 4.224039030556256814e-04
9.376952205770307941e-03 1.499713574961885352e-03 8.464284065807551553e-04 2.893313771740356737e-03 4.678081531037894814e-03 3.166982581484497749e-03 5.111936116167524469e-03 8.943771433998033357e-03 8.323273288776732518e-03 3.027048561343133500e-03
8.756759661482801937e-02 8.049658472606129045e-02 1.850518144619564802e-03 4.115807019963789275e-05 2.294880541865902588e-06 1.036797182541982622e-06 8.518140878594804399e-06 9.082246799441456213e-05 1.383568265992604629e-03 1.720349365415193774e-02
2.722052495575581852e-03 3.434680575580799887e-03 1.676286721435190589e-03 1.453493894555093558e-03 1.397393467864826554e-03 1.049359045820134938e-03 2.245773781824116251e-03 5.214309836567746805e-03 3.323013956660017532e-02 2.438130184687149413e-03
4.919541896509181927e-04 1.528908981545088310e-03 8.495968100620280780e-03 1.139630178942866064e-02 2.384258091932124277e-02 6.455531562293917620e-03 6.576264194282516358e-03 2.141108079925365879e-03 1.248342242343923299e-03 1.259411687184788450e-03
2.928783395408172691e-03 1.626737976764502241e-03 1.989534728710825890e-03 6.328958176955603795e-03 1.270725212663734172e-02 1.594820280193238321e-02 4.360280927486278116e-03 6.306566516042244087e-03 1.363349357138933906e-03 1.416923384761019540e-03
1.847325987892303040e-02 6.959839619259353648e-03 1.581417261713262412e-02 3.122280942017078773e-03 1.420025764392365050e-03 1.039128206725024092e-03 6.765781267494253536e-04 7.608654022963824053e-04 2.799290949369489124e-03 1.181480559561961380e-02
2.709796488439924784e-03 3.599600741222444208e-03 2.613083599327735863e-03 1.197528809721516620e-03 1.611220201270512856e-03 1.098432990093001172e-03 7.212444854194113809e-04 5.485765127348613511e-03 2.982133267179375158e-02 4.186846065385655367e-03
2.155726469374977857e-03 4.548363673302567925e-03 4.330024487651201563e-03 3.120909465862693744e-03 1.619770695070435213e-03 1.799038025399714216e-03 2.147402192873812052e-03 9.809549762997690076e-03 1.311168451234763846e-02 5.388536589668841727e-03
7.043795668507972442e-05 3.603306539036605358e-05 1.096708384627362380e-04 8.831797451492782135e-04 1.954336894012304732e-02 2.918387676233247935e-02 2.284935315460123739e-02 6.336060966600554067e-03 4.336350571092179723e-03 1.700775676168111809e-03
2.166665716841437161e-02 1.298484429745187796e-02 1.073843637885810165e-02 3.115311751123026138e-03 9.042012505135393679e-04 3.766833931395666894e-04 1.336840992355274452e-04 2.415893402623834349e-04 2.317954315944143785e-03 2.389574628446899593e-02
1.246869812310714976e-02 3.506532140249134059e-03 2.657210878549337140e-03 1.120397223570427769e-03 6.239305945366416771e-04 3.540519765460218649e-04 6.553295983367539088e-04 7.830529682369918518e-03 1.900492225809237781e-02 2.393517037508563136e-02
2.531190410193593851e-02 7.361258165439728621e-03 1.568999847992233465e-03 7.802099262767189791e-04 1.196471005012697563e-04 5.634004084922498930e-05 1.261986031056805499e-04 9.932754310527185364e-04 1.932148266268149395e-02 5.463641174503047759e-02
3.499629061013735925e-03 1.183317616297174801e-02 8.646053050953896382e-03 5.235793958757853361e-03 8.638443608177087240e-04 1.501646900251163690e-03 1.548672343232714238e-03 6.603750215692186579e-03 1.217305465396237730e-03 7.387167431828757470e-04
3.776781660909874026e-03 2.206755873796830813e-03 1.613946257835946387e-03 5.262935921137917514e-03 4.305232795968758769e-03 3.430032094389740341e-03 9.686625957499337553e-03 1.389735562733542852e-02 3.252092267399099654e-03 1.656554443086145868e-03
1.711891481178086719e-02 3.185748726163867175e-04 1.096109751831556177e-05 3.443967112029055877e-06 1.127496870162231374e-05 6.929107727929176893e-05 1.251807536944066646e-03 7.748449870889340813e-03 9.871357457466461982e-02 2.995379979939698928e-02
6.798005960530102698e-04 4.635257325069472474e-04 3.345439196968458327e-04 2.701412926776571759e-04 1.489377835130046126e-04 5.628138370819695023e-04 1.378704400959952434e-03 3.343199401118670394e-02 9.491732562960979169e-02 4.698880276779436940e-03
4.634742524691670175e-03 1.561529634229889612e-03 1.358709320976255169e-03 2.234840591130432454e-03 1.192412830244163682e-03 1.265613934611861929e-03 2.528234523403306670e-03 7.137580323680233797e-03 8.921361592661495449e-03 3.024295919536719793e-02
3.268140763220914180e-02 1.655157250803676594e-02 6.823114417486298919e-03 5.593808838352136220e-04 8.901282377516037093e-05 3.743018862295964424e-05 1.412931135556261015e-04 3.677108697563881553e-04 4.842979547062498460e-03 4.461698808320835319e-02
1.833085294762301729e-03 7.055276049437516229e-04 7.595949155138428423e-04 3.164442404094944088e-03 9.126263621852162555e-03 4.259358010550621555e-03 3.957332467195658066e-03 1.279365790621301777e-02 1.032750474503404958e-02 2.962628904098340600e-03
7.849988575620417451e-04 1.254744490733346448e-03 4.698319303117190482e-03 1.965230457687264492e-03 7.188388486774229848e-03 1.289065344108248669e-02 1.734247231079971696e-02 3.134803978821555735e-03 3.388189445033842895e-03 2.570200357300198891e-03
3.066951937015899993e-02 9.763944872057792046e-02 1.048769775228681686e-02 7.850099007746754766e-04 2.451834390212825443e-04 3.215333396694494813e-05 5.232826934354999749e-05 3.874505953989125311e-04 1.415432026502606421e-03 3.773382113073214892e-03
1.340067389333816049e-02 7.225800428443282693e-03 5.227471220822977119e-03 2.902027379176769575e-03 5.248414721559960076e-04 4.404151285715046161e-04 1.402651484773113130e-03 3.450736452739647676e-03 9.578621518720208117e-03 1.754036256922741205e-02
1.145964539319073786e-02 7.987706558546289748e-03 1.061539316793915552e-03 7.864996822988986605e-04 4.107213101000142569e-04 1.337433070709694515e-04 9.797322429020345093e-04 6.993048030214216518e-03 1.585527453440568890e-02 3.563185716966510430e-02
2.248370598422219733e-03 1.494926889062638681e-02 1.745077230581342648e-02 1.805708384444092846e-02 5.879431531876500375e-03 3.093102837093728453e-03 2.716058842068094868e-03 8.953978990213669331e-04 4.673503234204239628e-04 5.386940532301437521e-04
3.304867965194343464e-04 1.315813818083345519e-03 7.376231151209438654e-03 5.891611531480575592e-02 6.169408570750190696e-02 4.351459807666972594e-03 8.893311785334915252e-04 4.530990622753088178e-04 9.980685903830686446e-05 6.565481643490772242e-05
2.024325187003456444e-04 2.310026508266623197e-05 2.299019685335070641e-05 1.779576537343571384e-04 1.422182099210039189e-03 4.749032788705184749e-03 2.458782116311412219e-02 7.860687469894328538e-02 1.680339574751450044e-02 3.401738713517613553e-03
5.475533749595904755e-03 3.553343200214349479e-03 5.641323831163941663e-03 4.951229938218570242e-04 3.122655922544914273e-04 4.056986714926395050e-04 2.575768753245338480e-03 1.335816928523758315e-02 1.351019045875202079e-02 9.288701959351872151e-03
4.924977070762591620e-03 1.071449590102498475e-02 1.190718419586003253e-02 8.399928683353468511e-03 5.333281421928250630e-03 1.796496671329877613e-03 2.695823729513787455e-03 1.780041412016249462e-03 4.017962463809711805e-04 5.455077192580677983e-03
6.743370411823070010e-02 5.852346850836793839e-03 1.442911556249457366e-03 2.471026901823659234e-04 2.305451166654014835e-04 1.734100124442064538e-04 5.748982929845488504e-04 2.085564242454605258e-03 7.733996504603043304e-03 2.710660283494666783e-02
1.548995255526632194e-04 2.062137338713560149e-03 3.846707047562357429e-02 5.073498158347430897e-02 2.191778447092161686e-02 4.142089296128250234e-03 9.055624127347660160e-04 4.267719751590788092e-04 3.087923448094515201e-05 4.594425158443520935e-05
1.103123302955382780e-02 8.608381363245254381e-02 4.127614347200929401e-02 2.466854452035302514e-03 6.009983251172974989e-04 2.420692566296931119e-04 4.992588140596222117e-05 6.981598508954972181e-05 2.997146575474019144e-04 2.650686282744031501e-03
8.154050212928407038e-03 8.215974265812496166e-03 8.310945112567686213e-03 7.307130134753092587e-03 1.653098039406563496e-03 8.645357781431729869e-04 1.716988386536939413e-03 5.431219604663893759e-03 2.412909269699470630e-03 5.832564734895847453e-03
2.337287372553845371e-03 2.367156408965125688e-03 6.363916633182009706e-04 3.975419631896044714e-04 1.474462648547674067e-03 2.884973804890285376e-03 8.775331333967692840e-03 2.138409654648135150e-02 2.597957139635182974e-02 4.412466074180324514e-03
6.280806616754045293e-03 1.162139323969635027e-02 9.482252052627768504e-03 3.440812550870958348e-03 2.860916699612555628e-03 5.003451766945121032e-03 2.158772851109120889e-03 2.006350019829149234e-03 4.068747948286982087e-03 2.483162820173379862e-03
2.355081994056773634e-05 6.191462186730499614e-05 4.195403161849166665e-04 7.818307960180586116e-03 5.679528371507271828e-02 1.265687753889702949e-01 5.210199609149082298e-03 2.515547792845818759e-04 2.919138387146834673e-05 8.816359984561218292e-06
6.670403492355226997e-03 2.104646851656580275e-02 5.189936984355347088e-02 1.030009408358560467e-02 1.084403102521610835e-03 2.402408560363037359e-04 2.008178041548054605e-04 1.742779821666713149e-04 1.426130652167266651e-03 2.723715099617609551e-03
2.625171220715052500e-03 1.301920005040587336e-03 3.654830561411192245e-03 1.165238061813177010e-02 3.489834039139029509e-03 1.182127472370937552e-03 1.472521276829868563e-03 8.472860183446097315e-03 3.558258852305344264e-03 2.963009188743130455e-03
1.578416184224601523e-03 1.671865938344561583e-02 5.884972346843974494e-02 1.362262096715249372e-02 4.520907591213490714e-03 7.437308888127923097e-04 3.328865789352454573e-04 3.511785933239337711e-04 9.706228708193706924e-04 3.852096177732628477e-04
8.767045328007718862e-05 1.178271478217500073e-05 1.677186100126612227e-05 6.065139588439660026e-05 2.218829079813119237e-04 2.776164749279125526e-03 1.182471743415136195e-01 4.641836819295516725e-02 8.837396113355121263e-03 1.724845351905794893e-03
7.095995999311900063e-04 3.726980233657115212e-04 2.907224633831692780e-04 2.476662694690616039e-04 7.229030774894113723e-04 1.414960333054979258e-02 7.225429174148391247e-03 5.396127423284267574e-03 8.179952229070662495e-03 1.437694652860281586e-02
3.487477862831536712e-02 2.763834579484926359e-03 6.487383909301309808e-04 5.406560441794848947e-05 1.529639106229962445e-04 4.232681092175618340e-04 7.323177578970947081e-04 2.812898444101180617e-03 1.952865399174803090e-02 5.184618360425620465e-02
1.450935892035829086e-03 2.303966566304214633e-03 2.433844737064642504e-03 6.680197183416640080e-03 2.507349349887621690e-02 3.954832879919932195e-03 7.243709597207073810e-03 1.246733767265068406e-03 2.565626933368587385e-03 2.053754916002252431e-03
2.887293496007739199e-02 2.388018091296352854e-02 5.359076769140648511e-02 1.647156125254092352e-03 1.236335566852436111e-04 9.791387844956163660e-05 1.423767745953297115e-04 1.208337899025119027e-04 6.405299340827554045e-04 3.427241701315445529e-03
1.166792420887173467e-03 9.512598126370702461e-04 6.410172224877335508e-04 2.335871178816926054e-04 6.156582014949233328e-04 8.139202657465606158e-03 1.905681724925688617e-02 3.288318617880035821e-02 1.365707061615840587e-02 3.587286414501164155e-03
5.662517299196962936e-03 2.556372527263314764e-02 2.840692279022615299e-02 4.646127747494228737e-03 8.355594259413597416e-03 2.880488465302631119e-03 2.927809519320882488e-04 1.371615196592802712e-04 3.866941323524853975e-04 3.600482931884544367e-04
