1.723881295913317962e-03 4.445874270407041209e-03 1.318779350495670986e-02 1.372264449754177253e-02 6.088255611417393159e-03 4.415096035546964108e-03 4.006120112449886375e-03 7.609444799127739606e-03 1.026275185149571126e-02 7.624148966074524060e-03 3.653230860993381991e-03 1.021141480852772246e-03
5.627198935893083440e-03 5.304596257199182055e-03 6.679662544859962976e-03 7.750997828084575658e-03 3.919332923910107472e-03 2.995457205168010166e-03 1.686802752648613622e-03 4.016738803994471425e-03 7.637320383761110956e-03 1.072770105877020493e-02 9.334822981660061830e-03 5.873754363783777535e-03
3.655156776674980956e-03 6.569594464636142710e-03 7.002011714807858563e-03 4.425852224551420078e-03 6.278489229442879571e-03 5.611020565371802743e-03 5.566838539347406314e-03 6.877557372590474387e-03 6.973150466162016115e-03 3.596672811681838472e-03 4.839997044413181862e-03 3.594772368312297746e-03
1.276464932674394558e-02 5.360432400071593953e-03 1.976486317831754793e-03 2.251588078375461616e-03 2.614344430023039095e-03 3.072960134761311499e-03 9.305058813968663037e-03 8.454629228785613682e-03 3.013786263534219689e-03 2.080168572896535194e-03 8.468927065544402596e-03 1.828583023499507493e-02
8.396338674276700165e-03 7.238061130561651395e-03 7.597834794687467232e-03 7.163685616253052425e-03 5.723715878971696522e-03 5.075956468914316622e-03 3.592087260349106741e-03 2.017730290677235017e-03 2.432726877367491665e-03 3.346541531448627479e-03 8.114749437774872870e-03 1.227097109330251880e-02
9.715703772649783142e-04 2.529795165029252897e-03 4.180134793059741422e-03 6.729719010222246986e-03 6.310322479845138603e-03 7.007334226528386806e-03 1.122223944501388876e-02 1.632663968467610097e-02 1.597077326940032210e-02 6.501808687122924944e-03 2.760149968745671725e-03 1.334538409322207552e-03
7.219444174282284125e-03 3.733888119202048717e-03 2.047273467337284384e-03 1.875668288598341445e-03 2.792209255624347134e-03 5.677621164551102662e-03 4.487975335279762237e-03 4.867391315909348586e-03 7.207163787033550248e-03 1.595618657672239621e-02 1.323838578101823107e-02 6.213224304168547818e-03
6.073454773354819251e-03 8.521380642947426476e-03 8.450496899970611972e-03 7.097591531655123021e-03 3.103745301665444562e-03 3.232635903716866727e-03 3.739403345911663547e-03 5.115006405938051469e-03 5.860541693506277940e-03 7.942066659953516544e-03 5.614888189704080740e-03 4.043679309652423171e-03
7.683510514620291859e-03 3.071933641289198609e-03 3.140869464999911966e-03 4.902646272962633486e-03 4.565580303567363593e-03 6.812607338541132665e-03 7.155067681237423441e-03 5.551735275429938755e-03 3.536493792665352121e-03 3.978331049085229686e-03 9.307414674656448728e-03 1.023852036286371399e-02
3.821671849627945265e-03 3.437676321734185487e-03 5.682494913509478739e-03 7.395231568423972328e-03 8.984275577871876986e-03 5.448820158562239779e-03 4.831181311474240861e-03 6.974952490968992433e-03 7.465111372825373841e-03 5.527513790158006257e-03 5.622223560648953455e-03 3.348584570581960955e-03
1.219688509039969053e-02 3.761255359537596984e-03 1.893364358656741920e-03 3.501305035705802159e-03 5.832601698356353406e-03 8.461065579836819436e-03 8.534680969623349711e-03 1.846654962917932546e-02 3.542103403196408991e-03 1.312409523010073676e-03 2.108535442429015656e-03 8.406400806522129968e-03
6.206576459908408339e-03 2.862393030703467515e-03 3.595396128476051681e-03 6.110312099110793913e-03 5.916177271440170582e-03 7.186045133362383049e-03 9.406823579183428569e-03 4.753586594758300518e-03 2.100906982045052957e-03 3.415745051715404941e-03 9.230985390904269602e-03 1.089329012998807925e-02
3.889371458879777033e-03 5.163963665454083043e-03 3.837884241615549790e-03 5.410742928822240977e-03 5.575192666238766928e-03 3.000702485055963334e-03 4.026718894425223433e-03 7.968521885601133337e-03 1.361788168905207416e-02 9.431898887473252197e-03 5.198384285341993427e-03 2.999006337492929244e-03
4.078420993515897292e-03 8.501891543047710234e-03 1.878433775848578971e-02 1.189380440447512441e-02 5.204954236061794595e-03 2.697649690899523237e-03 1.281052957512060064e-03 2.010390539973421365e-03 6.496919796608208522e-03 5.610147425620815725e-03 5.200324772062989154e-03 3.922020947765916116e-03
5.711389224675629539e-03 1.091454129593981415e-02 1.026540038325336746e-02 7.279796066578627864e-03 4.316480866694510574e-03 6.694776000172670410e-03 5.147501153342006266e-03 4.629165200887778824e-03 5.094326952308192089e-03 2.118893847386663174e-03 2.433864456668196740e-03 4.118195132082428170e-03
4.125379085473447963e-03 8.704460455113367801e-03 1.575332835945494891e-02 9.106318914977418882e-03 4.672734056533157931e-03 3.561802060267544624e-03 1.433200779552819357e-03 1.925627571841514096e-03 3.981776013270359009e-03 1.140599049984244648e-02 4.379206798188667142e-03 3.798136666047200599e-03
8.188752987897318300e-03 4.930159909994588294e-03 2.517365849430034264e-03 3.701972356020375929e-03 6.858574550905900853e-03 7.698652988928007465e-03 7.430733776802860013e-03 9.400967380176157573e-03 5.490551795771476257e-03 1.855457157954328680e-03 3.098698810841467310e-03 9.944207057725027929e-03
5.306993743687096581e-03 4.574319795714558781e-03 6.759232321694121429e-03 1.063363484886278854e-02 7.884634166521025875e-03 4.870472744144908710e-03 1.767753697987320448e-03 1.058623520496406248e-03 1.915003094622662978e-03 8.072698313282672053e-03 1.067775861011521082e-02 1.153859864175682363e-02
5.419275287430440000e-03 4.845857743396924169e-03 3.374463994279083834e-03 3.603542863108179055e-03 4.190944127194175597e-03 8.749340692487596327e-03 8.860931249735196774e-03 4.829219808640219935e-03 5.491804166588397026e-03 6.809459166632187560e-03 6.813436940085871099e-03 6.128803074964793429e-03
1.046787389890133611e-02 7.910564893042662526e-03 4.544204619418640116e-03 2.059799114455430555e-03 2.324592780725387008e-03 3.374195217037942278e-03 4.243105660647227516e-03 7.724028256295142197e-03 1.052415340919752793e-02 9.088236840220727600e-03 2.896807887566015850e-03 6.710500251729561126e-03
4.120250429176746873e-03 6.302881207554846335e-03 1.027246249611082560e-02 1.104510904069542360e-02 7.006101919765174435e-03 6.446495585993734442e-03 4.105809092132090346e-03 3.827495040760553122e-03 3.028648526873223973e-03 4.396076170413985504e-03 3.679886654288913247e-03 5.606523309279283149e-03
7.397189310483891396e-03 7.587173682267031073e-03 3.299823412646562225e-03 2.203540156190020478e-03 2.353369703007939309e-03 3.084494700764459606e-03 3.072557928241021440e-03 7.166464801167563708e-03 1.272528705105153632e-02 1.298371286069376247e-02 7.094422317823777246e-03 4.980432088487750028e-03
2.770391527049862173e-03 3.671377475273774737e-03 4.539698051383975197e-03 2.377310945626174253e-03 3.422420890772722747e-03 1.028100218001185701e-02 1.041841668761990351e-02 5.058668434046207502e-03 4.310181279487580383e-03 8.147184385143217689e-03 1.191814623305459744e-02 4.542050745147910122e-03
9.146422958939621692e-03 8.212918323527365963e-03 6.469946336963058875e-03 1.077679746442651056e-02 2.051575715556743298e-02 8.810130944787419524e-03 3.381583907092894359e-03 1.445569641407051450e-03 1.290963010840777501e-03 1.641051955593620217e-03 3.636803159617142504e-03 6.607534506390300329e-03
5.178540896379850260e-03 3.637793409632573798e-03 6.267109586292195222e-03 8.816344787807439340e-03 1.180506865880232188e-02 8.643311099064472647e-03 7.065153982385807482e-03 3.833500058109725033e-03 1.723741629392671216e-03 2.768947601988444671e-03 4.519699410065304915e-03 7.997627214455658301e-03
4.048291675822084795e-03 1.004907986877615240e-02 9.234867367304095895e-03 4.210617938208563622e-03 1.983152705016334554e-03 3.082875779149617766e-03 5.250379471387186560e-03 1.213958761048147990e-02 8.179860594472947166e-03 6.105654059239283907e-03 5.164859816875066664e-03 2.790562962121051135e-03
9.413341341641935645e-03 6.437428198533829381e-03 3.150419352155057508e-03 4.037882520811353695e-03 1.285233121145747115e-02 1.336106502434406679e-02 6.064267716106538572e-03 2.899957320039444481e-03 1.132623851194041386e-03 1.597849774407157468e-03 4.970238697639380379e-03 1.098604015662722408e-02
4.036492873862430365e-03 9.014801244926002460e-03 7.775121815274518323e-03 6.677437091851962277e-03 1.154595799799629924e-02 1.461324833274219893e-02 1.007706565482882968e-02 3.472364731769335584e-03 1.137820133431507487e-03 1.242983628090055031e-03 2.590405618953185631e-03 3.568218009658219274e-03
7.924047925223562730e-03 2.017209118976639320e-02 1.130052996566895986e-02 3.593852509382321724e-03 3.114494904285646133e-03 4.934308441799248324e-03 7.283362654119584709e-03 5.091693228604894129e-03 2.968341789132602354e-03 3.353179173203426396e-03 2.704934296983802985e-03 4.285659853457456439e-03
3.685898573369508942e-03 7.113981490708549439e-03 8.605878454813984182e-03 4.895143165441799386e-03 4.382503393884188553e-03 9.067165543996811433e-03 5.630317636757566080e-03 4.989945311238326749e-03 4.934448486412408748e-03 2.946547324412134190e-03 4.952828596982967665e-03 3.768220172450865296e-03
6.909723056442785769e-03 7.003387054372738757e-03 6.806056465125972892e-03 9.141507142635658598e-03 5.042968338296657284e-03 4.932089432654785006e-03 4.669255122899167165e-03 4.109252354159791641e-03 6.633278678117745381e-03 2.937323290131418820e-03 1.987671798137003419e-03 5.318817544196454382e-03
3.455938438449664141e-03 4.834840189036922371e-03 1.148505007211722551e-02 7.524232783497061122e-03 5.330356445627035776e-03 3.936744263483061591e-03 2.855717678441922237e-03 3.790048918606908276e-03 4.444349870385195557e-03 4.739794914896651792e-03 1.048343918468218512e-02 5.467105465784953891e-03
1.273849597049367920e-02 1.336245240778466230e-02 8.828475794149193145e-03 2.698922886126185750e-03 2.263170169947154118e-03 2.291438513189436067e-03 1.773187686031942479e-03 2.924674225749129830e-03 5.001977579620160361e-03 6.817655258209805690e-03 7.148929704983557690e-03 9.832982369736549197e-03
9.837683321797462653e-04 1.350384122434148369e-03 9.971865504221463089e-03 1.960024095906216790e-02 1.033711391418079030e-02 4.745158530053041578e-03 3.435172325982650387e-03 4.051641727592400315e-03 5.949432334146706122e-03 1.316863552499461520e-02 5.865162158574396822e-03 2.579359031979183443e-03
3.495061525552285112e-03 3.153734232971195338e-03 3.598594777571791775e-03 5.751342195686544659e-03 1.034600521069764523e-02 7.611249274430128414e-03 5.243057356717210210e-03 6.215803750820173175e-03 7.205221367360093235e-03 7.586802718762361390e-03 5.705473149848549336e-03 4.176248304687093724e-03
3.878865532857357201e-03 8.474816414398945313e-03 1.116203566895630078e-02 7.488572610117287184e-03 6.911305145680846258e-03 1.024371541316921111e-02 6.265228723958684090e-03 2.224645307793615169e-03 4.076023146382593346e-03 4.975410587928398229e-03 1.780918042157159315e-03 2.134517260214155616e-03
3.826694953428453651e-03 3.468627738197224437e-03 4.685486423170659963e-03 5.146269765165103344e-03 3.747352397995206037e-03 4.685373424331922519e-03 5.010269152980887861e-03 6.781657084020689674e-03 7.544622284801803629e-03 8.750303848539087159e-03 8.813660773089183886e-03 6.872213183290567899e-03
2.921737041714104598e-03 3.994664001343069086e-03 1.316699682710251174e-02 1.342409580219132946e-02 4.831965792478794090e-03 3.783752767823755567e-03 6.433151433034191638e-03 5.044685596375605291e-03 6.564418125234647121e-03 4.948144659175843056e-03 3.755286438893901731e-03 3.022287184039063740e-03
4.707337606284416574e-03 5.469946879006438653e-03 2.591790199864123147e-03 1.676888486920648843e-03 2.344729912199920024e-03 8.281413692139990776e-03 8.262766378184759064e-03 1.044692474142147262e-02 8.935603218618810850e-03 9.691339859350726199e-03 4.775783354161649251e-03 4.289905476111607711e-03
6.844276587954308336e-03 1.555453370894202547e-02 9.140291327618729061e-03 5.314493830966799705e-03 3.550610548780916160e-03 2.325975864256062207e-03 2.155320261076934876e-03 3.942270029431359582e-03 5.618661404329618886e-03 7.844138820840618198e-03 6.016319936157263695e-03 4.753277414338348550e-03
8.634509795373876417e-03 9.875368372092435676e-03 3.371532431611413277e-03 2.017300131232799450e-03 3.002423598828472210e-03 4.871436465358024506e-03 5.878554100297292417e-03 4.460502790404602749e-03 3.165321651668014276e-03 4.983589442151898502e-03 1.085813171132790460e-02 1.152359010815019909e-02
4.250818762175002756e-03 2.869448664655213817e-03 5.468395878904549860e-03 8.995299913927383428e-03 5.763834531849872968e-03 2.933474897386070986e-03 4.705463187991050684e-03 4.398876176753902661e-03 3.803317376420897560e-03 8.734607320700556524e-03 8.916216963041833157e-03 6.019285655601129027e-03
7.412331555588000387e-03 5.811590770512175055e-03 4.048452455940274378e-03 2.370113308180442618e-03 2.930691895401751901e-03 9.441920014418868357e-03 1.620239111534213169e-02 9.988873574659202711e-03 4.263068222891286223e-03 2.726268297100452320e-03 3.000977165815854261e-03 6.799240499241965274e-03
4.174953665255573196e-03 4.458876380508399601e-03 1.050225070303216490e-02 6.679249135947494531e-03 4.667708565639008302e-03 5.035796465157722605e-03 5.277775597720850420e-03 1.162186967881618377e-02 5.816464841056238899e-03 3.547388549632781406e-03 3.283941931073809922e-03 2.895327144591530212e-03
1.494789063628237718e-03 5.474511502634393789e-03 1.096911265682759540e-02 1.166886915680413229e-02 6.684459199409436246e-03 4.022548708079857691e-03 6.229717866245559725e-03 7.259447222382995300e-03 1.420796933165453108e-02 6.595845983639376034e-03 2.036250056678606986e-03 1.120594335416087196e-03
1.203261535823765480e-02 3.643291226166653872e-03 3.136090906536641125e-03 5.124532493005971336e-03 5.288827949894705713e-03 7.227400224373349037e-03 3.125072884257944217e-03 2.560951413951424900e-03 2.393093891731882562e-03 3.418809989527391534e-03 9.911726755058899996e-03 1.946347863249429933e-02
3.264420718526685715e-03 3.585934172083104533e-03 6.617502463193738506e-03 7.801270044349301915e-03 3.457799935002638797e-03 4.526401897389707024e-03 3.415800884590897146e-03 3.924084175027233584e-03 5.011031337867686078e-03 6.614716288713512818e-03 8.412445024830935217e-03 1.016566491502335010e-02
3.413704985922623968e-03 2.539531414403184764e-03 3.932795266140902933e-03 3.820890631379752697e-03 5.976228004511415642e-03 4.960079837597139267e-03 6.719169673599500493e-03 7.211602293058371957e-03 1.234093576123549904e-02 1.231062816245334299e-02 5.373754311348509158e-03 3.098300047601294013e-03
1.212603810229891457e-02 4.839235069095534740e-03 4.105118375790919698e-03 6.238020291947893314e-03 4.162154530153821391e-03 3.330724028994369590e-03 1.688475509178675397e-03 2.134021066968721202e-03 5.700285407668556278e-03 9.018841461554398531e-03 9.426468243270079775e-03 1.090192786213852252e-02
4.572213805836501145e-03 5.249387647048500173e-03 1.264129186491254851e-02 1.081733633286575957e-02 7.670064846284500686e-03 4.528211209251327071e-03 2.934084778320938947e-03 5.440544210283238154e-03 6.126898082993830971e-03 5.728764383838765364e-03 2.887272763687331878e-03 2.423505755349858026e-03
6.213283141163756032e-03 1.106289144118444145e-02 6.987543883372768737e-03 3.854494144847443911e-03 2.856216264544143499e-03 7.827209980389800495e-03 8.971551205945877891e-03 3.771864082196937397e-03 3.267415170059028134e-03 4.500887264668554724e-03 4.812028503038856542e-03 5.846214614909976855e-03
1.035080649212930144e-02 1.105755066485089241e-02 6.602216851376472954e-03 6.149321293736369556e-03 8.398530337570715709e-03 8.047203402502527136e-03 5.838794682610564876e-03 4.715834678314383306e-03 1.720732749188665089e-03 1.342042598224931285e-03 2.198761969441728747e-03 7.062327897883682523e-03
4.616757937640879848e-03 6.260870132573018512e-03 1.020197626351124730e-02 1.398641918569866818e-02 7.704748317925284168e-03 7.892216869454109912e-03 6.102811151692625127e-03 3.099020996381023768e-03 2.581750501704106054e-03 2.052848236744146335e-03 4.206450885907222180e-03 4.188120610641016955e-03
7.720855652383701306e-03 4.066370722255886749e-03 6.837159901286894281e-04 4.868056492787112928e-04 1.866220794728632327e-03 6.572911098586350746e-03 2.100944556296950247e-02 1.438792367050772784e-02 5.359811225609982868e-03 3.202962988352507645e-03 7.107087874786165160e-03 1.453024804310600916e-02
4.825118917014869190e-03 4.089120898478311623e-03 6.478649099416261201e-03 9.688470282350741120e-03 9.866815860801781551e-03 1.110213603145072774e-02 5.692852562592548918e-03 2.883779538989206075e-03 2.235045240491717426e-03 4.410914542513463127e-03 5.172214796500393917e-03 4.753060260509779471e-03
6.257736703235486624e-04 2.674188810228407022e-03 1.484880291011138331e-02 1.619203778143384759e-02 8.326035193351210770e-03 6.189350149544369656e-03 5.139530792114650574e-03 6.396724168124418367e-03 1.394440795146400028e-02 7.119930981696389119e-03 2.526443893961566409e-03 8.282846175478942100e-04
3.756261195654846379e-03 1.814505697163488075e-03 3.696398713962307288e-03 9.913593077768772382e-03 1.100409969070576498e-02 9.434912756936534445e-03 4.280342270336881701e-03 3.276006369594934228e-03 2.572308817226507532e-03 5.075245627225694056e-03 8.016744429321849899e-03 1.046876318308647552e-02
7.860378120051443943e-03 9.257795512108743519e-03 8.304557230957758732e-03 3.528742903263966304e-03 2.699385161720950759e-03 3.895013998301309795e-03 9.735089694508432256e-03 1.142755189379947300e-02 7.592461941055154810e-03 3.472443493902076760e-03 2.702112986973062743e-03 2.987199750739089662e-03
3.832598707047200296e-03 3.928074372232271197e-03 7.616902767874873977e-03 7.236354742200991168e-03 6.646252912173552033e-03 3.395307652075637162e-03 2.267812075344954794e-03 5.042737209436917722e-03 7.822339614031652982e-03 1.287202013234008471e-02 6.447002782360397241e-03 3.836073430115770865e-03
1.121033727090234300e-02 8.391319581408832051e-03 7.178332727935221591e-03 4.018160593435455077e-03 4.665246181873789963e-03 9.831221068512401712e-03 1.239862931570959170e-02 3.021873544188318980e-03 1.335613002945960134e-03 1.840078990058111649e-03 4.017198789318394969e-03 8.036473892995606855e-03
5.539741330943342111e-03 5.945299422899282676e-03 4.958615348012304289e-03 7.998563921527391055e-03 3.462380609700594844e-03 2.629704021029975140e-03 4.468628157353451112e-03 1.255344192525982561e-02 1.289362337472503561e-02 3.436588037740313448e-03 2.678254480082464806e-03 5.471027930967798346e-03
1.625838042560262499e-03 5.678887713149232894e-03 6.868317876425605352e-03 9.164914129756628752e-03 1.098317229406991016e-02 1.136703450848864164e-02 6.108465393542212261e-03 4.591042329780123388e-03 8.544665473428058808e-03 6.382004294439766988e-03 2.577267658826341845e-03 9.628056703487531320e-04
9.777568057364757412e-03 7.546202791557455117e-03 3.715055873034174994e-03 3.623020209858016181e-03 4.585630570564670425e-03 4.096512795804196048e-03 5.587006120883561237e-03 6.382296125249362941e-03 4.962377567639304071e-03 6.264247887973467023e-03 4.647208178789708627e-03 6.697608032808026989e-03
3.670762763341330840e-03 4.451559013174505655e-03 9.183931464352526261e-03 7.580345407097657286e-03 4.083481187261588097e-03 3.816503375791729068e-03 4.377127804080760062e-03 7.796782956615635161e-03 1.149652279761464481e-02 5.199983827384778781e-03 4.435891212667603112e-03 3.370980739608528919e-03
2.179810426701104913e-03 1.499600336538751966e-03 1.091504143203379969e-02 2.767177368995207137e-02 1.377042257652533880e-02 2.375926660286084482e-03 9.490237054138510406e-04 6.379442995097548775e-04 3.115332261158208944e-03 5.240990534107165671e-03 1.549675824900856660e-02 8.424417824759479478e-03
6.881291144996280057e-03 7.342539685163504415e-03 3.118124189471357770e-03 2.923437073290781080e-03 3.271494734191254458e-03 4.121695820286387299e-03 7.466581486628559410e-03 1.417175330612782322e-02 1.126535703862211087e-02 3.825718612757834577e-03 3.450955451081916085e-03 5.318141273606166557e-03
7.490298361250376236e-03 5.593582111644691476e-03 2.682691896441676167e-03 2.998571331842253117e-03 2.262408415177078087e-03 3.034934418079417856e-03 7.531378356364549012e-03 1.675304601298077678e-02 9.839465786066283609e-03 4.348034738042020481e-03 4.183495199407377511e-03 8.482157085112899952e-03
1.668870604163093935e-02 5.315719054972312292e-03 2.274948941638795311e-03 1.466674667343233034e-03 2.978500145310760197e-03 6.892730418769019152e-03 5.013763815158004539e-03 3.091536286775743107e-03 4.705766013035515491e-03 6.344077934932123089e-03 9.070048372796742087e-03 1.246243876112539464e-02
2.110047202983269393e-03 2.168907985775109411e-03 4.563880996053679834e-03 9.720899432785597150e-03 8.843973298411394318e-03 5.702305276264688604e-03 5.697359965450281283e-03 6.012393921620637002e-03 7.627550014064219709e-03 6.493968780921162073e-03 8.116131019841913222e-03 4.310792008809337730e-03
7.200313512562581640e-03 7.765643146240437319e-03 3.261996115728955144e-03 2.315671583923042780e-03 5.031550989851667731e-03 1.725642882831068120e-02 1.130809996128595910e-02 4.161054539138253974e-03 1.580990832495954334e-03 3.912545254749733373e-03 4.520083883480577151e-03 7.105043587424034884e-03
7.404417460292037068e-03 6.654955290351715486e-03 7.816761023507663025e-03 1.013139943747503463e-02 7.462434335985340672e-03 7.343451896789766550e-03 2.792224801119356017e-03 1.299245838406076423e-03 1.651381402212720971e-03 3.841932746435033734e-03 8.994853803627182731e-03 6.882548510160472512e-03
1.626620393029282359e-03 3.675115690296469791e-03 5.063069306741435106e-03 3.786400358373774762e-03 4.338582362713067596e-03 1.133271186938080224e-02 9.151259154597192816e-03 7.319678310561867490e-03 1.126352617663416676e-02 9.257763521860137151e-03 4.295885362323968726e-03 1.939227496748562388e-03
1.207777025100359794e-02 1.103175671735817306e-02 3.253273099777502769e-03 2.880355367465232963e-03 8.360599620949277916e-03 6.879532070752487904e-03 7.249800138336951957e-03 4.906256924544341591e-03 4.515955549357858131e-03 2.856579930773933337e-03 2.666322851034619995e-03 4.748473725779286947e-03
7.417317221438276230e-03 5.650991830219272843e-03 3.844198047008127051e-03 3.704157762774012812e-03 4.504568328006487883e-03 7.654425516949068045e-03 1.048573260041479882e-02 4.868867012286686238e-03 3.344263952417261907e-03 2.605348320914038784e-03 5.103155362253467518e-03 1.191230672267798094e-02
8.972774968817534211e-03 4.387249924945589921e-03 2.406218323368940031e-03 3.112706367794903714e-03 5.971356215739286391e-03 6.418893278470125599e-03 6.107760117003681322e-03 3.434182103500873703e-03 4.049078117209525297e-03 5.542608520470199140e-03 8.460000709303965027e-03 1.366822261201786071e-02
3.721707535491347325e-03 1.487019314127791935e-03 1.919829951159395453e-03 9.280685857460491822e-03 2.663452242189588703e-02 1.325773439527472980e-02 3.524345553310606442e-03 2.416090790901625519e-03 2.276912540774343567e-03 5.534858284128604464e-03 8.924128678796810349e-03 7.144706508378811938e-03
9.403316680793461640e-03 1.189333986794433029e-02 7.809277053424219794e-03 4.211866477196593746e-03 3.004887560823820900e-03 2.104147737584548782e-03 1.694993976467652503e-03 5.799448317639213125e-03 8.270276823974537922e-03 5.307657727144405799e-03 4.848353579414444066e-03 7.088612244921792260e-03
4.443265580096599290e-03 3.673361523069137036e-03 1.952452848771450830e-03 2.251886019699654053e-03 4.710150710757110039e-03 7.404001405432512548e-03 9.277716404497321143e-03 1.166540008484258026e-02 1.797901018765470094e-02 6.512428397532406092e-03 3.457954153235794342e-03 3.278524521255572234e-03
4.695832027913466288e-03 7.589652094659466580e-03 1.069007868485256224e-02 6.678671754581108275e-03 5.116800953518898729e-03 5.431252727132913037e-03 4.830787606908000867e-03 4.425028025957514904e-03 4.380306055154160362e-03 3.838822478207014333e-03 6.282199302325710936e-03 4.504251656597852392e-03
6.203857908908970778e-03 2.562362388250864938e-03 7.298516881058469789e-03 1.201621487651246233e-02 6.178989328082753855e-03 4.320449978582150720e-03 4.292873253172848139e-03 3.007732390559068533e-03 1.482087077582266987e-03 3.369890626745891682e-03 7.580157951483963361e-03 1.689639111594081616e-02
9.751924371672202269e-04 1.136303226441796269e-03 4.544812680085149291e-03 1.501723448249931217e-02 2.014081309365396699e-02 9.087521485868003263e-03 4.256784938221186074e-03 4.618808393602005444e-03 7.362228966349375694e-03 7.458204188838862478e-03 6.142334827271661926e-03 2.117382836662299889e-03
6.165561434895559627e-03 5.262331419629845929e-03 3.594170763969848584e-03 6.872291111863392671e-03 5.862228883906103402e-03 6.359504814351069416e-03 7.544692051645096598e-03 7.465869075443777939e-03 3.722322247935279643e-03 2.531280836079080436e-03 5.460161312475250370e-03 7.154233785303624506e-03
5.769989977469212883e-03 7.145821135461403496e-03 7.094093618924324218e-03 7.186617429783421704e-03 4.449252738514944405e-03 4.639427968762911692e-03 1.471869600392159555e-02 1.596120978753370195e-02 3.319755981143473946e-03 1.713559267007376628e-03 1.824598717531589025e-03 3.726904936346150856e-03
6.691607234712563211e-03 1.010575373578766201e-02 8.303329747950810580e-03 8.896277766722832103e-03 2.746309315780350382e-03 2.862696346791291941e-03 4.221952552625652874e-03 5.776188063961849514e-03 5.371036659959799522e-03 4.040700407803991465e-03 4.529698935898950757e-03 5.266128857667515262e-03
4.212857114299301334e-03 5.050662234489432245e-03 2.901923759380797656e-03 5.010117671157535493e-03 8.958584816031402512e-03 6.943806105827496356e-03 4.020521399431993548e-03 4.094132579619103041e-03 7.378450768697442444e-03 1.233950016293315285e-02 5.673461505130847175e-03 2.306230829543930334e-03
6.760125448421350040e-03 6.167472061117714420e-03 3.626123655705898192e-03 4.271587138204122926e-03 7.521568739182428118e-03 6.388402095298279307e-03 4.548583467122117169e-03 5.903238796774623598e-03 6.814316914801641506e-03 6.307468406405771985e-03 4.735079999636383763e-03 4.889714803608445279e-03
3.284345460897796203e-03 3.027295748245371204e-03 5.373199398139150498e-03 9.394091470792400103e-03 5.424461314169840530e-03 1.808124251149385939e-03 1.816052139546052522e-03 4.716773981857963483e-03 1.097380803845163233e-02 1.443892383261960281e-02 1.130951955368072331e-02 5.326586370404987406e-03
7.450078196748722084e-03 5.043415770412337969e-03 6.344010814944425064e-03 5.118626559201826590e-03 4.499474243559609815e-03 2.521433852599092463e-03 3.036108940486506851e-03 4.352374633783555151e-03 4.897814731071668815e-03 8.439597936981711040e-03 8.532540309349734980e-03 9.526646610154038131e-03
2.144238721357938360e-03 4.896671794665879984e-03 1.096147552733207735e-02 9.621829673413141368e-03 3.896439282754066494e-03 2.856336683797062494e-03 3.336820731973503835e-03 1.020053941244256773e-02 8.966869512256009020e-03 1.089974649634238221e-02 3.482584897739238790e-03 2.158261484169268340e-03
6.469763536036065264e-03 6.514846416378759948e-03 4.901304276132119331e-03 4.255728175360281272e-03 4.451876217879978392e-03 9.169480824866776264e-03 6.893152203866482336e-03 7.925483771951857132e-03 7.368738670563810753e-03 2.787164203739960194e-03 1.763793871803920332e-03 4.692261810979783850e-03
1.080713353476699112e-02 8.840737529299747682e-03 8.981768309785007759e-03 6.220403539881536395e-03 4.223160643972233286e-03 3.001149350484960329e-03 1.872162342596282204e-03 3.924698020507426388e-03 2.999533511923524812e-03 5.868630458289619475e-03 6.317192940662831602e-03 7.067953400244644802e-03
3.481178333791107304e-03 6.493999321106155853e-03 8.136811323673501933e-03 7.572548589724457761e-03 5.346599330478990150e-03 1.954317124024416291e-03 2.829274113290568445e-03 1.143218774966022096e-02 1.126403749115775094e-02 8.231061030571678455e-03 2.703863417929796599e-03 2.253602554099590378e-03
1.390603698167178909e-02 4.238763024416278453e-03 3.273592574252473346e-03 2.293629725171678502e-03 4.478148386039826345e-03 6.306674473815448642e-03 8.158204058285789886e-03 5.439745775183480944e-03 5.765810500109460474e-03 3.064927255292896474e-03 4.223302824052007146e-03 1.028176956980096299e-02
5.281230673481290307e-03 9.727046890368355042e-03 1.179955610849655299e-02 4.373092475560715238e-03 2.770630764401851333e-03 3.352109798122920870e-03 3.314925447852106778e-03 5.165257154275550155e-03 6.697025142477143478e-03 5.734194748602847863e-03 6.269094467722483369e-03 5.390595661123859413e-03
1.406163291399772355e-03 1.191922722649691162e-03 2.669892419427678017e-03 4.322325933973020576e-03 9.536424356337964287e-03 8.724487885420044095e-03 1.022301906009052443e-02 7.410034990803853264e-03 7.775209792698660125e-03 9.747971566513240205e-03 8.149476947120265144e-03 4.305743045462113137e-03
2.427756346977949075e-03 1.914762990435357835e-03 4.534367892557063934e-03 4.621327231681113257e-03 5.044036800956745378e-03 6.835266638860642771e-03 7.961747179827272786e-03 4.873877244860524635e-03 6.812035118363020045e-03 8.738054567315132679e-03 6.558742091396127863e-03 6.046582752740543507e-03
5.108070178193051605e-03 3.752045657609422505e-03 5.713921019072380238e-03 5.923027986387190656e-03 7.247028154631494218e-03 1.099513417245350302e-02 5.909035970643272337e-03 2.760916618626424370e-03 3.346672925317711097e-03 5.757357032760750115e-03 5.656671893229667583e-03 5.962384608773502355e-03
3.434080187184834418e-03 4.610571084262679240e-03 8.623933904570019876e-03 8.497250374663999073e-03 7.626382834501310194e-03 4.128388822764166022e-03 4.800771196607661259e-03 6.361763048079474743e-03 1.481487111617520169e-02 5.573965505602465446e-03 2.044289186067448257e-03 1.948293379520529833e-03
5.941984377485278260e-03 2.312330669766819724e-03 1.492909198274239204e-03 4.325729436559371498e-03 9.997566739872102218e-03 1.943592396481041984e-02 1.231260753456548535e-02 5.555284541583702107e-03 3.134135849994560546e-03 3.315248565197399973e-03 3.680425448795927694e-03 5.970471637676333376e-03
6.736706017003480512e-03 4.297541259028241772e-03 3.052467201053290016e-03 2.567045357561377646e-03 7.381212340796127272e-03 1.655368881751559385e-02 1.092213213080724631e-02 3.100023050876594532e-03 2.959506353067911481e-03 3.933371734550571153e-03 6.489986249189051877e-03 7.526834851872775921e-03
