3.640084179284538979e-01 3.148688286901987765e-01 2.460888121651636784e-01 6.058084652167266410e-02 -1.298622669160879872e-01 4.497587409335031539e-01 -1.490566256561694225e-01 1.075937188690700014e-01 2.242506837088712179e-01 4.869202454746084791e-02 -4.111363159054868266e-01 2.841771989699141132e-01
2.757687541126154218e-01 -1.000425813642304672e-02 1.287876323664892686e-01 3.155865333056805944e-01 2.487349788729938671e-01 -3.476719765743474348e-03 1.839147670052736216e-01 -4.105655119167486711e-01 -4.652839021758265470e-01 -4.329671506440381512e-02 -2.465900207393523502e-01 3.396830138359320794e-01
-2.151133430866938312e-01 -5.835815031465384217e-02 -5.082376364754316311e-01 2.661328738089170295e-02 -4.852872724403501925e-01 -3.372721870334823291e-01 -3.893603060526681231e-02 -3.432951271257592141e-02 1.857054670977432431e-01 -5.137967386603204539e-02 -1.538580029398605720e-01 4.320583212918077121e-01
-1.892175454518489619e-01 -7.810551954971801658e-01 -1.330098579323068242e-01 3.630108426052816029e-01 2.798889422994017551e-01 -5.108812410795828818e-01 -4.756543780401804589e-01 -2.138899396337136036e-02 3.928719129808507238e-01 1.753536369898166525e-01 4.890401339075359233e-02 -2.370426508555847356e-01
1.875997457485613085e-01 2.005843304148571260e-01 -5.551838027163484846e-01 -2.714680646241760531e-01 -1.396418588574709629e-01 -1.309284975412070562e-01 2.507949275841228967e-02 -1.808979496409011956e-02 -1.887550847224932493e-01 2.048654737528545211e-01 -7.267545661802514954e-03 -1.585315002514894323e-01
-2.415264192425988984e-02 4.688341897643695244e-01 1.263571384459372948e-01 7.712746668043524720e-04 -1.906024845482320318e-01 1.114664360642311225e-01 -2.912392112796713395e-02 -2.327310042405820734e-01 1.387996559920124384e-01 3.467871723133060247e-01 -2.008081356334713019e-01 3.891938212278623493e-02
-5.418841757075053556e-01 7.743738751417722499e-02 4.284010488548131712e-01 2.803573080308310872e-01 1.224528132864236007e-01 -8.164104872313342198e-02 -4.002988856324187772e-01 -1.711862403189260140e-01 2.094074484922829049e-01 -1.918211274506269048e-01 5.872058505324782851e-02 -6.429445897575696289e-01
-4.433701356932220894e-02 -5.619587290465274942e-02 -3.749378696567477465e-01 8.437836422816770432e-02 6.072990294009086298e-01 1.735372823598582692e-01 1.874596588196487390e-01 1.362048785084201408e-01 3.701746286226505478e-01 2.485372411041221197e-01 9.891865926885512472e-02 2.550581799723810605e-01
-6.893376854467139769e-02 1.317371303367657620e-01 -2.407762782297256376e-01 3.594136755000374439e-01 1.601331928765994950e-01 -1.328818463938278016e-01 -1.709016457554821122e-01 6.520220959678434403e-01 -2.497292820656293877e-01 -6.074988590704927943e-02 -4.900401246021783286e-01 1.687342301550601720e-01
-1.393423087310349251e-01 -2.732225628726898670e-01 -4.857222937444421462e-01 -3.063157699610105644e-01 4.027023732244033871e-01 -3.044440549008274322e-01 9.497803157909053828e-01 4.506577264066585070e-02 -1.606315233987495317e-01 -4.325376297761528988e-01 1.645004288562816608e-02 -5.475659743436092977e-03
7.004116464323389968e-02 -4.670360101482248782e-01 3.272954547852504059e-01 6.409203543082806409e-04 -1.407730818446363275e-01 -2.323330773629057044e-01 3.769117810250673939e-01 -2.620924489449502626e-01 2.716900897824252592e-01 2.038019165581874959e-01 -4.083850286631519055e-01 3.680405201010472083e-01
-2.438316751516574343e-01 1.434973679106417710e-01 3.296802608587079964e-01 2.683477631040477769e-03 -3.045142552762215016e-01 2.509969861178665829e-01 6.997747551032691415e-01 3.668531490958403252e-01 2.658282955559786997e-01 -2.566926747776664408e-01 3.011558616402793941e-03 2.891926924455360259e-01
-3.131035221971710247e-01 2.407099845278817263e-01 1.035439671453616678e-01 2.847901909500632489e-01 7.203883475507055767e-02 2.774125642845732820e-01 1.270594514243203188e-01 4.547776172842447062e-01 -4.304869396394302439e-01 -3.057976833675503728e-02 -8.739782573468506816e-03 1.721921553493079848e-01
3.674312819708646094e-01 -3.291369162121453029e-01 5.377281830628891784e-02 2.031957997777714686e-01 -2.257472926735082930e-01 -2.372985531069860543e-01 -7.234163566340200135e-02 -1.289469487237317191e-01 3.990989723640553932e-01 4.992440974509405605e-01 -4.793860410416441731e-01 -5.021850366707745206e-01
2.246610534172731322e-01 8.422885654148960788e-02 -2.650792826707769057e-01 -1.687673411733665030e-01 3.944073713758300959e-01 -3.298399713787971144e-01 6.582707325721983693e-01 -2.673169637912953811e-01 2.895255060853182405e-01 -6.226954912990181334e-01 3.996250049458429515e-02 3.289294008634635613e-01
-2.323200466867447189e-01 1.850346635860036504e-01 1.269905892180336060e-01 8.074044159929175679e-01 2.349166413388749097e-01 -7.544155610586762706e-02 3.310221335428603640e-01 -1.795595947089698718e-01 -3.602818640883324597e-01 2.160747191241217113e-01 2.367689408818311469e-01 -2.547396633288476209e-01
-3.395448080076012842e-01 6.601726440866775847e-02 3.194519957469009186e-01 -2.879612391382518344e-01 -7.562659886931293318e-01 7.420216110221253825e-01 -4.741158154215204673e-02 2.920244604199351279e-01 2.247319785631596567e-01 -5.621985649526558548e-01 -1.609820227562795969e-01 -3.012949091894679965e-01
2.855767003503108525e-01 8.814901535822007583e-02 3.018007993871773542e-01 1.553124685274794026e-01 -9.664679621570361479e-02 -8.886403268697733171e-02 -1.853547061752768010e-02 1.252510993644246895e-01 -1.176308627997384310e-01 -2.340216382433698422e-02 -4.217148588015491861e-01 1.658259328540046540e-01
-2.383306199784156199e-01 3.506551555754001126e-01 -1.722546606250245915e-01 -1.099392892806870803e-01 1.667031111665760734e-01 5.168799544902995535e-01 4.298323699093455075e-02 -7.731265298017260534e-02 2.583677167863789870e-01 -1.128922550216563264e-01 1.389870331394670311e-01 -9.655836236999310040e-02
7.064197109507019956e-02 -2.670102791807322795e-01 4.196858378963802538e-01 1.773322661929103428e-01 1.184827529125271062e-01 -2.922930173261460984e-01 6.480927763793463414e-02 3.237139438224111432e-01 -4.616195354287333519e-01 2.917791471166556461e-01 -9.363246697095138626e-02 3.633507128909341799e-01
2.901738001639404818e-02 3.248444279247524880e-01 -2.678332855135568957e-01 6.566987153716620507e-02 6.105369751925904254e-01 -1.307366436867702375e-01 1.370088941776772921e-02 -2.321436909864227904e-01 2.939011177768053873e-01 -1.427691399805987305e-01 1.592221484841537527e-01 -2.158122149948773771e-01
-1.133539103488447469e-01 1.446554358401603291e-01 1.184132785833093802e-02 -2.434448914878807324e-01 4.653445897771280731e-02 -2.166506788434284791e-01 -1.723548735402712362e-01 -2.650552248209753770e-01 -8.410293571224065901e-02 -3.956359193719045098e-01 4.425542840487009522e-01 1.680504721851165395e-01
1.728621640386186487e-01 -3.628568352354646920e-02 -1.238005062769719222e-01 -7.884956753545738217e-02 -4.526315426451741342e-01 -2.929100760475884524e-01 1.070887639624785032e-01 -2.246474593066893344e-01 -8.832015217538406737e-02 -4.494750629831316679e-01 1.351539207144830147e-02 1.644053507938040837e-01
1.477267924530932253e-01 -7.526228203524223948e-02 -3.244149703193350276e-01 1.369882692667371560e-01 2.673279288918951613e-01 -4.612561486023487589e-01 1.015056879776473076e-01 5.221855230955776278e-02 -1.198375285518658712e-01 1.592081524865970599e-01 -2.536258464386238476e-01 2.841364714920073253e-01
6.926897401969808188e-01 2.764850911202262340e-01 -1.630895821128291734e-01 -9.197725825255100018e-02 -3.574872472066150664e-01 2.275437364740196533e-01 3.034304124259299962e-01 -1.650549699298860251e-02 -1.389275111572534915e-01 3.335513110773757339e-01 -3.508056213340826068e-01 -1.087417481902284017e-01
2.296803337251779598e-01 5.810414850228864392e-01 -1.267600720696699657e-01 1.179269022514038354e-02 4.483340928459166042e-02 -2.848099487229441840e-01 4.366787059642615598e-01 8.774244071403870804e-02 -2.974455553718445278e-01 6.661841592605693627e-03 -1.309244539139212127e-02 -1.925858725218964895e-01
2.111178276570195855e-01 3.512455535397252526e-01 2.013438812778352016e-01 -1.507510038646431294e-01 2.771414453957318780e-01 1.053320207358096200e-01 2.090424286453965996e-01 5.738313412609898079e-02 4.478056605485104813e-02 4.070062884815698299e-03 1.185235605419830279e-01 3.883342204445066614e-01
-7.110825194055345189e-02 1.381609965329793077e-01 1.474477483589793289e-03 -3.715867158639049039e-01 -4.564497644747322197e-02 -2.161765205280529734e-01 2.015902744834074389e-01 3.536296253145811974e-01 2.397733219874013666e-01 3.044476074986832148e-01 -3.870186916686272349e-01 -3.043771957611601242e-01
-1.405518076767252045e-01 -1.301971812651911420e-01 9.787708297087029108e-02 6.700396121338958455e-01 8.166603287885465523e-02 4.324459255691385784e-01 1.252915788287151388e-01 2.409433599457578290e-01 1.309635979842307119e-01 -2.651565767509118585e-02 3.173315555206652205e-01 -6.167411882855894367e-01
1.116281028330276953e-01 2.458493374824733124e-01 -3.831257037561596746e-01 5.504249099792839495e-01 -2.346409989832582976e-01 9.381821932736272851e-02 -4.341515782469859697e-01 2.028916310737251538e-01 -6.616279234132256548e-02 -4.656612242304630778e-01 -4.097379040686558588e-02 1.256187681204790629e-01
2.300693086497752338e-01 2.867210078767632453e-01 -1.437491440565871470e-01 1.122606234563161970e-01 -8.929033711861390776e-02 3.912991703623489581e-01 8.388636327204025689e-02 -9.352019978136368039e-02 6.717791149443679520e-03 -4.798199800472365828e-01 -2.826152913178327925e-02 -6.600730522761317776e-01
4.281047400812530435e-01 -1.716530962360200002e-02 2.256615192327749708e-01 3.582564163226170315e-03 3.658678168136792475e-01 5.745313784178877892e-02 2.757736485617394151e-01 -2.289612438373697101e-01 -3.858150413704686810e-01 -3.884591513332041196e-02 -2.100601365360522943e-02 4.730373546966482601e-01
-8.155433620396833339e-02 -2.817593166204990229e-01 -2.053965944471338456e-01 -3.342672287492521876e-01 7.114931588638610804e-02 1.916111199619293520e-02 -2.848091574873582235e-02 9.653163849183056533e-02 5.636498443596349439e-02 5.998848887001207580e-02 7.682459840199754031e-02 -1.730328999227833675e-01
2.046407764762512779e-02 -4.617281662240339535e-01 -9.796919368056940247e-03 1.770375854471191446e-01 8.166119934194328300e-02 5.760221266177063537e-01 1.059316679716941073e-01 -2.489525771002608079e-01 3.760200564692287584e-01 -4.607734626257625199e-01 -6.038135147902491395e-01 5.210590097070240123e-01
-1.971945798333267497e-01 1.721662788683671341e-01 2.838851197137613053e-02 -1.669479964359533442e-01 -3.616200943095377873e-01 1.457303141622589837e-01 -1.825185957887814903e-02 1.316403857833018665e-01 -1.270967152675384071e-01 2.180466231201948907e-02 6.307234902006013388e-03 1.143580626304964015e-01
-2.091429658392385538e-01 -1.865344161835953418e-01 -3.143288162682217335e-01 3.499649420262634925e-01 1.940219135530468486e-01 -7.425751381191110501e-02 3.304400324477696493e-01 4.466422498885017078e-01 3.122445174197028273e-01 -4.726776531434030981e-01 -6.220263900351045150e-01 -2.395730395339247254e-01
-4.732733007553770882e-02 3.515402157994750865e-01 -2.832591886676247284e-01 -3.589831703001077345e-01 -1.885186085319495997e-01 2.030680995625516738e-01 2.238543514141355106e-01 -2.924853468514049953e-02 -1.158644650591880432e-01 -1.185958396797499731e-01 3.858563214168041211e-02 1.735446135287731506e-01
2.620736659888147080e-01 8.962862281525667274e-02 -3.454514307442608234e-01 -1.796497453619446127e-01 1.434933274168680717e-01 -5.087370768048266045e-01 -5.826350947966013605e-01 -1.156746575030351692e-01 -1.394851875953472264e-01 2.304684591481011846e-01 3.042112325655749877e-02 -1.141208551114657882e-01
3.474537265063186164e-01 9.246700887000711133e-02 3.527969489022734217e-01 2.364856208815324101e-01 -1.323259181428281250e-01 -1.891917177120346905e-01 -4.918109702833745600e-01 -3.185887641014392702e-01 -2.702989402187953583e-01 -2.559253263657236821e-01 5.314603896393200744e-01 9.864987205239765522e-02
-4.778929366194308859e-01 -2.342761216177823846e-01 1.693991695982098589e-01 1.352296317055807218e-01 1.105378293370485598e-01 -1.777087878434841228e-01 -5.053949058882611228e-02 -6.032386075569705630e-01 -1.802468110371932726e-03 -1.484790616240299899e-01 -4.120759137753869372e-01 -3.955659062997474718e-01
-5.754408511142489191e-01 1.912673214371228836e-01 -2.883462634814391579e-01 -5.501427184755666028e-02 2.331366958745813844e-01 2.110473666071798204e-01 -4.702668133578837839e-01 8.751863324122152732e-02 -2.339555762897393698e-01 8.786450832469938632e-02 -2.466143523425680106e-01 1.555664340047376304e-01
6.641057719744103416e-02 6.619766006624715482e-01 -3.668364389271400738e-01 -1.649678572732011239e-01 5.555214803976270543e-01 3.291524546993558897e-01 2.972968085154600870e-01 -1.108592045634431283e-01 -5.127628221387584562e-01 1.278629243094782930e-01 -2.346661300098712433e-01 -4.622613179982075771e-01
1.995926722155064448e-01 3.966666323689488349e-01 -3.698484858339585180e-01 1.764125590526033696e-02 -4.509658296699279312e-01 5.306006508499433449e-01 -1.258927958849072326e-01 -2.092859940957922382e-01 -2.904714688079522780e-02 -1.255258567325309160e-01 -4.441882350054283599e-03 -1.656558881202478406e-01
-2.884933979231688039e-01 -6.179996995906931190e-01 -1.273203896008298641e-01 -3.044782843409155615e-01 -3.836201022748981226e-01 3.478795747762146173e-01 -4.257128959729320483e-01 1.150635357968812916e-01 -1.351999109924138520e-01 -9.722441144180200834e-02 -1.092315591803062758e-01 1.040154523314641786e-03
1.606342119284157877e-01 2.817970170741728730e-01 1.017241904602193547e-01 -2.147190480451240946e-01 4.972369566509522373e-03 -5.709997048623764726e-02 3.551884798149014255e-01 -5.856358002898080090e-02 7.080883739629072193e-02 -8.165506096395918068e-01 9.687222228005822056e-02 2.157354398753983660e-01
-1.076308451517399567e-01 -2.547610662507638346e-01 1.426582736205062431e-03 -8.798392021744015634e-02 4.539769559681520184e-01 -2.518008055754054619e-01 1.043558469915059975e-02 -4.509601579811475802e-01 1.838853036371517757e-01 7.876854616563124800e-01 -3.903421938119637224e-01 -7.540764424885219863e-02
5.055800752465984260e-01 3.402807439092069841e-01 7.830530065723374789e-02 -4.709179496974056911e-01 1.584708550720907161e-01 -1.117599331219040759e-02 4.888105284721127458e-02 3.040319110421420001e-01 1.099028715955144807e-02 3.199285549273558349e-01 -3.533117268131777400e-01 -4.347327829960223600e-01
2.450048723780940962e-01 9.052038228703510048e-02 -6.967539851003584465e-03 1.564573774227507458e-02 -2.649682815441607997e-01 -6.897658857982062741e-02 4.569599542162299660e-02 -7.512192365238426484e-02 4.424021624546224385e-01 -1.453501010665774196e-01 -2.032439773927154636e-01 -1.915757439065380874e-01
2.908730647734521571e-02 1.620354096680035397e-02 2.897209259327476194e-01 4.769119443567650107e-02 -2.678364263887326735e-01 -3.265862690314520755e-02 3.550585429639210584e-04 2.396030091124210781e-01 -2.105622440538719442e-01 -1.210023411140652982e-01 4.754273264559279871e-02 -9.793563500829648438e-01
-1.434218362803826308e-01 4.686995669861429570e-02 -5.326879767836509294e-02 3.954406173435819349e-01 -2.102614502801270491e-01 4.517696257033042562e-01 -5.609006462457641340e-02 6.884467828276302770e-01 -8.697073887154035954e-02 9.989465101007891090e-02 1.465296884258593946e-01 2.016197372776926400e-01
2.106633009870132189e-01 -2.970653826250637675e-01 -3.281462981022631453e-02 -2.009528328564510746e-01 7.490548120267209904e-03 -1.339091799198733335e-01 -4.038429690940578132e-01 -1.024386609883809647e-03 -3.640650589805935478e-01 1.354341203772291835e-01 2.006163944272349176e-01 -3.591482532149088969e-01
2.589799211473358120e-01 3.139959216646216467e-01 -2.277918805495647847e-01 -6.375992609086519325e-01 -2.276474750612523246e-01 -3.498434319870976084e-01 2.547059980825633896e-01 2.692518077716522518e-01 4.409370432141802021e-01 1.749886912562329533e-01 -7.042265799208274890e-02 -2.946190295537982895e-02
1.920018965115348752e-01 5.725356819595775471e-02 -3.061947353483621126e-01 1.302439541848612881e-01 -8.623638144371517655e-03 1.361661048366791527e-01 -3.619031807464749284e-01 -1.361549505273469407e-01 1.928470268106489416e-01 5.642787808699890606e-01 2.189654257795486392e-01 -5.816916785842997095e-01
-4.228723956218461422e-01 3.841281845337127243e-02 -6.712819869863981270e-02 -3.875634079519017505e-01 -5.861752341508853770e-02 5.473406531233344918e-02 -5.737877479320737661e-01 6.859547117751832457e-02 -1.023602877626867830e-01 -8.839032049260885093e-02 -5.011961121920434081e-01 2.635904130360592346e-01
6.967545930102794771e-02 -2.215615182523485160e-01 9.011293532010754975e-03 -1.530953721764944653e-01 -6.167660504955901901e-02 -8.989388198192184432e-02 2.940335124361662666e-01 6.120471323433309685e-01 -1.900335914676788696e-02 1.196131555268137719e-01 -1.220808959379404528e-02 -8.902589258110592263e-02
-2.289969175279575331e-01 6.202212809505724261e-02 -2.273186845199514361e-01 -3.433438911132488114e-01 -1.825299829040180066e-01 -2.241155163508471715e-01 -6.406153276346199243e-02 2.895523511225820412e-01 3.606057881741290827e-01 -4.634138984029085861e-01 4.360328954855842709e-01 3.589068852049768776e-01
-1.166839798261581906e-01 -2.803048795498493950e-01 2.292112930690728689e-01 -3.114105234501884367e-01 3.054698861154814260e-01 -2.084827159480382164e-01 4.277568176970544811e-02 -3.642877232137992083e-01 -2.333981528499540214e-02 3.336854938688890160e-01 -2.695989820144253923e-01 2.188948458992600599e-01
-1.975311972175455011e-01 -5.838088021999400523e-02 -3.179313331278629806e-01 5.972390523854750888e-02 9.916218766098850237e-03 3.528610439703108725e-02 2.469937022981410699e-02 7.968260328866520747e-02 -7.568637718049253671e-02 2.350490395532940091e-01 2.316679403495421341e-01 5.456179777761545058e-01
1.370410752033969226e-01 2.479037544156995898e-01 1.087242671503611674e-01 1.975911861689494675e-01 6.279416039676237737e-01 -8.311329352745014942e-01 -3.007447293114060560e-01 -4.295427987824607108e-02 1.971382713122938890e-01 3.500259474128158965e-01 -1.033454135701404597e-01 -5.798412055868217285e-01
7.926942552271691589e-02 -4.767306739480027811e-01 9.913809405241948147e-02 -2.295126182963417028e-01 -3.534756890870763835e-01 -1.935779431022396635e-01 -1.601717468654045018e-01 3.620712299432480852e-01 -2.663405119713303099e-02 3.251305047356563560e-01 -3.915156014620540526e-01 9.951128682676831788e-03
2.292917444193775522e-01 2.841784500410864389e-01 -5.412366029248524280e-01 1.086310195232094433e-01 -3.982857767077513378e-02 -1.118386460360259538e-03 2.420568817925039529e-01 1.802047399723516463e-01 -2.244030301588619686e-03 1.570777504879540543e-01 4.426120108320679147e-01 -8.284095738277955090e-02
-6.897826505485663007e-02 1.299113134096249733e-01 -5.809840557811950523e-01 -1.077326414126448390e-01 3.180348596414433460e-01 -2.489165652897608605e-01 -5.125052386967434703e-01 -1.329438229878278088e-01 1.767283243354206834e-01 -2.258370438070046726e-01 -1.726479282306312424e-01 7.971211635763957026e-02
1.570048065002539739e-01 -1.898734444476754546e-01 1.133621561518987214e-01 8.315752027326538121e-02 1.114597395534003554e-01 2.839868544176666343e-01 2.933943177052174556e-01 -3.132843049752530584e-01 -1.472959483269392633e-01 5.461526763896421555e-01 -2.675322584604197251e-01 5.363091349675678382e-02
-2.922904400898420629e-01 4.346860958867896918e-01 3.557842417988839046e-01 4.580147162053591625e-01 -2.105984976992783808e-01 -2.510148137831588189e-01 -7.485473357081633139e-02 -2.450628617484211236e-01 6.931963536361076539e-01 -1.044841740961627297e-01 -2.350309648829762565e-01 -3.663946144086921430e-01
1.021670435476356442e-01 -1.171537952250390202e-01 3.388262273588774631e-01 -1.015356165630818402e-01 -3.397779570488523859e-02 3.909637878547359557e-01 3.257172279253152114e-01 1.602690058592855238e-01 -3.327237282128753249e-01 -2.327401715267307103e-01 1.087349168886955902e-01 2.408207092964111951e-01
-5.202006174223718082e-02 -5.049004515751819022e-02 2.342710089314096744e-01 -1.323044779093973666e-01 1.460942867063443062e-01 4.789459931775366108e-01 5.950252285474599313e-03 -1.813142286218878130e-01 2.956262010806900431e-01 4.177547512623239201e-02 -1.500090920167204689e-01 1.766104400223437662e-02
4.638528870736208232e-01 3.313537149693173145e-01 -7.006361947620204367e-01 5.055512454484314966e-02 -1.287275141341978346e-01 -4.020688485361199049e-01 2.530576651418748116e-02 -2.830504140316639772e-01 -3.554288999329109910e-01 3.166297961971861752e-01 -1.677791732393937862e-01 3.376823268973218051e-01
-1.682314798434612624e-01 1.620438627588492372e-02 1.710013274249696236e-01 2.995232758932450112e-01 -6.901016697895445695e-01 1.821413060681491836e-01 4.889604369937716050e-02 -3.812145447705314605e-02 -5.485845095375078279e-02 -4.775652456497877507e-01 -2.084962133354852920e-01 5.797474666570447965e-01
-1.748170452627086924e-01 2.720099299933008696e-01 -1.174577700759587007e-01 2.970057609770448970e-01 3.545241926431726975e-01 6.190476795950305977e-01 -5.091205282813002775e-01 -5.098976049002567484e-02 -7.320889801979666434e-01 -1.973667567178687132e-01 -1.866742972536288014e-01 -8.570107186910180808e-02
-3.051364682623772251e-01 1.800456941909742148e-01 3.312011297708503804e-02 -1.554977676446418211e-01 -3.452669643517888159e-02 4.073600517197761284e-01 -4.281763716132284681e-01 3.919041237697291069e-01 -1.490642165812736952e-01 -9.055308049816732097e-02 2.380508384712288761e-01 -2.839566029467715524e-01
2.362992225014120540e-01 -4.735432266202397288e-03 -9.929247369347690699e-02 1.882384894717273605e-01 2.496091560920800645e-01 -1.449640985049255662e-02 -4.317523315791660932e-01 -1.518274794783907589e-01 -2.351248121704957172e-01 2.441045947852553133e-01 -4.068041538455666184e-01 -2.311684878823529743e-01
6.165730576492402942e-02 -1.671169053262002158e-01 -6.847481230404502961e-01 -2.335787809047892849e-01 4.500123495399530604e-01 2.741332456119429106e-01 2.965701089119868183e-02 -1.352232078219749167e-01 -8.267487522171851344e-02 -3.035408391555908802e-01 -3.787169117440756794e-01 6.647104324564420685e-02
-6.620481796536618890e-02 -2.807148319143059068e-01 -5.055989287953507327e-01 -1.198709028580791647e-01 1.237576263850482805e-01 1.092795960777456638e-01 3.467510046589797335e-01 1.236997844531315671e-01 3.295050443741164709e-02 -2.582534484068091385e-01 -4.384959624735863815e-02 -3.058737353889375843e-01
-6.892747536439588485e-01 -2.861758580255267526e-01 1.698232871319753645e-01 3.013118298318215316e-01 -1.087185937287275667e-01 3.310088387171471469e-01 5.575062317480214968e-01 2.253300080806506234e-01 -1.029039116137877352e+00 6.719458087913503519e-01 -4.656168543342640298e-01 -1.277256121226942598e-02
-7.875793940149924954e-02 4.488163677855129263e-01 -1.163538028694139081e-01 -6.294366408622504849e-01 8.427236850722986672e-01 1.321613821848240111e-01 2.154803642777584072e-01 6.179129128280975991e-02 -6.124568711561385187e-02 3.510152687720327624e-01 3.467931569168069550e-01 -3.774904351934066371e-01
-4.102249450232111627e-01 3.911218635270068411e-01 -4.617999620409395101e-02 5.320648613731791127e-02 1.263249099909727335e-01 3.005454160720126833e-01 2.473151190597753790e-01 4.792197234209971124e-01 -2.359572828098377983e-01 -4.020878643708242217e-01 3.317050521871275220e-02 8.468295280145887727e-02
2.990601996016979403e-01 -5.085563521679266064e-01 1.893958136114604063e-02 3.578466178767728545e-01 2.283126254391380505e-01 -1.145618007812889000e-01 4.606163233912444893e-02 8.561965546635712243e-02 1.900177986264079966e-01 -4.676473747050668983e-01 3.124879213385691190e-01 2.374103128040326305e-01
7.724813921289337693e-02 -1.123865348254037139e-01 6.936687967061287985e-01 -5.338210521463822023e-01 -5.713192662380552900e-01 -8.657711431877367081e-02 -7.781042861431906876e-02 -2.405020672460786990e-01 -3.807607642120053870e-01 -2.556580677872527518e-01 2.487027317343437974e-02 9.445495757006626414e-02
5.735634403970483186e-01 -1.756669101431213020e-01 2.166355445389786250e-01 -1.313454871594819662e-01 -4.218651368810778790e-02 1.402031535654839345e-01 -1.463923874648181966e-01 1.795707494345299138e-01 -2.896377053540648006e-01 2.123077790195808390e-01 2.230887285090962513e-01 3.198284998116917022e-01
4.451310368098359421e-02 -1.261199477674837810e-01 7.352034682716490632e-02 2.678031751671282046e-01 1.086156225562669997e-01 4.547133388480021354e-01 2.826689168302508326e-02 -2.193013159198356765e-01 2.860309151979542955e-02 1.672902597701679539e-01 4.637092460113331760e-01 6.824787057978132232e-02
-3.966153579518620353e-01 -1.780997232308118364e-02 1.764117268612426237e-01 -1.527770864436733267e-01 1.874955755898137788e-01 -7.843077179247008590e-02 8.570823552070695739e-02 8.925061450634597104e-01 1.354149859217285423e-01 -4.767711948046746140e-01 6.302304733512970047e-02 1.582954898343943151e-01
7.013956782668623498e-03 2.051093247467696695e-02 2.850452294808415998e-01 2.559004426981615898e-01 1.027248033601057681e-01 7.234341308983854857e-01 -1.763439054992173849e-01 -4.068207763600696358e-01 5.161973959074387386e-01 -3.605894330973665185e-01 -1.495083579356014380e-02 2.187283126276973744e-01
1.075604319158046440e+00 2.771166749094578496e-01 1.130599721023516635e-01 1.217415147699520313e-02 2.717589562753272014e-01 -6.690472867652867694e-02 -1.128794739335721303e-01 -3.125338585053608065e-02 4.196236387501511844e-01 7.648285463720482236e-01 -2.576437798514287780e-01 -1.925195942647655867e-01
-7.772329149778738067e-02 2.243909026573736865e-01 5.213850822504787486e-01 4.633663510666724550e-01 -3.040828877473096825e-01 2.174665178182554337e-01 1.646241225026581489e-01 3.354565328571411098e-01 -3.423552637632479856e-01 -9.420813345439414677e-02 6.255013593547115169e-02 -1.256370237667166767e-01
-2.032530421073887317e-01 -5.760265743838383079e-02 5.243748015344736890e-01 2.357088782769994617e-01 -5.267922347039943193e-02 2.679847737385830930e-01 2.526291311194599487e-01 -1.908367380848637607e-01 -4.095007117570991229e-01 2.187309810974034929e-02 9.457914972886621863e-02 -4.600318825287669222e-02
-3.544941902947808254e-02 -6.100147401904433553e-02 -1.855183613768650319e-01 1.669311045439225427e-01 1.262450863783903809e-01 1.669343110555483733e-01 6.347132165585642749e-01 -4.736991790765892468e-02 -1.458930527452189929e-01 -3.621415938212620422e-01 -1.478832684216211668e-01 1.085570579625893262e-01
6.388649609095499171e-01 -2.402512418765363478e-01 -2.164231424489827249e-01 1.070524257054190076e-01 -6.317602739750684260e-02 -1.300358182394620588e-01 -1.977883282474536542e-01 2.415566219909478785e-01 3.225870673125784127e-01 5.932944899426645380e-01 2.374633667120614466e-01 3.028903844245687399e-02
-1.619663012080664322e-01 3.823742950853676881e-01 -8.485357423786483999e-02 2.831522111535751396e-01 -2.834876292789539898e-01 2.881570342463997663e-03 2.921654797732656586e-02 -4.163380602134725272e-02 3.767874445703671138e-01 -4.641630124913608268e-01 2.868644073713514375e-01 7.615694280315957743e-01
1.046551754956039915e-01 2.573925674003930131e-01 -9.111510539633931038e-02 -4.211897336235123079e-01 -8.174089523639317678e-02 -4.124860186225368097e-01 5.587472284942743839e-01 -6.850945952481505286e-01 3.065108363576594663e-01 -3.844784714780993817e-01 1.105615155950925993e-01 -2.676215891844113681e-01
-4.761443373451395566e-01 3.252548807535970976e-02 3.145759664938604372e-01 -1.407598653020344370e-01 -3.573904656089530590e-02 1.539793018225289190e-01 -4.510164768831732007e-01 -8.398135613504961738e-02 4.761849160083132526e-01 -5.715746392245053126e-02 -5.563519665349706683e-02 -1.754078291580467297e-01
-1.280201195425416105e-01 -2.803673111717052691e-01 -1.487584344840632566e-01 1.076535579847860413e-01 -4.419471518419825773e-01 3.576768718134787917e-01 1.104550230754211410e-01 1.623967254069962340e-01 2.672504327942936131e-01 -1.967432500610812041e-01 4.361293658207306967e-01 -1.137671320360843230e-01
1.053189695229500122e+00 9.979901568200253564e-03 -1.697568483989260746e-01 -2.285307444332955809e-02 3.241756914126081579e-02 -5.949519785198068705e-02 4.877281001290164064e-01 1.170107214491206554e-01 -1.532152584193304662e-02 -2.318331482843314917e-01 -1.448915206311050981e-02 -1.380633342388914164e-01
4.080822392940815502e-01 1.195246475529054830e-01 -5.222530136696695857e-01 5.805030220738878199e-01 -2.095383869054259773e-01 9.451316713510808654e-02 -2.177455567462498742e-01 -7.926160003843922552e-02 1.990089163776887771e-01 -4.300824472304052848e-01 -2.726810719477070211e-01 9.962733996480889476e-02
-2.906146395399152871e-01 2.119955294065256068e-01 -4.975869863982791408e-01 3.724487961115536261e-01 -2.779707634776239500e-01 6.067583360478268073e-01 5.131436838250781340e-01 4.017569752317295267e-02 -1.431647104042006180e-01 -8.750253036815379692e-01 -4.556315957337539468e-01 4.234023006713608650e-01
4.425968678879487611e-02 -1.970941274825044887e-01 4.434437130815023775e-01 -3.137670316620305710e-01 3.881450325052909212e-01 2.902907559305773627e-02 -1.746671119880456313e-01 -1.462867556006078318e-02 3.034865686833849163e-01 -6.554854302123612753e-01 2.270138829464659058e-01 1.335344429018112400e-01
2.874377406969143012e-01 -1.987583412658512627e-01 2.279241803204675454e-01 4.112320920352451892e-01 -7.185852088588390307e-02 5.250211711556513478e-02 -1.615149818883921395e-01 1.328386772833212992e-01 1.837282317736897153e-01 -4.208807452493287804e-02 5.530210644747297899e-02 2.889312900500420334e-01
-3.465870437855596009e-01 1.248719481843135193e-01 -4.655119113929231944e-01 2.262794185479168885e-01 2.586709696208051024e-01 2.018678912461573938e-01 -2.008383080935655374e-01 -3.680973093788740269e-01 -3.968977015347424087e-01 -4.937820058799083367e-01 -2.942911961175639912e-01 2.282206098332123512e-01
1.416964794465193911e-01 -9.067234664678744394e-02 5.352115189494259795e-01 2.898534461753852765e-01 -2.590563715962388436e-01 4.689652686475215271e-01 -1.037640078279615380e-01 -2.697699603537073720e-01 -1.327022407474548749e-01 -4.799509024797121159e-01 -6.768995464553445585e-02 2.834733151589605149e-02
4.247627782156511711e-01 -4.385442490931031057e-02 -1.691633564520634014e-01 6.038925183501050314e-02 2.666030861637239679e-01 -1.585620546218530769e-01 -7.356411103338493795e-01 -4.601755001974864451e-02 -2.338778993927799477e-02 7.805412917611059820e-02 -1.327870903134421576e-01 7.574893200737157217e-01
-1.483379508810840353e-01 -3.848984172427671324e-01 -1.474744646781058210e-01 4.997884504601326355e-02 -2.322419113390439271e-01 -8.752688771512502630e-02 -2.226426001032958679e-01 -1.236307673088633645e-02 -1.412541819187322911e-01 4.509071439935278813e-01 9.973480680838996137e-02 2.618235321231672796e-01
