1.977684227852066594e-04 1.527654054381574040e-04 1.626991048911173934e-04 2.390215472756637932e-04 3.703426378004945601e-04 3.793977920028003786e-04 7.524275946838841246e-04 8.650769251541869792e-04 9.264401804764819037e-04 1.106225755215382812e-03 1.108291651223774739e-03 3.887341938513998933e-04
8.797476533296302826e-05 5.006363802260016397e-05 3.318463784124305212e-05 3.778638146819377120e-05 8.993733109298820711e-05 3.339220486372068437e-04 1.025578666142513192e-03 3.907802220416093514e-03 5.693302456728589755e-03 2.999912604502921656e-03 1.257655184775339227e-03 2.533379218979336066e-04
2.972864948477153889e-04 7.760128414485838481e-04 2.131769407232488554e-03 2.353270033524495434e-03 3.003135501945402436e-03 1.681683927381675582e-03 5.628535441655883355e-04 2.075005033961750071e-04 8.740788614591588112e-05 7.074675701462657920e-05 7.645501701671090177e-05 8.635737512125723114e-05
5.243229283974887951e-04 1.071674496093226285e-03 6.331436401731216183e-04 3.330080871942962513e-04 2.937465963318192140e-04 3.888238935195761459e-04 2.361828578434767376e-04 8.597820678736058672e-05 4.552785481051449301e-05 5.622124199553328822e-05 1.003435017855178521e-04 2.489738768247013226e-04
2.925570095689353093e-04 5.732960437232585693e-04 1.811300612479641720e-03 2.067955854682975228e-03 1.541237825940861917e-03 9.485341783725390790e-04 4.844865281879477616e-04 2.842999584032880026e-04 1.901779765381237536e-04 1.142047953222811432e-04 1.401990657424464571e-04 2.206439854809686340e-04
2.564545385504120919e-04 1.829669140905114638e-04 2.828829938323070112e-04 5.021441234132760674e-04 8.561533855918969675e-04 9.209831659130552142e-04 1.092753791286769308e-03 1.104289641525614150e-03 6.469154328405169775e-04 4.313771836942824280e-04 4.749692311829091323e-04 3.287429787310425862e-04
1.009330162180818811e-03 2.162697860990821491e-04 6.365778487746817107e-05 4.298724682230674755e-05 4.688677881224090588e-05 8.463645001600416415e-05 2.088289307176552487e-04 3.244025223037432805e-04 4.091727308807072659e-04 7.891361444898380238e-04 1.076754409277990267e-03 1.818417878434254063e-03
1.876814262825703562e-03 2.939420557638661689e-03 2.975447227983695278e-03 1.019567922217089889e-03 2.869301286520554994e-04 1.779473173070579030e-04 1.076994731631845909e-04 8.206169475817525166e-05 7.953399343941711368e-05 1.475277319459885456e-04 3.610067155443627811e-04 7.663750543836272879e-04
7.344832483218421146e-04 4.161283160060117608e-04 3.013884441208982421e-04 1.399633562037827799e-04 1.445577216161679621e-04 2.313286739040798837e-04 3.274440343406781191e-04 3.110025172697533993e-04 8.850670014986621037e-04 1.392014768738627671e-03 1.966798252047230813e-03 1.039984120524319565e-03
1.300731717552497521e-03 1.667153493725731517e-03 1.450011088876922496e-03 5.631472578669576663e-04 1.343999034791169855e-04 8.558362116008060331e-05 3.020380127666261731e-05 6.040216805762597051e-05 1.601153821035931316e-04 4.306722920727573093e-04 5.797726937952408675e-04 8.546467234593812991e-04
5.975674758919150877e-04 1.008229717588173587e-03 6.627655345015555930e-04 7.542487758965079649e-04 7.932992891641765668e-04 6.519877755089392149e-04 3.471060281325790233e-04 3.913212661069954642e-04 2.614631497190853015e-04 2.961997397249334081e-04 5.139282576678267213e-04 3.989720334481832841e-04
1.166235113913923925e-03 8.383005277879830705e-04 6.096787031741103015e-04 6.011345767474294589e-04 4.634492578983171775e-04 1.661857699306207596e-04 8.292465751087026128e-05 1.070383503285074695e-04 1.989804642174855737e-04 5.421006228335049351e-04 7.397319223253764290e-04 7.961809911645749589e-04
1.096295250431408418e-03 3.797460402643366029e-04 1.897913043850673893e-04 1.069810879907446795e-04 1.042161849312403310e-04 1.133768715170566761e-04 1.956653500896572467e-04 3.626482250433634758e-04 1.422057060614782950e-03 1.844710884868353993e-03 1.812907931169615693e-03 1.354191517025085320e-03
5.425406344528565638e-04 6.520043421238878954e-04 4.239570464500047381e-04 3.222485855974784085e-04 3.799701712212821434e-04 3.455435036390616297e-04 2.621694986310643661e-04 2.254263157769059592e-04 1.625718162007975132e-04 2.102961762119063475e-04 6.740797543091868980e-04 9.386104320874285407e-04
2.671403655683798960e-04 2.974219529567283097e-04 3.863556759065443942e-04 3.392484080016015813e-04 2.354839993023778071e-04 3.569419772075581960e-04 2.486323586198183988e-04 5.128089594032379664e-04 5.410572855053344963e-04 9.906621572656868109e-04 5.306604158371700007e-04 3.021685995037067256e-04
6.839117072698550331e-04 1.913271856731173497e-04 7.425738001038914050e-05 3.336134273159847402e-05 5.520783249160308027e-05 1.279990570722552390e-04 2.390589468497575354e-04 7.937544989751331610e-04 1.600270975934171575e-03 1.321189477381138049e-03 1.229736501057378684e-03 1.312676656952369491e-03
8.672036549110361935e-04 5.192603823166143601e-04 3.677368023754574891e-04 4.533194210200706281e-04 3.639311687627449447e-04 7.700160642916231539e-05 8.295860136806604951e-05 8.042763508487003616e-05 1.421833681177085609e-04 4.917418323160917737e-04 6.954645692485139077e-04 9.200200833386797247e-04
1.728071194539401213e-04 1.260702297834540551e-04 1.016897224850708560e-04 1.465054176674286451e-04 3.074939575942430415e-04 5.578136951545846055e-04 8.192022284779061853e-04 1.027800898605321818e-03 1.426472256467138785e-03 1.384500657077621577e-03 1.167243803507280993e-03 3.871410544427363151e-04
1.452760320901662437e-03 8.868578004258608014e-04 8.808628383877599834e-04 5.311817182957751090e-04 2.419629892612927004e-04 1.405712161955504551e-04 1.948589458920386422e-04 2.810208843908766564e-04 3.397224123135931368e-04 6.373695821517596756e-04 8.416835096891412326e-04 1.285540527688069186e-03
2.946684145589326923e-04 3.358148400133726427e-04 2.208973329728765485e-04 2.959155909148403901e-04 4.842653539505513221e-04 9.393476953928671944e-04 9.298734974775128576e-04 8.691311582028338461e-04 1.247965269152182064e-03 6.183370849230942178e-04 4.952544937729935065e-04 2.846649485070974197e-04
5.555084831163010009e-04 3.739744830973287500e-04 4.410347222731013329e-04 2.976829778655274979e-04 2.099308640435035658e-04 4.062248287471800995e-04 5.573650989176527019e-04 7.903224408303324020e-04 6.585818275114179929e-04 8.630871324413150886e-04 7.490920841476450456e-04 8.205841495045902018e-04
1.225959057597883267e-04 1.310470346050959095e-04 2.375224795741316750e-04 5.367524668753006134e-04 8.257146629233320760e-04 1.484370271339499527e-03 1.854571440553894101e-03 1.793983588163879008e-03 1.105938147551509742e-03 6.203223951217992941e-04 1.632976317323659549e-04 1.140587164365622683e-04
9.824402467134304257e-05 1.573418835226513045e-04 3.023034657843503485e-04 5.876598434915423792e-04 1.259139599300197841e-03 1.382638602851175716e-03 1.009493802450376525e-03 9.964341073791260252e-04 7.059377064296746456e-04 5.081495135496751732e-04 1.915531539584086444e-04 1.039762202811709305e-04
3.178878216803517304e-04 5.212322000355271504e-04 8.002785873375157242e-04 6.728947841482976712e-04 6.820991139540245234e-04 1.074295838510681096e-03 6.789635614600476009e-04 5.390735723335707752e-04 4.773988401783993722e-04 3.467166142664914103e-04 3.747920526053825463e-04 2.603469816591316450e-04
1.751765919202090329e-04 2.571838532616437076e-04 5.065478360553935227e-04 6.959175950388277795e-04 8.223156483042450351e-04 4.698379731112955040e-04 3.664413129603185325e-04 4.157240706066904360e-04 4.147754536480848485e-04 3.044341253651397300e-04 4.307778151712233008e-04 3.171351718949654572e-04
2.293246226918236566e-04 1.504849031309366447e-04 2.528608639492590181e-04 3.191517523217965425e-04 4.345862851947807038e-04 6.638350871570479527e-04 5.220391853064833406e-04 7.674963025519799956e-04 1.146490873585814807e-03 9.006626091497103729e-04 6.859025027017444419e-04 4.877998337743938428e-04
2.206738392827884288e-04 2.194274244072891636e-04 3.288853639681132502e-04 5.904564810889943250e-04 6.057794171729030761e-04 7.773050985413515641e-04 8.498365162757175705e-04 9.835320769038086944e-04 9.196874321489123365e-04 7.055523393895039375e-04 4.201620671851988308e-04 2.421959161164370319e-04
1.020407735905256739e-03 9.036472730541368539e-04 9.369593693572256981e-04 9.292587967979882386e-04 4.640553851730756731e-04 2.398452001284359636e-04 9.289278089150567830e-05 6.024313882729044210e-05 7.259771264187683489e-05 1.341225421495306736e-04 5.141553773629164948e-04 9.588694038158724481e-04
4.160058364107968067e-03 1.700706216148484490e-03 3.775216813792637411e-04 7.077489735229941124e-05 3.963373185612186606e-05 2.334190576588350929e-05 3.746906287655465381e-05 8.476497987102652593e-05 2.788560120672983473e-04 9.068466226844487058e-04 1.957537723090103498e-03 5.972451611614104129e-03
1.725440997558982373e-04 1.358986134148922780e-04 1.987043245168795553e-04 1.527687478924148669e-04 3.765610524183840612e-04 6.068680559469281791e-04 1.287657829366680579e-03 1.152384644927019128e-03 1.423356874373889018e-03 1.489324433629933813e-03 6.487442724355885551e-04 2.855810511573874918e-04
6.753055008322913968e-04 2.455234425251687854e-04 1.500826473280662354e-04 7.410770735866585015e-05 6.183176361177698506e-05 5.836929935116790756e-05 1.436331078943355543e-04 4.529177966317496080e-04 1.180903951914067393e-03 3.145550308104258681e-03 3.173446234394286872e-03 2.937611808477805231e-03
9.380750250742331828e-05 8.714262597953877998e-05 7.769584389237266936e-05 1.232026939953257696e-04 1.852428118161123394e-04 4.619889024936721161e-04 9.484771618266744355e-04 2.571350426371563514e-03 3.499697386416398843e-03 1.803771825986233207e-03 6.778561718536308366e-04 1.823575823155165689e-04
1.324217968854214016e-03 2.221912117105027430e-03 2.266992538009350838e-03 1.656266361734589103e-03 6.586130430761543558e-04 3.229004622007826267e-04 1.783450240443079952e-04 1.107095033423289036e-04 1.073581508218314755e-04 1.498703571938894566e-04 2.839021361215835620e-04 7.084484316830062670e-04
1.062716739663826290e-03 8.200985041720308460e-04 2.352595989212138711e-04 7.316467085107042020e-05 4.087750583887111722e-05 3.086094994932907085e-05 7.261342280520000786e-05 2.260319289308385191e-04 4.192655192142821828e-04 1.640505423565367894e-03 2.536661241568221106e-03 1.128046601731196290e-03
4.820265676081239505e-04 5.077415689425942387e-04 7.281905051842778526e-04 1.085347592238682319e-03 1.224183553004131418e-03 7.069399171680916527e-04 5.483105697053130764e-04 3.956186312276336724e-04 3.756294883125156853e-04 3.024849562856634483e-04 2.924642245217461763e-04 3.197147879681229562e-04
2.875949118719755854e-03 1.218588558158879625e-03 3.501583675930720744e-04 4.758754160843707136e-05 1.592865925070419846e-05 1.196949486609991276e-05 1.168648042268262488e-05 2.613974976591998175e-05 1.553375623419527278e-04 1.600335292439266852e-03 5.000846739077982606e-03 4.647172163882528836e-03
3.334466746304758241e-04 4.083022992990352441e-04 9.493012883116425148e-04 1.293539018675927358e-03 9.386709356926947224e-04 4.823057284084892172e-04 3.391334576942622446e-04 3.249832729199405418e-04 2.994745938648496432e-04 2.612282696403609426e-04 2.223206697874417629e-04 2.291647352178654467e-04
4.575596832976849956e-05 1.095582241844369890e-04 4.286710715125508614e-04 9.464693299609523540e-04 1.524025062356611010e-03 3.480029241777773084e-03 3.380368191009204895e-03 1.227395040002016938e-03 4.117511093817400160e-04 1.176314274650399672e-04 6.382544261528725574e-05 4.898145918956484844e-05
9.987530486447769920e-06 1.134210034435748494e-05 2.136100467396543251e-05 9.542004202472699178e-05 6.360838264155428386e-04 2.602887737048446056e-03 6.599940094982752019e-03 6.211903848411546268e-03 3.049078147432307453e-03 7.675648570195475447e-04 8.315124574892125730e-05 2.466963456831271199e-05
1.083261311477076846e-03 3.383478861070876261e-04 9.350821975302531979e-05 5.230919646173153015e-05 5.126028721590785011e-05 9.556851634687248934e-05 2.097101625242321870e-04 6.695454102883441122e-04 8.516320296609179892e-04 1.330998117283305367e-03 1.994372006036119419e-03 1.834163853270470322e-03
1.107263433601853031e-03 5.800712674258825825e-04 5.243655879075221965e-04 3.165861316438389988e-04 2.036744171456560863e-04 2.218101168356567015e-04 4.303641470233636728e-04 4.109532010440015764e-04 5.814222733809725407e-04 5.981587882718552348e-04 8.286839999442600782e-04 7.735198803824444276e-04
5.923638355370813022e-04 1.895854653868617060e-04 1.858671585408495171e-04 8.762416250409249844e-05 3.648649153803017723e-05 4.820626152389355693e-05 1.173123104417332781e-04 5.382382223845094812e-04 1.870518400698293606e-03 2.083337836499173958e-03 2.644512516781246173e-03 2.003448566531017532e-03
2.355146941223785074e-04 2.398112924693446800e-04 5.296041419127081812e-04 6.119131366253199519e-04 8.456359538834651258e-04 4.842194896887151755e-04 6.951233225175372727e-04 7.546429258727981645e-04 5.994145379300075491e-04 5.087869785564267571e-04 3.838454051984418114e-04 3.354018185749926026e-04
1.279928596671181269e-03 2.422272204262551371e-03 1.825650396731114166e-03 1.397206514380925019e-03 7.615254387196474005e-04 2.499082106501411766e-04 2.155817969802043335e-04 1.132764386139755071e-04 1.240751529472792385e-04 1.679355879757453191e-04 2.832156436068793441e-04 5.212989027021236715e-04
1.403460090619901594e-04 8.792209098647507095e-05 8.985752190988826270e-05 1.362294787964102066e-04 1.786287594919353373e-04 2.761788733110138072e-04 3.515312935711005136e-04 7.417978632355429289e-04 1.195479578843215490e-03 2.071006681994820662e-03 6.758277440450620455e-04 2.629582516980374517e-04
6.963021714329685041e-04 7.303481492367836512e-04 5.246730169577153114e-04 4.180687725426643440e-04 2.757295146183471788e-04 4.146905653882597040e-04 4.019475751961314939e-04 4.842412809468334524e-04 2.749912375455701116e-04 2.010851717918772901e-04 5.194473120998886057e-04 6.084002679328675590e-04
3.832749341733142421e-04 3.635590610331905525e-04 4.549399541580884934e-04 5.868491610064199664e-04 3.076065521404651123e-04 2.419735710206510199e-04 1.939489685069937001e-04 1.651963761017102904e-04 2.272364116882747158e-04 2.851261432336343383e-04 6.637124743598881793e-04 7.939737083337747824e-04
3.651547555851631971e-04 3.880157692539683767e-04 4.616422136355002501e-04 5.412622819065401403e-04 6.991321521923355440e-04 5.878756741103609209e-04 4.680843206252400753e-04 4.212508210229028421e-04 3.070666885899225396e-04 4.810355310112873414e-04 5.804259012188200300e-04 5.357248290752115961e-04
1.063620299479270956e-03 4.011751202602049861e-04 1.601660497016639789e-04 1.100991696899669296e-04 9.590539290352304133e-05 7.604695708942771370e-05 9.374027343327612325e-05 1.522580387932601130e-04 4.574934474865815950e-04 9.735647786305532672e-04 1.683186374000689720e-03 3.385880551070959664e-03
1.361394225953272081e-03 1.288463184286044215e-03 1.060932947146179519e-03 5.938217937373830224e-04 5.423977201524842135e-04 2.489102875540492843e-04 2.335475101246088062e-04 1.537804299987164921e-04 3.123244039737848167e-04 4.348488647044952303e-04 6.037317545620651035e-04 8.487422940673438124e-04
2.549211030229747753e-04 4.169865177688153392e-04 4.871690402228121388e-04 6.778666385920604750e-04 7.538429987808440650e-04 9.836853995346549109e-04 1.181900626113380811e-03 7.856313487248127664e-04 6.477170850413211181e-04 3.160070459049990252e-04 2.384696273756506130e-04 3.131993656568364147e-04
1.781620273708949583e-04 5.193701349240586974e-04 2.479645256337220920e-03 6.618135410992985988e-03 4.692155687003921570e-03 1.920708153443129867e-03 3.041340378719869174e-04 6.918270167323344868e-05 2.484624629104524566e-05 2.251958949115411132e-05 4.037387487584706200e-05 8.661832061171030649e-05
5.135097795824852557e-04 6.090773024370079152e-04 7.995145601225302559e-04 5.886150356574510736e-04 5.569747855847843009e-04 4.921102548681640385e-04 5.751182244358237720e-04 3.631247153541739426e-04 1.982616391601802180e-04 1.448435216339967620e-04 2.439484026440511195e-04 6.206234058475720719e-04
5.223303402271561218e-04 4.024373091954497436e-04 4.513771727790823673e-04 6.061422155675542022e-04 5.282108801610021186e-04 5.426309835084043836e-04 8.250264493674361365e-04 5.448987568301932828e-04 5.411586023287638225e-04 5.544082349085971808e-04 6.546474785634442527e-04 3.900862195109324262e-04
1.219482640891142054e-03 1.905713169000074203e-03 1.721109358415535279e-03 1.412448735170758647e-03 7.588653146593237224e-04 3.294116972028628197e-04 1.126692594570573351e-04 6.498841615378188070e-05 1.105513878934803219e-04 1.812516757738206130e-04 3.936511628501592093e-04 7.994385508461712741e-04
3.816629805392081571e-04 8.143353521085689882e-04 1.953657238301943419e-03 3.008778528910745209e-03 2.422748019027758711e-03 1.379339293007063967e-03 4.992476138779416159e-04 1.599987061011330029e-04 9.147722117892781207e-05 1.151640385387371266e-04 6.941519281509856223e-05 1.112265149257733618e-04
4.732121502492435297e-04 5.785690909302122764e-04 4.621684955459730141e-04 6.336264335034573958e-04 4.832694128202071472e-04 6.804935256192666494e-04 6.572059916588373013e-04 7.741970338743021408e-04 5.042364183166979331e-04 3.393206666454297738e-04 4.427436712920990018e-04 3.524440735834456946e-04
5.686547559072735502e-04 1.142486784734056664e-03 1.857495987175948864e-03 1.437083880707726389e-03 1.083400201387663261e-03 7.047294819715924866e-04 4.288420797463787966e-04 2.526192840719231991e-04 1.775995989287077815e-04 1.156166669793078560e-04 1.201229481141861055e-04 1.644533143995234570e-04
8.672501458109923417e-05 6.042868589094259172e-05 7.119047761185578690e-05 9.190782092740245809e-05 1.454038109964013589e-04 7.974915166674036290e-04 8.312978953434226048e-04 5.274413246914138589e-04 3.062296455604240583e-04 2.152789552454712732e-04 2.365921603340459132e-04 2.231486252954325373e-04
5.651101934454566631e-04 1.300126809881874427e-03 1.289013748013413891e-03 1.659677343641101930e-03 1.497892698303922515e-03 7.814945749716151148e-04 3.310636227238857336e-04 1.209517523816141111e-04 1.059505418776727652e-04 1.012045109167314502e-04 2.411176598648217216e-04 3.351748858240018647e-04
4.580050042011310778e-04 8.911781115603030533e-04 2.461300640345095558e-03 1.857334092626968143e-03 1.387795464612094068e-03 7.553822366637899912e-04 3.319157730197536322e-04 1.962367235837339421e-04 1.502578374478477706e-04 1.173653735619719361e-04 1.244347587650010878e-04 2.863244346681357590e-04
2.406223147944580663e-04 3.181858938822223278e-04 7.422740307577573591e-04 7.039001620139145789e-04 6.063108342011020628e-04 9.800203478800533895e-04 1.144815464126883826e-03 6.406321207664876591e-04 3.554089561187893215e-04 3.389153980137475197e-04 2.667680920284051511e-04 2.038523248894737487e-04
6.271190036245067115e-04 6.009332660458531006e-04 3.696941228674645763e-04 2.787611328498698139e-04 2.356431646974902448e-04 2.229805649337125858e-04 3.128624366164749226e-04 7.198159040560740945e-04 8.321115692137729747e-04 6.078787972788524856e-04 9.896991600952041550e-04 7.924147137863286200e-04
3.926207465514066231e-04 1.192639791008411065e-04 7.995138834412371170e-05 7.887687814799494853e-05 1.702933034010767680e-04 2.877650533891709531e-04 3.654556557684244698e-04 4.545424771075779998e-04 3.132324959293524740e-04 5.998932013119544085e-04 8.291495632711822460e-04 7.758742692503988510e-04
4.361282899735010308e-04 3.487572049045820663e-04 2.019727266218377553e-04 2.274833655317984912e-04 2.167809072401484527e-04 1.843272613105069772e-04 2.601283092474937562e-04 5.255817049898469989e-04 1.260691960535943084e-03 1.399371687397651986e-03 8.714224214812613025e-04 5.536019559468300776e-04
1.075443182435117072e-03 7.887024364155870030e-04 4.630418360656062601e-04 3.875731371471244379e-04 2.324663109765750233e-04 1.719963879409459938e-04 2.886333946889423898e-04 4.687049558726932440e-04 4.911809884754564587e-04 7.851865318330641334e-04 1.179038707562502387e-03 1.174397919013249600e-03
3.811872195784751885e-05 1.113703820722064866e-04 7.409472019459750715e-04 1.074457738402531844e-03 1.667430111846701949e-03 2.143152286199068949e-03 1.392357512725055438e-03 1.030311257985605652e-03 4.665369000401523047e-04 1.134936367553316685e-04 6.624764093899610906e-05 3.441572070474062568e-05
1.754417620085232325e-04 1.449540722672123779e-04 1.399934586132960612e-04 2.060986673929527150e-04 6.575502408881960187e-04 5.651349135731793599e-04 6.719192921030494193e-04 8.156909409873547593e-04 9.071397437913595067e-04 9.673178446602118726e-04 4.566241716699682637e-04 1.592244866085786731e-04
2.089906438889708854e-04 4.497509261731183234e-05 2.233980895610339885e-05 1.343800116761995657e-05 1.988472706001381921e-05 6.561972826523633398e-05 7.602576921467221749e-04 2.239934310708566797e-03 5.938595175840788616e-03 4.006941290337302786e-03 1.990752599006650417e-03 6.999617683498439566e-04
1.134721640927136010e-03 6.661498050729773536e-04 5.532420096615926113e-04 4.857378170704289766e-04 3.375353498466289069e-04 2.335403534902233836e-04 3.838377513206908741e-04 2.840849817088289607e-04 4.761058810824554720e-04 6.119776687895208192e-04 6.600697481077862213e-04 1.119284017474089137e-03
2.054227928741157001e-04 1.413879530254749499e-04 1.191505735305564305e-04 1.031609258008527773e-04 1.459265460608941188e-04 3.765934168483724338e-04 1.093621464829130615e-03 1.471048989499162052e-03 1.588549356996200911e-03 1.089047023177237361e-03 1.157958184670900914e-03 5.734887028131182857e-04
7.824601779032107308e-04 1.002893676682327286e-03 1.045644626272723438e-03 3.412549594010487138e-04 8.788036180038176037e-05 6.204036895747279152e-05 7.382746897008602793e-05 1.155398276613030792e-04 2.026231097099990620e-04 4.442678462611363423e-04 7.294143641596970325e-04 6.928652675705231122e-04
2.197136192845333159e-03 2.684997412688664223e-03 2.039401606975074516e-03 6.049952361086083493e-04 1.534377466703000807e-04 5.835343506314969955e-05 3.271170811028574542e-05 4.368601694216603506e-05 1.009707038789959052e-04 3.353389447487898538e-04 7.484739760374605312e-04 1.679330592804680489e-03
1.781847367209559016e-03 4.767993632357793725e-04 7.700336626857618610e-05 2.181191969697421218e-05 1.490343084387326775e-05 1.038027757590038419e-05 1.627754372858593570e-05 9.953960354867266572e-05 1.005457649190733037e-03 8.810040069950457204e-04 2.038050130281267129e-03 1.836023455176225049e-03
1.291781047635913969e-03 1.115169401225702458e-03 1.569534509429465659e-03 1.318695916737903625e-03 2.290613861432673124e-04 1.686888726898670211e-04 1.234867302280448238e-04 1.258196625761664816e-04 1.490202754277116231e-04 1.562117125043427563e-04 2.912599895408353782e-04 9.749428901957939413e-04
1.474172099428200855e-03 4.326861977567536782e-04 2.470795730852253088e-04 1.188991235481082551e-04 6.958520747970634046e-05 5.808813879970891258e-05 8.530685813663510140e-05 1.794553901339201736e-04 8.916303105700584125e-04 2.262426183509449063e-03 2.185033645669666458e-03 1.832688106273760260e-03
5.104992263536497783e-04 8.419656700140072409e-04 4.800256072231999711e-04 2.745281303276450092e-04 2.663714053120385989e-04 3.478180587826703641e-04 3.484426027769673600e-04 3.758770356337263769e-04 4.510822339136861658e-04 7.684075420250748110e-04 4.831387908109189004e-04 4.615438083373767661e-04
4.889217831732006926e-05 6.863483267380323370e-05 9.353417023411389030e-05 6.298860885869552286e-04 1.580050785906847140e-03 1.523206725661156854e-03 1.405399868758393667e-03 1.247420950867991502e-03 8.256830194471204707e-04 3.266414235148377477e-04 1.061364253205232956e-04 5.465759500072376215e-05
8.893127735583197888e-05 2.412234735283102225e-04 3.999044783796697243e-04 8.936490130602319816e-04 1.282359952398679078e-03 1.370206233028247421e-03 1.533998349737737427e-03 1.023009396970676454e-03 7.801574152144371242e-04 2.711552414249427832e-04 1.309991897617835137e-04 8.735848380919374327e-05
5.034428656045553683e-04 5.469983006405026559e-04 4.162447669476104220e-04 3.163610620964846677e-04 3.223284827282234775e-04 2.965920974615394719e-04 4.902831045398846647e-04 7.117597655287600253e-04 5.919024341613550325e-04 4.419863521533383974e-04 3.387490126033784158e-04 4.413623482109062289e-04
1.955687879384920141e-03 1.140604980779018254e-03 6.010673062735894401e-04 4.069853639653181238e-04 1.918223066535062657e-04 1.389917517220721880e-04 9.426687437950027697e-05 6.973789803297346433e-05 2.314771199120703785e-04 9.119752733252290766e-04 1.178386865075285077e-03 1.411215637830851456e-03
3.609766290211736841e-04 1.830521064100570710e-04 9.222148382830437597e-05 8.106879553553312341e-05 1.103203598864640008e-04 1.509693084027870702e-04 7.067290408322716077e-04 1.774030057226637716e-03 1.451368313866306398e-03 2.243257815454494097e-03 1.307970024308239112e-03 6.146340492605606616e-04
8.792155063429881855e-05 1.497525703654848620e-04 2.851127826701290282e-04 5.185525887761414801e-04 7.070741172947378602e-04 1.189090901582749282e-03 1.304943274891923926e-03 8.818006855979297403e-04 4.071601192989832336e-04 2.557984321583602104e-04 3.877273261187318826e-04 2.560433185265343736e-04
5.517575429740640899e-04 1.820482027418345266e-04 8.167054974151098960e-05 8.249278838277877422e-05 1.914914014274820349e-04 2.308415723566803826e-04 3.726670416297249780e-04 6.467486906001785468e-04 1.788811383448039990e-03 2.075169070999658381e-03 1.661138194391380534e-03 1.205911655643007599e-03
6.088106778011034316e-04 2.201201177583850472e-04 7.068182164959005062e-05 6.598162481638069948e-05 9.938451748565055863e-05 1.359662696365737081e-04 2.957331937820822411e-04 9.939394519610368454e-04 2.092717162901382936e-03 1.782782892641122377e-03 1.363558751974762147e-03 1.031508002400813697e-03
9.676101168059886423e-04 6.082928456527517862e-04 3.230787439412078168e-04 1.227986444431726531e-04 7.628474970158121424e-05 6.780922635487810640e-05 7.721426714934489198e-05 2.740962276745479830e-04 8.277953293097722529e-04 1.794334871396762333e-03 1.815261039200399525e-03 1.271369697019967627e-03
1.381600491356614060e-04 7.921632948676348915e-04 1.965374357792376656e-03 2.368404264899281499e-03 2.628859033966184349e-03 1.960651574690868999e-03 8.645049364648969359e-04 1.865192441983852349e-04 5.395446787150766908e-05 2.621815443918870748e-05 3.542797599954212919e-05 7.212014383682794022e-05
1.622773196053825019e-04 1.699075573015821456e-04 3.477912482166042440e-04 5.174043485304908804e-04 1.185633231506035652e-03 1.323174190869339526e-03 1.260602488301981738e-03 1.049892262838650336e-03 6.335768509245579818e-04 6.165654459757752065e-04 1.932248877763587797e-04 9.478986644815460096e-05
1.777069823066214295e-04 1.873003670597169303e-04 3.751662238779927697e-04 7.975975038562207846e-04 9.245213683225057214e-04 1.119981076699527083e-03 6.441934373756490889e-04 1.068283987805750341e-03 4.824718839777979119e-04 4.753914973409559914e-04 2.648510946911186909e-04 2.473410250164193177e-04
9.558076927974575639e-04 5.206993450271046615e-04 3.238498086930246774e-04 3.561841086392673449e-04 3.087823078843225416e-04 2.825243956887547999e-04 4.248660418137084008e-04 3.268675066694136724e-04 2.347669280957458398e-04 3.853545414358981475e-04 5.556206441391950499e-04 7.994764356773452485e-04
1.470659688304052672e-03 2.485123174546167123e-03 2.310746065484602790e-03 1.472618885136074869e-03 1.017626738988382630e-03 2.488563209921680576e-04 1.249219516731351590e-04 8.068300215817091287e-05 7.973303789238279818e-05 1.549917630787902266e-04 2.093050586135214420e-04 6.458828275665676492e-04
1.664510127630787299e-04 3.055050485573084255e-04 4.300677034431335641e-04 4.250675310475648646e-04 4.010308363222446124e-04 3.872409283221139083e-04 2.815740974981581859e-04 3.950944493328480242e-04 5.595203266314824776e-04 7.120934039918617878e-04 5.513634397340385967e-04 3.980442399377913821e-04
2.098348512371094705e-04 2.236456000040427244e-04 3.134308002143440194e-04 1.737316641022015830e-04 3.234844190114215018e-04 4.197926479283711613e-04 7.311281198917999897e-04 8.829791584983319626e-04 9.053662875313405389e-04 1.339689575844790932e-03 8.985265931989048962e-04 3.897513315090378612e-04
6.393466495438444386e-04 2.248319768762703486e-04 1.240370322203655274e-04 2.859302152765350575e-05 2.386844364799974163e-05 1.631556080335187561e-05 3.256496078098307444e-05 1.623642669999099668e-04 8.790820506835968565e-04 3.640316919403800699e-03 2.830922134178653904e-03 9.279579135742211347e-04
3.948561750022839471e-04 3.211942372884591876e-04 1.807867254674969213e-04 2.617629075249833497e-04 2.104667912598067001e-04 3.660336383420458722e-04 6.705519781189166152e-04 8.551345758306917386e-04 9.447332826246931893e-04 1.688619662261043675e-03 7.656502345916184728e-04 5.130669278379311167e-04
2.594927013152749525e-04 3.830035204644885970e-04 3.371732297201314454e-04 3.740656855152353199e-04 7.132030188336457247e-04 9.514028527581905141e-04 1.190932923620615334e-03 8.975217072184969551e-04 7.010242352217710589e-04 6.179934820089379209e-04 4.174282034719216730e-04 2.707995428267046542e-04
3.940183118982807427e-04 1.553273520388876231e-04 1.114921990009997294e-04 4.920687875358590549e-05 5.160636970940774172e-05 1.092455092385952230e-04 4.367532552666226835e-04 1.420958356857790006e-03 2.700166989187359565e-03 2.975926744976905083e-03 1.600890150047819000e-03 5.904077793989157821e-04
1.891048818079600093e-04 8.120752693862161265e-05 3.117926856890501077e-05 4.065214181899619273e-05 1.147644964138003258e-04 1.952938392892072808e-04 7.874350724645837706e-04 2.292531792541916639e-03 3.561638228356085560e-03 4.026744558250170553e-03 1.674862694156755566e-03 5.724088994009741060e-04
2.101865999619690993e-05 6.316053930131826886e-05 2.051084668739829302e-04 4.459427562902654467e-04 9.006574640259301136e-04 2.607037594027797420e-03 5.117102757690910990e-03 2.255821788246712561e-03 8.470905276523430383e-04 2.641008096901742517e-04 8.599784969789685154e-05 1.968489607559403229e-05
4.197982798160040073e-04 1.071400875102008349e-03 1.363958124965367448e-03 1.322514623028454026e-03 1.407847222927347420e-03 9.800055857783181515e-04 6.188849099519039667e-04 2.777174022402467777e-04 1.467021206669328996e-04 6.974709975195309811e-05 8.709579687579842625e-05 1.374162050369858302e-04
