-1.364803425194734479e-02 -4.994539416568925527e-01 1.706337516110905395e-01 -4.085723096735748294e-01 -9.831685924472770288e-02 -1.184835161874030929e+00 2.035405920090484766e-01 8.257723994504979903e-02 3.624765522505308812e-01 6.752342171122573955e-01
1.609368501151161035e-01 7.816617402991705710e-01 2.900929648535171546e-01 -8.064647472885516644e-01 -6.575430137592209734e-01 3.931230478839738418e-01 9.582886221123242398e-01 -9.678704850426234074e-01 -8.823873322017686260e-03 -3.330743377867272370e-01
2.844572786643114748e-01 -3.521715280718116792e-01 2.637211648718095769e-01 4.326972824792328642e-02 4.680220151133489548e-01 4.264492720416463989e-01 2.742289601922202613e-01 -5.096273722165789444e-01 -2.022380190287329516e-01 6.311417579971444480e-01
-2.448269116629911077e-02 6.975033738601452704e-01 7.865881063688635877e-03 -4.361414478011234053e-01 -8.651613884188278369e-01 -9.802020006416015119e-02 5.887764204301292326e-01 3.207802774992511430e-01 1.575977173929792030e-01 7.589760763072234129e-01
-6.781148200581654795e-01 -1.845367395274810640e-01 -5.402974939769605855e-01 -2.297462653981353908e-01 -8.528470115528420659e-02 4.838762351076030255e-01 -3.592443644226183119e-01 9.453697572099639679e-01 -6.544164973782125028e-01 -2.050744818609338549e-01
2.527979619596246730e-01 2.240113720569386277e-02 6.408277824270995904e-01 5.644028878942051186e-01 -5.532086036595958989e-01 9.383308475845995034e-01 5.833065353623926308e-01 -3.760136105776623605e-01 -2.857811095225993303e-01 -5.471519264423294615e-01
-3.225892253404449850e-01 -1.034103364188778684e+00 2.829999131862598882e-01 -2.109395213168617153e-02 -1.117932841142087602e-01 -3.053533380408697366e-03 -1.285969877826247942e-01 -5.994341034356781561e-01 -5.165791053228620255e-02 5.597139098838659343e-01
-4.853761569809281751e-01 -1.548381679178766623e-01 3.355688128512269719e-01 -2.264202788445723036e-01 4.937804927987816117e-01 -8.374371379375789015e-01 2.494313737911979800e-01 -2.429496024917559560e-01 -6.058686141096454314e-01 5.885458854373708526e-01
-3.232996145850665637e-01 3.832762698806820301e-01 3.747896205204520048e-01 6.120348916399632327e-02 4.668465118679206854e-02 -5.891420919630606656e-01 9.411597078421526374e-01 -1.230950560198867505e+00 4.169871490917653745e-01 2.880399487298876404e-01
2.230068122449364865e-01 9.992828444796334475e-01 -9.069264068503522791e-02 -1.950235289926032650e-02 -4.566998971472439606e-01 -4.866728221179515701e-02 2.398005302524472138e-01 -8.944200362406748428e-02 3.315008850405164464e-01 3.320012442532909169e-01
-2.775240541900770852e-01 4.852543241832142362e-01 3.915833651092981427e-01 -7.349329641651897171e-01 5.703338081710641605e-01 -4.214782044994302979e-01 -5.390315264972516118e-01 3.782935784848895922e-01 4.958186593793173502e-01 1.543433584302369155e-01
3.010139463412492278e-01 1.583052250312496079e-01 -6.629999745371815134e-01 -1.041809078515174986e-01 1.291094506410163101e-01 4.949189357728308036e-01 4.822453563859733228e-01 4.784235722635422627e-01 -6.328073684791165644e-03 9.414364069480975206e-02
-5.528996324943755702e-01 -1.352078218620786920e+00 -3.495819804498607741e-01 -2.711606238287624926e-01 -2.846001832870257431e-01 3.221306113206394706e-01 -1.036025644721091238e-01 -4.918097420581609563e-02 -1.251779707055388879e+00 2.958525837325489127e-01
-5.226487940798789644e-01 -6.834003168516536997e-01 5.644609644683223904e-01 1.634570059797093022e-01 -7.173478096379061197e-01 -3.737108301361740104e-01 5.637209964629766867e-01 -3.371233603054203387e-01 3.360845699363033678e-01 -3.569241137890820648e-01
1.288228495120962158e+00 4.530765814439782768e-01 -2.149350690005937259e-01 5.903820701390537495e-01 5.031376886225430445e-01 2.589142218505229298e-01 -5.227046018960462836e-01 7.313456873495851607e-01 3.580220460463281462e-01 2.357030501051908256e-01
-7.861437339314962525e-02 -4.155888930446233198e-01 1.395652482249202242e-01 -3.008418848912670640e-01 2.125034527066221035e-01 5.858019458983367705e-02 -1.009880141633456407e+00 2.611134777229232595e-01 -1.400524397623967299e-02 -1.929719256193174193e-01
-7.988837728970752394e-01 -1.359233800470732445e-01 5.636595972828122303e-01 -1.792144438709071808e-01 -8.258193070526433921e-01 -2.416273577322596844e-01 -4.229689351800786090e-01 5.753207444363558354e-01 -2.322824183635820716e-01 7.841716423103664013e-01
5.939155027687804261e-02 7.870133713170539558e-01 1.180937507164254441e-01 9.521592475042341963e-01 3.757238460296124516e-01 -8.133555431528537161e-02 -5.112467509092023521e-01 2.369204086233330786e-01 4.865905708323556289e-02 -4.375849704060458256e-02
3.961990539308199999e-01 5.854963502355785554e-01 -4.112554092977959708e-01 -1.910174048515218825e-02 2.103705654092168781e-02 -3.081054624248570351e-01 -3.539840177318165360e-02 -2.266856324644249132e-01 -8.757223887679066454e-01 1.457351291024670426e+00
2.392838150705173528e-01 4.552274786752252139e-02 9.751346665422135906e-01 1.112553515163320350e-01 1.292911086822920996e-01 -1.292113403183769993e-01 2.014020179150189660e-01 3.951720379585964560e-01 4.121443773123047993e-01 -4.682593272748952207e-01
-5.997772512604351292e-01 4.376081771615527027e-01 -6.571309244565558538e-01 2.866628293287443729e-01 5.491116208761480655e-01 2.466807887797832499e-01 2.141808696033533910e-01 6.148306385344132208e-01 -3.776513401581873541e-01 -1.094157552476428208e+00
-5.654674434378311743e-01 5.153669428985314660e-01 1.133948744422741683e-01 4.177565406374442736e-01 -2.165560476527293166e-01 2.617663194285837491e-01 3.471064346994331973e-01 3.332903951418267341e-01 5.714616571366536862e-02 6.392090068468156416e-02
-4.245911606888545520e-01 -3.023617091875834828e-01 -8.588269022224265248e-01 -1.212038393709159306e-01 3.726664444963834200e-01 4.946278804183804612e-01 -1.156197187410249905e+00 -1.750964618609153478e-02 7.888062803229078934e-02 3.640444217160652696e-01
3.176801261339727844e-01 1.216412564932594920e-01 -4.563975601198037024e-01 9.485612290887441844e-01 -3.817183835052574414e-01 4.296919323822056547e-01 -6.489909646396382348e-01 4.243928992932567423e-01 1.937859990509716579e-01 7.939749292066987651e-01
1.065515944783333779e+00 -2.217311820786997678e-02 -6.061446915498345245e-01 -4.946438607055185510e-02 -8.353955389833457312e-01 -6.355330261139952031e-01 2.006542714165910624e-01 1.316148278574494901e-01 1.385165229732515102e-01 2.368911001823286733e-01
-1.923587412863423385e-01 1.668060030982235764e-01 -5.212531989291672163e-01 1.416131838558538636e-01 -1.225391345764737100e-01 -2.562203345984320202e-01 -5.931155187150737307e-01 3.739325358026753809e-01 -1.883943918374096638e-01 5.601746431820969069e-02
-1.016706650056153460e+00 -1.315971247323541038e-01 -1.686225817232043511e-01 -6.385999866660256874e-01 -5.401191917797414366e-01 -1.924206891846686751e-01 4.854296843963216701e-01 -1.154839195234504956e+00 -7.172804602914559791e-01 5.076509524137684526e-01
1.859161833369379069e-01 1.313213589737810272e-01 -2.368524728590507833e-01 -7.667848095389582230e-01 -5.898183784727483170e-01 -3.499377004388768558e-02 3.953434877155176386e-01 -7.856802670034923608e-01 3.598680625425622059e-01 -2.858122643795943940e-01
5.072380634618247619e-01 -5.481104999363781705e-01 -6.666067125862480403e-01 -1.122312522415290503e-01 -3.977997818751738413e-01 -6.105192683325191272e-01 2.650500644767075364e-01 3.905531859629119418e-01 -4.904789387366064735e-01 1.219761628885176197e-01
1.049427992308491264e+00 -6.003885348112100034e-02 -3.475960751856348452e-01 5.294689837340579297e-01 -6.028726697505761012e-02 -1.831285861135732718e-01 1.251190732043595322e+00 -3.995306715679080023e-01 -6.709355515749834686e-02 1.686489222685657319e-01
6.761409148763558585e-01 -2.056695081120517299e-01 8.214533824434577802e-02 2.071729341321178197e-01 3.936881067055562622e-01 1.741409003407978218e-01 -4.458954611006210045e-01 -7.492986067438918152e-01 -4.044933146858692430e-01 -4.291811496775828072e-01
-5.599361468920173168e-01 1.175043877088445023e-02 6.144395106226074876e-01 6.488521492079983854e-01 -1.599784124128036944e-02 5.911563598065413538e-01 -2.867806517250955367e-01 8.803322260095405860e-02 1.701790404104050136e+00 -6.537162525232320665e-02
-1.209807790704884312e-01 1.050068485691291853e+00 1.883007130431482712e-01 -6.475424227004015210e-01 1.207476262442358644e-01 1.641983343967405584e-01 -1.341511167245666547e+00 -1.346712966928264588e-01 1.165207510524565032e-01 -1.266136436595773906e-01
-1.045241377335414557e+00 -2.693312243268621356e-02 -4.477789442865559577e-01 1.929935516800978246e-01 -9.708148801247631909e-02 4.609021976224949024e-01 -4.526987970987124688e-01 8.529635124508670729e-02 7.445125775365281084e-01 4.420234378919955520e-01
4.922124061561673064e-02 -1.815328706298580952e-01 1.094362005255188786e+00 -2.975564116094810418e-01 4.049890642355487014e-01 -2.071110862724870605e-01 8.754970574909975989e-01 1.333651423505637645e-01 1.879209491667631071e-01 2.292697032350898279e-01
2.557771603981275343e-01 4.084267482765014945e-01 4.809834186088911001e-01 -4.527641597254504213e-01 4.672010004976451802e-01 6.855204549298393735e-01 3.472665924764646861e-01 -2.680365454920480284e-01 -2.940200796792057369e-01 -7.349438086309341145e-01
5.437010023597946828e-01 -3.229826509817119717e-01 -2.149412217553826332e-01 8.266229826777181378e-02 -7.727389265344758451e-01 5.596497463315763810e-01 -3.698116064205440867e-02 -2.118554928315165564e-01 -6.588417540955273655e-01 -2.077266858977030659e-02
5.569998481060909334e-01 3.476832685600587114e-01 5.518236300554004714e-01 3.090949282683744248e-01 -1.470954496200622616e-02 2.587274751290714603e-01 4.118230552813522127e-01 3.186550255381658259e-01 -8.296655780320984219e-02 2.809956349871119974e-01
-8.528681906183924744e-01 -9.719772211582158872e-02 -2.544721243274091771e-01 -2.788221356326890388e-01 8.125419737084950411e-02 -3.343595477203821220e-01 -2.704916471805253464e-02 -5.693636663461368874e-01 -2.091321612331906998e-01 9.350864386373659576e-01
-5.282164957337741329e-02 4.853609338174346144e-01 -2.999999659970298826e-01 4.356544928985570664e-01 2.937836038178927023e-01 7.119624036216037899e-02 2.589418864864059255e-01 2.103238428342103436e-02 -3.453463811519584814e-01 4.536907943555312794e-01
5.311685296234396336e-01 -3.820990810098522372e-01 3.004372085434877104e-01 -1.583101796254152427e-01 -5.403135311871994917e-01 -1.264929747615143041e-01 5.805813124172987116e-01 -3.949665764771422283e-01 2.917404423263129654e-01 -6.721125049120307837e-01
2.465176309108964570e-01 -4.514965038425759469e-01 -1.010151685802764682e-01 -5.790253793908154423e-01 3.355706724600197588e-01 6.421585753443737055e-01 4.596311257796161232e-01 -4.430148695725167896e-01 -1.348815664053582830e-01 1.141322980774961936e-02
5.083343995754094902e-01 -2.529949640210101824e-01 1.548881665299387533e-01 -5.416534773902385164e-02 8.250399516116443399e-01 9.935892570258841872e-02 7.488081618353755742e-01 2.797537865231165544e-01 -2.846580363005262737e-01 3.615081683965326032e-01
3.519871142193791158e-01 -2.249019048511866070e-01 4.139709722291944338e-01 -2.896245115914647950e-01 -2.840904601246718175e-01 4.040603887237179809e-02 -6.844118528468960162e-03 5.148098739499303855e-01 -6.272572316123483649e-01 -7.121126128432626601e-01
-4.657697880324918605e-01 3.328087047950428756e-01 -1.089543340511937242e+00 -6.090053001911475139e-01 2.719319775745462908e-01 -3.270121747024610226e-01 -6.586691059702436402e-01 -7.003996377555126163e-01 -6.499968454258971962e-01 2.425574485377152145e-01
-1.923422978518468940e-01 -2.874448641737628596e-01 3.956770870929210426e-01 -6.908038568910126465e-01 2.904527432192925418e-01 6.144042765920566113e-02 -1.101826804613745964e-01 -2.844420636412753889e-01 -1.861694532824572090e-01 -1.379405044543526193e+00
2.001431211866510351e-01 7.454047745356037202e-01 -2.542445950776748287e-01 -3.008744409887024185e-01 9.881531092839702657e-01 3.024986791891478566e-01 2.112976633341636656e-01 -1.958770612488778817e-01 -1.194584678720935489e-01 4.668946004706337610e-02
-2.179213214303829804e-01 -2.254168741772424323e-01 -9.551011190085455516e-01 5.938691627791119892e-02 1.323406608338066892e-01 2.588634023071149648e-01 3.376399673699356785e-01 6.551312959495202426e-01 5.037146880686572681e-01 4.063239042999337580e-01
-7.340571266702284881e-01 1.011097717733233647e+00 -5.258466639672236820e-01 -6.720470180554776185e-01 3.774258390094346605e-01 -3.801379335711084773e-01 -4.825112762448566794e-01 -6.859383349208537928e-02 2.355448432977108320e-01 -9.458147632279852168e-02
8.804181178803223429e-02 -6.950318126481939973e-02 -3.436876085773551276e-02 -7.808715275515263343e-01 2.973697014852400011e-01 1.460695388160536123e-01 -1.663927165312975021e-01 -2.433537899803347448e-01 -5.872674308597515269e-01 6.998457116285181634e-01
1.266701113651865329e+00 -2.122353510194612269e-01 -6.957392856994485397e-01 4.485936959349985376e-01 6.476448003212254001e-01 -8.981438235913591361e-01 1.170517727748223158e-01 1.757519196431053810e-01 9.323215247792410176e-01 -1.682200779061901186e-01
1.659828031447555530e-01 5.100016799256047451e-01 3.777693546496456167e-01 -1.198512997551207937e-01 -1.144679474674424213e+00 1.038134092535938580e+00 -5.117630257543477335e-01 4.366594933237620824e-01 -4.602002105809153698e-01 6.492723900364252287e-01
5.182544608766772587e-01 3.707145986220103939e-01 -1.273660625996051732e-01 1.189381496286557455e-01 5.272226750733054468e-01 3.627285676978187490e-01 3.406893806121227275e-01 -5.425533719374960873e-01 -3.594220297693347388e-01 1.645052331147021096e-01
-6.181722370162741065e-01 2.294860378415509439e-01 5.547381986340539362e-01 7.832385658756323421e-01 3.840016243897653725e-01 3.512978210220054631e-01 1.569768838168308922e-01 -7.569677383572294138e-01 5.801311799717415729e-01 1.375307734183974562e+00
-4.127482567507598787e-01 7.731595034294207469e-01 5.534295274000792242e-01 4.250170868504808408e-01 1.552907162566039001e-01 -6.239309321569141975e-01 2.998342388112232859e-01 5.780616030317605736e-01 -3.674438482403818984e-01 -9.396333697268938190e-01
-3.207993525681147040e-01 6.858821326478160563e-01 1.546312587222149482e-01 6.659177808293113843e-02 -2.315682910824611584e-01 4.955939804779698199e-01 -1.305280797044359620e+00 -3.938984226239310993e-01 -7.430295252645047199e-01 -2.025497455516526435e-01
-2.930612991532511868e-01 -5.733388393696845636e-02 -2.460052355575866323e-01 4.221740290077183322e-01 2.893183894781857501e-02 -2.080120222992934975e-01 -5.444587610361986130e-01 -4.785735378415775232e-01 4.959356094948456639e-01 3.701209626573535028e-01
2.763899160870423310e-01 1.027618069529257383e+00 -6.561754134783347459e-01 5.266758968748835867e-02 9.670071185349428111e-01 -2.419874855386632273e-01 -1.394417993981110770e-01 -5.778720437762475681e-01 8.736039793266920928e-01 -1.616919585477721577e-01
3.821683106206205105e-01 -3.634063986052057937e-01 -4.768959800286394768e-01 5.972598761115839316e-01 6.460533448564275139e-01 2.308764002334639243e-01 2.393734902801740450e-01 -7.271147479608138786e-01 -2.538827701268103754e-01 -8.091687172080751500e-01
1.969331730367324951e-01 -1.265444296317926737e-02 -3.923815618251230708e-01 -8.708251471047332437e-01 -4.909464745912107964e-02 -1.681260217813017876e-01 1.111037900685506036e-01 -3.837810445103989609e-01 -9.571337496519470578e-02 -7.839849954384150443e-01
-4.903947013768391594e-01 -6.309426610102311095e-01 6.728729099125634328e-01 -4.880229083831277848e-01 -3.164934572576791338e-01 -2.077087030633452958e-01 9.529587284048446350e-02 -8.699245995461435399e-02 8.208668155883613871e-02 -2.543389857891548145e-01
-2.110975200102135074e-01 -5.228987070055620690e-01 -7.062803213886643949e-02 3.637671786804412832e-01 -6.677466546742432119e-01 1.028421666257575140e+00 -2.157216261859613571e-01 1.359481369213547119e-01 6.026768308780907635e-01 9.962501433878362400e-02
2.020471710165789025e-01 -6.038224222981061207e-01 -3.984079320203529062e-01 1.713627557755588449e-01 -1.229295578366476072e+00 -3.326846708416441034e-01 -5.280184865726723908e-02 -6.422103699279847477e-01 8.788498853731560034e-01 1.065703543244646834e-01
-6.800375577681191941e-02 -3.323093233269002744e-01 -2.646526503022488264e-01 1.923965621710179985e-01 4.156929767889595007e-01 -1.938583388589293355e-01 -3.663515849043925132e-01 6.645773394980560855e-01 6.852876385611950116e-01 -9.659362532228880083e-01
-1.427265929742967121e-01 4.979443015901889869e-01 2.377882969488194220e-01 7.312602376598872356e-01 5.878451686807255605e-01 2.905675301533510169e-01 8.136095165605545798e-01 1.083949949186947315e+00 -6.396995745088740470e-02 2.756591272242857049e-01
-3.027561707678839142e-01 1.251430181387667706e-01 -4.895830695421179296e-02 3.041272829949445353e-02 1.050416164894821397e-01 1.863667389285222908e-01 -4.342994224174820950e-01 6.187222238526542961e-01 3.561194276806269876e-01 -7.666533101583437038e-01
-8.507795615604815120e-01 -5.914342099348063320e-01 -1.040341993902579310e+00 -5.683818929459959479e-01 3.805987755309188647e-01 9.469793777019529513e-01 -8.002470853119263150e-02 1.278550198137174965e+00 1.271362983842359573e-01 -1.470447024020757332e-01
2.613077024146492344e-01 -1.701611475857630340e-01 1.232802890102016741e-01 -1.969415380215967237e-01 -2.391945528160819845e-01 3.981034403841912650e-01 -6.311723883617904873e-02 -2.179128449038291934e-02 -2.426108766986284915e-01 9.300394360335698662e-01
-1.513923801348404305e-02 1.174323306614884627e-01 1.262863853256098290e+00 1.549973471816726012e-01 -2.432540291937952404e-01 1.906871761718094416e-01 6.551357938047538410e-01 6.034312833668262765e-01 6.514432388323328910e-03 1.135649132658514589e-02
-5.480738440721478755e-01 3.173576197071874549e-01 -1.025895180331876322e+00 6.211971356245429288e-01 2.970704521325465142e-01 -1.140468026320579226e-01 -4.793651454828101732e-02 -5.909519890046329715e-01 4.119672715105788807e-01 6.771780179059937177e-02
-3.047847187401009905e-01 -1.563987308544912413e-01 -7.835771967919590670e-04 8.114634830026656864e-02 -6.563647778829388713e-02 1.101378535661369923e-01 2.105236126179462763e-01 7.110554953294915270e-01 9.609616269583018955e-01 2.487327417701160337e-01
-6.684622304030034545e-01 -2.661676010214859001e-01 5.014569787008065216e-01 3.045731685031628500e-01 2.051017501148297839e-01 4.303499209517000490e-01 -6.196222869809258071e-01 -3.623256597603234652e-02 4.984113465466450954e-01 -1.356756838339695515e+00
5.556727880533351982e-01 5.051516916122401613e-01 2.950549031990942206e-01 -1.159592608391569191e-01 3.388032122420416847e-01 3.745710929673150003e-01 7.225352720882123603e-02 -1.438923373303933273e+00 3.487064078412713819e-01 1.038212759921619099e+00
7.729946774192270054e-02 -6.242120591903341786e-01 3.797517378436060520e-01 1.974697787699120077e-01 -6.227469799664592243e-02 3.743826150549810494e-01 2.353841925492558551e-01 3.475338695546801304e-01 4.897330687009381345e-01 2.792336169772981491e-01
-5.379458314773595262e-01 6.864693295717151644e-02 -4.897255384639359055e-01 6.791320163525206288e-01 -5.548378305619846435e-02 -2.264385148123822245e-01 2.946875756768046473e-01 7.276228818840309032e-01 -4.009366571242446997e-01 -3.053833533644826903e-01
4.338928965569491814e-01 -3.645973425516532002e-02 -2.682730682821719559e-01 -5.198183890809034979e-01 4.526832245718290237e-01 -1.743689678269513543e-01 -1.730168148429348240e-01 9.978781151160126539e-01 -3.136696359049210292e-01 -3.954011917352680539e-01
2.098304741002375573e-01 -4.360607502516847811e-01 -3.365676839190747532e-02 6.253753252634121074e-01 1.565506782437050826e-01 -5.748017260734881173e-01 3.001685316357726174e-01 5.369296369970028016e-01 -1.033132809577715472e+00 -3.110757707666357286e-01
3.071648863371290727e-01 -6.942554600222182459e-02 3.512466856688131189e-01 4.494197226399807565e-01 3.678127340733269857e-01 -6.243633799336519852e-01 6.911230733738075172e-01 3.044243880532109762e-03 -6.888597925844130998e-01 -4.801157500014078261e-01
-3.151664632696862811e-01 3.102924370173644752e-01 -4.436790589623779146e-01 1.401999260034061112e-01 -8.003374625142890553e-01 1.972403093238551397e-01 5.843675202939922764e-02 3.638867553192567939e-01 -4.672948250437893858e-01 7.522298653783897338e-02
-5.901764540339637238e-02 1.025747959970504386e-01 -7.058408122806901774e-01 -4.839919061870359140e-01 -6.151871847085786937e-01 -2.574650113579363686e-01 -5.776296396233277647e-02 2.092079490931783303e-01 8.221009722065205638e-01 2.486291012510649656e-01
4.286094364847412019e-01 -2.127474964930659573e-01 -1.438601025713187077e-02 5.439471499820680567e-01 1.814365161153435602e-01 1.597832872564366735e-01 -4.485788227075052648e-01 5.072418383494438077e-01 -4.611499510737555596e-01 -3.904444106255370861e-01
6.772326670006241223e-01 -2.684066529723849737e-02 4.788427412747479628e-01 7.194667804274412770e-02 -1.973445549356850348e-01 2.457835799961765599e-01 -6.157535216475937823e-01 -4.736105292266650224e-01 -1.563698165781609029e-01 -1.034926827555904927e+00
-5.082842966391919459e-01 3.319225336300826168e-01 -5.065870061150075099e-01 2.534036151722653119e-02 -4.895030438035187781e-01 1.601759327607289729e-01 9.202384340357829817e-01 4.021051198600103516e-01 -7.407688461806990476e-01 -3.792308920280016427e-01
-4.012670162452484091e-01 -7.372419362803793452e-02 2.181266521634744049e-01 -1.928759738109336180e-02 2.886754240021088824e-01 6.293579317964274888e-02 4.257865729796341814e-01 -5.365540952492648952e-01 4.712768793579099058e-01 -1.379874975095755907e-01
-1.076113573903608289e+00 3.505146489534671228e-01 -1.126455670218760030e-01 -8.953748581596348011e-01 -1.324022896767156621e-01 -1.541831746197621644e-01 -2.539296226267797607e-01 -9.412772907140794579e-03 -6.630269079881970784e-01 1.813208005225460939e-01
-4.733205591470791562e-01 -6.757187182976486239e-01 1.005571508160406191e+00 6.493099374895985876e-02 2.136669880107930630e-01 6.203652773395825770e-01 -3.022787374419035333e-01 -1.814981098905704471e+00 1.506158575921175968e-01 6.146905971418396494e-03
4.506824423867630131e-02 -4.501963109551799375e-02 6.019460865777036540e-01 5.387310572874788317e-01 -7.870345467655502913e-01 1.125422474690931818e+00 -4.743109269083820023e-02 -4.223649808869472388e-01 -1.571810759682066017e-01 1.111171732798944128e-02
5.623221375448834713e-01 5.375342554739638290e-01 -5.086464665621106551e-01 -3.795979019910425412e-01 2.044969630235869418e-01 -1.448674024527385473e-01 -1.980145274712222514e-01 5.570275960027581269e-02 1.028628793638305394e+00 -7.873921143373854292e-01
2.581355017667375518e-01 6.773543656348233188e-01 4.376602694709350039e-01 -2.672188045436681980e-01 2.789121814834658042e-01 5.565653238326584429e-01 -6.156117780486466406e-01 2.142816026777902561e-01 -9.645703468520125390e-02 2.294384733281044642e-01
1.009049583712758658e+00 -5.120724723640659448e-01 -6.844198024978017658e-01 3.607981565839530891e-01 -8.167055412716611729e-02 -2.299737910620543169e-01 -4.528164143623144011e-01 1.461797600229313376e+00 -2.883899896659454232e-01 -1.751786978861753219e-01
-3.584935123708164473e-01 -1.839515585416743038e-01 5.519709931141581621e-02 1.603813752188231190e-01 1.476170839765546416e+00 -4.066979544417897996e-01 3.401445926750965576e-01 -8.834651415400536223e-01 -1.376593493202149521e-01 -6.291580605956058614e-01
-1.799757270950123333e-01 -1.619670792793630465e-01 9.350929686439130029e-01 4.591405427308195564e-01 -4.945048994124839337e-01 -8.500445495874808799e-01 3.213117331708059687e-01 -2.265319041396329502e-01 -5.632913507142701670e-01 -2.607408221444033058e-01
7.273558016844124952e-01 4.680494960880307587e-01 1.789015917115868992e-01 5.542994325029122482e-01 -7.033302166205673833e-02 1.110013659350073817e-01 3.402757973365290733e-01 2.581972561493502405e-01 -9.517332082671042803e-01 2.881158400382353713e-01
1.044253138288866234e+00 -4.071343880676489002e-01 7.396999490891458251e-01 -3.740753074208235662e-01 -4.305217155818610308e-01 -1.829018184004564118e-01 5.166827792997829016e-01 -2.895664983934398973e-01 4.108235761204542258e-01 -1.521476485144009072e-01
-5.205596518729497246e-01 5.988929677617091385e-02 -4.733825176482509001e-01 -8.045917886014912479e-02 3.794361192410830586e-01 2.137150813468518401e-02 2.372322558546200721e-01 -1.378128517433462319e+00 2.673072226636515891e-01 4.016583823057208180e-01
1.020272250842192974e-01 -2.933883326817151582e-01 1.528168736861873767e-01 -1.009578710316517025e+00 7.706240693862473901e-01 5.084424250839072457e-01 -9.603517828991556260e-02 -2.776868970890874477e-01 7.709575169122340199e-01 -4.453050222060000451e-01
-1.182168749346606540e-01 4.032570990097628649e-01 -2.668928565157133170e-01 2.468261947041621440e-01 3.526073527789670425e-01 -3.956093682067303163e-01 1.081617110714730989e+00 1.073168167764142700e+00 -5.864876222916466375e-01 1.065483963873673057e+00
-6.406335917251100298e-01 9.254546465839003089e-02 -4.895243061066553159e-01 -5.551960141522382930e-01 3.674957298543796158e-02 -6.392889337963960639e-01 3.858133597361926292e-01 7.535702337977987497e-01 -1.524742695165492989e-01 4.140973713525412658e-01
-2.452861279274369533e-01 -4.017506563906305672e-01 -5.791939259582685740e-01 -4.904616751518877521e-02 7.059085605288956122e-01 -7.794671180149190248e-02 -7.783525230024114228e-01 -7.559672588573886909e-01 -4.221551337406241333e-01 -5.783661295612828601e-01
5.527233712139769523e-02 3.194769917886092769e-01 -4.101219360950288939e-01 -3.722927191008764680e-01 -5.378907768980706328e-01 -6.125883912827049249e-01 3.673870765600427135e-01 -4.498527620358375723e-01 2.202160666805028089e-02 -4.598592087639410408e-01
