3.505929090826772395e-04 2.863107385358147671e-04 2.244358492605613860e-04 1.349458536888462339e-04 1.237980651548779083e-04 5.514510302963048286e-05 3.754646035193068450e-05 4.268336480916011891e-05 5.984996524490720544e-05 1.024037125951046163e-04 1.960622090520715191e-04 3.690301210305894225e-04
6.803665517567118639e-05 1.449580601155417935e-04 2.201855755579303292e-04 3.154192146467714908e-04 3.753701581010180960e-04 2.996961701609565177e-04 2.293015080546011890e-04 1.884296589251068551e-04 1.381404607822261791e-04 8.205191129056322403e-05 6.729093830253296245e-05 5.757956557035505369e-05
1.290118335321594747e-04 1.575041755923108620e-04 1.811986634520275103e-04 1.704128204845529332e-04 1.549718365985843307e-04 1.635769431361557555e-04 1.481948452180649012e-04 1.486976863108010669e-04 1.380757514536850661e-04 1.040203536283287108e-04 6.762540486447427956e-05 6.984222889348366164e-05
2.038810293387697644e-05 1.161282859411305791e-05 1.147935453412603700e-05 1.872769995527873082e-05 7.989168574958184575e-05 2.755629899445307838e-04 1.001690820930071493e-03 1.465359359185109669e-03 1.265464678613995942e-03 3.847006702309233592e-04 1.177799429268617794e-04 5.376744230453117153e-05
4.932012181383477406e-04 2.284115780745186249e-04 1.359611995334067056e-04 5.443164085905724927e-05 4.175415243789321415e-05 3.734738771904603719e-05 3.514719329896209008e-05 6.802824810732298257e-05 1.256592124953109769e-04 3.211509185221834701e-04 6.459647448263592913e-04 7.338287974562043240e-04
4.866247297973738949e-05 4.634220948137886248e-05 5.150182114446968153e-05 6.315548211990378794e-05 1.082854666791638977e-04 2.263183608647813998e-04 4.015059365126499532e-04 6.353006415053318121e-04 4.812297229534483645e-04 2.635017577875325089e-04 1.935494365956200624e-04 8.283804917651200605e-05
3.225915778948752386e-04 1.329311717686876846e-04 4.420238485100733941e-05 1.960832802965664607e-05 1.302038089923402435e-05 1.438024780403462433e-05 3.257749484500407428e-05 1.275803275838673079e-04 3.988811887907040086e-04 6.812628449838574853e-04 6.692702834850883980e-04 5.663493487301668764e-04
1.912824596379960967e-04 2.478600677189938531e-04 4.892592818663211085e-04 5.998794987835192553e-04 4.060359263062771366e-04 2.616030662263583908e-04 1.599068829187933849e-04 7.249977818857221402e-05 4.199544677187955628e-05 3.594380852179758609e-05 4.759350721510962441e-05 1.075929925988139158e-04
2.212209763462534920e-05 1.528527650178908932e-05 4.312794202574509795e-05 1.170515692479517017e-04 2.741099196739110559e-04 4.622722548720573327e-04 9.357249737855542282e-04 8.196571572918364594e-04 4.196356474917559750e-04 9.711071399755808202e-05 4.000366377610178143e-05 2.466979230824359752e-05
1.217317575761271600e-04 2.038137391218012879e-04 3.806664216907886694e-04 4.197051278540429799e-04 2.548211828618365316e-04 1.078690521455474626e-04 7.988044753913352020e-05 6.516100125702857450e-05 4.673406858348497082e-05 4.831105191678335077e-05 6.189365004757871130e-05 8.950046406377894790e-05
2.197861622794393161e-04 2.070564528040615571e-04 1.867188228495796217e-04 1.246224467690761485e-04 1.022403371847087128e-04 8.724640301991228118e-05 7.876644372644189948e-05 1.093337086848685793e-04 1.430835007747878061e-04 2.363038923373188271e-04 2.285505100612256224e-04 2.207495473580791735e-04
3.855039772627158316e-05 8.670829279910315698e-05 6.480400087943404279e-05 6.881077758211878411e-05 9.966362929149906198e-05 1.177688259570615630e-04 1.533865695597398237e-04 1.753432142870122118e-04 9.721920516101308877e-05 6.744829707334676599e-05 4.580657102227781710e-05 4.051166246805176834e-05
8.525917296446991348e-05 8.498191630164906359e-05 1.085352331451254287e-04 1.580932790702283984e-04 2.415003000844932670e-04 2.637623008015868857e-04 1.725512845482242929e-04 1.219557038306160021e-04 1.068897435447599685e-04 9.408988593522630314e-05 9.491409885305595565e-05 8.418229117150410467e-05
1.606729343309548587e-04 1.047973492907082341e-04 8.757941813058501591e-05 7.453268702616384813e-05 8.245914658786697145e-05 1.118007936064107917e-04 1.325673665894083449e-04 1.110739120609702989e-04 1.466696740946446748e-04 1.821700417402737256e-04 2.309121159350949128e-04 2.339147094629434414e-04
5.477410358611681197e-04 6.262292479245274357e-04 4.459749075039850684e-04 2.805963110322668721e-04 1.798232763428994532e-04 8.333542258142246500e-05 4.343650577570721345e-05 3.649954548633567084e-05 3.497013702686936946e-05 6.613723056488883024e-05 1.293424302341401259e-04 2.593227328249757594e-04
9.750021111931918207e-05 2.190390368012217392e-04 4.777142621930511928e-04 5.692291296258775038e-04 4.932961415326784279e-04 4.100364598120556886e-04 1.823240675362304715e-04 8.313802226234678092e-05 6.947339541373948838e-05 4.029740888824668378e-05 4.558888696754723804e-05 5.735925476026439547e-05
1.725052806801501452e-04 2.338929134538297503e-04 2.730202439359945710e-04 2.298372790659094752e-04 2.135510984133656210e-04 1.917857442551109445e-04 1.354582312669030107e-04 1.117275306182564151e-04 1.235275979074643279e-04 1.225873279538846814e-04 9.241612052619353551e-05 1.111484496651467794e-04
7.325587024151272448e-05 5.280977094669967706e-05 5.537864209021667306e-05 7.023343554749080420e-05 1.483816654999068382e-04 2.225092372310052058e-04 3.094673678015745803e-04 4.548025399376948424e-04 2.320516987155836735e-04 1.806261269233130342e-04 1.454907204185994414e-04 9.014345392375406089e-05
3.284400896604601472e-04 2.452050388050081107e-04 1.602673157617661695e-04 6.058372679577602761e-05 5.814159872845234652e-05 4.195857401289381059e-05 5.082328799537825511e-05 6.472770033593359246e-05 1.740722057298992043e-04 2.975807452862966871e-04 4.887311976428370536e-04 4.480971014531397287e-04
1.120278104385514633e-04 1.262255046849769611e-04 1.734526663753460630e-04 3.461689563010275660e-04 3.992147658476727172e-04 4.092058355627796072e-04 3.131259679061165649e-04 2.090423047302858678e-04 1.197949959792317447e-04 6.822587134583931801e-05 6.835314084894341714e-05 6.287573308482497815e-05
1.290697999086969181e-04 3.635879906728053056e-04 4.627252300924923536e-04 5.259012683133060945e-04 3.569132388272381945e-04 3.101157412973584260e-04 1.078341800714370752e-04 3.876692515225276095e-05 2.057739436246600894e-05 1.662739932679302922e-05 2.164928085443007058e-05 4.396420809615825341e-05
4.462740369143818601e-05 2.609477197936303124e-05 1.893581518044146726e-05 1.976526447161910895e-05 4.120045656882013676e-05 9.774921532580677476e-05 3.061972038007131449e-04 4.536522499907999517e-04 4.433326156274390584e-04 5.602975297623706552e-04 3.385916747668947686e-04 1.202763102167307197e-04
2.121967599732195269e-04 2.288226992252065156e-04 1.369767137050484276e-04 8.928220401851788991e-05 1.009797670235323318e-04 1.149751404868977391e-04 9.124397126731316596e-05 7.408524722156207599e-05 1.174419534320478059e-04 1.307044461895302974e-04 1.900456836860575432e-04 2.809392388789067963e-04
9.944932322124617097e-05 5.812279441451824154e-05 3.570975473252728180e-05 2.765124276761175883e-05 3.705871941903330112e-05 6.256066964245953605e-05 1.520321818808225746e-04 4.710293145700018076e-04 4.925231535095801836e-04 4.765560664915267442e-04 3.149560240382004374e-04 1.591823350588383759e-04
1.943179904330298916e-04 4.638419456866919800e-04 5.212630217376990971e-04 6.588269187880802825e-04 3.288289890773674019e-04 1.588253663103102891e-04 7.844821190857929861e-05 7.115424247616883996e-05 4.142212920504981417e-05 3.593064371953219019e-05 4.660285223459525067e-05 8.572428087827991183e-05
1.062050544395821104e-03 8.766857129078774657e-04 3.824513835651243928e-04 1.315558007242589758e-04 3.926542036248077688e-05 2.115973667847658425e-05 1.632825080962923344e-05 2.075554438585576090e-05 3.456449648784622707e-05 8.275004737170500724e-05 1.930184957808728859e-04 9.245922612245671647e-04
1.503288201604439520e-05 2.346666034385558032e-05 3.201392784073212912e-05 1.374807328034142681e-04 4.386483222851287928e-04 6.267804422666676915e-04 9.263724948750012888e-04 7.275410359788920178e-04 3.544529371744693769e-04 7.136628025348340509e-05 2.792311353668624780e-05 2.130784134279869763e-05
8.584470276281248879e-05 5.971901512527528149e-05 5.124189162859793951e-05 4.915823728361631850e-05 3.949377112245664270e-05 8.366734248926861837e-05 1.780271100286533246e-04 3.672563708782562697e-04 5.517014886630528751e-04 5.071635459717344389e-04 2.790512294622879788e-04 1.579934484963656596e-04
1.169413375300373169e-04 1.485750321973088853e-04 2.410716855321181696e-04 4.022907355985947580e-04 4.277628266044816285e-04 3.478006214543794363e-04 2.735110798413298815e-04 1.519968480235998009e-04 6.910629110913759461e-05 2.864033037206849161e-05 2.266792155651071354e-05 3.580678320112801833e-05
5.782721909322930428e-05 8.680395123933427903e-05 1.770291168706592433e-04 3.309962976463041561e-04 3.984320052496811656e-04 3.354202263637767463e-04 3.821701402019650365e-04 2.460524532917216173e-04 1.115355657843207022e-04 5.192736290999234680e-05 4.433787862076078831e-05 4.340904790591055217e-05
3.186247975725178268e-05 6.725682916800783536e-05 2.453209648015204571e-04 4.323623764185509431e-04 4.811990579346958033e-04 5.419715849452098151e-04 4.303360671784803564e-04 1.995271353424744399e-04 8.098640179338900604e-05 4.299794986732754951e-05 2.301308860098018154e-05 2.038756136435375429e-05
9.004531897444327645e-05 2.352838803853892684e-04 7.016094330754706239e-04 6.032826995380531502e-04 4.349028164820366348e-04 1.420164297344287503e-04 5.399856871211521596e-05 2.633958531236648264e-05 2.260225430506700977e-05 2.539763867525858174e-05 4.339052774762881083e-05 4.513091255700584187e-05
1.944387691319688253e-05 3.312745234288088817e-05 4.048064627531079273e-05 1.053531746959506909e-04 2.943405287876225528e-04 5.580031725494225079e-04 9.813628846188696391e-04 7.903118177998728813e-04 3.173353725987737442e-04 1.211116139170707304e-04 6.445577301048783310e-05 2.796930078923537630e-05
1.478427491780007761e-04 5.496356419196232290e-05 3.113263905491751063e-05 3.456791306325247034e-05 3.618896798934057935e-05 5.934826123024670508e-05 1.223725654577019430e-04 2.031996674173603822e-04 5.836814909024604569e-04 7.093704256181936497e-04 6.632000901595533999e-04 4.460304592714006244e-04
4.185590293410608193e-04 2.566178543055033464e-04 2.481372195832049171e-04 2.128290600871831858e-04 1.212544385646732671e-04 7.310897436667564641e-05 5.292160873147405849e-05 5.810768051528726689e-05 1.050328114617583359e-04 1.306045863965765448e-04 1.542065967947448013e-04 2.347979245994305964e-04
7.593008381292389963e-05 1.751576140899817769e-04 3.239611428045224362e-04 4.720492845923401925e-04 6.298115253032053173e-04 5.782313586738068150e-04 2.494541793765934134e-04 1.762536362639591844e-04 6.430438546470490025e-05 3.362452698294799710e-05 3.384581192630519938e-05 3.862945994553377297e-05
1.235252238756715621e-04 1.542417289478018895e-04 2.097008271499725674e-04 2.208883058283144180e-04 2.472738795723710488e-04 2.654664796005351307e-04 1.815488743487364152e-04 2.071193289445320070e-04 1.255504913143388925e-04 1.205484453305240831e-04 1.351515690592425929e-04 1.356751954407932467e-04
3.345380151192716128e-05 6.543926237692748444e-05 1.513969906594141331e-04 3.498930148468699822e-04 6.286798589083214626e-04 6.044705286886294061e-04 4.922439119919816723e-04 3.542159043354766845e-04 1.122853942013025410e-04 5.992775687562220527e-05 2.655146406967538492e-05 2.268251552438340615e-05
4.158277397034794735e-04 2.292745552495892411e-04 1.223211670008381765e-04 8.559343383877912929e-05 6.970202753843841241e-05 6.117902876641631018e-05 6.981230254940192870e-05 8.986775105292974008e-05 1.291941970738324694e-04 2.291569082194448812e-04 3.728196503118140926e-04 4.724288277644442800e-04
2.258517230209997366e-04 1.370932528166577964e-04 5.974909313621269073e-05 4.932104967599385253e-05 3.705039579120620496e-05 4.391900013434277711e-05 1.171890373845305491e-04 1.919614857188034897e-04 3.315834142803247668e-04 3.226587372658061580e-04 4.993700646558610259e-04 3.728381245860277029e-04
5.389938651046896883e-04 2.411483439203858522e-04 8.897368494526885488e-05 3.199682336390963477e-05 1.872363725471598637e-05 2.171102840136908884e-05 3.199563644004065755e-05 7.472691455867042901e-05 2.200783404896900885e-04 5.110953998708864417e-04 1.040782854342894685e-03 1.050428536242622741e-03
7.251299461315087263e-05 1.057463674154297595e-04 1.991336537028468370e-04 1.614605227009231964e-04 1.983078879829785676e-04 2.112157463110557638e-04 1.878456343935786454e-04 1.582348861110775427e-04 1.495375387199006812e-04 7.750588992867206569e-05 5.695698234281813474e-05 5.426635685058817392e-05
1.607213231349851679e-04 2.836632245867453848e-04 3.937842706051967209e-04 4.473170749739460239e-04 3.189702374153919424e-04 1.359888925163369052e-04 5.433223135252511710e-05 4.318067001530686389e-05 4.401497844375053665e-05 5.915412781303085318e-05 7.278833542020306854e-05 1.063738770904427885e-04
2.464016272356187040e-05 4.163094030746163424e-05 1.054592914045612151e-04 2.505965532093708476e-04 6.214833238301411275e-04 6.650820020340789595e-04 7.631433090679372398e-04 4.669456510964650146e-04 1.695807164772246487e-04 5.417822628102960113e-05 3.217450270970437692e-05 2.496414429389606942e-05
1.780982781065133921e-04 1.885451041851297666e-04 2.229961196619698310e-04 2.080773078840546567e-04 2.358368172157887022e-04 2.319683745351386740e-04 1.675809467181602107e-04 1.464473951905729090e-04 7.935785134889641553e-05 7.753440482163611290e-05 9.689321119022102754e-05 1.068880503046096503e-04
1.543161856097228135e-04 1.407315099146295143e-04 8.877647603861264119e-05 7.317096255987012713e-05 7.477981614009515893e-05 8.139849735624908969e-05 1.115694203429019806e-04 2.107204969529464741e-04 3.410474606756725520e-04 3.323592918105721327e-04 3.244231857366669395e-04 2.270524408608972072e-04
9.817058435051094901e-05 6.866014053272506126e-05 3.326895920557431080e-05 1.750627002726716627e-05 2.411608632329993591e-05 7.902422557845507943e-05 1.610544887854496352e-04 3.375399212337103368e-04 5.426462061833255482e-04 4.244294449121435156e-04 2.687457804078893829e-04 1.945909752970787128e-04
5.741731167643021182e-05 6.678842027154300177e-05 1.093803863890361228e-04 2.251126583296548373e-04 2.936405111823697225e-04 3.258724059375493623e-04 2.252099642094986529e-04 1.681158099443072463e-04 1.465634661502288765e-04 1.202288992319936649e-04 7.100957606087552568e-05 5.285678882116867324e-05
2.221240467992104518e-04 2.142898177343307371e-04 2.561373079324824414e-04 2.441260851890595556e-04 1.348196135136751905e-04 9.071913919540729935e-05 6.684547575481000628e-05 9.460676533883052733e-05 1.029962841366636615e-04 1.110481701403246921e-04 1.536492395626140009e-04 1.816737360415687384e-04
1.110686329366546133e-04 1.030441560762620877e-04 1.318314363402177608e-04 1.355407662380656659e-04 9.650843503707930929e-05 1.459023827235243135e-04 1.988888980041334670e-04 1.774445798714603824e-04 1.715982456586502341e-04 2.353844351858489403e-04 1.298893664758218327e-04 1.019231508212624002e-04
2.011570614820084614e-04 9.540622651887509644e-05 5.508524106090538692e-05 4.585493753050124267e-05 4.023360819171191026e-05 6.281298412312014817e-05 7.715304826696809781e-05 1.817721470670852289e-04 3.400652744102070318e-04 3.988430085135288199e-04 5.221621675481123801e-04 4.749270861819377678e-04
1.472338205312707276e-04 1.591626053719048318e-04 1.590624280434793940e-04 1.587008876148394661e-04 1.054476180086589052e-04 6.359552616278585705e-05 8.226940193367596589e-05 7.739338831170419829e-05 1.190081284497225073e-04 1.605411949753728356e-04 1.237163806138661141e-04 1.375475310542547324e-04
3.648614701416945795e-04 7.108971812264885080e-04 8.222335912309134158e-04 6.146250322663431801e-04 3.052967422783786676e-04 1.561773139579963931e-04 6.492398091635878817e-05 2.526490257636133764e-05 1.584874388639112311e-05 2.272071609477484302e-05 4.335975855881306281e-05 1.837243137687606664e-04
4.792788476167419325e-05 6.120925059872416149e-05 1.152485779851806092e-04 2.544875886884534716e-04 4.807908951949673988e-04 6.695996163139654629e-04 5.053970352789961817e-04 2.724555589480541344e-04 1.352333919647865940e-04 9.162079964432365080e-05 4.980247326931347076e-05 4.108053641082821071e-05
9.150125532777590709e-05 4.177489088737780222e-05 2.675933169636344612e-05 2.376642967316486518e-05 3.111217907495877623e-05 8.053316797335577479e-05 1.705763701700903009e-04 3.859885856696921376e-04 5.571641758985859194e-04 8.612841407361175594e-04 5.853470724686678445e-04 1.995636805378288488e-04
1.689575079359397977e-04 1.819459870461271310e-04 2.795462687748467086e-04 2.844165594722770007e-04 2.773736619380243336e-04 2.089831510136591392e-04 1.518459180314410753e-04 9.789795036761156735e-05 6.575799469317723204e-05 8.711341955313724498e-05 1.292479545431807219e-04 1.098679931867753320e-04
5.076305206085380672e-04 3.993121313348954073e-04 2.986044661709841958e-04 2.319683854019038711e-04 1.134341853018316709e-04 6.122293016328042873e-05 4.214326478601555505e-05 4.831618374026494246e-05 4.161760449645761513e-05 7.477307309120112522e-05 1.775998339846928471e-04 3.618093445980229052e-04
4.704790994500158963e-05 2.989853102167339447e-05 1.861880561210383180e-05 1.939720438597663290e-05 3.778607111279313796e-05 1.119672956458556910e-04 3.596543136858362539e-04 8.363167650329488088e-04 1.197005185398116898e-03 8.149118736678291402e-04 3.229755815042011048e-04 8.290402899243288928e-05
4.603684707008587232e-05 2.971063096343245052e-05 1.828729050871571584e-05 2.415781300064590657e-05 5.971054764810178323e-05 1.693224937456861985e-04 3.185865542478984874e-04 5.331612318512864200e-04 6.569856785438389678e-04 6.921239145224307660e-04 2.500846788880590229e-04 1.360748374766203317e-04
6.572182553304133014e-05 9.813583352278832858e-05 1.599947060751383797e-04 2.684834504306910343e-04 3.538781242665254168e-04 3.792546667223890876e-04 4.387043996875094817e-04 2.649369914801779193e-04 1.746190761679041674e-04 1.040395803397321057e-04 4.789948410484737870e-05 4.544519338190630269e-05
2.150189279611613291e-05 1.730569396258904797e-05 2.140763722006523058e-05 7.121242024663281683e-05 1.258544910508813857e-04 2.415372320998546098e-04 4.120805811024081072e-04 6.365178223974685568e-04 5.617865160672365701e-04 4.253336444324005788e-04 1.746866504119173457e-04 8.312791513587371563e-05
1.009761579056134203e-04 3.875229884237473986e-05 2.605499663790889088e-05 3.531193460842108549e-05 5.492122540953308486e-05 9.863083667510095566e-05 1.316808768838631418e-04 2.402543199751129956e-04 3.965608964342416816e-04 5.127818456406480234e-04 4.486542179287624833e-04 2.782324711256716258e-04
1.180960648680684928e-05 3.955672602645989104e-05 1.208972959483216943e-04 3.258061979428729122e-04 4.297942948301432080e-04 5.379593553319474229e-04 3.877724916657817504e-04 3.085360856378916773e-04 1.420460253278485983e-04 4.108209891374784269e-05 1.298579179233890224e-05 8.023160359364556619e-06
4.557243555801378601e-05 1.441454697106454971e-04 7.221768386559915959e-04 1.540769702681879039e-03 1.242646414502253729e-03 5.461367523354432015e-04 2.611361691582103086e-04 5.524913925104176074e-05 8.186223904034973956e-06 5.228871256129522296e-06 5.529362833019842715e-06 2.026077665578022129e-05
8.860789172057304702e-05 1.027095258559531781e-04 1.483045748331717395e-04 1.085380753642534087e-04 8.473112991380231688e-05 7.222104111741509461e-05 9.257176216264239742e-05 8.301483162214453584e-05 1.090031268872424663e-04 1.457345862726190861e-04 1.094691211012258135e-04 9.102034951208403497e-05
3.640685617787535190e-05 6.714973411793473998e-05 1.350635401393039886e-04 2.390385686104780220e-04 3.631472133845165158e-04 5.135988973587503337e-04 4.720062842251550425e-04 3.896648343314817390e-04 2.316800520438320305e-04 1.048712550811211486e-04 5.774445242038357440e-05 4.429947956667776163e-05
1.051331950893039352e-04 8.784990832110345046e-05 9.204603266235055923e-05 9.419843449456143211e-05 1.033792144654976350e-04 1.260962622630437137e-04 1.599499258586717897e-04 1.739804779209220057e-04 1.781063593694161751e-04 2.034601196446669564e-04 2.658179445313564549e-04 1.367745650661920682e-04
5.080629232508177993e-04 3.646107548120531595e-04 3.059706000315990325e-04 1.959766163461897927e-04 9.583584860496630574e-05 6.787728746798519434e-05 4.232609935308335824e-05 5.501224581564553628e-05 6.943879710378381143e-05 1.441385246133732858e-04 2.342721639638494109e-04 4.333933065299100862e-04
7.503870475579445991e-04 4.828603449460816760e-04 1.683989527327538237e-04 6.493904342728114927e-05 4.091534294902634535e-05 2.297796965289347458e-05 1.922887063737543627e-05 2.083511566047534754e-05 4.851909351771420322e-05 9.302397448921690738e-05 1.703640020108769223e-04 3.640113791809823163e-04
1.558531487556975251e-04 9.595242349443222271e-05 9.475511140665131607e-05 8.160851023351123931e-05 9.557438098985959155e-05 1.383727007712261454e-04 1.726437740835563893e-04 2.153110803510518067e-04 1.430215668764145279e-04 1.745455482393973648e-04 1.785056661039722994e-04 1.647961981202928890e-04
4.070806163222835043e-05 7.032348863786111438e-05 9.008724169969922920e-05 1.526005362160052690e-04 2.278117602309469791e-04 3.902708795666536847e-04 5.195571294073671187e-04 4.289927134609282508e-04 2.537428238770862883e-04 1.114522961169817138e-04 5.328737530357954822e-05 3.390397927866933532e-05
5.235576176808183062e-05 5.159087750719271523e-05 7.901700440475139056e-05 1.600426546453369596e-04 3.298375408928864495e-04 6.070754850413715396e-04 5.304533490972078045e-04 3.637331970283176879e-04 1.678521936659006905e-04 7.536474128002653003e-05 5.020352298979352160e-05 4.437715353433642739e-05
1.217682305543200510e-04 3.488504311718727781e-04 3.398634751214876532e-04 2.851190683854627306e-04 3.047287419789721733e-04 1.949763088358475187e-04 1.001220784176738720e-04 3.952531461942016878e-05 2.781483745986724622e-05 2.874698638386345232e-05 4.297556672862016305e-05 6.261072474877198125e-05
5.953600635048047189e-05 8.889444205777613300e-05 1.533051898655397774e-04 2.132482074759333270e-04 2.827162512017967447e-04 3.534391139374636732e-04 3.753356574106868934e-04 3.247935593202696028e-04 1.669720679912458663e-04 1.003540911211328916e-04 5.147316586240327285e-05 5.389467362163688063e-05
2.620741519800160271e-04 2.246456208599555029e-04 1.412251051181641500e-04 1.017586452648566129e-04 8.641623913968068081e-05 6.367724397859719299e-05 9.322348753418146768e-05 9.009861140411692720e-05 1.430118356769429725e-04 1.409356684152877914e-04 1.447794314579299753e-04 1.873531666185677589e-04
1.053806124323363887e-05 9.004420416815295548e-06 1.104684710164462206e-05 1.573014331723268151e-05 4.263697532686127652e-05 1.719480470864663730e-04 1.518805547772575425e-04 1.422521021574261199e-04 1.829139985522569014e-04 1.389520403680609927e-04 6.745683305127433776e-05 1.982365419547963453e-05
3.838835281658299300e-04 3.885303636715824811e-04 3.568683816897914125e-04 3.384362607359750843e-04 1.762752520721077231e-04 9.027152561891144979e-05 7.189882103172396657e-05 4.459359555275974811e-05 4.240201639484035144e-05 6.601838445911066924e-05 1.329467810715960702e-04 2.476428450196004744e-04
2.250944234109858075e-04 8.175959406792615981e-05 5.067967980428386308e-05 2.729359281936672395e-05 2.183611078933182949e-05 3.251437317214085355e-05 3.658118243440312259e-05 7.074548906354655175e-05 1.347227453479572790e-04 3.134597651656518495e-04 6.534285613658816824e-04 5.531386320762497408e-04
2.441045499387004260e-05 6.620541179714801061e-05 2.256802150254793768e-04 3.925428820759651227e-04 5.698111414435562318e-04 5.933544518836446910e-04 5.443834326550878178e-04 1.861065904527635156e-04 8.438604604559947725e-05 4.716272800041087013e-05 3.449203909640971132e-05 2.379116062467037708e-05
1.610263357873239576e-04 3.012018274668266308e-04 4.230244785261422485e-04 3.752401049382378872e-04 2.852414668951088264e-04 2.238636762900236647e-04 1.559427546634284335e-04 9.153187002361767215e-05 5.359275490144118747e-05 3.964233066399343059e-05 6.193908341498880149e-05 9.904335993092980794e-05
5.684868614407802588e-05 5.340275499140331348e-05 7.138917223304941373e-05 9.094947644649036011e-05 2.080742934787907625e-04 3.814747907297879356e-04 4.296720419009775627e-04 3.485168593510043055e-04 1.788399951270288214e-04 1.235988248423175949e-04 8.733462390240556987e-05 6.965763465633645064e-05
8.345617916413685007e-05 3.323243798919070876e-05 3.264388460533655846e-05 4.241739426744488826e-05 5.551956374503231304e-05 1.153779585732026019e-04 2.404284941594252080e-04 5.877808320592284698e-04 7.531248888454665025e-04 6.478610953260261623e-04 4.154480733031691553e-04 1.688178720256151627e-04
6.904911775083211114e-05 1.089081844561039502e-04 1.629231780928904632e-04 1.818054157779873685e-04 3.355070817195748714e-04 3.536796743593721899e-04 3.368181476262798119e-04 3.021524971385021615e-04 1.978944595686831572e-04 1.095971415668316770e-04 7.174062035829590256e-05 8.677280098941413436e-05
3.384507246951185444e-04 6.260064960145001400e-05 1.770730768243319677e-05 7.074376139756223742e-06 6.255221039867656117e-06 1.413133739235302451e-05 5.701447071447858511e-05 1.515444330326664040e-04 4.750571950396896147e-04 8.842325116229594797e-04 1.307456919846052435e-03 9.207434850937405843e-04
4.150466791723330214e-05 1.468934512179234321e-05 1.069835053735864769e-05 1.327613145731998269e-05 3.750711395290894280e-05 1.575386292421232320e-04 2.770133664400263791e-04 3.551682409634371903e-04 5.176668923970320982e-04 4.435809693938600569e-04 3.115444613511904022e-04 9.262474991680901600e-05
8.835276684891338935e-04 2.404725472132237466e-04 7.037067488077336887e-05 2.658324535206180720e-05 1.470279946612525292e-05 1.157746966606056241e-05 2.187016515321869921e-05 4.566443830420598767e-05 1.163654468252325094e-04 2.760483233958322866e-04 6.812954099473454402e-04 1.199697734480639722e-03
6.589450237113712459e-05 1.389865929108202811e-04 4.313537563064090896e-04 4.313621113956833892e-04 5.393426607987259055e-04 4.839831005956688435e-04 2.147127581589121023e-04 1.176050700785463151e-04 5.630163127652753398e-05 4.200665750172213241e-05 3.823547815217231152e-05 3.937559978444568295e-05
2.364189417958060407e-04 3.491143466909569105e-03 3.967897384659154099e-03 1.565901207989582123e-03 1.671560240297104150e-04 1.058257403578011528e-06 6.669784352847789411e-06 1.434015359145333906e-05 2.320725403588395929e-05 4.331198632977351765e-05 5.171401608000765948e-05 1.221191135529529911e-05
3.245273803230615283e-04 8.164434992847364146e-04 1.310048283834936312e-03 8.935269611195917469e-04 2.776056551288907481e-04 7.931643148858719453e-05 2.293258303151939509e-05 9.970419131696961067e-06 9.727499388087250683e-06 2.291667968433047404e-05 5.289763409043648758e-05 1.450056519378940215e-04
1.682091206408540792e-04 2.228870259914716794e-04 2.264472630393673147e-04 3.493261455323280057e-04 2.686255637530709562e-04 2.027545867512020724e-04 1.369776648331758300e-04 4.885311778884160900e-05 3.495258536951381391e-05 3.345962331984454372e-05 5.343490588853007318e-05 1.200740958022578802e-04
8.739964255505604598e-05 9.167457096084615149e-05 1.104198013927816313e-04 2.124487037730039948e-04 2.074698947500050732e-04 2.507932192573229867e-04 1.971471892750079405e-04 1.651480296836156983e-04 1.594960492595383079e-04 1.401970651109530057e-04 1.261255470767547909e-04 1.010462290591688573e-04
1.409090461399822045e-04 1.341808258612812099e-04 1.245775553520145481e-04 1.439016769021625940e-04 1.152190470608929117e-04 1.612766794790613872e-04 1.624577115672973466e-04 1.550318659926983413e-04 2.155757664650385409e-04 1.821592176317292497e-04 2.504527522089131791e-04 1.959964959108834420e-04
7.285071643184227292e-05 4.009655803272527044e-05 2.426315644074445430e-05 2.970511203535310615e-05 5.955920521342738394e-05 1.183741026349578669e-04 2.314019785070966682e-04 5.087588235391215510e-04 6.272408229459292212e-04 7.259468424810577815e-04 4.532334251826517705e-04 1.927390911983335113e-04
1.774227997843527823e-04 1.694221703930179107e-04 1.746856336979329396e-04 1.424090843738696783e-04 1.444833167206595380e-04 1.942550083378937462e-04 1.260507900782491903e-04 1.314361740774455938e-04 1.459999249429795305e-04 2.062167337157688382e-04 1.416976946092944622e-04 1.565960483232865916e-04
4.905169361979028832e-05 4.924982709715988781e-05 5.951195126500876016e-05 8.481074044737882194e-05 1.739020266502254322e-04 1.978393946093350638e-04 2.181875520669634093e-04 3.156260286313012178e-04 2.848507483133621882e-04 2.590221483248548139e-04 1.637133341506763224e-04 9.035136307266621362e-05
2.076219700820402061e-04 1.871761415873526260e-04 1.581871474239497112e-04 1.479637325784444461e-04 9.225063176750974568e-05 8.441099696529467543e-05 6.870995336452141071e-05 1.570969819888766764e-04 1.718721705818023967e-04 1.842000086300602673e-04 2.584421583187851141e-04 2.914285748108779751e-04
1.759616979693688567e-05 2.495025250424341554e-05 5.490780302505119379e-05 1.142749222386820254e-04 2.164628417132440552e-04 2.166521194771023502e-04 2.177369013088694750e-04 2.005676775419351198e-04 2.102479119513500150e-04 8.582884286368657942e-05 3.783710125750573418e-05 2.365516372410721851e-05
1.151559954024481211e-04 5.415694299222946283e-05 4.309037250322490998e-05 4.290911568743731671e-05 7.292454373028340827e-05 1.110710396065648617e-04 2.471398238802646904e-04 4.193924471936002780e-04 6.308696683816948734e-04 5.242726825098704491e-04 3.288098191851580778e-04 2.053109115355372888e-04
7.893385551047205420e-04 7.852130779916294224e-04 6.472417308975975505e-04 2.574530061704071652e-04 1.037399989086199817e-04 4.689980990589693178e-05 2.185312675439852423e-05 2.774579345860842393e-05 4.431526002913291519e-05 6.430431921149488300e-05 1.713875307267854131e-04 4.459266519944754710e-04
4.792413368844923496e-04 7.386188940164861889e-04 5.817565653900676681e-04 2.169703544105774690e-04 6.185052577653758180e-05 3.613227612427573956e-05 2.662127185167285082e-05 2.429230331247419749e-05 2.718939025619826109e-05 7.968773071396113860e-05 1.386086107526518475e-04 2.949766061300981151e-04
