-1.781972903828709098e-01 9.254193040429695705e-01 1.321038939258325273e+00 5.753827888770318699e-01 9.647444565586358323e-01 4.662524095797365709e-01 9.887065516214484928e-01 -7.696709245961786960e-01 -7.179009224323001925e-01 -2.871767649258592514e-01 -7.171228626121410876e-01 4.015772906014865029e-01
1.136548629279040101e+00 -3.444505903930665178e-03 8.154486651071415904e-02 2.755590877614666478e-01 -5.738740758095576266e-01 2.360727740675268471e+00 -1.665451048706399484e-01 -6.829564452827980858e-01 -1.740419075832660700e-01 -1.153056078732368761e-01 8.333696056405016650e-01 8.427271566412023462e-01
2.176083270171637763e-03 -4.943332666196662006e-01 3.568390273559380460e-02 4.714388711359580597e-01 -5.307032717808237710e-01 1.953720391210781449e+00 -1.013347520270097835e-01 2.006991354717583054e+00 -3.786650707740699118e-02 1.205978135409573326e-01 1.271204201791638511e+00 2.509433612807067782e+00
-3.672407866326580783e-01 -9.875713448741771927e-01 -4.989950097702534060e-01 -2.269301813193328687e+00 3.550820347858639203e-01 5.292347715605888459e-01 8.455884783031030194e-01 -6.767722381907051998e-01 4.847761314312808989e-01 -5.370285905684137884e-01 6.714898091261373159e-01 -1.090544270309801389e+00
-2.158275590858714121e+00 -1.304268288449993207e+00 1.021878476316530060e+00 7.684156156638906054e-01 8.931622554780424550e-02 -3.701416537038470511e-01 1.066074266224387390e+00 3.336145923083959630e-01 8.999510164701400861e-01 1.314031483379612120e-01 1.278703773436354441e+00 -1.309226350183907872e+00
-1.775702564461890676e-01 7.743123787679077052e-01 -9.217069657499415980e-01 2.085149252354197458e+00 5.688234496392279294e-01 2.973665006306087100e-01 -1.291323702661584250e+00 2.913845064009162877e-01 -1.823393201012019071e-01 9.696356403405086422e-01 -5.436139357262155247e-01 -6.030887716364136120e-01
9.015550353662240557e-01 -4.638253091981962006e-01 8.547873939722034908e-01 4.692054887900120042e-01 -6.917633680257190276e-01 2.009192923565315425e+00 -6.025610947206671009e-01 -1.068262474274821017e+00 3.089844559070309415e-01 -1.389024503542602540e+00 1.655455451652950050e+00 1.324320489256509470e+00
1.110425334238086537e+00 3.117504773758087655e+00 9.105671665657713021e-01 5.218244815548560567e-01 1.390754222168095300e+00 2.240309359345422080e-01 1.309038233100096482e+00 -1.068148982002343983e+00 1.399943620609597206e+00 -1.721469888707435114e+00 -2.854018855166084306e-02 1.618330431689882554e+00
1.693183855383943170e-01 3.205846940754326635e-01 -1.860251566472124196e-01 -3.945369130090368714e-01 1.120988439289459654e-01 1.098895337540615413e+00 -5.473460746795687504e-01 1.443121894416453943e-01 1.495972645492522402e+00 -1.083209023709726493e+00 1.169536583613111302e+00 5.795601205933941236e-01
1.319953390756701539e-01 3.154881371525087297e-01 6.694868334019759004e-01 4.610356071376844889e-03 -8.049222714688868408e-01 4.126135756768198326e-01 -2.207898158813174916e-01 1.242943863179496899e+00 7.792322853941241467e-01 2.873929115108264654e-02 1.237477751984848773e+00 4.517328320908372552e-01
-9.343030828216857264e-01 3.965502745925835182e-01 -1.119008631291560363e+00 -4.417130874833273824e-01 2.547857398361190739e+00 7.255844980517267562e-01 -9.659642507423773505e-01 5.934787859736609938e-01 -4.094630602676452291e-01 -4.255911419011511598e-01 -1.224363773634942198e+00 3.812883184266149805e-02
5.098654646722973194e-01 -7.925294026870446373e-01 1.040827560508587935e+00 9.417570709152031094e-01 1.170375412522597580e+00 2.219866374776107917e-02 -1.031495323366882877e+00 -7.352864723223155874e-01 5.706882825013630534e-01 -9.122734058216362962e-01 1.948969228368340856e+00 5.156816350404990201e-01
-9.668752018919531122e-02 1.845996724629193064e+00 1.300194836077479543e-01 -1.502967435095926785e+00 3.012244215175947648e-01 1.453321846786416627e+00 -3.077214579328351740e-01 -1.834999058178468645e-01 -1.487451027651584434e+00 1.444433362133656695e+00 -9.533282608476199016e-01 -4.123726831239751256e-01
4.619493859257562951e-01 -1.036669042310718741e-01 -2.625555049047383793e+00 7.605977357603845856e-01 7.483503632649163295e-01 1.403986640924454354e+00 7.276721557426006903e-01 5.092432721307683652e-01 3.956856399882343611e-01 -2.843912978295941585e-01 -1.453108571840713292e+00 6.920816090729632331e-01
2.726373963702118375e-01 1.241328787496701391e+00 -9.534967984297165744e-01 -2.488731140451968527e-01 1.616180155733208945e+00 -7.717360013388643303e-01 -2.381719020981643453e+00 1.121266171574410331e+00 -5.405308698693107594e-01 1.699763041353029303e-02 -1.376203504680253209e+00 -1.046804592202601913e+00
4.399201617820933663e-01 -5.909807675229881152e-01 2.692206704612451484e-02 1.951032131962042171e-01 -6.597329316410116551e-02 -1.082918830167642676e+00 -5.225115858243934985e-01 -1.612214927487027882e+00 -3.315300975904270087e-01 7.501838603240571467e-03 2.922242185134629189e-01 1.385062077638018918e+00
-6.298275555998650299e-01 -1.560798243351628312e+00 -9.430116468204121638e-01 -4.661179400570996112e-01 -1.794577937922607225e+00 1.020625397859046046e+00 -6.538433322820202953e-01 -1.501098221987731407e-01 -9.700469325090164616e-03 -3.807394057540797183e-02 8.142201900170472628e-01 1.580635868615459572e+00
-1.240872813822299303e+00 7.182662468116308707e-01 -1.467061364208065710e-01 -1.708846611864051290e+00 -4.123306534936224677e-01 -1.327405370083373226e-01 -5.168775778119970576e-01 -1.884381814549437040e-01 -1.761796199728964840e+00 -4.689077689878699551e-01 -1.768344241842268794e+00 1.168798575969569820e+00
-4.706667028427573563e-01 -7.670764019958850044e-01 -1.688422764666908771e+00 -5.578600185571881420e-01 1.148055208875209399e+00 -1.193415796613701785e+00 7.589575674659252424e-01 6.288988207302208533e-01 -6.427235190428427503e-01 5.909822446318090394e-01 1.428916846335075430e+00 1.417724627546480320e+00
7.524369507891033315e-01 1.598342349384905603e+00 -3.206715070923014665e-01 -2.148699729482135279e+00 1.536745961379301917e-01 3.474941182220658842e-01 -4.182817172233436187e-01 2.111474522986042768e+00 8.884993172340491796e-01 1.354233680399229645e+00 1.822399989453360736e-01 -2.877519678021924765e-01
8.656496994624811592e-01 7.431013332105168567e-01 -1.412060268560287879e+00 5.563113375720332154e-01 -6.085109540011960499e-02 3.246852161161224992e-01 -3.994166666988337444e-01 1.076423208671452914e+00 3.294680922827931679e-01 1.861302474456453249e+00 -7.117076778546072013e-01 -6.612736962880692015e-01
-2.405051719904552077e-01 -1.168796225517391374e+00 7.131743023362976941e-02 2.060259580245216604e+00 3.236785889499741442e-01 1.121885162190273455e+00 3.000173634050095628e-01 1.091100274278484328e+00 1.130063824677786544e+00 6.991382050999950248e-01 -4.617398750711247946e-01 7.992946324224046162e-01
1.995249495007514362e+00 2.814671524391026969e-01 1.338911684995830909e+00 -1.831569008573862734e+00 -4.251066787693616456e-01 8.191084395299416121e-01 -1.037285040708048278e+00 1.270344407341195581e+00 -1.319676164745387847e+00 -9.363982217238815409e-01 1.098876727016405264e+00 -1.216083819970271485e+00
8.281512499327351451e-01 9.245109045384906910e-02 8.874905163243540507e-01 -9.095915322418961502e-01 -7.512562731036486197e-01 3.140334671915377407e-01 4.333625087117485286e-01 1.958050103376923756e+00 3.193629836321087434e-01 -1.330657045036155672e+00 5.255451219709648264e-02 -8.306731568791898557e-01
-1.082456985582328723e+00 -8.530958301237759889e-01 -1.386965796811659324e+00 9.434367802335761333e-01 -3.795008121086014818e-01 2.198385723473219311e-01 2.294813108896126275e-01 3.474343946316190146e-01 -5.509187962830462970e-01 1.348341485102673820e+00 -3.064441570780482849e-01 2.757663218600039587e-02
8.438352498764088994e-01 -1.140310071081026999e+00 -1.407454390114596832e+00 -9.540661308323370449e-01 1.432536405117519562e+00 4.505034355903819732e-01 -1.365040017191531119e+00 8.446933309040218774e-01 8.756529574390533588e-01 -2.628389100317398697e-01 1.306244158000902322e+00 -1.348685024178512659e+00
1.537080950969492710e+00 -1.057048288922023183e+00 2.122987793315425531e+00 1.168039608117951378e+00 -1.017650321713789552e+00 -1.025814581489830513e+00 -6.883469607806688151e-01 -1.694589280348658134e-01 1.849684461780221334e-01 -6.245766649315259711e-01 4.559027158697459003e-01 -8.182577769951657753e-01
4.277197256889908594e-01 -4.592455587453574406e-01 1.009582446417824908e+00 -4.623201020832560237e-01 1.521088278974088714e+00 1.638874578393260395e-01 -1.596790049198435757e-01 2.815060824485665636e-01 4.872753461408070308e-01 -1.041306574769210291e+00 -6.552709478455440717e-01 -2.094393459876762176e+00
-2.797605142886423923e+00 8.220857586761681768e-01 -3.086457441368641863e+00 -1.345228672825816485e+00 7.510126106979345684e-01 -1.312988057007085541e+00 -1.178339215152911734e+00 1.509335093066303424e+00 -8.615663414985184065e-01 -5.152883592383562528e-01 -4.504084171790407320e-01 3.601184166422541910e-01
9.880166036084284675e-01 -5.570939027019817802e-01 6.566817095300155893e-01 2.760036378052890815e-01 -8.923771576166550368e-01 3.512427262214853907e-01 7.710258639260118008e-01 8.552835194868197988e-01 -1.326521580772862752e+00 1.094815829415187958e+00 -1.229346315995089589e-01 -3.732765402555852235e-02
-1.013913867270904934e+00 -8.760027016016194157e-01 -2.046043257766233178e-02 8.994344889553618216e-01 -3.098329202346481459e-01 -4.531122787891298659e-02 -5.553982403139281487e-01 -5.527893326387027517e-02 -4.478221569640580824e-01 9.867869070937683729e-01 -5.999875240633421036e-01 -8.898119990122472789e-01
8.801688985172198554e-02 3.705437972160614823e-02 -5.076827923865051551e-01 -5.375773792512913429e-01 2.043759609552454615e-01 7.653880973205019478e-01 -1.279611125586632259e+00 -1.641688677647488159e+00 -4.011639204257235192e-01 2.778682034507131693e-01 5.297340698459889197e-01 8.359175201220049312e-01
-1.414993991731873457e+00 3.406472935178433414e-01 -1.374544816825852278e-01 -2.708674123110266785e-01 -2.166478835189894758e-01 -4.128567200328752684e-01 3.181079372124724358e-01 9.468941272590380986e-01 3.251850978828706440e-01 -7.229174385386589741e-01 -6.468367719926951809e-01 1.144745184840655350e+00
-1.375317898303313635e+00 6.949803289439578091e-02 -9.421947995697479983e-02 -7.052538172135190686e-02 -3.004100042612894317e+00 -1.804595290246893136e+00 4.456957824406797553e-01 -4.384786992442949449e-01 1.506442121079091812e-01 -1.495510930272304362e-01 -1.212294936242387600e+00 4.043433210730624783e-01
1.681183488884045341e+00 -1.905186367522911706e+00 -1.657484368620336213e+00 -5.978407848288229687e-01 -7.973133116928902142e-01 6.047001224735968350e-01 1.019271562194015601e+00 -6.465295018679785288e-01 2.139849417174728430e+00 5.319974934133477884e-01 5.269599203036888779e-01 1.154927658643575938e+00
4.261940149085666762e-01 -1.533186203686353277e+00 2.515737158516567984e+00 9.585617052223394108e-01 3.030916065062773113e-01 -2.036486603064627254e-01 -1.898830280827113359e+00 -1.607074310754464941e+00 -2.558003102937574935e-01 -5.830853134442121055e-01 5.044717677191189464e-01 -5.474598980068886567e-01
8.332853178537260597e-01 3.031746474353926857e-01 9.322858922551442440e-01 4.328696539233816698e-01 -2.353057411360853779e-01 -1.558633454866898527e+00 9.549939549472594713e-01 1.192807835491683566e+00 -1.047504283410876980e+00 2.345695449162211066e+00 1.227106189065585662e+00 1.286067334769556980e-01
1.409135436124608898e+00 1.124598465338688541e-01 3.898012619910322107e-01 -2.088161030148905528e+00 -5.124427266575535406e-02 4.177581942082070343e-01 8.940739619499166180e-01 -1.043106127576309605e+00 7.139713242419558625e-01 8.263666073030794257e-01 1.418104584782884592e+00 5.733067230871192743e-01
-2.241158491108426742e-01 -5.759705993384324207e-01 -3.704236546807164743e-01 8.156181618858290294e-01 6.360717487780556123e-01 8.035768376322710571e-01 2.005868784736066335e+00 -2.407262182340163398e-02 -2.304209277198058792e-01 2.675453774442444477e+00 -6.742293200745123061e-01 -1.547525471548143738e-01
4.684516509496750580e-01 -9.212287079812536694e-01 1.810799686052563529e-01 -1.086328346477974049e+00 4.330309067022630742e-01 -2.600533902395287811e-01 -4.356087689110635375e-01 2.010195851249502397e+00 -2.404697521089093626e-01 6.609585847701229255e-01 1.084716051623966004e+00 -6.376035350006680202e-01
6.539781732131236813e-01 1.258268251116733683e-01 -8.510956987892348558e-01 2.175649140347593935e+00 6.990363287095485711e-01 -9.057290602700053539e-02 -1.074858231186458069e+00 -1.033254278024493100e+00 -1.572309302446985857e+00 -1.192817852262433087e+00 -8.065947171570233554e-01 2.584092974603194648e+00
5.576692559155803641e-01 7.144803463416893319e-01 -5.334071170493122072e-01 1.570499277200183563e-01 2.366611665066199466e-01 -5.117422045890671622e-01 -5.605327470067922313e-01 -4.845361327713412769e-01 2.354886351403124856e+00 1.089332888109451336e-01 1.563759591645411673e+00 8.449954876116975155e-01
-3.652972611816043824e-01 1.027308357785235104e+00 -2.014089442936177476e-01 -1.605412696284685747e+00 -1.224383304126724692e+00 8.536341942199201505e-01 7.289759722175721823e-02 -2.369897723101664286e-02 4.130633322374564487e-01 -2.123494608857585675e+00 5.163749351266094800e-01 -1.293661268002248843e-01
-2.164643965063577091e-01 -5.765773060795190696e-01 -1.899464495627854133e+00 1.763681362312345069e+00 -5.589171321571421158e-01 3.668027889017078103e-01 7.412732478659105340e-01 -4.197899761244687222e-01 1.276157683597937409e-01 8.530599178883825628e-02 -5.214762742420264718e-01 2.849119874018185006e-01
-2.892302862021305931e-01 -5.827501640672676508e-01 -9.578262947921270531e-02 6.530468208787973960e-01 9.066201577862773586e-01 -2.547768457060946012e-01 7.157448442056565385e-01 3.707697000666843601e-01 3.497430779592775041e-01 1.134667597039517251e+00 -3.596307483602845245e-01 1.775469265873180491e-01
-6.695430311956125369e-01 -1.798987747834046580e-01 -3.605422559421728734e-01 -1.410123601938068960e+00 5.640509137462786926e-01 -1.094355540276505501e+00 -9.826554595628016475e-01 -9.717387149441765459e-02 3.725247895159564115e-01 -2.183730588629397007e-02 -8.224083916258789761e-01 -1.024446734064505371e+00
-1.495126323666430279e+00 -1.407593905913119281e+00 -1.977947820536823054e+00 3.996275696257775012e-01 1.407155854646277460e+00 -1.850129083662605256e-01 5.017185649641611178e-01 1.288746117677539882e+00 -5.973231625035028136e-01 -1.292511712983631211e+00 -6.163148259455710765e-01 -5.945515351249990310e-01
1.196753374583092944e+00 5.752454576168430922e-01 2.165436962333318893e-01 9.152568842420233386e-01 -1.642340063007990680e-01 2.589259739443340314e-01 -3.831168747659420837e-01 -1.181370063999760633e+00 2.833352578710799929e-01 1.498354188240932361e+00 -8.155831584462382988e-01 -6.745177912786193275e-01
1.546218392537029584e-01 1.119547262539666743e+00 -3.503369642274559159e-02 -7.452451797901387121e-01 -6.590146056301715571e-01 2.382657766207112778e-03 -3.405059478902582315e-01 -2.699733811070569728e-02 -1.544903428283862290e+00 6.840889737202842102e-01 2.713519806408714041e-01 1.494787301599248275e-01
-1.356012466401488314e-01 8.166635461836565524e-01 -3.269807450067754306e-01 6.945339407294312539e-02 -4.144107745099986917e-01 -9.737910495955895973e-01 2.480818171989188081e-01 -3.745251732420668556e-01 -1.002160398066580749e+00 1.876300623788766941e-01 -1.318550437862251734e-01 1.898955818841231880e+00
-1.285397964383137914e+00 5.122925059896161759e-01 -1.269956071720968582e+00 4.633237853502295001e-01 4.129300703829806851e-01 -2.360301789136021178e+00 2.654306108147959087e-01 -1.219470714913803155e-01 4.407786054735288173e-01 -3.276563012725067781e-01 1.327968653594805648e+00 1.090194803248281996e+00
9.529635623170596981e-01 -6.250003157025002531e-01 4.514045264550855530e-01 -1.167775465014648129e+00 5.118437034610192615e-01 3.492064313691720656e-01 3.197657642652308035e-02 -4.911786252037020351e-02 1.252740564055052852e+00 1.065577411782623746e-01 -2.921668651088455970e-01 -4.033261116567741777e-01
9.885513455897017299e-02 1.440175589072532736e+00 -6.859232912922873515e-01 4.666142591179865406e-01 8.764991620043348641e-01 1.082775584689635195e+00 6.646938014584480303e-01 -8.099778753453693581e-01 -6.495762087962074771e-01 -1.148860151887283187e+00 -9.577000727131935731e-01 -1.379888494728884529e+00
2.100994260448118656e+00 1.844548212936707010e+00 3.795230420448711395e-01 -2.488757481204586508e-01 2.241802130302867901e-01 3.185251978836762393e-02 -8.525599617277825892e-01 7.120553699905523004e-01 3.967132060693051021e-01 2.764733141097265312e-01 -1.241498341215908852e+00 -1.713372977852118673e-01
-7.016384710727877061e-02 4.178950199675741106e-01 -2.063419474806736931e-01 7.190034636801031498e-01 2.310839340641267725e+00 5.922464624847906950e-02 3.627564874648447346e-01 -1.355228802338771521e+00 1.045897146596193261e+00 -3.458107521276871932e-01 1.293119479992363707e-01 -8.519361987305920092e-01
2.363296404003530249e+00 -2.134080122823327041e+00 -2.068754582836245803e-01 -1.737986967567732854e+00 1.101918717491027350e-01 -8.887486823629353605e-02 5.154112793892023925e-01 -3.331544271286082659e-01 -9.512650297156292067e-01 -4.304235132297274391e-01 9.645399489885687905e-02 1.701202916461600934e+00
1.846092064965449753e+00 -1.384764057410502236e+00 8.984147881379274114e-01 -9.635332023607506846e-01 8.286056347472338102e-01 1.782565422337356598e+00 6.288096531312755699e-01 6.143763593553352997e-01 -1.178034234401646785e+00 2.283604856958139084e+00 -1.204610315974980361e+00 -4.253387774138806532e-01
-8.474336095207695152e-01 8.749002113246013845e-01 4.266520718727763728e-01 3.737597934920370846e-01 4.751979951902561838e-01 -1.003290976209066043e+00 1.044262608084207011e+00 -1.830200111244794647e-01 -4.582775082102031328e-01 -6.060739784022416421e-01 -2.335203761486490670e+00 -1.635379752786850549e+00
-2.713219359850803369e-02 4.023705789392343912e-01 1.100798160573941420e+00 6.250872978124174528e-01 1.070486190680740779e-03 3.857646045706467630e-01 1.383057430911899699e+00 -3.299587101752872176e-01 2.423427365501974740e-03 1.212797587648210440e+00 1.182319886304686651e+00 7.777251246847894928e-01
-6.856543129375640699e-01 1.508429319591405138e+00 -5.792517797786721490e-01 -6.637496204904966834e-01 1.077018621887687599e+00 -1.553687695555236101e-02 -2.013339747258592549e+00 -4.105211607990030265e-01 1.070189185117996766e+00 1.147636917256929623e+00 -7.827224146973874586e-01 -9.229301739176357655e-01
-6.428785727448758092e-01 3.552911248494250440e-02 -5.603716497424908738e-01 -9.551221835109739988e-01 -5.998896309246344316e-01 3.046951224940760983e-01 -3.564432882652254220e-01 -1.032468644593242946e+00 1.507885578822959483e+00 6.704894426354917059e-01 1.290063106631435808e-01 2.436329244957948781e-01
-2.588465259813454988e-01 4.637011589922654387e-01 1.461928796999883984e+00 -3.206427242225980967e-01 -3.670478568239838313e-01 1.823273774512094159e-01 2.829623264029874075e-01 2.554589792667574244e+00 -1.421961767769094331e+00 8.081428374060981579e-01 -7.873322907777996482e-02 1.406804920897554156e+00
3.455349323949664930e-02 -1.072377798579807306e+00 -1.635782172295196846e+00 1.059735987585949557e+00 1.175049043045100605e+00 -9.841076063335381097e-01 1.464470145108215826e+00 9.902422787075781940e-02 2.746088067427079893e-01 3.348487656943384128e-01 9.768303524398999071e-01 1.573177351167820426e+00
-1.496475766236021077e+00 -5.127992888257976861e-02 -1.619839499300598229e+00 1.858174147819423139e+00 2.252348251656922373e-01 9.531535532776321817e-01 9.310897168750283115e-02 6.018735573659476229e-02 -1.586228564354724924e+00 -3.653285295714371328e-01 9.427500470525681520e-01 -2.505969803323524481e-01
-7.325532985886854531e-01 -4.739830770766702561e-01 7.609445244468616698e-01 8.796682689090832286e-01 -5.004163971692620061e-01 3.178678624498490479e-01 6.242649297596685187e-01 2.478910295499687222e-01 2.551579537235450168e+00 -3.999883614237922935e-01 -1.122748346703564826e+00 -3.215829074149895161e-01
-4.050586754232727293e-01 2.119436403193171614e+00 2.849011785475435293e-02 -7.754556440080484503e-01 2.170435030794844344e+00 2.220419280707493781e-01 -4.758148927420372543e-01 1.900352271402208082e+00 -1.455637151542140906e+00 8.480310472044255699e-01 1.192850126380782250e+00 -7.382503765065571155e-01
1.337890682667204345e+00 1.424155420348796497e+00 -3.857729872625645373e-01 -1.390538117985886224e+00 2.085541243822643942e-01 8.273744917786594044e-01 1.628304088417287021e+00 -7.890469470429686272e-01 1.683446408201935585e+00 -1.188553423115048302e+00 1.615350994438755627e+00 8.733538503547391141e-01
5.251847683030507613e-02 1.129556982788745695e-01 -1.699225884812998855e+00 -3.623766168197429804e-01 -5.084653832293201114e-01 3.856732551749586513e-01 -1.038522192332884897e+00 -8.944515728329538451e-01 -1.340039028106765118e+00 -9.618269695646176620e-01 -7.494573468779506253e-01 -8.105365472324382869e-01
-1.076834770394291318e+00 -1.054767028204548762e-01 -1.620940529633912996e-01 -1.887443363720164025e-01 4.815951299246875039e-01 7.099863649016077138e-01 6.309727457576239651e-01 4.423162556969055248e-01 4.905177565956583829e-01 2.698553502782829128e+00 -2.952420373757679017e-02 1.299929306161183296e-01
-5.478425129052398868e-01 -1.412501943113224356e-01 4.348155488461026841e-01 1.999961582018819906e+00 1.313556399013742881e+00 9.380205067941940200e-01 -9.187533809862363787e-01 5.964038915202652946e-01 4.375788790179975796e-01 -1.051276817909681194e+00 -1.707777982838298181e+00 2.063119984735954926e+00
6.154381529578761834e-01 3.115101628998641070e-01 -5.895439728449994865e-01 -1.383802757466041089e-01 1.146741621263617089e-01 -1.587596979233509009e-01 -6.543789102675213742e-01 -1.480029309039113228e+00 -4.142969184966762142e-01 -1.423213237123169161e+00 1.515761599452919217e+00 -4.006819064413120746e-01
6.246300598572167573e-01 4.573560028506359343e-01 3.934151923144862395e-01 8.524643511184862854e-01 -2.261410283164119850e+00 1.035710477292768772e+00 -2.679352112298626354e-01 -1.710824435639942243e+00 -8.049022037055744150e-01 -1.307843409494977793e+00 -6.950218410790343082e-01 1.242893467216490855e+00
-8.612821334666718176e-01 2.704292167800279034e-01 5.681872270106621547e-01 1.043865090068292867e+00 -2.332699730174669361e-01 1.107017131863709647e+00 -6.878871792139633623e-01 2.957859684596139127e-01 -1.810026374503082458e+00 -1.331897882685504353e+00 6.630699326325351084e-01 3.973649488702966637e-01
-3.792910170287239757e-01 -4.415614292529110863e-01 5.370617607226878532e-01 6.668026442030917655e-01 1.525639019779372108e+00 -3.556902026559962127e-01 -1.489212630483714106e+00 -9.723878071807404710e-01 -4.699166632004217470e-02 -1.820603756962919428e+00 -7.419590311633030011e-02 6.383579242904890982e-02
1.201422985879723404e+00 1.232960503106766526e+00 9.294590202029543446e-01 8.477605348598065138e-01 -9.704327289614846919e-01 -2.666616703958204007e-02 -1.566452758820986668e+00 9.998353248883251609e-01 4.487108973919711197e-01 2.407086215946033114e+00 9.293777207481211944e-01 -8.254633075696296007e-01
-9.135270195861822096e-02 3.046736036162536188e-01 -8.053945570805275400e-01 3.426296868468113321e-01 1.814102378112653069e+00 1.628837227147027500e+00 1.377312110361018194e+00 -2.292434638392843727e-01 -8.235022855773398431e-01 5.519605155421867249e-01 6.074331417887073314e-01 -1.000428876090191599e+00
9.261749329753644622e-01 9.683109332585418949e-01 -6.082118576280088826e-03 3.282242732844750654e-01 5.791177118637166332e-01 5.908405355875199216e-01 -9.329559377382254937e-01 1.012949276653453135e+00 -1.240441260194581202e-01 -1.137949561187269643e+00 -6.456226405629018616e-01 6.285350461986209947e-01
-7.742629338110447179e-01 1.909872420251151226e+00 -1.237792673799877896e+00 -3.547611473557270578e-01 5.533539562183260596e-01 1.453948987318519181e+00 5.818359624692531762e-01 2.083010927412101421e-01 -6.042020807668915111e-02 7.378375970556202978e-02 8.757196929829408338e-01 7.602404528453390320e-01
-2.625196515695291111e-02 -4.585130496905699404e-01 -5.025713803242551903e-01 -6.208881978180718075e-01 -5.231030823299176458e-02 -1.951731481517298139e+00 -1.842110638139371481e+00 8.281472480133007519e-01 -4.034891704545229274e-01 3.358848998400563723e-01 6.429484795811515330e-01 -2.123584552943527659e-01
1.850430477356780345e+00 -5.420136640028377917e-01 -1.166065131677168187e+00 1.929748189675160042e+00 -2.350539849371489964e+00 -1.687962657536916211e+00 -1.741904993757791731e+00 7.413624663031137541e-01 8.647946794428139627e-01 3.141033428676722750e+00 -7.141206043108661028e-01 2.711317424499991802e+00
7.447262489389380180e-01 1.461857604432530156e-01 6.766532693819690136e-01 -4.291046785537265262e-01 2.220945132465264871e-01 8.226728825222046071e-01 -1.068577057736763480e+00 1.059033601082230769e+00 -1.985379270715599276e+00 -1.403056559964214633e+00 1.151020274006263389e+00 -6.956626007906743792e-02
-7.476899706626569664e-01 -5.033240736727311558e-03 -6.704636338713458876e-01 1.978089747726229364e+00 -1.062582235627750060e-01 4.010868050467343848e-01 -1.007573670667220173e-01 -1.327119823329893311e+00 -5.187115676622177096e-01 -8.434192807873293063e-01 -1.610316989042196889e+00 -1.032180081463825116e+00
-4.041000374355258051e-01 9.310426290690633211e-01 1.082626777409231966e+00 -1.544818455265018375e+00 -4.208915580462165296e-01 -9.461385430588875600e-01 -1.114243247116688762e+00 4.846215468020120265e-01 7.645348798063775764e-01 1.788743119083201716e+00 1.194184798262495129e+00 -2.282142645168366846e-01
-1.291080386948900927e+00 1.558253347071151707e+00 -1.067162766549154984e+00 -1.693199294707923852e-01 1.150199575812445918e+00 -1.318401091320257346e-01 -1.087239317903704094e+00 9.937822224626390311e-01 9.077850455281093189e-02 -1.307355312536798986e-01 5.370514680186139200e-01 -4.549970774396507878e-01
-9.560986037008765981e-02 -1.184001727493418032e+00 -8.189311815517792414e-01 -2.237279060929319829e+00 2.608947820141480425e-02 -1.046196748209619942e+00 3.130688838915186012e-01 -5.663478286800752715e-01 -8.619229270041360857e-01 1.268832570009287508e+00 4.939458561923548152e-01 3.217205910808441649e-01
-1.561484883106865507e+00 -5.206626920017192184e-01 1.172210583100556480e+00 -1.425172517077539558e+00 2.444170307304793510e-01 1.544846851641033858e+00 -1.128105171829527187e+00 -1.714878990949316173e-01 -1.662162028346388654e-01 4.130188279123439554e-02 -9.216144112063274774e-01 6.469682638307805433e-02
1.651549161730362092e-01 -8.592149434069409342e-01 4.711523756237732258e-02 1.240115967944483089e+00 7.278776902620608287e-03 1.063632677254506165e+00 -6.568779768195125435e-01 -1.075248193605533864e-01 -1.268959753279817360e+00 2.029714840906537143e-01 -1.134730012009237621e+00 5.489458869121575102e-01
-1.100472212555327234e+00 1.289006953428282420e+00 -7.283429295381480539e-01 4.551922814969601161e-01 2.470682904591645357e-01 2.366362496203096910e+00 -5.453831133235306078e-02 -3.568715385400477724e-01 1.327396466789063201e+00 6.331480812458644136e-01 -9.218356957802661955e-02 -7.469549559850956477e-01
9.080827220581602077e-01 -1.023102367324839612e+00 9.140788220862927638e-01 -8.354441477430625262e-01 -6.687386211885892884e-01 3.360594623280337978e-01 3.236740461774798017e-01 -3.655299946583638326e-01 -6.430875698889354508e-01 -1.776798825167741125e+00 -8.443751542339639204e-01 -8.074087997538510475e-01
7.985137082375600714e-01 9.160079077124766433e-01 -1.378643972105436655e+00 1.779114838550568956e-01 -1.385223558360222595e+00 -1.138413035646934635e+00 -1.698843802695896521e+00 -2.035149823026388138e-01 7.556918707117350753e-02 7.592879231202868118e-01 1.115048707896557856e+00 9.869498658338188291e-01
1.682491124968830354e+00 7.022327212900445481e-01 1.353717789836588858e+00 1.946474338937778659e-01 1.371848488496939966e+00 2.164577277994795823e-01 1.972287528660544298e-01 5.101022708415979823e-01 -7.112015311342349821e-02 1.158407766719082715e-01 8.076526123639039545e-01 -4.583699482117298274e-01
-6.167100105754748096e-01 -3.343289098250731284e-01 1.311658190204077479e-01 5.408264029520505334e-01 7.473090552829879663e-01 -3.630850355024849985e-01 7.393706721690780359e-01 -3.168005691830701465e-01 -8.049161106552678024e-01 -7.193564730411371455e-01 8.898695158580410824e-01 -5.239742716875965822e-01
-5.315410124874136999e-01 -1.158813786806065949e+00 2.203932140632666847e+00 4.918767961508830888e-01 1.410033291123758303e+00 -1.020938758037116985e-02 1.430920542842338605e+00 -1.029657210903240472e+00 -3.756871148808214600e-01 -1.496135564320462796e+00 -9.369055258297475097e-01 -7.902351497873200126e-01
-2.007365479030154276e-01 2.552507615961881471e-01 5.394731624596241781e-01 -4.264784602399540603e-01 1.874575302959147205e+00 -7.879717373595098717e-01 -7.470687090772987204e-01 1.003147150149641176e+00 6.277962687497634642e-01 1.443217415117434399e+00 2.112682159555630268e-01 -1.470287368676222450e-01
2.369326849670983393e+00 -6.197493897144750186e-01 4.723353805636152369e-01 8.243618117027842196e-01 8.111455842944822470e-01 -1.116370405723826842e+00 5.921046315522290326e-01 -8.695490007503695606e-01 8.819733360884591811e-01 -4.671505683775357270e-02 -2.865560869907214925e-01 -5.686578930989834024e-01
-3.305825727055286545e-01 9.188604567405998791e-02 -2.187891223141712471e-01 2.441109163171640839e-01 2.826165970250401061e-01 8.260065376022330819e-01 6.135175997758879340e-01 -5.641875005280884148e-01 -1.006887199561483204e+00 -1.371352445043285462e+00 9.917442957486246602e-01 1.126263898432698030e+00
-3.508841216703831312e-01 -8.675069442036927869e-01 8.410459541612334000e-01 9.250483028794395657e-02 -8.700611965391404079e-02 -4.941515857354963348e-01 1.683805476415943359e+00 1.218448810121332659e+00 -8.859930276414316186e-01 3.665138506733221502e-01 -1.216925363908867963e+00 9.322130901293943506e-01
1.105733972988559577e+00 -1.431295213831363933e+00 3.646214132233295824e-01 8.947834306318891429e-01 1.437755537716749465e+00 6.427135323242194609e-01 -9.536747567424195271e-01 1.584428737025683542e+00 -2.378186257998704534e+00 -2.591335937865243411e-01 -2.124675012167724641e-01 1.693989515465616602e+00
-5.947949076702786497e-01 -4.191938321004281542e-01 8.499816608673939067e-01 -4.464896345668574185e-01 -3.476081487799305147e-01 -2.408325085290745349e-01 1.551018842782772245e+00 9.153293527715706812e-01 -2.760016726517436347e-01 -2.094384479594970205e+00 -5.470707981029998557e-01 3.151832126447224880e-01
-3.865097825495806827e-01 1.725680379288101543e-02 1.139697027917628613e+00 9.261348920166311283e-01 -8.688881144458072969e-02 -9.716865945338547528e-01 6.249741423880077473e-01 2.020853669343861014e+00 -9.018125687190817752e-01 5.954445248932258572e-01 -7.104322828982048144e-01 -1.964773459402847200e+00
