3.460287592195598894e-02 3.896247173078648540e-02 3.944244847928948111e-02 3.401252365515768095e-02 3.752184999493132778e-02 3.686292637860364568e-02 4.218470171124065471e-02 3.331087268709828630e-02 3.885171282498261353e-02 3.724309546734045490e-02
3.547677972354675024e-02 3.756562352717782854e-02 3.775602830937566101e-02 3.825966618099432143e-02 3.433289390812301056e-02 3.600603212353183785e-02 4.102533642430478827e-02 3.595654936315686306e-02 3.797775415390740317e-02 3.790757452489468965e-02
3.708791301605270790e-02 3.777264214703932033e-02 3.667484433739621325e-02 4.027535999850724580e-02 3.474437150716445932e-02 3.849316871718078820e-02 3.136829244462373267e-02 4.296322270041496444e-02 3.799242171957296910e-02 3.655276831870818421e-02
3.212363520200529898e-02 3.869011097336397947e-02 3.737996666205267715e-02 3.664057956453732612e-02 4.009233473384479080e-02 3.440721525131687497e-02 3.456589289151978245e-02 4.115600667191347817e-02 3.393417654028774849e-02 4.573310781536921860e-02
3.578875356203083113e-02 3.558958290776197825e-02 4.017998404201079260e-02 3.700591499977209931e-02 3.804348122266853344e-02 3.573751111821619336e-02 3.782245775433475815e-02 4.121754050962861404e-02 3.133399506633838955e-02 4.072702362799820314e-02
4.012808379986593232e-02 3.721116099226150220e-02 3.820957915136022343e-02 3.868267200445710263e-02 3.359999936992207753e-02 3.750688509394690257e-02 3.750464281999695004e-02 3.810925224667805616e-02 3.603218375717675420e-02 3.548761614444840423e-02
3.853566249781888858e-02 3.851772566163409045e-02 3.722897175942759679e-02 3.437871777953759728e-02 4.048535530630140156e-02 3.492617303910326709e-02 3.842495375991220041e-02 3.672050785094538305e-02 4.160807882758304349e-02 3.222772461636050356e-02
3.656455152930021546e-02 4.193060250390526211e-02 3.385834841641928439e-02 3.839215403120546655e-02 3.471117236112530868e-02 4.120124336196521325e-02 3.621233808403492849e-02 3.562100468372834255e-02 3.636383359352047401e-02 3.801794399681088232e-02
3.692327705222063494e-02 3.866402136318973504e-02 3.947745925422495306e-02 3.955272999675271683e-02 3.178602901719337209e-02 3.680244336980328934e-02 3.914559186764253462e-02 3.967925976745264455e-02 4.033476779730615913e-02 3.254597321971723634e-02
3.959415063271315427e-02 3.370547817106810812e-02 4.280965596975296050e-02 3.504555819795301258e-02 3.479228041915833486e-02 3.913078548230621012e-02 4.016459727829255894e-02 3.323275014611626332e-02 4.040904307764992681e-02 3.469797613486607507e-02
3.194970335533826866e-02 3.710794832770952095e-02 3.561479079393430752e-02 4.258390786858221033e-02 3.790047919422306205e-02 3.660428242072599758e-02 3.404652060154971654e-02 3.762525713778246128e-02 3.763356372829474578e-02 4.385807684979482757e-02
3.609280820269804985e-02 3.928565424483376062e-02 3.398233414892126714e-02 3.922493364504220370e-02 3.717353847668071476e-02 3.818456388546031394e-02 3.207434619340013282e-02 4.221875248866292091e-02 3.744935941124537260e-02 3.749798437481443453e-02
3.444345091622177252e-02 3.837281360987025713e-02 3.834831119160240359e-02 3.347272247639900694e-02 4.230857393875470107e-02 3.099637538612412188e-02 4.670361202896359393e-02 3.445629289023555142e-02 3.444358992470678005e-02 4.211823600005928231e-02
3.368124824098110009e-02 3.779762905091389041e-02 3.879466741968335547e-02 3.626137804882257482e-02 3.824924453752107101e-02 3.382707599319315084e-02 4.152778640278958350e-02 3.327172609919298862e-02 4.060468540959225742e-02 3.908070788635958914e-02
3.619403033356999311e-02 3.948154061864737191e-02 3.922393719907233539e-02 3.541434977800875239e-02 3.777356359654449047e-02 3.455641522368501500e-02 3.793626272394115539e-02 3.946725199283035446e-02 3.435091098125812870e-02 3.811528919423384093e-02
3.537649555870926027e-02 3.567703203726003275e-02 4.418919891670776423e-02 3.221098007951885694e-02 3.864314524871730744e-02 3.876043554166813676e-02 3.619818546809719373e-02 3.658034238943218275e-02 3.917859285005677317e-02 3.653151794562861654e-02
3.949420074139440434e-02 3.566082871409478883e-02 3.708435039175294462e-02 3.673524435911280916e-02 3.830324539912884768e-02 3.485710923093088276e-02 3.641486569119052608e-02 3.878520017567591016e-02 3.655476302547470968e-02 3.825160616852031625e-02
4.014825377122950567e-02 3.614504500318942160e-02 3.613950999855312929e-02 4.058841357206621758e-02 3.412705415630749167e-02 3.730035542694229433e-02 4.218236123103090429e-02 3.041000763623050510e-02 4.387631959350864197e-02 3.371999747587077489e-02
3.638061992952473095e-02 3.748487343409116768e-02 3.730180198529662455e-02 3.702800898794215978e-02 3.744300227261961739e-02 3.488916401325160843e-02 3.798214561055297117e-02 4.094796861324702386e-02 3.336671664885784011e-02 3.940387474420951885e-02
3.315360143749723765e-02 3.729071649616461093e-02 3.781267198610163000e-02 3.831251647168101848e-02 3.871731459650602780e-02 3.410806889905089456e-02 3.946578059202030669e-02 3.389377145451954315e-02 3.630322329060561848e-02 4.495000440572687050e-02
3.262837157887424344e-02 4.057362347687171883e-02 3.347631639108256812e-02 4.480525756214038396e-02 3.300643796397984692e-02 3.811225995654290294e-02 3.666767258586986489e-02 3.924170581355603676e-02 3.394897543544324325e-02 4.198931561887330605e-02
3.452733096296210086e-02 3.827648639637060146e-02 3.910692861679027771e-02 3.957714345641984849e-02 3.333695360368278682e-02 3.841016648262074451e-02 4.055233953035785460e-02 3.207567076798079758e-02 4.301736906910613029e-02 3.520270693838131043e-02
3.763421468424507643e-02 3.695127158661935807e-02 3.955119514251401180e-02 3.487417956406812375e-02 3.557454111667415764e-02 4.072546175848453659e-02 3.846943088231370017e-02 3.774775815577961768e-02 3.384526998325514818e-02 3.740993765358111012e-02
3.485056161926011059e-02 4.079259929340198904e-02 3.471187968498096188e-02 4.088550925124759955e-02 3.494012782172305209e-02 3.443698496378885809e-02 3.841382007663092513e-02 4.407222606505722950e-02 3.045559377338652104e-02 4.165944560243863698e-02
4.028596765194582263e-02 3.466536446123194559e-02 3.790511234025269877e-02 3.702732242433586646e-02 3.494985069311817849e-02 3.829910626075193336e-02 3.926928471935325210e-02 3.735259490624436712e-02 3.436266938172184010e-02 3.826228460560341521e-02
3.385218215000925651e-02 3.673512896004512557e-02 3.826148064455277970e-02 3.744842810032904951e-02 3.643540089922499281e-02 3.700116016492958904e-02 3.786461732388887724e-02 3.753329677849014112e-02 3.161321274717793228e-02 4.775058151495085307e-02
3.154117260044548426e-02 3.526957365532162186e-02 4.192312872517223871e-02 3.768866087951294741e-02 3.552635232156946266e-02 3.999557584943125993e-02 3.225846192834772724e-02 4.162285453807967883e-02 3.646287046749353833e-02 4.314735388015058376e-02
3.454158689738064114e-02 3.627293634459534399e-02 3.943114959647470164e-02 3.755520984965614317e-02 3.602684000160390199e-02 3.955870074719857604e-02 3.640438199522456897e-02 3.663602960003551484e-02 3.549544072019866076e-02 4.030965184791471950e-02
3.690879764335757568e-02 3.909478968240914093e-02 3.607641437539441109e-02 3.654673448650141293e-02 3.723518723333552050e-02 3.796213888168688266e-02 3.229448781801549234e-02 4.392079436702592959e-02 3.283500078710215736e-02 4.110405564460360706e-02
3.476696976185054966e-02 4.046222753550525464e-02 3.654069657188193515e-02 3.413316088063088338e-02 3.967566352080322684e-02 3.638376683707363751e-02 3.692381434399886336e-02 3.961676098715549710e-02 3.331299668640542999e-02 4.097618080085403680e-02
3.613648582810256166e-02 3.797586068841925233e-02 4.308176211561445812e-02 3.455299068487528713e-02 3.524290041738486340e-02 3.748856855400201776e-02 3.842346811180538668e-02 3.750410995753719612e-02 3.529910525913186603e-02 3.735410336245329616e-02
3.442306202913823776e-02 4.210176412630922682e-02 3.484654027358730088e-02 4.134012031861862557e-02 3.156772621702001735e-02 3.954701320096200984e-02 3.441663024070432814e-02 4.234560371131667472e-02 4.037810643652288423e-02 3.446475658129944525e-02
3.522150999352452461e-02 3.734834846589422941e-02 3.826219971144635690e-02 3.523240905144456314e-02 4.285846713617717796e-02 3.613712439599996856e-02 3.428894275511344680e-02 3.764945870566729913e-02 3.595408273276839983e-02 4.011035479334301712e-02
3.570702746833386010e-02 3.664869051519930448e-02 4.067216776046612275e-02 3.478300336760679207e-02 3.846592625481369543e-02 3.403606935388438920e-02 4.554651442427044838e-02 3.337982160274761967e-02 3.395715254271423900e-02 4.141345951953787768e-02
3.910217538996822728e-02 3.724623811087147962e-02 3.683938823644347660e-02 3.572921293652388947e-02 3.933927775139402228e-02 3.447056071549216977e-02 3.898919759850422162e-02 3.642906575755507081e-02 4.018998802824301497e-02 3.385187839467467680e-02
4.166972928370082235e-02 3.858357171664789781e-02 3.090244346417928695e-02 4.326129590123280882e-02 3.797375053725442207e-02 3.224060132819205060e-02 4.192103311310506342e-02 3.602268772575820122e-02 3.630943773456329904e-02 3.625223612903976517e-02
4.217312176909812638e-02 3.529402901601971787e-02 3.449189932053525753e-02 4.026780116667764281e-02 3.559448159571681342e-02 4.061614154447417552e-02 3.305054913419960827e-02 3.915060273284520082e-02 3.743958552706880272e-02 3.513568375430531354e-02
3.771280082514343740e-02 4.357049590994473143e-02 2.680994928421340934e-02 4.965071428899578421e-02 3.484813607502068589e-02 3.590402942964848049e-02 4.232305374449845531e-02 3.165414398289137510e-02 4.285840214258305331e-02 3.482807376882493533e-02
4.617527321860061956e-02 3.813694353601966569e-02 3.466179151949578402e-02 3.732937901910410305e-02 3.732576263270463018e-02 3.849533458275842396e-02 3.714818293861815029e-02 3.510635435906558216e-02 3.780175886259539569e-02 3.240374928839629548e-02
3.951491436247622085e-02 3.666480898984031400e-02 3.411866534880446389e-02 3.991941950334244871e-02 3.671435314973778286e-02 3.452134247851235821e-02 4.153529516994538401e-02 3.499059243705620464e-02 3.919706386312651197e-02 3.551875215336355168e-02
3.785871063801955760e-02 4.020976645142577965e-02 3.721468791002138787e-02 3.220331119493378275e-02 4.014842131151414445e-02 4.105666205103820215e-02 3.450595552517526921e-02 3.499483413964294548e-02 4.089462252742182696e-02 3.485107704439181775e-02
3.323842120750300499e-02 4.091479805590633734e-02 3.772635357856041205e-02 3.759952951979980695e-02 3.348352522730118491e-02 4.129612095130048843e-02 3.455677773281937148e-02 3.733694772936031053e-02 3.978411476145333331e-02 3.721905279393377536e-02
3.689981467502630175e-02 3.386196447542338950e-02 4.445040124965903700e-02 3.422784165387140337e-02 3.701579603598215140e-02 3.261180840831746225e-02 4.647205909985865219e-02 3.393712659190292052e-02 3.594494859638837359e-02 4.028399340947085017e-02
3.744835402812655978e-02 3.475649544907911254e-02 4.468285242347407732e-02 3.180508260929071351e-02 4.040948663002391639e-02 3.513769613013992266e-02 3.788796035753663749e-02 3.705406795928786051e-02 4.037046844799312140e-02 3.436214514436464890e-02
3.296476521663475878e-02 3.426567816894992430e-02 3.832659462536384259e-02 4.206103377103523333e-02 3.464541609608223771e-02 3.582912320922245625e-02 3.888826392374996471e-02 3.845686277916089690e-02 3.547557767985231453e-02 4.381596538562167187e-02
3.247700305643887869e-02 4.135518208750262742e-02 3.856262502347555798e-02 3.590763898979283664e-02 3.507584983946849394e-02 3.950023545599579827e-02 3.734992191699999103e-02 3.523066748325416608e-02 3.614648213863617260e-02 4.164782548134249307e-02
3.803877838030354092e-02 3.518983725344529412e-02 3.853226659438767354e-02 3.771698236496702494e-02 3.651123302291001821e-02 3.717669784397759775e-02 3.647758561277267275e-02 3.574598718751034743e-02 4.110530219767492138e-02 3.543265223873312553e-02
3.529404906813483900e-02 3.751393453165095815e-02 3.749532088691590742e-02 3.613203856557663241e-02 3.648359632695437338e-02 3.736641728340366064e-02 4.124633549844007596e-02 3.129674981080136226e-02 4.239076904618479386e-02 3.811534096075196165e-02
3.256385251292165384e-02 4.664006607527859671e-02 3.207048744742276025e-02 3.766562174802488838e-02 3.956088993371738999e-02 3.693699942908728467e-02 3.414683541153569479e-02 3.833344558085725884e-02 3.881082347784126085e-02 3.793504205888190844e-02
3.683688861164131911e-02 3.504061999829394258e-02 3.978855355609584726e-02 3.624061529668136383e-02 3.775323583040175734e-02 3.665611027817323314e-02 4.011635358257351763e-02 3.531056402403828787e-02 3.515052230793692944e-02 3.930486459141806221e-02
4.263025134573006358e-02 3.295893789340809121e-02 3.868341783628841124e-02 3.798958804864950578e-02 3.950700196911313689e-02 3.605995794495423651e-02 3.603744912942652423e-02 3.725013092028282152e-02 3.946416022296622000e-02 3.270984589503671269e-02
3.375222268747160581e-02 3.910201994882323701e-02 3.399584135255471345e-02 3.753438445791204559e-02 4.511579296538678618e-02 3.126159673808819733e-02 4.015487068604741555e-02 3.532969273293230100e-02 3.796723734670069683e-02 4.053423116220682132e-02
3.527074447109013189e-02 4.031621918068852700e-02 3.346264875795449539e-02 3.992175962092009422e-02 3.623541021024182657e-02 3.996105037714323127e-02 3.321447525211309454e-02 3.707156648880870903e-02 4.015694260099728768e-02 3.736711234879813714e-02
4.001506193730119953e-02 3.325326125380941023e-02 3.475652543331556044e-02 4.102777221237904198e-02 3.652082787232668881e-02 3.843494638696230009e-02 3.390277453770663280e-02 4.377919631683045015e-02 3.404163748664823519e-02 3.872123340762651661e-02
3.718514903135837490e-02 3.504677527402551285e-02 4.378376253871399393e-02 3.163182418409896113e-02 4.026750368160357529e-02 3.697568662760625929e-02 3.601111368722983985e-02 3.990901002575024392e-02 3.609344161976555526e-02 3.647799102883096667e-02
3.945281365523260059e-02 3.316639503983880716e-02 4.168847497004097430e-02 3.311867347841284531e-02 3.773437878412305019e-02 4.219234977692002536e-02 3.451707903237987568e-02 3.973193435894340625e-02 3.422828824931213598e-02 3.796723038342907086e-02
3.974159095774084521e-02 3.695813636769609833e-02 3.545725035517525298e-02 4.323477236255443557e-02 3.448520945141724664e-02 3.820541184272975566e-02 3.195695043104644639e-02 4.142633897721426789e-02 4.511228096698961798e-02 3.025017254670048922e-02
3.338363168249242757e-02 4.135281556465177089e-02 3.511012426708515211e-02 3.697356057002144925e-02 4.089205219518615708e-02 3.163379451230355355e-02 4.311792045567506421e-02 3.603077758875300463e-02 3.475245300323012015e-02 4.084987791474577190e-02
3.740861421558329403e-02 3.833828992866628732e-02 3.669443647833663807e-02 3.839100532801445476e-02 3.201525805196366037e-02 3.975319467882353075e-02 4.026437511910372496e-02 3.525789876443317927e-02 3.684372561184758033e-02 3.809401695825718331e-02
3.158365187585851497e-02 4.117564633864047308e-02 3.856499264194462179e-02 3.423415501396862015e-02 3.878454963225089897e-02 3.591735778257953288e-02 4.186159928742300834e-02 3.457100894249977296e-02 3.607623808099413160e-02 4.108599463706066879e-02
3.521615498859102106e-02 3.681687001851076391e-02 3.795268749693955779e-02 3.444348284023449752e-02 4.259672777207639677e-02 3.185460730522605977e-02 4.303171606640953523e-02 3.271862181488611326e-02 4.256744162312586788e-02 3.732844876998077377e-02
4.270782395410571003e-02 3.308961924686776301e-02 3.739865609545253017e-02 3.874960070893684883e-02 3.741646175409921171e-02 3.883085759528567826e-02 3.454266294706000162e-02 3.976520134046360871e-02 3.429692728823539177e-02 3.635594895978851160e-02
3.809124282919844340e-02 3.497286716352822344e-02 4.057618672909653335e-02 3.560751693577916821e-02 3.324694866828351719e-02 4.316517017240260878e-02 3.966492327832057962e-02 3.412988959033756708e-02 3.485396008507188337e-02 3.987634605064416249e-02
4.093730508177716165e-02 3.419240476017628566e-02 4.087480091152588535e-02 3.479330932716728775e-02 3.474291984970809266e-02 3.892111454415974475e-02 4.356539813384392723e-02 3.491588451410174154e-02 3.983198944203678732e-02 3.226833053516015015e-02
3.827775204350744587e-02 3.725007397695956346e-02 3.401673622870768354e-02 3.970084232634138455e-02 4.038211822334412254e-02 3.489071748006013912e-02 3.824183613331336856e-02 3.875009732539430596e-02 3.419497269304607595e-02 3.710706522699219051e-02
3.369120699662311175e-02 4.118255078964169758e-02 3.874623955766837852e-02 3.379361417209487961e-02 3.819543712257533752e-02 3.453448635765163366e-02 4.295324782906247141e-02 3.095458120668262772e-02 4.452017204852010829e-02 3.674222740238422547e-02
3.873003122170586704e-02 3.579537292445066771e-02 3.584893310470412681e-02 3.866442017621311150e-02 4.205301796996106095e-02 3.326801126991178748e-02 3.657759013981206481e-02 3.655046120405658350e-02 4.226255287818819761e-02 3.383513720444951411e-02
3.455774544376989665e-02 4.103118486903818002e-02 3.606441710716837973e-02 3.345115744874437025e-02 4.219914127366254653e-02 3.543412641169208649e-02 3.980067151850696927e-02 3.500928177025534882e-02 3.554789045321727486e-02 4.022526685969421423e-02
3.737825044149423181e-02 3.345762295005507564e-02 4.289590623639503303e-02 3.514786347114172427e-02 3.952287316075412532e-02 3.670219225187124762e-02 3.316668030271325424e-02 4.044920852171762088e-02 3.425670424205258524e-02 4.101691658843065191e-02
3.695118139159465909e-02 3.618828131642785884e-02 3.754269588242391958e-02 3.647088386545988686e-02 3.806802478699361503e-02 4.046823314854981757e-02 3.425861800773949417e-02 3.689003846201826392e-02 3.492035194861985159e-02 4.077857758864048693e-02
3.752768648236919774e-02 3.618894323426147253e-02 3.683197427407465530e-02 3.864856779796630587e-02 3.545120667105286505e-02 3.689183263156561865e-02 3.645792412605459304e-02 4.141056622870162990e-02 3.428715514978937506e-02 3.840122458778745529e-02
3.853737172286295781e-02 3.601639409574975553e-02 3.922776998665498949e-02 3.324974734400406445e-02 3.783105720903728181e-02 4.213872409124544416e-02 3.596031296320989501e-02 3.552360180732021255e-02 4.115874939809072847e-02 3.379599417276355627e-02
3.835625412474496371e-02 3.295900259063685306e-02 3.598562524961432946e-02 4.453229380053575631e-02 3.366671797360052537e-02 4.070688274822762548e-02 3.755645854717575699e-02 3.270900475830579301e-02 4.581303778424255374e-02 3.420763108144075915e-02
3.744651717511809919e-02 3.704532417297038555e-02 3.858595230673727422e-02 4.057886519559372046e-02 3.490039771528179180e-02 3.722405072207340959e-02 3.534380900292449779e-02 3.545244562584896897e-02 4.434118169752263028e-02 3.297311965964500741e-02
3.464544962037179043e-02 3.690104126057023454e-02 3.786514182891930619e-02 4.085780504678424713e-02 3.327479146557949657e-02 3.801460467748873223e-02 3.516025899526478704e-02 4.637305645645013741e-02 2.913517209975283184e-02 4.411291849531535220e-02
4.262295409944245883e-02 3.111944910169184633e-02 4.719178973910782837e-02 3.538212497356128805e-02 3.576272438454403818e-02 3.710434666315719221e-02 3.908260444209120388e-02 3.279928847709279865e-02 3.988670269761125653e-02 3.495743565084567100e-02
3.859031034965097057e-02 3.928446425525932567e-02 3.365633393828289244e-02 3.816363643322334687e-02 3.820874999358794127e-02 3.884612505248891817e-02 3.205075415401755640e-02 4.190418790576937863e-02 4.004879755698157601e-02 3.312340772497802954e-02
3.626360186291704979e-02 3.999732507879839860e-02 3.633563092801768424e-02 3.529873805427749534e-02 4.033955309913989790e-02 3.339999716228961996e-02 4.113831321481709047e-02 3.573883738931579040e-02 3.932842233661963671e-02 3.485275364213452631e-02
3.585843976363059515e-02 3.774180395699688884e-02 3.729148324914247775e-02 3.829860876767790523e-02 3.315832560306816723e-02 3.949635651189090796e-02 4.095317977045560137e-02 3.577978839277924650e-02 3.460909612492656801e-02 3.965806037379036170e-02
3.374038318226612460e-02 4.184219870089779525e-02 3.859543130529823757e-02 3.255018443730214872e-02 4.194470554660544026e-02 3.713759156912465470e-02 3.656360795461612717e-02 3.777063116294295669e-02 3.370322342349275219e-02 4.007720707611490962e-02
3.388200845532336747e-02 3.755665655967631300e-02 3.766363951671806293e-02 3.427860352715827313e-02 3.860394325292178241e-02 4.157061223318266746e-02 3.482186070262373312e-02 3.778922488794594914e-02 3.546287448880217075e-02 4.152557082956244427e-02
3.813588670786867418e-02 3.427522220983926504e-02 3.884420566432280481e-02 3.562505612443180730e-02 3.834192610419842606e-02 3.296299061644324818e-02 4.272160674690974463e-02 3.933238413129323818e-02 3.220259616129239610e-02 4.186794118957861549e-02
4.174582056632526739e-02 3.480686249410364086e-02 4.201324554665059052e-02 3.531620279646110333e-02 3.702722439699954182e-02 3.885982016549918705e-02 3.529899746888351397e-02 4.015425255890880951e-02 3.607304678486641242e-02 3.250996731344171081e-02
3.635056923154648956e-02 3.208040706351723143e-02 4.220005368772899307e-02 3.577212003731411460e-02 4.305361150726357694e-02 3.257830270062921779e-02 3.666309219108890294e-02 3.794337131805926300e-02 3.823620370165528581e-02 3.982384556565152917e-02
4.260615458551027246e-02 3.750819875658257391e-02 3.320934602136232927e-02 3.838509610859373866e-02 3.959012995917685768e-02 3.343611452486520974e-02 4.393276892294081803e-02 3.036691719860415417e-02 4.145134983531819500e-02 3.519117159578244447e-02
3.510191596656997426e-02 3.495013792782727252e-02 4.116729153282923381e-02 3.471417846027812643e-02 3.674886190825598503e-02 4.108441105042865554e-02 3.324407509484284678e-02 4.041901984775748968e-02 3.348475765450592556e-02 4.279752776133359526e-02
4.058547505975740322e-02 3.505139103990731475e-02 3.920457361007730068e-02 3.502348068975711520e-02 4.027006538962658172e-02 3.485850546776269460e-02 3.781554939565209827e-02 3.620493850963486110e-02 3.506953697835337586e-02 3.863768581767078325e-02
4.139782386131882208e-02 3.733719546278008172e-02 3.358196342220130803e-02 3.732752090239952608e-02 3.985939932785354661e-02 3.424133971595841319e-02 3.893232220852341913e-02 3.940097819876374474e-02 3.444134444027884684e-02 3.663770628097261922e-02
4.394472256689301026e-02 3.138266718495655305e-02 3.910596037841641837e-02 3.732768972802428392e-02 3.751396605246147542e-02 3.787162751937626221e-02 3.614521363744459259e-02 3.968910355572029258e-02 3.355808690033228181e-02 3.722365069983407659e-02
3.539518032511197732e-02 3.642507914203611807e-02 4.381692280029082787e-02 3.203893728371891986e-02 3.688663668018225122e-02 3.901510477294495294e-02 3.648743715688301803e-02 4.240670467143604211e-02 3.373323627010350184e-02 3.813962985019127283e-02
3.800043516470698324e-02 3.773478323351425051e-02 3.614031765520715062e-02 3.571094764509333275e-02 3.875128797968914462e-02 4.189839444857195588e-02 3.343312417812713266e-02 3.678283619632315149e-02 3.695754507651276277e-02 3.726342017610067420e-02
3.700791500968929337e-02 3.973114904238014139e-02 3.296172952427393887e-02 4.242749861932606364e-02 3.259010713800157555e-02 4.238523218893007483e-02 3.965607381253583030e-02 2.964716509378315101e-02 4.506504876665784476e-02 3.498296722278886745e-02
3.724110850588382288e-02 3.860935687272329386e-02 3.539068944345725304e-02 4.258340108881521896e-02 3.347351272490129565e-02 3.784045974926256162e-02 3.733349823990077254e-02 3.370414472996587779e-02 4.529222226222343051e-02 3.288627899942018346e-02
3.635496197609287827e-02 4.027167967326392151e-02 3.626543158032511510e-02 4.335093754269705307e-02 3.235920647808797346e-02 3.638289779428511422e-02 3.792784707908015279e-02 4.185801049926511641e-02 3.521091532843469846e-02 3.462635475745072522e-02
4.606808153021501456e-02 3.816197360804560179e-02 3.757901439645779107e-02 2.990606432434812084e-02 4.260613940964356333e-02 4.022973237721062800e-02 3.370262421472287884e-02 4.234294460298729246e-02 3.496442821133385198e-02 3.256592760470920084e-02
3.813098624501038564e-02 4.080727911287830578e-02 3.214144092574745121e-02 4.076926780567466380e-02 4.156223422403216433e-02 3.359188633018789921e-02 3.544948569627694862e-02 3.976824144030666891e-02 3.965932936714236523e-02 3.276333994562872359e-02
3.658829903185890908e-02 4.142568300891160543e-02 3.519924126298852596e-02 3.649299437063725782e-02 3.645380575966918058e-02 3.651651420360804007e-02 4.224458477220612018e-02 3.542893246252508399e-02 3.670601708695458293e-02 3.577386706756587736e-02
4.379544113491389001e-02 3.021988234300419796e-02 3.863902149933075292e-02 3.613849131245804730e-02 3.965863961151950418e-02 3.615390892851227250e-02 3.669710731692352179e-02 3.857534993918495386e-02 3.496687869302845392e-02 4.006992638222995479e-02
3.635337849583650249e-02 3.598880870838524343e-02 3.698419809403604569e-02 3.741910725025920231e-02 4.130536429932063491e-02 3.409033667550129959e-02 3.791918801695907254e-02 3.911987445428227045e-02 3.198603021324887552e-02 4.225257902163987583e-02
3.430575122037386737e-02 3.870001277540871532e-02 3.810166609132466936e-02 3.386065499994263955e-02 4.182169253863822489e-02 3.602986470801073510e-02 3.622654648986459169e-02 3.871932646354064173e-02 3.533450670859074327e-02 3.938837725854540950e-02
