-3.846050430750033167e-01 -2.426908551344970355e-01 -1.092535495584982669e-01 4.628312981293894457e-01 -4.072675736272537983e-02 -1.226195305719447237e+00 -2.698565293438386359e-01 -1.977964513957777559e-01 -5.529055307553403242e-01 -4.032588575255641183e-01 4.762711305706318066e-01 -2.302965879995576282e-01
-3.561958179414291548e-02 -6.654342622442869226e-01 -1.414509105444542066e-02 7.268956101928069069e-01 8.325960051147428265e-02 -3.620989260157890799e-01 -1.529772283091302143e-01 1.247890160014970412e-01 1.016213219244717636e-01 -1.408762235177797972e+00 -1.641370074358264319e-01 1.518032617341442680e-01
-4.500873360762044917e-01 5.269747281914034520e-01 1.324008293155982952e-01 -3.269910454068154088e-02 -1.022681311996256753e-01 -3.678593635983927468e-02 -2.387809853115835379e-01 -6.283896415304411620e-02 -5.287869662606530241e-01 4.967735952874046679e-01 1.111942672678582072e-01 3.134042938292472269e-01
1.688668263003626976e-02 7.671524342562505705e-01 -3.519995903717834107e-01 1.600070692419645890e-01 9.224044318347841553e-01 4.367367746655643757e-01 -1.135676605434478681e+00 -1.608755835869335460e-02 9.635694516203542337e-01 2.404950718287917899e-01 1.874227082471149330e-01 -9.125610735146857389e-01
2.646280337868336385e-01 6.276748132012137660e-01 9.745567509812923523e-01 -3.898508173345647809e-01 3.421995106505718032e-01 -2.161491104132980678e-01 -3.980344628288020048e-01 -1.074267325868033973e+00 -6.605782936183680620e-01 -1.577901539400141107e-01 -3.999823978842556582e-01 -5.784106688466879032e-01
1.560339419470225530e-01 -3.690923510862715862e-01 -7.923787593538481611e-01 5.603533355449008546e-01 -2.032386463714652702e-01 3.567258751080653600e-01 -3.620202138244095202e-01 -3.140513228366460519e-01 -6.908255758225316165e-03 -4.861341859657986597e-01 -5.141721284119907809e-01 -2.402311654217603731e-01
2.677676645806510367e-02 -3.025005083449491469e-02 -3.340282167032589400e-01 9.934226807098287537e-01 9.773919916081645898e-01 -7.562333933374520978e-01 1.892131340433657882e-01 -2.026524452820635813e-01 1.004686346588613693e-01 6.269051251671931002e-01 3.620437267903669487e-01 -4.533854356952778941e-01
-7.839095042299067950e-01 3.252483130797934052e-01 -2.569912425934952060e-01 6.849415566665049970e-02 1.890736558336085504e-01 -8.624556940019034723e-01 6.923545302509555299e-02 -1.451961386910070595e-01 7.517870279485559804e-02 4.836757688680792810e-02 -4.553225431588263650e-01 5.414367791318248635e-01
1.953107469692890452e-01 -6.584633316590406127e-02 4.112627381506591684e-01 -4.493318614280726320e-01 -2.199798583522839107e-02 -1.420899630884781883e+00 -4.172963118165776142e-01 1.750857406114857684e-01 7.823480567722407991e-03 -3.131375740664078724e-03 -6.380976494110158770e-01 1.234978474011893534e-01
5.296611240424814460e-02 6.000548407629971992e-01 -1.651578892100137308e-01 -2.807028593983187936e-01 -5.092915554809707146e-01 2.687730109776088061e-01 -9.001871728968730002e-01 3.219357989412784948e-01 -1.711337990154435801e-02 1.345976048380944923e-01 7.260879150927456172e-01 -2.249491201337442681e-01
-2.264981034528589787e-01 6.268942142902346470e-02 -3.944345354147439364e-01 -4.779383812927976982e-01 1.103871271952735350e-01 -4.487575637332085615e-02 5.081024988996218905e-01 -9.032744269726112885e-01 2.276236145330393090e-01 9.245746231214915234e-01 -4.046576121089600075e-01 -3.585460076992036393e-01
-2.313899105420772762e-01 1.927958889112404706e-01 9.416160265822886080e-03 -7.059434452749224764e-01 -2.537313280290736661e-01 2.017559123082922623e-01 -4.482777227164718159e-01 2.020093486113375691e-01 1.279150518901513989e-01 -8.198507853034141535e-01 -7.266894510774016824e-01 1.296565903918731832e+00
3.971636441520093874e-01 -9.869042474569565682e-02 6.239273088052723487e-02 2.306109574653354144e-01 6.612480436495373759e-01 -3.447995642782892833e-01 2.300776561013521404e-01 -3.095408182928827689e-01 -1.815885717742506400e-01 3.056540383922495274e-01 -2.557960415886651462e-01 6.464224869798987361e-02
-5.158210666869215144e-01 -5.518382771796234154e-01 -9.801599707734932609e-01 2.046324643486475969e-01 -8.814364592443140189e-01 1.102053561790714120e+00 2.344293802522991188e-01 -4.761033075566927231e-01 -3.693150230940728806e-01 -1.281469141394560030e-01 -4.112841108765911136e-01 2.380537032441416567e-01
1.150810345327576645e+00 7.248633069988708044e-01 6.108558891495755733e-02 -5.787381499705009924e-01 3.544086649309588499e-01 -4.221429179111986785e-01 -2.751190645295291115e-01 1.306125513481354306e-01 -2.371222111593636328e-01 -2.835549520743344543e-01 -3.514982340802229599e-01 1.173204666825375941e-01
6.162491801250942203e-01 -4.706013646631523190e-02 -1.277276794223303549e-02 2.606022441052482375e-01 2.556658620142461813e-01 9.014123882620992401e-01 3.341233008473682986e-01 -1.355901801747357548e-02 -3.884248439457653190e-01 2.839590677798699558e-01 1.421137520485501182e-01 5.187285850442596713e-01
-3.324531536368258156e-01 3.200239352748299737e-01 2.264327273642832705e-01 -1.337623127935659226e-02 -2.316500523141521439e-01 2.043261533247920925e-01 -2.505535358877081231e-01 9.930317670969621147e-02 -2.832588748421768776e-01 2.480999879865567193e-01 8.518502979606819014e-01 3.539833198336100190e-02
1.398359592491581760e-01 1.241863955808171355e-01 -4.447399095953692982e-01 -1.425860285216090373e-01 -7.082803809834229414e-01 -4.247995187716653853e-01 -7.335625101360289113e-01 1.066202243531270966e-01 -1.083770221827839025e-01 8.089509749394754867e-02 -5.557096884234311585e-01 -1.253579875667988897e-01
-7.391721353993134513e-02 4.622606706835574175e-01 7.522991389983568755e-01 -1.522210759336035668e-01 -2.688561836655699033e-01 -2.454965463765281797e-01 -1.398200912458451468e-02 2.903468914870296902e-01 2.860624987784093909e-01 5.374528279528902573e-03 -6.373144156402213434e-02 -4.442433904823439583e-01
-1.130660225878187125e-01 7.543116305870653515e-02 -3.701818418086125773e-01 7.967387809878301308e-01 7.896362952073934238e-01 4.013869289350599501e-01 -2.324767446872148813e-01 -5.887518526219703840e-01 2.188975426319878792e-01 -8.440460078606645822e-02 -1.014571111474260379e+00 4.660360583719373728e-02
-2.333124331651658390e-01 -2.992294249287985597e-01 -6.204855282962270513e-01 8.046032048143748616e-01 -2.091212123410517432e-01 -7.920469751360565969e-01 -6.070515510743073051e-01 -1.077834765045212057e-01 -3.816015160937676343e-01 4.138843169377735554e-01 3.504909510622526009e-02 -1.835190003532284897e-01
4.991530419808105634e-01 2.097016519338459201e-02 2.476174481465091490e-02 6.344436442314754787e-01 -5.081841948008546384e-01 2.372860978372632046e-01 4.035827474499153154e-03 -3.571610868617919321e-01 6.039148435622777693e-03 2.548960785089464665e-01 2.820101270242219016e-01 1.388394179899441194e-01
3.824667388905522714e-01 -8.899193467613707442e-01 4.146063880354484144e-01 -5.292141952597919641e-01 3.329110105049675750e-01 2.229455623326305758e-01 7.037889043395663125e-01 -3.827403610365677777e-01 9.959910887959304571e-01 4.307177230895607445e-01 3.175896046268136819e-01 -4.855909712572860637e-01
3.608047666947605814e-01 4.767473251106985610e-01 -3.442230381641659953e-01 6.249292977249620677e-03 5.159277563371881259e-01 4.606664485733590747e-02 1.948398679730931060e-01 4.157032978858903882e-01 -6.864252948384185204e-01 -6.001281644212190791e-01 -4.709234680473738388e-01 1.704464682965666222e+00
-6.088112073376389377e-01 -8.200426898052934899e-01 3.218490237556837497e-01 -7.790765742918619452e-01 5.483028881879233873e-01 -2.567582593155430248e-01 -9.114845002372015670e-02 9.878390764674548075e-02 4.749735438695697545e-03 2.152583323146962935e-02 1.838971017055714974e-01 -1.159831141924713427e-01
-1.509727107884100139e-01 6.624132586247380994e-01 5.730331763422318314e-01 -2.319128853804458823e-01 8.745337469093873439e-01 1.699045361382810204e-01 2.455049695504069734e-02 4.747647022316987819e-02 -9.775452597554852296e-01 -3.864074289266126172e-01 1.614112363246342774e-01 5.085494195182593824e-01
5.481651547762315113e-01 -5.906848260015092889e-01 3.869348349570198575e-01 2.964882139201794886e-01 -1.138120740122871677e+00 4.241803430381907436e-01 7.942731877209806557e-01 -4.408899065175282961e-01 6.563116293352555530e-01 -9.428322545451854886e-01 3.738625220525435555e-01 1.587250028636516819e-01
-7.291630624567014829e-01 -1.830666001208424709e-01 2.227825859659628704e-01 1.086916112326323514e-01 -8.190784413318629165e-01 6.118378124852640321e-01 -6.121839604899695364e-02 -3.784818575337546287e-01 -5.329155807108493237e-03 5.407649792720637949e-01 5.282975960640888813e-01 5.103991838295713901e-01
4.571067449532462829e-02 7.448832000762566352e-01 -2.098786146629365301e-01 -1.904608192765552543e-01 1.377917180337952630e+00 -7.085634872950243857e-01 1.595470646450320440e-01 5.321620251010918956e-01 -6.282297957433217173e-01 1.723802032386144156e-01 3.941347264179252963e-01 -5.481890550290176300e-02
-3.445019078146635549e-01 7.047493698526025030e-02 2.436324315671973550e-01 -7.256751733978777930e-01 -7.126371474863414657e-02 1.285048508419402158e-01 1.031147384118015625e-01 -2.647799528515640266e-01 1.059175378368892195e+00 2.604969161679745668e-02 1.324421591746742857e-02 1.208710584775935237e-01
-3.288762853571377542e-01 3.851743793001007887e-01 1.698642203767989078e-01 4.029773142590626911e-01 1.089851652893592121e-01 3.464743946330162694e-01 7.083929136292542728e-01 -8.268258592214556835e-01 1.266631522423798117e-01 5.415821235614745044e-01 -2.200204756139153423e-02 1.484730646552759048e-01
1.439468642595461145e-01 -5.548583871809668056e-01 7.300199193410640275e-01 -6.218196585140055577e-01 4.083694270678426830e-01 8.574577544473360735e-01 5.173535536736060259e-01 -8.773014830116592222e-01 1.845804921655008479e-01 9.327738496181972039e-01 4.169958532585574251e-01 -6.846828622215868354e-02
-2.183340082563723916e-01 1.672431219161570892e-01 2.186635407235474338e-01 -2.674479084505425042e-01 -1.175987418506161397e-01 3.737453631011720123e-01 -1.035297990826145181e-01 -1.015629311288784420e+00 -2.646060358999038908e-01 7.265860982177158034e-02 5.233533098580080978e-01 -5.390967158693036332e-01
-7.069531870937403317e-01 -1.148451925236629451e-01 1.912332771724071234e-01 -8.833576654875815448e-01 -3.928751607040698590e-01 -9.402555601635184113e-01 -1.784141533786953171e-01 -4.624174936244553891e-01 2.593124729784574978e-01 3.020859849514665255e-02 1.149446612406002766e+00 -3.060969805646296948e-01
-2.374123762768954315e-01 4.930713482520173718e-01 -5.744584610306593397e-01 -2.937226261058531462e-01 -3.456773917413772934e-01 -1.070087694044852489e+00 4.234305127012931158e-01 1.175329460394278547e+00 -1.439979088325999523e+00 7.448017314046524728e-02 -4.594887214494690064e-01 7.379833618437460219e-01
2.232232806193329144e-01 -1.401454797057162700e-02 3.666615842234871026e-01 2.529183001847006285e-01 1.584318881270198598e-01 -2.317600324350822527e-01 9.499442190571625311e-01 -8.285159980578366001e-01 1.573746247257292175e-01 9.031087068228912940e-02 7.694786420777308678e-01 -3.296156581783393075e-02
5.203283997586207743e-01 -5.675140690608844185e-01 -7.180516405979291417e-01 -2.893384220161171472e-01 2.263926536923150934e-01 6.289834719661578921e-01 5.448342299747368500e-01 -9.442748846876026780e-01 -3.120200047751997552e-01 2.182672137945296242e-01 -3.749844371163845586e-02 4.549426920969445454e-01
-9.722582592598002504e-01 -5.327171645706687553e-01 -5.930652253161851073e-01 -1.842508242445446975e-01 -8.680399838603801432e-02 2.086676393586943123e-01 1.861610483633241719e-01 -5.649065223951754006e-02 5.119442272812932959e-01 8.051696935670707989e-01 4.939595586277221728e-01 -4.747768299456886498e-01
-3.216105360474620367e-01 3.307158961838274625e-01 -2.795219616397628393e-01 -6.110031628800965953e-01 -4.075888028086376291e-01 -5.696559224495953977e-01 -8.090249432101608296e-01 3.534792799343927094e-01 1.226901120588905214e-01 -6.079780195261050291e-02 3.163576296273738486e-01 -1.658651612655250296e-01
2.807845846330125905e-01 1.048544990803691318e-01 -3.963623718043507993e-01 5.529898438216608314e-01 -9.885275001795945649e-01 2.855162024122787634e-01 3.607498618000906654e-01 1.558243069328209274e-01 4.700631433172166029e-01 2.212948756508011927e-01 1.937376002253413387e-01 6.393842001970924116e-01
2.194343313367402570e-01 -1.026062875796270729e-01 -4.053883464683596394e-01 4.042464771837431248e-01 -2.980056819469454332e-01 3.648719258796139647e-02 7.324978905855822342e-02 1.209143162852978903e-01 -5.926825890624688037e-02 6.910042581405122508e-01 -1.535724478198453868e-01 3.157769382208314157e-01
1.325458830424729173e-01 -2.522248839684068655e-01 5.364966917915457989e-01 1.516412607576417271e-01 2.610427313423664408e-01 -4.003533111555844792e-01 -3.140889683326673620e-01 4.707700028332514885e-01 -3.510553646910946068e-01 7.403261619770935553e-01 4.436839354655411349e-01 -4.750121225119692259e-01
-7.757767054979604060e-01 -9.817499189735168219e-02 1.027924316420704420e-01 -1.418243784756124670e-01 -1.947143042164782845e-01 -6.222197949127364902e-01 4.931206970219227936e-01 5.006316822749592443e-01 -1.271404382344834882e+00 2.475119795842259385e-02 3.412051684235874877e-02 -3.608214109962807475e-02
-5.032099909027530904e-01 6.377023903234848579e-01 2.774021537221503797e-01 -9.444768222652708545e-01 6.990915718122036049e-01 5.151928129271256263e-02 7.803528764214374691e-01 7.787074447678837830e-01 -5.500025545229192056e-03 1.340151240661513699e+00 4.033417161480495894e-01 -5.191877611388666380e-02
7.794278112795973712e-01 1.787031895792381420e-01 5.598147892634088851e-01 -1.718923591465827960e-01 2.788434516933033791e-01 3.236314949318893075e-01 8.217730877334138428e-01 -8.310984908749867450e-03 4.983061404079486278e-01 1.176683583834257363e-01 -4.434566062366329664e-01 2.223926574756556473e-01
-5.301616486622682256e-01 -3.211242926926402008e-01 6.143186953956161767e-02 1.864093236021850397e-01 1.156889495040086951e-01 -3.010711570264557602e-01 5.532820505257585175e-02 -3.161892424164282622e-01 -2.208635125045884662e-01 1.009185474717446240e+00 7.106689788544489073e-01 -7.425833441643109323e-02
-1.986328065645209251e-01 2.560464339189232330e-01 -3.963544078090726064e-01 -2.780447149684125430e-01 -1.813132524171016668e-01 -5.371146286627058730e-01 1.254938156500391699e-01 -6.087389836951142552e-01 -1.224125399589190755e+00 1.741002802074897438e-01 -4.756992807386948297e-01 4.278438450806526516e-01
-9.944132471301952991e-01 -2.337721444530667103e-01 -4.034492164559252275e-02 -2.796253551556074912e-01 -4.591017663188612929e-01 -2.137016302516802635e-01 6.479371198822896361e-01 1.420841636292184684e-01 3.997367270975366593e-01 -4.200552389105503548e-01 2.377519192476738874e-01 5.569188573437621192e-01
6.380207700326557818e-01 5.764491953205232999e-01 8.137672129356827988e-02 -1.978584810289143736e-01 9.916014471095130345e-01 -1.046109769799318689e+00 -4.452235032258959890e-01 -3.040606391785221629e-01 -5.417088124238749192e-01 -1.952756437387212773e-01 1.957700539647207749e-01 3.362212501317660696e-01
4.912188665729263493e-01 1.452651202025360966e-01 1.052408433836751339e-01 7.705572722344886660e-01 -5.429624467503411100e-01 3.737747413260765206e-01 -6.865578491518984361e-01 -2.154345492064945189e-01 1.732241433084124316e-01 1.631581348850831281e-01 1.850902914617838513e-01 6.133984064787156854e-01
-7.407714325368827124e-01 -8.568305389243291437e-01 -4.825745458152447820e-01 -6.504110588661446979e-01 9.720924197352943941e-02 1.827164907936708604e-01 -4.187572291709206751e-01 -3.037543382886962462e-01 -3.964206364496361545e-01 -8.967089623515425156e-01 -3.757145388374271699e-01 1.564384283118148422e-01
-5.968794991224157798e-01 -1.620266965580157426e-01 3.863132532710787936e-01 6.542866578872307270e-01 2.278069311781016071e-01 4.448145848713537798e-01 -5.739716314220948412e-01 4.998533679518370465e-01 6.121888898981249216e-01 3.449201825842207469e-02 -9.862388071604722972e-01 4.714095332056612853e-02
7.131342939046002305e-02 1.501015463793028137e-01 4.871063362959376364e-01 4.001908350706595563e-01 -1.163481449323015421e-01 1.035468530377648966e+00 -4.402104712031011668e-02 1.637860571482782079e-01 -1.807912743168496317e-01 2.535887812625758908e-01 1.142875187165577101e-02 -3.032845922646489334e-01
3.244532967053707639e-01 -6.663893440578845251e-01 -8.678036713010218728e-01 1.233018036888455571e+00 -9.921748939383322474e-01 -3.234926263424732495e-02 4.445856072754040267e-01 -1.108460890682152700e+00 1.867189137449151992e-01 -2.167765072246962965e-01 8.064524121754319541e-01 7.179455869678227353e-01
3.290192301607937075e-01 -3.911590529633207081e-01 7.446301702738055139e-01 3.466073548237542240e-02 5.692410529736745550e-01 -2.189558030128074262e-01 8.187785568445166140e-01 3.021554664716528671e-01 2.136695719980181984e-01 1.790801388554936202e-01 2.891611502937412384e-02 -3.801938647648406278e-01
-2.980393457934439883e-01 -5.055583762740731846e-01 -5.055009903184203290e-01 1.186781150617657044e-01 4.528182618315996777e-01 9.327620928301117997e-01 3.640743695841106575e-01 -3.350879970086085291e-01 6.076632346033288279e-01 6.246038861526445052e-01 1.199845021556084218e-01 2.969313570072090736e-01
9.953094673032651940e-01 2.085129159165931279e-01 -4.904559208331978892e-01 -9.733588093872236335e-02 -1.559547675674408218e+00 2.578032465261486106e-01 4.895079298767793241e-01 2.029737593900449166e-01 -4.979907530971581231e-01 1.174330934638167095e-01 7.422216994832626924e-02 3.641578866065721676e-01
5.435383243364342309e-01 1.773259899895388292e-01 5.109780757864521572e-01 -2.809068390711911833e-01 -2.168618497091411371e-02 9.603156599874768107e-02 -1.286570758916584234e-01 2.310813533730754765e-01 -2.227549717627752279e-01 5.697901058329527535e-01 4.792715200469920278e-01 -4.030147028164522971e-01
-2.042109769886201256e-02 1.390736647782116753e-01 1.196430260898321968e-01 -2.549759389951671840e-01 2.817806247960895072e-01 -5.018781885046501579e-01 -1.209262941294132698e+00 -6.209767992029275874e-01 -4.879131819653527713e-01 3.215934158438888968e-01 6.886932588342018491e-01 2.869950401428765230e-01
3.033161875096107574e-01 6.797334444881821813e-01 -5.674003523638247726e-02 -3.938645892287070266e-02 4.173192853406159641e-01 4.855453744746235367e-02 5.818142400310757356e-01 9.117920987152614565e-01 1.907637004827682919e-02 -6.835437812062721274e-01 1.080794016729969137e-01 -3.376195708691858699e-01
-8.680878557993711164e-02 -2.601479611057598562e-02 8.377818370270199155e-01 -2.314927474817470576e-01 -4.970700006179106234e-01 -1.068363297823617719e+00 3.491095335546693518e-02 -1.631201965677627763e+00 2.801577232358328229e-01 1.066209658743822120e+00 7.533422106838125742e-01 6.421632562078386508e-01
7.575252531948944990e-01 4.249038247088390285e-01 1.159259895985556010e+00 -7.637927702566831289e-01 -1.415603611804972406e+00 -6.229266354674661832e-01 -1.175400734274278797e-01 -7.022132011931442319e-01 -3.184920368615509756e-01 -4.694232601578787745e-01 -4.503944022056353136e-01 -3.350803043870084208e-01
-5.696158407132858592e-01 -3.301376454285674944e-01 -7.312162606831958955e-01 1.368066722456869222e+00 4.770535539763588739e-02 4.424666968722790750e-01 7.146284640243240061e-01 6.859169328958217848e-01 -4.708769691842401572e-01 5.213027546297872572e-01 3.861465993224405535e-01 2.700812321674703753e-01
5.665092393903236045e-01 5.390038198452459239e-01 4.349855195502029814e-01 -6.799922012634577184e-01 6.001281884972034519e-02 8.482180998841851727e-01 -3.523167661826041019e-01 -3.054117141757735077e-01 4.085043642876669545e-01 -4.727715572190776400e-02 -1.004920657584987609e+00 5.991143599800828889e-01
-2.609668694590566371e-02 9.281133749880896566e-01 -3.509928185353849428e-01 7.471659398372054728e-02 -7.166264166558385107e-02 -5.461835368871552632e-01 -2.733009687193805881e-01 -2.995690988410645295e-01 -3.941479836809201887e-01 -2.690578680940218237e-01 1.383503064464577104e-01 1.576993719365258340e-01
6.536052616475873656e-01 -8.973796610604252155e-01 2.475481038181186755e-01 4.158636777319995037e-01 -2.986615851538946265e-01 2.972942003399099420e-01 -3.901365831008768992e-01 -5.338807819732790394e-01 -1.011563461130887687e+00 5.422035727316182330e-01 1.441330599655201938e+00 -1.329181315097321403e-01
1.747836476467289624e-01 3.554401042713971615e-01 7.873253509745650747e-02 2.075408796729702188e-01 3.746171100412312022e-02 -2.820669204119495843e-01 -7.283544510042201658e-02 4.245309076583697050e-01 -2.502354827577331076e-01 5.270090942265605038e-01 -4.734462153517927929e-02 6.688705563550445543e-01
4.697549415854850724e-02 -2.433237986518929086e-01 -8.835105246496032239e-01 -2.255551206774450701e-01 1.328943828058035681e-01 5.343682055527909647e-01 4.416241908622629553e-01 5.982580619765878183e-01 4.089663539897206990e-01 -6.391645702811168395e-01 1.365584987293712027e-01 1.701996636905833138e-01
5.736054396573571079e-01 -6.731502309821281449e-02 -2.636931192300896454e-01 1.992961323408973806e-01 -9.249891326702162075e-01 3.120128435303738956e-01 1.291897132614404919e-01 -3.562252751116778970e-01 2.182466209611373664e-02 5.179603804771255593e-01 4.320698784312806962e-02 4.041783424901672639e-01
-1.408429487437357075e-01 -2.858399070917485574e-01 3.021222533672104915e-01 -1.350684343094119555e-01 -2.992712274237992187e-02 3.651521825668107568e-01 5.294943775884518589e-01 -2.337207356621894272e-01 5.481712120445605407e-01 -2.964250275229576848e-01 -6.478922138400342590e-01 -6.861432250009920075e-01
-3.182290868304576970e-01 9.572706598339281170e-02 6.646766742863472466e-01 -1.023284500563049537e+00 4.675362614606654033e-01 -3.230685857610366418e-01 -5.794719254089495397e-01 2.146153558443328335e-01 -5.054996189356698588e-01 1.949152630289773258e-01 7.731273260875530795e-01 -6.420788617997078562e-01
8.258663799542431683e-02 4.847887567437999534e-01 2.300992447168933586e-01 5.329423563952433440e-01 1.279362414018101468e-01 5.076224585578202886e-01 5.448568389278325430e-01 7.245562621188547658e-02 1.682654825991189429e-02 6.633488871674629861e-01 6.767737382293821380e-01 2.325940190854018652e-01
-7.026767248836762736e-01 -6.693609228730754701e-01 5.299786980795638813e-01 2.362229468647244479e-01 2.444257888426331349e-01 -4.280230086391316746e-01 1.769557382770536591e-01 2.154128738925892572e-01 2.292094873612295358e-01 7.425484419149920301e-01 -5.326953409240642312e-01 -1.660851418877992591e+00
-2.379144017998504126e-02 -5.026714695196555782e-01 -1.295605609064643532e-02 1.660699468221756014e-01 1.106720295246828301e-01 4.340176414211236455e-01 6.172868217122035039e-01 3.153536462896686099e-02 9.855036925809902426e-01 -4.019467883080703463e-01 1.190165444881213341e+00 -7.575135291908284552e-02
-3.760041663423597247e-01 2.577575126136427003e-02 8.174749009700654767e-01 4.435942114040593992e-02 -1.522065526682016279e-01 1.357161305577319621e-01 -1.713958239854345700e-01 9.061577380643411894e-01 6.530405867406102738e-02 -1.735926557484984353e-02 6.829968336078624525e-01 6.547221350490504965e-02
5.385259649750521183e-01 1.597751633994612397e-01 -3.624910456136262171e-01 -2.264431434533063781e-01 -2.013668239629124723e-01 4.472771018460939829e-01 1.048621495995346875e-01 -8.114706791065634528e-01 -3.017603300815763223e-01 9.096651658296452947e-01 -6.421905873653542818e-01 -7.915579005864533668e-01
-1.583464618280962521e-01 2.168781450994275994e-01 2.327372005207815203e-02 -3.150156174561613565e-01 -1.457434461514270641e-01 -1.126760055271714966e+00 -3.137423691501222134e-01 -1.672233409268426563e-01 3.474106119901723133e-01 -8.183157731137771229e-01 -1.175604971088520939e-01 3.319465662237410797e-01
-7.628345130159218668e-01 -1.109824730279549282e-01 -2.667381131751691559e-01 -6.036424134142927000e-01 -6.746769295248308262e-01 1.047333821753196337e-01 7.518988248269550256e-01 -6.278063759461570692e-01 -9.179658333669049597e-02 -7.142333655464541686e-02 4.048940575351345217e-01 -2.535408061857522544e-01
1.483576159421708118e-01 -5.305123645918236042e-01 -4.663712091532575266e-01 -2.733033053485398600e-01 4.496133246771704534e-02 6.140257081504055248e-02 1.886979533278138610e-01 2.089203998735612855e-01 5.069130415771311293e-02 7.181768952835215769e-02 -1.254028160664260316e-01 -4.358961640471942234e-02
-2.667233491960533387e-01 -4.909140313210157425e-01 -6.175627887821172335e-02 1.212493443557429579e-02 -3.428919221557895636e-01 5.177926519257688431e-01 -1.472313742039379758e-01 2.584343997520922032e-01 -5.653115327215766373e-01 3.382171561594717879e-01 -2.375749156450205832e-02 -4.193762097573063841e-01
1.370214931020615534e+00 -5.561469971676381574e-01 7.078685089292029164e-02 -2.076216902623087279e-01 5.099031842270715931e-01 -4.008483328966740977e-01 -2.663554711546503029e-01 6.579735475006970313e-02 -3.233562242694754119e-01 -4.508647280500224785e-01 1.237886779255899378e-01 1.018198026777339171e+00
-2.553244534699103743e-02 -4.210489816824562470e-01 1.088032632585571591e+00 3.044645323138376325e-01 -3.321551223620473059e-01 4.771659810026163129e-01 5.280945535510698230e-01 -2.223722295460180132e-01 -2.000568952350245677e-01 7.108088279846482838e-01 -8.084993066427835495e-02 -1.007740941632664644e-01
-8.378671444262865420e-02 -1.362503804666111429e-01 -5.016958588145788989e-01 5.775960367474205492e-01 -7.617511688100557510e-02 -2.257194454199657474e-01 1.383932126758895320e+00 6.713745889072622042e-01 1.292378521377280376e-01 1.269860452146358842e-01 -1.760235803463555959e-01 8.463269727574147527e-01
-3.334443782783019783e-01 4.714706546153729638e-01 4.960455975579383114e-01 -1.135744038233836919e-02 7.245474477492825915e-01 1.659544430107907226e-02 -3.379619466843033493e-01 3.108193768112973987e-01 1.923914749177993155e-01 -3.505723425520865799e-01 -2.957736428217279667e-01 3.903992826174982889e-01
1.800227323699013504e-01 -4.489696456543465844e-03 1.120485769581485713e-01 3.814325082534731348e-01 -4.071799911218650092e-03 -5.205283808419109981e-01 -3.642135761369175717e-01 -8.786376527142026882e-01 5.684213806553037873e-01 -1.525020748484532118e-01 -5.200023771566969488e-01 -1.805480877990903454e-01
-1.503360740274287122e-01 2.929809329493877623e-01 -4.982490856215943120e-01 2.893179376582299400e-01 -6.210010460802133370e-01 -1.370222210880192026e-01 2.253392834965125546e-01 -2.772103378405299523e-01 1.916704179998255930e-01 -1.051141590457246588e-01 2.871842505897820308e-01 2.541996869349864574e-01
-8.316592298902825142e-01 -2.535398792691752612e-01 4.503023456563214899e-01 -5.888181226600648355e-01 2.643442773070074359e-01 -6.056535594131365885e-01 -6.174726853937743121e-01 -1.689250572746876788e-01 -5.758001233008074315e-01 4.089920596529075109e-02 -6.656346892346767241e-01 -1.036227324631542768e+00
-6.054662840691693582e-01 8.453207682643317650e-03 2.428073989121811438e-01 1.107708208400390859e+00 -4.875163308874116419e-01 1.335220479708128627e+00 -4.384576447244020042e-02 -7.848672582060622904e-02 3.125978479827365430e-02 5.209485855510384567e-02 -2.833667917510627188e-01 -8.306573998547417403e-02
-7.395305178872668694e-01 -8.163928265248645566e-01 1.095243676056065762e-01 8.582179639586200448e-01 6.643803842777796786e-01 -8.926975393710068207e-01 1.111399594661012374e-01 -1.519621371444673796e-01 7.403203105609342805e-01 -1.835593708490775855e-01 1.535466397527925020e+00 -5.181326448279850450e-01
3.117521960707777540e-01 6.055423531039972884e-01 -6.626589640328426345e-01 2.816232266948265339e-01 2.809534731800132912e-01 1.666551537502897196e-02 -1.576285404814290747e-01 1.020075045093315369e+00 -8.369929344903213053e-01 -5.276456714779860502e-02 1.915126922348395211e-02 -8.293683204142558718e-02
8.416056583774585986e-01 1.601347461247370818e+00 -5.822136955861811902e-01 -1.741932220810413906e-02 -3.962406464203253043e-01 -2.577155295477505659e-01 5.980625972841344673e-01 -9.464461194885698259e-02 3.814334115910038570e-01 9.089920495381639820e-02 -3.204317537591439558e-01 -8.910104994635778541e-02
-4.048374184474473614e-01 1.155756245656923559e-01 -3.641048764069707011e-01 -2.699777382888511323e-01 -9.811618815960836126e-02 5.696242612841619923e-01 -6.547016188370705092e-02 -3.281215243483883715e-01 2.216178393896901522e-01 -7.752852744761988546e-02 2.889907457474573116e-01 3.647422886563573829e-01
-1.570891025287903808e-01 -2.915981965351399641e-01 -3.385085257413779358e-02 -5.390380506466462274e-01 -7.171196130497703436e-01 -3.847309330321735943e-01 -1.972952394788647090e-01 -5.596443393929091403e-01 -5.297796766439317739e-01 4.004344949554509703e-01 6.035559996217938483e-01 3.620409210339028960e-01
5.202614702126369117e-01 5.705529930323523929e-03 5.536948681616702395e-01 5.134366981265007235e-01 -2.511608940159004155e-01 -4.548401927405510969e-01 -1.062150455071233235e-01 5.297913642836112880e-01 1.179275744806702830e+00 2.326195253696444754e-01 -6.113513206364472596e-01 1.333555513994445219e-01
2.667273978349693486e-01 -4.532619688145975712e-01 -5.596593203448275711e-01 7.777905145122497865e-01 -1.687770066494699850e-01 -8.267544192998833863e-02 5.305166881695198011e-01 -2.424075474282240128e-01 2.198621562279773622e-01 -6.263143838620830461e-01 -5.746625263773937585e-03 3.162593683390550053e-02
-4.904939328025618717e-01 6.588230562752678265e-02 -5.578407440447619159e-01 1.923596162764571946e-02 1.754088767267192872e-01 5.602955864038020595e-01 2.306203863945510413e-01 -5.184204689731307381e-02 -6.734923723145235241e-01 2.314930838582584804e-01 5.796117691592740373e-01 4.447218649592754036e-01
1.714976056848676045e-01 -4.070464268306294153e-01 1.910286561183362763e-01 3.233655799779198287e-02 3.709629540774640744e-02 -2.147773838813010414e-02 4.216642532620842876e-01 -5.950659875153921918e-01 7.182368921877103629e-01 3.707746870730539990e-01 1.935450535411902262e-01 -2.629158217201220116e-01
-4.015003591935162319e-01 4.972286508839932617e-01 -8.157485931669264390e-02 1.676153792737748727e-01 -4.163058819132220423e-01 -1.620340131381011461e-01 -5.402177472282818638e-01 9.572787706628196891e-02 -3.710728769377384939e-01 -1.854604203185814815e-01 5.240875627103556145e-01 -1.700777623195259547e-01
-1.976747421545991534e-01 2.783271911057346171e-01 -3.338090489116830595e-01 1.817772812166871350e-03 3.759551342889447256e-01 3.347079205246809019e-01 -3.734234428314035514e-01 -4.549621358067212906e-01 4.175093689420278920e-01 -1.298278128108879548e-01 4.800825986949926460e-01 -4.591552689560698952e-01
-5.271302250645011345e-01 1.233754869656150943e-01 -1.497125511868113885e-02 -8.263110896953496098e-01 2.166427574402565170e-01 -3.972504164540847926e-02 -2.823763188784077505e-01 7.749286338477076597e-02 -9.570108580886197425e-01 1.345783865351375397e+00 2.679451473612932122e-01 -1.589461018153978666e-01
