5.017124632154579267e-01 5.003274323823494463e-01 5.015529869354271586e-01 4.945308356380474502e-01 4.969791888070443919e-01 5.100418972672465800e-01 4.965172333699986451e-01 4.978677561122891171e-01 5.025334434845765141e-01 5.030957982888150104e-01 4.927361955279139227e-01 5.021047689708884043e-01
4.981381327228866507e-01 5.061341317163909892e-01 5.003959898863146183e-01 4.932603184179306099e-01 5.005638118285875571e-01 5.033034638834095187e-01 5.004532581301008864e-01 4.978862816424866611e-01 4.935317483138196293e-01 5.129793964981840260e-01 4.963944512343573257e-01 4.969590157255922569e-01
5.075448699434086386e-01 4.941038127419034032e-01 5.005377076119055246e-01 5.005672763416975091e-01 5.006164108549994163e-01 4.989341675402315657e-01 5.015064585698720823e-01 4.977581041405640394e-01 5.064855717054670414e-01 4.938843096222749196e-01 5.017964871050053510e-01 4.962648238226882169e-01
4.991850441291295626e-01 4.914222038060443998e-01 5.072775128737749828e-01 5.013132827443024242e-01 4.933854801708528193e-01 4.948932246011650271e-01 5.133581383670776654e-01 4.999280094957696541e-01 4.916254791685865655e-01 5.018845363702630902e-01 4.960586538268005885e-01 5.096684344463120464e-01
4.979856180179301206e-01 4.987764162555658465e-01 4.921262680584392868e-01 5.090777811809117370e-01 4.947626715257617547e-01 5.011525685722423296e-01 4.982593604619700578e-01 5.052856478238956228e-01 5.006796063218692527e-01 4.965224767990278343e-01 5.004754214386571975e-01 5.048961635438158346e-01
4.956499881915151784e-01 5.009185488191664204e-01 5.080545061768858561e-01 4.907819225249785422e-01 5.048637583515023231e-01 4.945921345646486778e-01 5.033027283090067971e-01 5.012317182299976803e-01 4.965499386407262183e-01 5.020377978076683290e-01 5.017223537373332043e-01 5.002946046466459906e-01
4.980541498307364812e-01 4.994591965893178109e-01 5.074633749674621885e-01 4.928730244372786506e-01 4.913550770579187543e-01 5.123964478704026160e-01 4.951900333962144796e-01 5.030219223492382596e-01 5.009921251713502777e-01 4.959283252939972186e-01 4.973705377695358809e-01 5.058957852666757793e-01
5.103791571985493158e-01 4.931434923730738662e-01 5.035494957823275497e-01 4.988270677183989643e-01 4.950240344001225479e-01 5.088171262581657750e-01 4.954907065844141867e-01 5.014900055092184061e-01 4.987552526385734541e-01 4.981774496586565681e-01 5.061406996107276068e-01 4.902055122678418697e-01
4.983402858151174675e-01 5.027403029805217471e-01 4.941790729007636274e-01 5.049295078324027575e-01 4.925711170913001369e-01 5.112722103075122426e-01 4.987884333915234558e-01 4.961003161056974919e-01 5.000391971047187800e-01 4.976425286981621121e-01 5.062974172218899227e-01 4.970996105504438267e-01
5.012452404178402432e-01 4.939721222374042764e-01 5.025651216653699294e-01 5.001654934772694627e-01 5.041415229430641354e-01 4.919580997150624357e-01 5.103954934130088272e-01 4.935459612972099563e-01 5.018501428747853543e-01 5.015585635191320835e-01 4.931640545724285674e-01 5.054381838674820715e-01
5.005482894032204921e-01 4.966352916286168040e-01 5.018175359312784245e-01 5.031755618166485755e-01 4.969212979401153030e-01 5.022305162275523260e-01 4.916930279333561193e-01 5.117049027257842830e-01 4.979040097012669697e-01 4.901938949184149741e-01 5.060388131232780307e-01 5.011368586505444700e-01
5.076143723879695813e-01 4.975673575685058414e-01 4.977262236925895089e-01 5.055111927904508695e-01 5.001677601726126632e-01 4.952249394120215031e-01 5.054287443556746418e-01 4.965514888583542619e-01 4.958952321269461394e-01 5.058378011007200747e-01 5.093954456192753000e-01 4.830794419149463392e-01
4.962912359256562711e-01 5.028461074861072522e-01 5.003933876530279878e-01 5.006319604670943502e-01 4.936585440079489517e-01 5.066328800566076707e-01 4.956218548768319132e-01 5.029833831624532792e-01 5.015982139830931219e-01 4.954938315971811891e-01 5.037970028395808431e-01 5.000515979445105952e-01
5.027597510068346764e-01 4.991841614637417268e-01 5.071209451259338641e-01 4.909125498813439181e-01 5.135300500463292339e-01 4.863756227742827010e-01 4.996290131113108601e-01 5.041274814398051252e-01 5.009528528467268593e-01 4.979603598950134713e-01 5.036550292839246934e-01 4.937921831247912285e-01
4.926677884642028937e-01 4.980022249131343393e-01 5.006900649737386910e-01 5.070933383130472594e-01 4.928144172300538695e-01 5.038941049185059473e-01 5.012848444128599201e-01 4.965263924065329570e-01 5.012482626312728673e-01 5.004005907463087155e-01 5.029705945946574275e-01 5.024073763957339622e-01
4.964326705843077336e-01 5.032047452352891304e-01 5.014506079992588905e-01 4.990773807684186769e-01 5.024558210537302116e-01 4.943316876181056418e-01 5.004954414036892896e-01 5.004776369760590704e-01 5.048829826868997950e-01 4.967772688584461416e-01 5.019917333714394303e-01 4.984220234443820230e-01
5.048632492480428224e-01 4.967740560745395606e-01 4.989734361158308373e-01 5.002842773494684536e-01 5.028289293154695194e-01 4.963273981094012965e-01 5.032378393743330847e-01 4.972660108921134192e-01 5.041768168774514169e-01 5.000247818272997025e-01 4.932133171768520175e-01 5.020298876392381704e-01
4.983062529329925217e-01 4.974578780415491175e-01 5.035957625490554701e-01 4.965548972972472774e-01 5.036054271734023979e-01 4.980688104350606271e-01 5.049686747604505976e-01 4.954381900794977422e-01 5.010917055506911577e-01 4.965911081854056386e-01 5.048017698045006441e-01 4.995195231902407329e-01
5.010453957438394390e-01 4.982195233419506319e-01 4.942177108781262707e-01 5.034391967983444793e-01 5.012137548873221160e-01 5.012171079889531367e-01 5.003161445872621460e-01 4.983481663516630689e-01 4.985230499031658158e-01 5.007633382621506923e-01 4.989924131881812164e-01 5.037041980691228105e-01
5.009609731037376612e-01 4.977950602549240378e-01 5.072220390014796632e-01 4.945127986009635879e-01 4.973272689258174672e-01 4.986626004869044171e-01 5.018367201218546514e-01 5.053686497300463598e-01 4.948734675243843251e-01 4.973229926822292368e-01 5.090797285833046359e-01 4.950377009844152409e-01
5.000183243090413621e-01 4.995925016462526291e-01 5.075409405666804208e-01 4.886096578827208159e-01 5.013411879941283011e-01 5.041331183052899512e-01 5.017480615219206408e-01 4.968967451453388806e-01 5.043289285581302739e-01 4.946900412656868307e-01 5.002630736683209012e-01 5.008374191365891903e-01
4.963775296659088121e-01 5.021884827985053645e-01 5.023798081762063106e-01 4.924613312384580333e-01 5.080954377800777078e-01 4.960268818139562108e-01 4.993583376760706849e-01 5.034214443941811279e-01 4.996938451276740079e-01 4.988150540311948600e-01 4.992296164900593691e-01 5.019522308077912776e-01
4.913324014186739586e-01 5.110409137838239912e-01 4.908167678529308242e-01 5.075451522965298556e-01 4.961589108448800634e-01 5.018081758174792739e-01 4.935951914387437522e-01 5.107353362904212268e-01 4.914809080612398962e-01 5.010086027878322135e-01 4.974111299733571800e-01 5.070665094341175738e-01
5.049758242119734009e-01 4.965065565796248359e-01 5.055313551739184508e-01 5.009141491742561403e-01 4.956081705825830519e-01 5.024802186167802720e-01 4.999451698557164092e-01 4.940374515449780790e-01 5.056076803996928382e-01 5.019813851496524038e-01 5.097885873374138344e-01 4.826234513735268572e-01
5.019527806700927464e-01 5.060145622981985225e-01 4.905898595690320052e-01 5.101206714123680541e-01 4.908276314658677197e-01 5.038040428271317595e-01 5.003590450417851887e-01 4.987307942381865589e-01 5.004336847831831747e-01 5.004746093349372593e-01 4.976805277853060261e-01 4.990117905739772652e-01
5.062611451687879516e-01 4.959142240061875651e-01 4.969224346864341002e-01 5.082471249797102519e-01 4.921315384208715948e-01 5.019143922865422214e-01 5.005472879042370815e-01 4.957104592526211939e-01 5.076724656680448033e-01 5.005168751385988823e-01 4.985877489707574717e-01 4.955743035173289512e-01
4.935464047375550667e-01 5.092667060410053237e-01 4.951243993701885948e-01 4.942405375683052715e-01 5.141567840222718289e-01 4.944186614472831920e-01 4.923106331078517806e-01 5.095835457330539775e-01 4.888288684129666883e-01 5.130209365910022301e-01 4.938964179482173700e-01 5.016061050204000393e-01
5.083835801993786818e-01 4.999264769630291649e-01 4.971492568286227653e-01 4.967716389670439603e-01 5.104758976187731001e-01 4.907177841041774347e-01 5.011675046145405155e-01 5.035918604221305550e-01 5.009602807772792765e-01 4.972146154212517821e-01 4.990406268234543474e-01 4.946004772604252753e-01
5.024096754185477520e-01 4.926529629387842446e-01 5.047116718005394409e-01 5.065869861097817006e-01 4.829935730322593157e-01 5.133749475355124936e-01 4.982478039391405877e-01 4.932002257097525821e-01 5.087359101183509535e-01 4.977361943886393636e-01 4.967981473152418559e-01 5.025519016934937300e-01
5.038881072229763891e-01 4.987083705439574466e-01 4.950255782541158611e-01 5.073071526220396255e-01 4.984189531363492076e-01 4.986691962940852374e-01 4.989377463454089390e-01 5.071861238043782194e-01 4.893751340955653228e-01 5.039694891951346234e-01 5.007583553613310645e-01 4.977557931247192924e-01
5.051986917867171689e-01 4.961678947905834858e-01 5.015338368387221024e-01 4.978454050204850212e-01 5.022998406860688103e-01 4.999256640110665839e-01 4.915928059823805318e-01 5.115122397609002114e-01 4.980877603764057859e-01 4.953158628041184897e-01 5.027985569468003124e-01 4.977214409958802266e-01
4.967794088889964099e-01 5.083509499787367547e-01 4.888345219335611946e-01 5.104873659669011410e-01 4.976426890429601069e-01 4.953418533790394651e-01 4.952915602538086048e-01 5.118924116410819014e-01 4.990379359388658065e-01 4.935961297894539968e-01 4.996967685706411033e-01 5.030484046160470513e-01
5.008080142644923960e-01 4.981916200738941702e-01 4.974918289578370567e-01 5.029722887506636875e-01 5.014559705021679470e-01 4.952217597911569014e-01 4.981347834486596904e-01 5.079529077216557997e-01 4.988175113339778366e-01 4.996486888176971952e-01 4.930961708910331920e-01 5.062084554467668474e-01
5.052407231440523283e-01 4.984943657611212720e-01 4.936794876062071680e-01 5.066881216461734949e-01 4.962958410598410364e-01 5.056402008605200837e-01 4.959480174023656596e-01 5.041249001203259583e-01 4.962602061731150593e-01 5.049059170241994021e-01 4.879073418046148136e-01 5.048148773975643655e-01
5.065511870443700770e-01 4.923605881905965820e-01 5.058151073964545219e-01 4.988324953304935638e-01 4.978880951423896306e-01 5.106718247307291403e-01 4.949493632698277468e-01 4.825839490177613600e-01 5.202164160903317569e-01 4.927489978063788745e-01 5.068153444407890174e-01 4.905666315399950239e-01
4.983470886147747247e-01 5.026065142583875378e-01 4.978429261854380172e-01 4.997959725953557975e-01 4.991616705325293557e-01 5.062799740302934559e-01 4.868877916770966152e-01 5.123710180709768469e-01 4.964109076766176631e-01 5.025702005833262431e-01 4.934212977496944541e-01 5.043046380256276384e-01
4.943701200618749736e-01 5.046078967162794804e-01 5.034963285046663017e-01 5.007144093131833396e-01 4.991557828638493177e-01 4.967242959243289846e-01 4.933742235464579906e-01 5.101864025908376954e-01 5.003482907118639300e-01 4.965241704757075158e-01 5.029595744359636189e-01 4.975385048550818867e-01
5.047799658989151617e-01 4.983633029105867807e-01 5.020155286216538837e-01 4.987540475201583390e-01 5.006491276855435935e-01 4.984236761602162669e-01 4.991650669372461047e-01 5.037019403979183796e-01 4.986211627268839486e-01 4.964382268628536599e-01 4.964697462902669667e-01 5.026182079877972164e-01
5.034893597210432503e-01 4.943101053928126709e-01 5.010081802083987679e-01 5.025589174937387105e-01 4.985882076844813104e-01 5.002043913705259692e-01 5.063794205719835961e-01 4.936689822128065286e-01 4.997464327576753296e-01 5.022371192369173842e-01 4.962379089766680296e-01 5.015709743730492054e-01
5.003948317127919765e-01 4.990527300938317756e-01 5.059358637172800544e-01 4.895146183684496721e-01 5.126387184047518364e-01 4.951407144472533273e-01 4.983398228307125977e-01 5.020352716121748715e-01 4.976022933488335465e-01 5.010256858915604905e-01 5.019976956022382808e-01 4.963217539702060033e-01
4.987272088406381476e-01 5.004704749188119139e-01 5.048276370000321922e-01 4.935830661809508246e-01 5.042616804850804657e-01 4.989859592660276233e-01 4.998974390475611762e-01 4.992657965139233878e-01 5.037359216652181892e-01 4.931503159485033927e-01 5.054266331928343181e-01 4.976678669404898114e-01
4.964574923611072554e-01 5.048261105557448891e-01 4.949004284081280347e-01 5.014925779835197606e-01 4.967711227728969225e-01 5.036885250280944692e-01 5.031899432688005103e-01 4.933346671525843385e-01 5.080255992878079940e-01 4.935905121788454197e-01 4.968929292946393517e-01 5.068300917079855417e-01
5.064672697892349529e-01 4.981393588177694953e-01 4.976879214646654503e-01 5.005661025133827380e-01 4.990229310334310941e-01 5.069506520453662679e-01 4.942055745685799417e-01 4.915133763261755329e-01 5.143987563032645927e-01 4.950177733106500555e-01 4.988022156078611991e-01 4.972280682197611767e-01
5.072842712142271449e-01 4.929427202510623385e-01 4.962949329597161618e-01 5.132172766219655902e-01 4.904030056345660693e-01 5.053382001572281901e-01 4.965920748729351075e-01 4.967531827191065674e-01 5.091142473900805987e-01 4.896597268031440686e-01 5.014073694926803881e-01 5.009929918833055940e-01
4.946558468466750735e-01 5.036968573768880741e-01 4.955131043708691507e-01 5.052033250211316329e-01 4.987367613293484103e-01 5.014525476042563934e-01 4.942019880995174863e-01 5.054869368043122257e-01 4.962097519841398019e-01 4.994019929931262647e-01 5.059147097188292364e-01 4.995261778510133310e-01
5.036119694320392304e-01 5.011335262424283510e-01 4.987400021997998589e-01 4.987343378393538917e-01 4.984976772624952202e-01 5.032948150440705870e-01 4.971477567191978086e-01 5.025736955546468154e-01 5.052503719074055155e-01 4.924367005648994100e-01 4.968257734157161543e-01 5.017533738180572911e-01
5.040496442522441889e-01 4.953660436732439387e-01 5.032701322504059549e-01 5.000698025422791737e-01 4.982465727104550823e-01 5.040598844959136571e-01 4.936963064741069496e-01 5.009922224522496137e-01 5.093766301541234887e-01 4.913779581736912871e-01 5.060102385946502190e-01 4.934845642267182697e-01
5.106187164566213799e-01 4.981585086642409954e-01 4.977704073938329921e-01 5.003107518061142844e-01 5.024001878095145646e-01 5.027004151995826398e-01 4.937834131313054153e-01 5.025497577251174519e-01 4.957089551382583004e-01 5.065624064316610609e-01 4.980677021348827727e-01 4.913687781089767781e-01
4.979970693607543852e-01 4.978293072199078684e-01 5.013667845669347312e-01 5.057829894523291347e-01 4.850439180652965643e-01 5.122231804019938828e-01 4.989534845718004430e-01 4.984253383652113567e-01 5.027305321302956154e-01 5.003876467175413234e-01 4.988725432281364003e-01 5.003872059198937183e-01
4.988059080351173735e-01 5.016045435794653784e-01 5.026905792289455555e-01 4.913843515824248831e-01 5.093415032118752128e-01 4.919792549127145476e-01 5.067917204577399026e-01 5.001514517957736938e-01 4.981073633918692289e-01 5.001144900595995146e-01 5.016708164338148368e-01 4.973580173107207125e-01
5.034452010889538531e-01 5.025952538887374921e-01 4.981133362046240021e-01 5.039502270713542842e-01 4.967336077542535144e-01 4.965725181416785761e-01 5.030136266344931162e-01 4.991674866076228900e-01 4.984960509242732929e-01 5.048030008033356220e-01 4.998145140009876419e-01 4.932951768797180780e-01
5.047021495929754353e-01 5.008804715966261867e-01 4.983263040472511451e-01 4.966068723791797757e-01 5.022295810244798986e-01 4.951656905892216631e-01 5.094351961500984682e-01 4.957342221938199622e-01 4.959416303277092153e-01 4.982883875136552287e-01 5.093657417369581442e-01 4.933237528481044798e-01
4.990233571030943116e-01 5.009103718523314486e-01 4.978678396347937518e-01 4.983993253479129804e-01 5.070020852211284401e-01 4.901865689296882045e-01 5.051347803112531398e-01 4.982129166665846265e-01 5.032987686450993703e-01 4.970422725186017798e-01 4.996942182194726856e-01 5.032274955501002678e-01
4.971989379802373987e-01 5.049069435805724204e-01 5.106539177345605918e-01 4.794707226905300379e-01 5.142498756384197289e-01 4.980963138744885499e-01 4.909428451477330091e-01 5.128217939344215104e-01 4.935670163634868768e-01 5.058152705553284889e-01 4.947170567528278440e-01 4.975593057474768099e-01
4.943712258633673473e-01 5.077562436584928118e-01 4.921619017175680177e-01 5.046939205363270009e-01 4.948476728754377940e-01 5.077419749843221641e-01 4.932918463192443870e-01 5.013841904064062494e-01 5.003144002427503123e-01 4.994114535673143118e-01 4.992063431932633466e-01 5.048188266355722043e-01
5.017802944792941755e-01 5.015983542168751530e-01 5.031891275002626784e-01 4.989129985348270679e-01 4.999622687209571148e-01 4.947746923485688564e-01 4.996193527443335558e-01 5.076325255697865524e-01 4.959442191013081480e-01 4.972663103337724433e-01 5.026282378118400729e-01 4.966916186382630549e-01
4.930717729731828314e-01 5.001365848238222833e-01 5.046766973596026329e-01 4.929707325928759376e-01 5.156079163515331354e-01 4.927794684102086986e-01 4.964454009151072489e-01 4.981790064485696057e-01 5.060143684362430339e-01 4.976265772538703280e-01 5.014798378380302957e-01 5.010116365970063157e-01
4.946653374459171193e-01 5.023086464428835329e-01 4.952008291742390211e-01 5.046181074438013114e-01 4.996776319593445592e-01 4.985765873191283504e-01 5.023635703702695743e-01 4.968823889539644156e-01 5.053092036928377162e-01 4.958395671277942007e-01 4.964896709943579234e-01 5.080684590755563113e-01
5.021901917735869247e-01 4.992334411073160449e-01 4.985562014745514303e-01 5.035837743111334364e-01 4.939235489373549060e-01 5.004764632980279737e-01 5.063798333795290763e-01 4.988616188554954589e-01 5.030321618689902463e-01 4.975768363431707364e-01 4.959561901808459128e-01 5.002297384700505889e-01
4.985599351581223582e-01 4.947422396740867034e-01 5.033662694286920036e-01 5.021753155485912945e-01 4.966688753018232982e-01 5.038758891478634094e-01 4.986715680290567110e-01 4.938717629788215158e-01 5.011115012622469056e-01 5.070262959295619432e-01 4.952636254634457669e-01 5.046667220778073837e-01
5.039878416333782862e-01 5.034334894204555155e-01 4.910478162355461640e-01 5.030134374043963019e-01 4.996080616846659272e-01 5.071692179630623576e-01 4.887431642526377518e-01 5.172607923279910480e-01 4.947381952499314006e-01 4.937765448030567716e-01 4.998963039824163568e-01 4.973251350425167971e-01
4.936055692982185272e-01 5.029573650963365949e-01 4.867301206059031493e-01 5.068374656060961048e-01 5.079661838627342885e-01 4.989090901885687157e-01 4.949875067285096630e-01 5.039334863280819921e-01 4.979184824913758800e-01 5.007726802292012946e-01 5.010509797027836720e-01 5.043310698622374133e-01
5.049215459206032319e-01 4.987146440079395227e-01 5.115568711982974026e-01 4.839106466089629910e-01 5.067299116001603432e-01 4.998030771621931323e-01 4.980200900924573459e-01 4.951912366482159045e-01 5.096860370757738679e-01 4.953659754926293401e-01 4.992427220227250162e-01 4.968572421701478170e-01
4.990635619357815522e-01 4.990052219825231172e-01 4.957655906053030082e-01 5.088318538022214010e-01 5.002231949393523003e-01 4.907154977817433927e-01 5.055629520940894128e-01 5.032470847908785405e-01 4.944762861483900651e-01 4.982540055585660266e-01 5.121487950299092873e-01 4.927059553312922446e-01
5.044175515098960894e-01 4.900783653464099165e-01 5.071853076024276374e-01 4.978324239718390776e-01 4.985703913879628857e-01 5.033624657026690707e-01 4.988989690224052698e-01 4.997074922462633739e-01 5.011844756109185006e-01 5.013191975634374575e-01 4.981868574576687747e-01 4.992565025782493837e-01
4.905212216286695681e-01 5.123250078555836584e-01 4.960617434118501645e-01 4.958396495877123167e-01 5.053096935269372203e-01 4.945109183307994649e-01 5.020831572788133634e-01 4.998273188497416308e-01 5.102552190065686721e-01 4.959041403890011024e-01 4.877382269944930959e-01 5.096237031399001305e-01
5.025354662838354969e-01 4.982104129412643356e-01 5.016290242735728100e-01 4.986671393377274941e-01 4.994379483346096937e-01 5.026375219223628843e-01 5.011920163620114943e-01 4.950517302113470741e-01 5.059972113834976248e-01 4.945780530290183052e-01 5.051760711236394918e-01 4.948874047971736356e-01
4.989099223035179942e-01 4.988713898788596501e-01 5.062279248983303503e-01 4.992109518823743541e-01 4.998738857711674255e-01 4.975916416688919153e-01 5.006611762082289196e-01 4.979705713253829158e-01 4.963699416160906042e-01 5.083650153282562867e-01 4.971469590759973745e-01 4.988006200429548898e-01
4.961365901500104370e-01 5.020500561117702265e-01 5.027789499597403733e-01 4.936334512632601923e-01 5.104574649285498200e-01 4.938369943057945299e-01 4.983113627717891125e-01 5.040651193292130516e-01 5.005878279139037712e-01 4.957085399564647998e-01 5.034533813181658601e-01 4.989802619914013304e-01
4.972541738579939752e-01 5.027897656137262361e-01 4.955418623304456149e-01 5.023215480604789063e-01 5.014888205508347685e-01 4.986005940324841901e-01 4.959431907283221586e-01 5.063295385344408484e-01 4.928630670298191907e-01 5.019523871337654430e-01 5.020711808131019804e-01 5.028438713147129757e-01
5.013152654136160402e-01 4.997997910224206697e-01 4.899143662144087585e-01 5.141235323028447990e-01 4.903669587525916751e-01 5.021901821795111687e-01 5.047380391356413032e-01 4.937970162729081736e-01 5.061727676513605445e-01 4.989385225045805949e-01 4.906511361110124647e-01 5.079924224391186849e-01
5.025699279212019199e-01 4.973205363171625537e-01 5.021140588059590515e-01 4.971458045000927140e-01 5.033259087562014233e-01 4.984140284358277162e-01 4.975894744643214462e-01 5.021520072495244680e-01 5.033586868568439288e-01 4.969799744634657568e-01 4.975830024340920366e-01 5.014465897953603868e-01
4.971366354062352055e-01 5.049223355369585331e-01 4.929260261192758286e-01 5.003653821224007814e-01 4.973186167852050588e-01 5.057430713339958750e-01 4.978223212376620688e-01 4.997561852388089365e-01 5.013234875432640569e-01 4.910459358418138853e-01 5.011331131258183191e-01 5.105068897086384450e-01
4.984518253724826153e-01 5.045023309715632731e-01 4.988848687026651296e-01 4.989301122848900372e-01 5.016061272079781475e-01 4.991438828290516438e-01 4.967843857028859667e-01 5.061883129099593592e-01 4.903120134474263647e-01 5.126740857813814056e-01 4.873864436937319633e-01 5.051356110960514290e-01
5.043755321198000185e-01 5.016308172370107510e-01 4.927052685209855065e-01 5.022993008258536118e-01 5.024151919910346820e-01 4.980102838218013472e-01 5.057128762735488836e-01 4.914500874356638738e-01 5.031711203561352042e-01 5.034915017094833134e-01 4.940150987313108866e-01 5.007229209774501921e-01
4.920325711528422685e-01 4.987109487916900896e-01 5.030978081153203441e-01 5.000936428310851500e-01 5.025096845168063320e-01 4.951240464662762797e-01 4.974083702370549198e-01 5.070848330104691382e-01 5.028948233477937846e-01 4.869305035026114670e-01 5.067067217686671565e-01 5.074060462594065513e-01
5.034309680109396723e-01 4.974974726828739202e-01 4.991905510235877808e-01 5.018944429330245427e-01 4.954234446750341858e-01 5.081837814800262976e-01 4.976856976942389821e-01 5.007490097823494857e-01 4.926250741361978824e-01 5.083869751051822705e-01 4.992239694794550209e-01 4.957086129971841060e-01
5.053939867886183546e-01 4.965320146770119680e-01 4.989405686682349961e-01 5.016867497012387211e-01 5.042872530467557013e-01 4.986890954527763986e-01 4.905330977926036784e-01 5.084544274087676730e-01 4.985668102238193233e-01 5.014749543935371756e-01 4.946568488132278563e-01 5.007841930334755443e-01
4.961329444675136591e-01 5.033633624392750416e-01 5.010811182653143181e-01 5.006059971172943657e-01 4.986275168982668982e-01 5.003033144809808652e-01 4.994001751380441889e-01 4.991288643553817295e-01 5.006769438654621318e-01 4.991586023234652614e-01 5.012758412535442964e-01 5.002453193955272992e-01
4.987830403211853669e-01 5.028855895198316439e-01 4.984176489120126785e-01 4.982852847741333635e-01 5.050632080646924038e-01 4.934596215786287710e-01 5.040051042155553329e-01 4.951963389366443868e-01 5.073954587308516784e-01 4.945173369682155373e-01 4.995080797231640224e-01 5.024832882551467650e-01
4.885989268827415910e-01 5.119864746429567681e-01 4.973271220618475930e-01 5.038378608687905658e-01 4.928736325989466760e-01 5.045471500263383202e-01 5.011213941688530404e-01 4.968105284859367088e-01 5.013658241951154393e-01 5.038049327407496669e-01 5.017190917386933346e-01 4.960070615891004620e-01
4.987269232457142709e-01 5.083659976443937190e-01 4.893060404451751166e-01 5.002806081946217232e-01 5.067462210462599925e-01 4.965900730239374283e-01 4.961208042807669361e-01 5.037950371501205282e-01 5.039802664865815629e-01 4.923681681244905795e-01 5.030324004091051293e-01 5.006874599488817523e-01
5.033916180941372387e-01 4.995132673875152807e-01 5.062991563839074338e-01 4.924451234550660805e-01 5.025767064311827959e-01 5.081719151276937740e-01 4.889376383022310257e-01 4.998309748062808033e-01 5.025953278945446412e-01 4.994335666761127723e-01 5.055319796751028827e-01 4.912727257663074276e-01
5.064863524403115935e-01 4.965691927136856032e-01 4.975622503121360229e-01 5.050768557085367760e-01 4.936415375288181195e-01 5.016056818776509774e-01 5.046938079297851321e-01 4.965312743910395010e-01 4.978725314028536464e-01 5.029955193715126560e-01 5.028384869177577876e-01 4.941265094060295904e-01
4.975149177199464923e-01 5.012155449264786844e-01 5.004798915168655604e-01 4.967694425424274973e-01 4.993285240899901778e-01 5.030404275535893532e-01 4.980370426940435302e-01 5.086326596580746928e-01 4.901024788168510948e-01 5.010418973941621612e-01 5.035718223405214466e-01 5.002653507471281902e-01
5.034029738939252985e-01 4.950064822027884226e-01 5.064672659710682812e-01 4.930208680282119893e-01 5.060816479272445267e-01 4.996603867825832324e-01 4.961945328777147557e-01 5.039863946770537506e-01 4.970077488232791940e-01 5.028103500165572726e-01 4.980402343364886408e-01 4.983211144631803369e-01
5.022501282008998702e-01 4.999989181518043058e-01 4.921440102542727901e-01 5.076625287927531982e-01 4.927366572460420424e-01 5.037368338426868597e-01 5.022858497332270966e-01 4.965180362715253537e-01 5.039456226187029042e-01 4.940734255550871534e-01 5.013940272034018708e-01 5.032539621296782117e-01
5.052090899676893176e-01 4.988902469263810646e-01 5.018770148390220287e-01 4.893089022525636267e-01 5.148305559444434909e-01 4.857253019923564175e-01 5.054463589389333045e-01 5.012209785139414286e-01 4.995766254795094841e-01 4.984454554515669322e-01 5.021612442840593937e-01 4.973082254095698151e-01
5.023143182521967454e-01 5.052702059814770941e-01 4.990887831359866467e-01 4.944052545962544509e-01 4.934512740308660828e-01 5.119199031989866144e-01 4.955806383551975003e-01 5.044650828416799015e-01 4.925649203857820901e-01 5.105407757646007738e-01 4.819264364677475765e-01 5.084724069892559983e-01
4.989696526164094648e-01 4.931194936897649317e-01 5.099047740153228592e-01 4.962631206010976181e-01 4.984492937469415796e-01 5.007651753308690612e-01 5.052756123600474769e-01 4.862139323921411127e-01 5.119106697938845540e-01 4.977431556570749982e-01 4.992013544243414369e-01 5.021837653722240891e-01
4.976484117392307449e-01 4.851021153110413042e-01 5.130231034773851118e-01 4.971532294221731041e-01 5.026688155259982915e-01 5.031974064698334637e-01 4.931922765891762483e-01 5.045615047829826727e-01 4.966756555754570646e-01 4.994282805413253756e-01 5.035470469004543759e-01 5.038021536650394427e-01
5.054775914015720018e-01 4.960110122835438839e-01 5.025065616547673697e-01 5.008492266074342503e-01 5.018634464251512384e-01 4.939777499545518480e-01 5.015845687144695475e-01 5.037713180962081205e-01 4.965864912705759693e-01 5.026790659100541792e-01 4.984446492946210672e-01 4.962483183871296832e-01
5.018909149530890179e-01 5.017555881287889541e-01 4.966602680682275506e-01 5.015502569854881632e-01 5.025831132605189655e-01 4.993157969563788434e-01 4.975164632459118108e-01 5.021417902368388031e-01 5.043739948642156357e-01 4.964732856874964906e-01 4.972319391039129455e-01 4.985065885092163085e-01
4.959495509006566216e-01 5.043862915674720560e-01 4.971746815079455262e-01 4.964105898678532469e-01 5.027856107829135057e-01 5.032612149174467975e-01 5.017441631896442100e-01 4.993108388935350028e-01 4.919708980927943176e-01 5.005039119264100833e-01 5.078136560022541435e-01 4.986885923511198970e-01
4.956951822851207723e-01 5.032981807558625231e-01 5.065769179093961849e-01 4.897226957756475318e-01 5.041838156344410349e-01 5.023393441667067805e-01 4.939722437859130899e-01 5.048357323324447199e-01 4.947978048813705954e-01 5.064501519996943424e-01 4.978734680743250318e-01 5.002544623991558304e-01
5.064917696391453283e-01 4.955544814985877178e-01 5.052895793893348309e-01 4.985667501992435136e-01 5.005639238715667849e-01 4.964944683196499953e-01 4.997490574899018378e-01 4.991138636132109729e-01 5.072297020243367038e-01 4.976555643302986165e-01 4.969664359139825960e-01 4.963244037107908402e-01
4.960404221286460746e-01 5.049947291774325997e-01 4.968891226213625889e-01 5.004621042034893552e-01 4.999055211985579672e-01 5.018314826730911893e-01 4.941333873238183960e-01 5.102343214798047422e-01 4.927434251200775162e-01 4.999294864266249361e-01 4.990069283606259343e-01 5.038290692865339260e-01
5.051003104337510319e-01 4.936040790456853733e-01 5.029614155868952219e-01 4.966077729123698492e-01 5.035103770661017997e-01 4.977696941875541237e-01 5.042330881558041433e-01 4.954131325924613360e-01 5.029111185182777444e-01 5.021704757612031056e-01 4.935911371325485408e-01 5.021273986074665796e-01
5.011190439511487016e-01 4.952938219188945390e-01 5.041497250876706415e-01 5.003654147669944763e-01 4.976519179503293699e-01 4.967972684712589904e-01 5.032372120470987031e-01 5.044460786970214050e-01 4.939526114354970687e-01 5.042581438190124610e-01 4.934023460765821767e-01 5.053264157785097854e-01
5.047355969435218803e-01 4.963596972244102012e-01 4.971522657914330123e-01 5.082502769809043031e-01 4.944856886434657595e-01 4.997371762881310797e-01 5.024241870421750633e-01 4.951298381064481169e-01 5.155968149285756752e-01 4.836213650028736710e-01 5.014973186579656517e-01 5.010097743901731349e-01
