4.118942435056794915e-01 4.134375761859164777e-01 4.585537211359723697e-01 4.139957141001310292e-01 3.687179117421185426e-01 4.247660558911843243e-01 4.227718776681027579e-01 4.295889092841878587e-01 3.928474313527587913e-01 4.149696808888825306e-01 4.292306536381166882e-01 4.192262246069773379e-01
4.192137532778769105e-01 3.854458391266423756e-01 4.186763805056342713e-01 4.048695000688814494e-01 3.878843373799466532e-01 3.872017089683722491e-01 4.248384126405175820e-01 4.596637292693257493e-01 4.605593389930329740e-01 4.262044796616455411e-01 4.379322353540673340e-01 3.875102847540686790e-01
4.474039624273149496e-01 4.249490242977543297e-01 4.187945012462473970e-01 4.210038992311418982e-01 3.773366260243596892e-01 3.869367278999142901e-01 4.446689433403263614e-01 4.159590965362884862e-01 3.924655310453680768e-01 3.849948241242887037e-01 4.271846525458841137e-01 4.583022112810985482e-01
3.700591158640174072e-01 3.916546803421143697e-01 3.970530244115776375e-01 4.434751508648261398e-01 4.553910884184852459e-01 4.485906232800264126e-01 4.356601718543965940e-01 4.341793335462554304e-01 4.242400774314543099e-01 3.932508670099316150e-01 4.319124384142674633e-01 3.745334285626756299e-01
4.474257460888430016e-01 4.577017509018951880e-01 4.484068584209573993e-01 4.593332821826811019e-01 4.326572409636580963e-01 3.953914478358604434e-01 3.963242760912804030e-01 3.485833217563399922e-01 4.219668709022939557e-01 4.473686360481825552e-01 3.502810528483573105e-01 3.945595159596640977e-01
4.194616575053279894e-01 4.294987473001698475e-01 3.951649736722356310e-01 4.010442829378114138e-01 4.116306777485428947e-01 4.010396724431867232e-01 4.188589784394914917e-01 4.162317685941692158e-01 4.222571542366064801e-01 4.357835379661109121e-01 4.497033646034324095e-01 3.993251845528896227e-01
4.171126909427146368e-01 4.287820721959494374e-01 4.165059963866574733e-01 4.197546510725518876e-01 4.190621990881093772e-01 3.762360207544822588e-01 3.905730589255768104e-01 4.268158257806353717e-01 4.289021943324194952e-01 4.351985418430635022e-01 4.064669994861902502e-01 4.345897491916350108e-01
4.396128761562027587e-01 4.457106103552304077e-01 3.801847211486565348e-01 3.561617984357235978e-01 4.166706420122512355e-01 4.252425732719906093e-01 4.622686872452369533e-01 4.440086311712038158e-01 4.232015357393574817e-01 3.646871819963191652e-01 4.199524968669361424e-01 4.222982456009205521e-01
4.441033936310588848e-01 4.552582601249133276e-01 4.234811763218298553e-01 3.814849447105466140e-01 3.892861163852394668e-01 4.034799009418231219e-01 3.968997832949400228e-01 4.090733733381406445e-01 4.107869096311550505e-01 4.418595834583284865e-01 4.053898847789103588e-01 4.388966733831002331e-01
3.960487095702973637e-01 4.083025488537534997e-01 4.142147792148409557e-01 4.254010038177456487e-01 4.550892971033394518e-01 3.828999248530120525e-01 3.962448349152181692e-01 4.464805299582093046e-01 4.583827503858379782e-01 4.053435613771962376e-01 4.248878611809691064e-01 3.867041987695801764e-01
4.312850243494643632e-01 3.878660795255166605e-01 4.245233454974375320e-01 4.311129111040440387e-01 4.267571253873233550e-01 3.840405443932169427e-01 3.669238037792839635e-01 4.061769305071130653e-01 4.415726064584981625e-01 4.482875685295592549e-01 4.054608336112743849e-01 4.459932268572933678e-01
4.046199644100229031e-01 4.208682950036544690e-01 3.825685024019578884e-01 4.081125988635749824e-01 4.538993462375511267e-01 4.447742126372000726e-01 3.899087529581890532e-01 4.183207308598798080e-01 4.033439858430336589e-01 3.840933947959737638e-01 4.323117406455282974e-01 4.571784753434074977e-01
4.452964887608312772e-01 4.419476715708573478e-01 4.052556020255260183e-01 3.930987929546859716e-01 4.592953485064899533e-01 4.292022591119412644e-01 4.207157787965903339e-01 4.522238449793211101e-01 3.928775284597265660e-01 3.995251237288236501e-01 3.786758767843356743e-01 3.818856843209170182e-01
4.485823477937582737e-01 4.558338563492858042e-01 4.153947297722150322e-01 3.927389076183216421e-01 4.036143075960779703e-01 3.780217794952397958e-01 4.200096376500385698e-01 4.165802843669060285e-01 4.148424132262222286e-01 4.045804408021754783e-01 4.346939222472976927e-01 4.151073730824981212e-01
4.093451558048658567e-01 4.122545918175095636e-01 4.229718711406165732e-01 3.944208013344698838e-01 4.139430404570086930e-01 3.946069996627309950e-01 4.014393136043710175e-01 4.531947614401538038e-01 4.211577310467015667e-01 4.326354585472236280e-01 4.297148531674629401e-01 4.143154219769173974e-01
3.925625366090446655e-01 4.352582048083929456e-01 4.053479264156915618e-01 4.114332559933885358e-01 4.029173244747721316e-01 4.017818506306030102e-01 4.479883579127003634e-01 4.361126161054245109e-01 4.020549172417530182e-01 4.450724020579499562e-01 3.986958649484713679e-01 4.207747428018084879e-01
4.562082629064565520e-01 4.354514874061627405e-01 3.316147461333935342e-01 3.847312473716504311e-01 4.202723642018110217e-01 4.390786211922987903e-01 4.345166557933576867e-01 4.163749222190540333e-01 4.271129046322714728e-01 4.398933112723223404e-01 3.973743022300199601e-01 4.173711746411756796e-01
3.930047422544519775e-01 3.386997144205342591e-01 4.395043157117192734e-01 4.397826231188718960e-01 4.404586356179105433e-01 4.398757090342696463e-01 4.003737387208869958e-01 3.698807387043858697e-01 4.258939841974914708e-01 4.275117978986011091e-01 4.587431139847448214e-01 4.262708863361545641e-01
4.110935394468243631e-01 4.354982512293120167e-01 4.265609125879598618e-01 4.294601572457151795e-01 4.289408292677960310e-01 3.996991012424560008e-01 3.763637015452635515e-01 4.603594021839383377e-01 4.369190749282020336e-01 4.367021958683411365e-01 3.974934878399676852e-01 3.609093466142553330e-01
4.400733214963050699e-01 4.457874957160214979e-01 3.979135095542222222e-01 3.868763934794197112e-01 4.270545815683631785e-01 4.196421437604023197e-01 4.127442052104291492e-01 4.396891748876673445e-01 4.182202519410165298e-01 4.126983255729871347e-01 3.634172581228761745e-01 4.358833386903401275e-01
4.199166805197763197e-01 3.595151654512274142e-01 3.549108807807180854e-01 4.192832524447979714e-01 4.542544859786767364e-01 4.386740552833958140e-01 3.724095928620874130e-01 3.963461046725980652e-01 4.402599013404656647e-01 4.609213917121550153e-01 4.621431527150453022e-01 4.213653362390528123e-01
4.184097880046971918e-01 3.926794991961857217e-01 3.998536145638239003e-01 4.369954313401279156e-01 3.606767068467163773e-01 3.855361656447197083e-01 4.274102695339135893e-01 4.199923498420717327e-01 4.401557495938668851e-01 4.521686083585378935e-01 4.209946427484481113e-01 4.451271743268971348e-01
4.025014718395918401e-01 4.302877153334049298e-01 3.952160441382617240e-01 4.383840185750568219e-01 4.374732026590649747e-01 4.457489924596460540e-01 4.364693613341118494e-01 4.147981375366436296e-01 3.985543636891764052e-01 3.964168541358231157e-01 3.822544242873574527e-01 4.218954140118639229e-01
4.247071040351346749e-01 4.480935740586006188e-01 4.492276812483472215e-01 4.243033940474078558e-01 3.864057543710355258e-01 3.948318021889204443e-01 3.977119235445368828e-01 4.156103873332098741e-01 4.312063815939377598e-01 4.509959280705557738e-01 3.746611635125068340e-01 4.022449059957786677e-01
4.227597547597862215e-01 4.195779687419431414e-01 4.393681032549888732e-01 4.113744685887654740e-01 4.260191392684201661e-01 3.972541533011779147e-01 3.797360120323944876e-01 4.185232055450823774e-01 4.187854968957429591e-01 4.550278960131345363e-01 4.083369082424443963e-01 4.032368933561069624e-01
4.256720124478373668e-01 4.358938092187108482e-01 4.025145185735370945e-01 4.267922598292840930e-01 4.301159978261526740e-01 4.286003217336082916e-01 3.966304087633846231e-01 4.304555995386319944e-01 4.374403680267071048e-01 3.994375674792762787e-01 4.027674901936075802e-01 3.836796463692945802e-01
4.281665046494821381e-01 4.289413050290257767e-01 3.626336646277325548e-01 4.085346260685379649e-01 4.236346872319638468e-01 4.183117436599821382e-01 4.029409314180777968e-01 3.969942169494988793e-01 4.175709580594186843e-01 4.343448904016616874e-01 4.359156181395632546e-01 4.420108537650775937e-01
4.073452537088578795e-01 4.101631874434822356e-01 3.988849883019728870e-01 4.314082485916558296e-01 4.072344849703844472e-01 3.961835011102028403e-01 3.974873971300278974e-01 4.450692155115181792e-01 4.290393528286381430e-01 4.440859272255186507e-01 4.337741248116515624e-01 3.993243183661033813e-01
3.997617842143711409e-01 3.803856021020021738e-01 4.169623595161723317e-01 4.075119062768354228e-01 4.222052902238664362e-01 3.916050894772109547e-01 4.314901181510435446e-01 4.533018595408199181e-01 4.489179960881888864e-01 4.127908619740936480e-01 4.058280307774690399e-01 4.292391016579221175e-01
4.254595135881816259e-01 3.679271357855731228e-01 4.278803745409964776e-01 4.322236107698407270e-01 4.266436805272330046e-01 4.224401860119288421e-01 3.914047410186731746e-01 4.173433976438752913e-01 4.245966458064894256e-01 4.226851882401694294e-01 4.144328272944023395e-01 4.269626987726743428e-01
4.261063128562236346e-01 3.460271247743098577e-01 3.916238522882589113e-01 4.306700597242156259e-01 4.634068700598360513e-01 4.452927755457862791e-01 4.128504013540378326e-01 3.882996208881378530e-01 3.808210397692747273e-01 4.231741160392981649e-01 4.376989462682663867e-01 4.540288804323847627e-01
3.874324860490037659e-01 4.179281357435253308e-01 4.206150124501540910e-01 4.305155956736873013e-01 3.922105457208280299e-01 3.937404949715870295e-01 4.191976736929626801e-01 4.569273502881811000e-01 4.401184823646328570e-01 4.076589212216932268e-01 4.034379857210438347e-01 4.302173161026831005e-01
4.065217552750257091e-01 4.352917401083364335e-01 4.190135418037749249e-01 3.780892337789282798e-01 4.114426869505515283e-01 4.272144914292150819e-01 4.254540193932251357e-01 4.371451277249888134e-01 3.862759257514726818e-01 4.082213390897361238e-01 4.380687092666413762e-01 4.272614294281042446e-01
4.228178439017534207e-01 3.844094587289291209e-01 4.052860321449117675e-01 4.183756391366403316e-01 4.441219575597211700e-01 4.337709813142260895e-01 4.495651590952565169e-01 4.019956341952485857e-01 3.512121549689578570e-01 4.378415429559253114e-01 4.333045570412933922e-01 4.172990389571789027e-01
4.541980730365731134e-01 4.311300495673339173e-01 3.965079976383729665e-01 4.132256844493480408e-01 3.456693569298208146e-01 4.451944452392581630e-01 4.517484870112674078e-01 3.912749733591583401e-01 3.999985535857620844e-01 4.149529820296088412e-01 4.194932037354490162e-01 4.366061934180318072e-01
3.827066825041309794e-01 3.851045486302924203e-01 4.217703980683289444e-01 4.031690444581569333e-01 4.483749224497931007e-01 4.417577036404466417e-01 4.399788277173090623e-01 4.360878914033922693e-01 4.093572680229659588e-01 4.195200675081999231e-01 4.079326186636282325e-01 4.042400269333351059e-01
4.250520592681534260e-01 4.247961481077202617e-01 3.542388661128080818e-01 4.392525042075742236e-01 4.250440581990751476e-01 4.137700972583971959e-01 4.457064280359021580e-01 3.990744331761437724e-01 4.314106010077968234e-01 4.173235914686849735e-01 4.067844608603720102e-01 4.175467522973633216e-01
4.456710043563312240e-01 4.099140908923801785e-01 3.837898321763408283e-01 4.125730215809881862e-01 3.876992457911716539e-01 4.426388983640384689e-01 4.413839878927647842e-01 4.425681140334616348e-01 4.170818858077609548e-01 4.370555840867929032e-01 4.160642347876208902e-01 3.635601002303532336e-01
3.982292583455077084e-01 4.004196168998402916e-01 4.468420560138482434e-01 4.387545152458193765e-01 4.080997430526466241e-01 4.053368350611404880e-01 3.833261766241485291e-01 4.357263631375803414e-01 4.320139994093046831e-01 4.288170245170144224e-01 4.221327530535518568e-01 4.003016586396127563e-01
4.154069511470805942e-01 4.403505722395307798e-01 4.490713638319461243e-01 4.280833631106016890e-01 3.990395129047947798e-01 3.756222379295573455e-01 3.858361806186327847e-01 4.099591194419812124e-01 4.107026614227595185e-01 4.301700479838591051e-01 4.351010266740019672e-01 4.206569626952624263e-01
4.354003205358007444e-01 4.545872343420445660e-01 4.612576180887109079e-01 3.900310366325077105e-01 4.256897344613813083e-01 3.781640361606358192e-01 3.972243779334561076e-01 4.474838485919452324e-01 3.830733589503012015e-01 4.022102273195831135e-01 4.092296931035279139e-01 4.156485138801301327e-01
4.318046325364164884e-01 4.531198551715686085e-01 3.848163869823640337e-01 4.107807820634200024e-01 4.360889637457790458e-01 4.405572224512196433e-01 4.210702190108829290e-01 3.989658368565739410e-01 4.306661765502255435e-01 3.470785338912877327e-01 4.222846989192974299e-01 4.227666918209562752e-01
4.509794422998043562e-01 4.379345182820503224e-01 4.269890831487540561e-01 3.995578345840715695e-01 3.480669781579766586e-01 4.185439120068426000e-01 4.203106230255699849e-01 4.169696740053527306e-01 4.147599268298939323e-01 4.146265911999003073e-01 4.133284485874501035e-01 4.379329678723488106e-01
4.134872894162952006e-01 3.917173495262588068e-01 4.100996123901747281e-01 4.136227349617013216e-01 4.219916783246288050e-01 4.131721392659725156e-01 4.094948029678245893e-01 4.434366297537183921e-01 4.480636864089619920e-01 4.585235177959186004e-01 4.032175209713348973e-01 3.731730382172384619e-01
4.087902754511592018e-01 3.990580449231823090e-01 4.512719955448858955e-01 4.066079747291883040e-01 3.676858406197709428e-01 3.957515783238309548e-01 4.016431250050921942e-01 4.110952790127886947e-01 4.138621518912877773e-01 4.488751972266931123e-01 4.586891111312803027e-01 4.366694261408499700e-01
4.124316803755859184e-01 4.063769772659224788e-01 4.509747324744646790e-01 4.423396402764112612e-01 4.465177989730366725e-01 4.275554538328371068e-01 3.605885761307340842e-01 3.778605380677488301e-01 4.510550714025561847e-01 4.269112845947044543e-01 4.365308387858304329e-01 3.608574078201676749e-01
3.663490052998041313e-01 4.105990717827084913e-01 4.225413423720538741e-01 4.021527577686601074e-01 4.155919863947157289e-01 4.711252635113661325e-01 4.306715871472945878e-01 4.012211960556461010e-01 4.438088445603631249e-01 4.293604596808903162e-01 4.248949777114741089e-01 3.816835077150382283e-01
4.180136638149390960e-01 3.716507738966069452e-01 4.159231142144953486e-01 4.173881243170345368e-01 4.290988556061288151e-01 4.203127951888210867e-01 3.698401762269113990e-01 3.955471577567958863e-01 4.255743246508089106e-01 4.383190354287031520e-01 4.555003737456041479e-01 4.428316051531516750e-01
4.478680626626665995e-01 4.206130856809558449e-01 4.010778786159035492e-01 4.034421479091481189e-01 4.065592617035742040e-01 4.401391785802415413e-01 4.125980571847210343e-01 3.619575998014943341e-01 4.545703182304838830e-01 3.985471731098509940e-01 4.219412100649736486e-01 4.306860264559683737e-01
4.708657845138998765e-01 4.490966710380139837e-01 4.521529294294129864e-01 4.466215012639355719e-01 3.497965478208415191e-01 4.360875506472280394e-01 4.124083228385620470e-01 4.212015077977940281e-01 4.354140522281897407e-01 3.465623890377286798e-01 3.786136047471554966e-01 4.011791386372729473e-01
4.243690471683335685e-01 4.344515606589401946e-01 4.211357551641990993e-01 4.014991095975022350e-01 3.871190351820447129e-01 3.975061188249414124e-01 4.564850878433758807e-01 4.684653513728818108e-01 4.434753151105510494e-01 3.980419423273060531e-01 3.580601160630868529e-01 4.093915606868432366e-01
4.329376080809578253e-01 4.011134373743515669e-01 4.145177347680952806e-01 4.398572052959062173e-01 4.338263031352754262e-01 4.536499391426297989e-01 4.181792728774983425e-01 4.341295922830415988e-01 4.376272866459757216e-01 3.968045904482635500e-01 4.312926864529524895e-01 3.060643434950539588e-01
4.577231979904317072e-01 4.199651562400433247e-01 4.365418229304509068e-01 4.270793457555499550e-01 3.374840216763976830e-01 4.141258699367976748e-01 4.223642138260882417e-01 4.145339333439175822e-01 4.391595876204817395e-01 3.523664879823338869e-01 4.401328501570926366e-01 4.385235125404037260e-01
3.770854503226986898e-01 3.974450199800545480e-01 4.456017276608147393e-01 4.067620486144019054e-01 4.190053289083366939e-01 3.941939374972935339e-01 3.997676776899114492e-01 4.497975462129023549e-01 4.126377094050707184e-01 4.674545694247243532e-01 4.278999064186931323e-01 4.023490778650805066e-01
4.240175789015401264e-01 4.132905753051648312e-01 3.852038939251718475e-01 4.202201329225114801e-01 4.438035159969462295e-01 3.877643914708374662e-01 3.780128952956066657e-01 4.269017444538035777e-01 4.450922628946727411e-01 4.151563826299970450e-01 4.409366087238351661e-01 4.196000174799099924e-01
4.058839270322230908e-01 4.187282566865192512e-01 4.141195708492568794e-01 4.103300231422791766e-01 4.451058546598088972e-01 4.416918984172011342e-01 4.314332900585281516e-01 4.301055944083223559e-01 3.715897523489260501e-01 4.034467325736643684e-01 4.234523869830005838e-01 4.041127128402380864e-01
4.092285520071374805e-01 4.342406123363380388e-01 3.984701075134760018e-01 4.147572719801952412e-01 4.308511483371563200e-01 3.961341835029041913e-01 4.434629444693568012e-01 4.322657008050151961e-01 4.441139103431336332e-01 4.014558836862190949e-01 4.284541219272278711e-01 3.665655630918717156e-01
4.164644864097145627e-01 4.002512298662570522e-01 4.403506788514317538e-01 4.525228047370126738e-01 3.960070893530935332e-01 3.603576202037285792e-01 4.163704619570521293e-01 3.986058335252778972e-01 4.560290092137730400e-01 4.240745163732743128e-01 4.359149424763111291e-01 4.030513270331321785e-01
3.556399609013248808e-01 4.360505552946219443e-01 4.094057033272111568e-01 4.498994250300173969e-01 4.210045826178820394e-01 4.063286126228258244e-01 4.237259459850071242e-01 4.118912181601545042e-01 4.307319066745323166e-01 4.339316793764160796e-01 4.442114205555054429e-01 3.771789894545092281e-01
4.150284724278784920e-01 4.199071602261787439e-01 4.153840208285148883e-01 4.257913474386006425e-01 3.734320008154971005e-01 3.591686685751001584e-01 4.446579684943217647e-01 4.502797876300970170e-01 4.452289686291970305e-01 4.460388623287260823e-01 4.144439499245092806e-01 3.906387926813948419e-01
4.358273545192754561e-01 3.739426944324348856e-01 4.347091059808751434e-01 4.163973855879009589e-01 4.152225338754222950e-01 3.964495657804006368e-01 3.823247586901584727e-01 4.251531047991962686e-01 4.560946644982362685e-01 4.277758885098075226e-01 4.373206267909190981e-01 3.987823165353854837e-01
4.520146771209736514e-01 4.067544551918413354e-01 4.362499122945380781e-01 4.202855330016704860e-01 3.957462290612475120e-01 4.194177417055358625e-01 3.840521213412696477e-01 3.983203179870207222e-01 4.207555814487425883e-01 4.442343896730128194e-01 4.209109110636632956e-01 4.012581301105357379e-01
3.776741733280453150e-01 4.094331274331562964e-01 4.180858891354363172e-01 4.059190090505801485e-01 3.873505457632575033e-01 4.350824646504991566e-01 4.057006341566038454e-01 4.595097189336994070e-01 4.572896196387066792e-01 4.472860441067169068e-01 4.025615388284534690e-01 3.941072349748431236e-01
4.323161410583720721e-01 3.939127977189260665e-01 3.515555680398430027e-01 4.038826472639462928e-01 4.240730641840174675e-01 4.047546597817853753e-01 4.018334326115802213e-01 4.264331206476826286e-01 4.002050750135835999e-01 4.518967694237372434e-01 4.601699794395259779e-01 4.489667448170098218e-01
4.380188537539930760e-01 4.268678106173796061e-01 4.217877268420911485e-01 4.241539887326390423e-01 3.837494846986732044e-01 3.815070214468262444e-01 4.222502218316758205e-01 4.289197285405855209e-01 4.271444239053980851e-01 4.377725992380427922e-01 3.863937342918614126e-01 4.214344061008670761e-01
4.104007985866792718e-01 3.483521624048347975e-01 3.949214933368681568e-01 4.399058928617638475e-01 4.159996468932457003e-01 4.187034480058037245e-01 3.811902394718627018e-01 4.118342353213701457e-01 4.315542604162305174e-01 4.460034899476404968e-01 4.538744883114247397e-01 4.472598444422876129e-01
4.187335730220447805e-01 3.520958170941527743e-01 4.182915701282671206e-01 4.201280765320618560e-01 4.254116554066388889e-01 4.272964686864658690e-01 3.782942178759462482e-01 4.027434647976668725e-01 4.414514761025422063e-01 4.372579348850204051e-01 4.475572534145673131e-01 4.307384920546218909e-01
4.156482890917256867e-01 3.789894071944217013e-01 3.960477383920251171e-01 4.238771726859498767e-01 4.261778820783108657e-01 4.121482439886697824e-01 4.441016392457813877e-01 3.942038552485884750e-01 4.098790580579945164e-01 4.334858273255112748e-01 4.423625504714247536e-01 4.230783362196236519e-01
4.575451524125559999e-01 4.402380589809263278e-01 4.245815986801025899e-01 3.231187397506866121e-01 4.028571570361973997e-01 4.425146236635181807e-01 4.402443710049133152e-01 4.124681613220646526e-01 4.184825869514016139e-01 3.977999901266648930e-01 4.254705346091544049e-01 4.146790254618283877e-01
4.289599269432794459e-01 4.165551226803355656e-01 3.551781842885514129e-01 4.321277532910919872e-01 4.179077541813349672e-01 4.199145583137676718e-01 4.416470950747065083e-01 4.342582880928249622e-01 4.159286373739982667e-01 3.738983693960818422e-01 4.122529350369725232e-01 4.513713753270616746e-01
4.106610819307169868e-01 4.523796978431187665e-01 4.535348094609761294e-01 4.341773352211016901e-01 3.935372883368756236e-01 3.612482827216758619e-01 3.825522491041246642e-01 4.219503797566803716e-01 4.305671050391712829e-01 4.336114238732506343e-01 4.167334610147086504e-01 4.090468856975530421e-01
3.888777341459638826e-01 4.075290165410400123e-01 4.112120842441132629e-01 4.284987283108594447e-01 3.957178832657885503e-01 4.616099623818460396e-01 4.228629992090093825e-01 4.452350550199121182e-01 4.286830403658414834e-01 4.294290663360641469e-01 3.659706691972036685e-01 4.143737609823658352e-01
3.724056455500864837e-01 4.059615584518488918e-01 4.250442781288089611e-01 4.444769937270926508e-01 3.887108292675980903e-01 4.306038272537923151e-01 4.048166836835669913e-01 4.269609401939643001e-01 4.311213911900211304e-01 4.311084518563818024e-01 4.282389056037643194e-01 4.105504950930858321e-01
4.340582850089674261e-01 4.278757306810676564e-01 3.940961465464090097e-01 2.929345060260957201e-01 4.008563404615427261e-01 4.399470037195541972e-01 4.073862173127113517e-01 4.398052526489945047e-01 4.391765444138897023e-01 4.258361917662284446e-01 4.507903956191333106e-01 4.472373857954016763e-01
4.346749092018135086e-01 4.621332498096183405e-01 3.877579629027095853e-01 3.873973306003937744e-01 4.321334058303736292e-01 4.083933980851000012e-01 4.395316332051361630e-01 4.061865007576011544e-01 4.214933078879182227e-01 3.919663019113782121e-01 4.388706097175160692e-01 3.894613900904193016e-01
4.048140376285117581e-01 3.932303539432314698e-01 4.013265926802856987e-01 4.019399767493496145e-01 4.461424586168840634e-01 4.548613637235438545e-01 4.597982365009832817e-01 4.186160026052800909e-01 4.319047378517067992e-01 3.631538932329284042e-01 4.028290260035780612e-01 4.213833204637533747e-01
4.243120686956870502e-01 4.203430229353329883e-01 4.330975866667290397e-01 4.304293930163709536e-01 4.121497531703520734e-01 4.097676306082648767e-01 4.000341220718168778e-01 3.941340665727051107e-01 4.440804156780193690e-01 4.441670227705395435e-01 3.818245885019965202e-01 4.056603293122000853e-01
4.436920878297782034e-01 4.239567549580840478e-01 4.133790093393007736e-01 3.946477338862152129e-01 4.024152657684671452e-01 4.397127666474763830e-01 4.088495419526272379e-01 4.504367467809315961e-01 3.678885185715117245e-01 3.809298571230153030e-01 4.237686541108179883e-01 4.503230630318115768e-01
3.550463161274015622e-01 3.938665454378952324e-01 4.514457655038247030e-01 4.142118126327051786e-01 3.940588133656429681e-01 4.110689442461022414e-01 4.410936382517879339e-01 4.465532771386760968e-01 4.419572180678573714e-01 4.289020938082965806e-01 4.233228125211084825e-01 3.984727628987454473e-01
4.189457780853477198e-01 4.348490091717299721e-01 4.484723081068066053e-01 4.555606696362312080e-01 4.537941776291217200e-01 4.129103984045243703e-01 4.191958464427900655e-01 4.150035343150389466e-01 4.044526635451211605e-01 4.116942095967029425e-01 3.144217113532646324e-01 4.106996937133420289e-01
3.951676138829446350e-01 4.274376167032749585e-01 4.510689659568540844e-01 4.226897954207917696e-01 4.113037843717346487e-01 4.302644256526227395e-01 3.990151962997696145e-01 3.713114876110459872e-01 4.417626429470556948e-01 4.439201757241009183e-01 4.304966608146735263e-01 3.755616346151373630e-01
4.499690423027482566e-01 4.708928345902380075e-01 4.514806110913015536e-01 4.255160485598166176e-01 3.594038569727545651e-01 4.304692747710701095e-01 3.551378871132440107e-01 4.221975930375529984e-01 4.155544784962340588e-01 3.974071395773501880e-01 4.040661340005389790e-01 4.179050994871534863e-01
3.975631933313670263e-01 4.073764693359468447e-01 3.994205649756803478e-01 4.319015354437064080e-01 3.902502390074805705e-01 4.424096086622522073e-01 4.291283673755689199e-01 4.397947010314111060e-01 4.196120593611354366e-01 4.153894208716406022e-01 4.429275713848696561e-01 3.842262692189520878e-01
4.685771152956082486e-01 4.451563778831514329e-01 4.415874739427572138e-01 4.115552024381189389e-01 4.095067930807687606e-01 4.028737129158530550e-01 3.969387779953821305e-01 4.189381228094037901e-01 4.046153751915758101e-01 3.400021074460591874e-01 4.238661133834383254e-01 4.363828276178846610e-01
3.875240867201708017e-01 4.195269983091285959e-01 4.424146814463319477e-01 4.061337310296548320e-01 3.801198023698815209e-01 3.735608623000793438e-01 4.222584835890958455e-01 4.438677359743775641e-01 4.218960181661999265e-01 4.127043145022173398e-01 4.600575797132979150e-01 4.299357058795715836e-01
4.120439361568473680e-01 3.825962037673302785e-01 4.380593155321517718e-01 4.336525243750105618e-01 3.854499577676733235e-01 3.716199100277953193e-01 4.205848788786725745e-01 4.391694063381838542e-01 4.533829206184997185e-01 4.306536029126166731e-01 4.303940191054858033e-01 4.023933245197910402e-01
4.094789766288584598e-01 4.207171683321474509e-01 3.469236061395319926e-01 4.501731963493561528e-01 4.517667777304169574e-01 4.505626417070318079e-01 4.494932808250493572e-01 3.856777393003726906e-01 4.042647689209528661e-01 3.911726378591231512e-01 4.049626045595672852e-01 4.348066016475698459e-01
4.395924408583842258e-01 4.159643816107472247e-01 4.360423715799246480e-01 4.114306970298659549e-01 4.288705182801247906e-01 4.079440987174910993e-01 4.394264011319855001e-01 4.019689777564211530e-01 3.747358533581841566e-01 4.151670314923767702e-01 4.174470598412621802e-01 4.114101683432653256e-01
4.360573176840120135e-01 4.408765195787489599e-01 4.416317352531511364e-01 4.424496884186116530e-01 4.121821474220156434e-01 3.911908136089649046e-01 3.965174739447657748e-01 4.018925276334965324e-01 4.092098988370379553e-01 4.195705026289409667e-01 4.095271757719344263e-01 3.988941992183728802e-01
4.265188885405444275e-01 4.312796428438641083e-01 4.018448312135584621e-01 3.959087361370550173e-01 4.096647708703855528e-01 4.406455377015039421e-01 4.529650799566519170e-01 4.499911613651016440e-01 4.094141100176880155e-01 4.365178167862730496e-01 3.705370259093862528e-01 3.747123986580155330e-01
4.615057718232106199e-01 3.789492777395390699e-01 4.166589260498919645e-01 3.943563167750521736e-01 4.299685390213359160e-01 4.499721404783988965e-01 4.364103375017557296e-01 4.021136352657815882e-01 3.388394568118517358e-01 4.132186748593509318e-01 4.408646343049630323e-01 4.371422893689113631e-01
4.100247728903397837e-01 4.147210756913229934e-01 4.695674769915299529e-01 4.075561346869788770e-01 3.666403375955026300e-01 4.153796998927276052e-01 3.718984889030376162e-01 4.213122779226728398e-01 4.104695579030859243e-01 4.315036760094376200e-01 4.457198466147680449e-01 4.352066548985940031e-01
4.325796428140172289e-01 4.303079151896115340e-01 4.015985466781822888e-01 4.190988329003141333e-01 4.255447253576297717e-01 4.042531772131947032e-01 4.193073265326180965e-01 4.226985476099753281e-01 4.158006222447051536e-01 4.413129786649255815e-01 4.099153658199814476e-01 3.775823189748596098e-01
4.218785893513554708e-01 4.372796260109763633e-01 4.398394503839381797e-01 4.411512623144197009e-01 4.020638609033473920e-01 3.566183148570588601e-01 3.804219313391177804e-01 4.243664783119869277e-01 4.394780848014652186e-01 4.011354931539583557e-01 4.009317078779984778e-01 4.548352006943676695e-01
4.255089021603417621e-01 4.355451306848597270e-01 4.368020472132930765e-01 4.538334543985085290e-01 4.386561238036338906e-01 4.364549203417880108e-01 4.298345325281437979e-01 3.954029288074887849e-01 3.865890198998496174e-01 3.611039288184433316e-01 4.146436875619678997e-01 3.856253237816612556e-01
4.199941384428921842e-01 4.208153463137407901e-01 4.313793130415362054e-01 4.476396746755896827e-01 3.345697383518592138e-01 4.243860836601528463e-01 4.297124014768426425e-01 4.357950456012409379e-01 4.156586298143224445e-01 4.044525596016897984e-01 4.319971029394887307e-01 4.035999660806514067e-01
4.110040559882868205e-01 4.020506863659129015e-01 3.961001167745519247e-01 3.847019171129938409e-01 4.155852402135679080e-01 4.476163374162375197e-01 4.169251850243277380e-01 4.355320559538193859e-01 4.388286470356727587e-01 4.502657883872117628e-01 3.812130106226249149e-01 4.201769591047876951e-01
3.604741463618007513e-01 4.418068910962159590e-01 3.839162056847147397e-01 4.467304913487953888e-01 4.352120669719006796e-01 3.792462724086855252e-01 4.290961830804294053e-01 4.195327886284734298e-01 4.135376286706637927e-01 4.429585765411125919e-01 4.266890474062733918e-01 4.207997018009544954e-01
4.205214016504461028e-01 4.440464327658556476e-01 4.577917981865826658e-01 4.237185371648693466e-01 4.227961659584483778e-01 4.086528912872070540e-01 4.520561795140087269e-01 3.301617839219054273e-01 3.900178531115449099e-01 3.988949129920525971e-01 4.290766263449253271e-01 4.222654171021542058e-01
3.981756003435418800e-01 4.552189048266181981e-01 4.423754523600453292e-01 4.291958702480995202e-01 4.173708857626330926e-01 3.662032651550547468e-01 4.286133370785434327e-01 4.376453509395445973e-01 4.378000811755136668e-01 4.380054590917537016e-01 3.805599816326439289e-01 3.688358113860427667e-01
