-8.067613347316166639e+00
-8.145979580073664295e+00
-7.376028818429623435e+00
-9.525349566147548686e+00
-9.136897540813544438e+00
-7.711085595704982865e+00
-1.280764326664284702e+01
-9.565827722784444376e+00
-7.842263182417967826e+00
-9.721014034110611490e+00
-8.969945990964887983e+00
-9.655373981397517014e+00
-7.957968882180672665e+00
-9.536372312067607382e+00
-1.048797160388226679e+01
-8.678081558923210537e+00
-9.873081399382938272e+00
-8.552318530851282574e+00
-8.114449382917941378e+00
-8.732320176272661882e+00
-9.962741201964560034e+00
-7.389561873203989606e+00
-9.294292780373503149e+00
-9.017965335595702570e+00
-9.287630362802328676e+00
-7.428911334913965270e+00
-1.061478699738929521e+01
-8.167770285613038084e+00
-1.094594586655626145e+01
-8.924658552857575700e+00
-9.754539634053967845e+00
-8.290925503583888911e+00
-8.373076083563949723e+00
-8.137994594625476807e+00
-8.267279918495654911e+00
-1.086945447076543125e+01
-9.679627859871819950e+00
-9.329851011299657770e+00
-9.811728596820149306e+00
-9.319841709046222888e+00
-1.029008254685313695e+01
-1.091933820013710310e+01
-9.068720873105750258e+00
-1.008420332471530756e+01
-8.782913095623033684e+00
-9.791031527429584713e+00
-8.636218377826107684e+00
-9.600633234453606946e+00
-9.337330372564107250e+00
-8.533504635749887157e+00
-8.410295548097407092e+00
-1.098162130334149644e+01
-8.460925792017171432e+00
-8.246098356892751724e+00
-9.114873620649674990e+00
-7.915409839954518745e+00
-9.921002351482734127e+00
-9.368799486450088310e+00
-7.372484750424793454e+00
-7.864973950800639102e+00
-7.152609397725238516e+00
-7.914440641806296028e+00
-9.938357545128244652e+00
-9.160317567716086629e+00
-8.381891043824964527e+00
-8.050638287811612059e+00
-7.841144052171530987e+00
-1.008804740360890762e+01
-8.261075914098165995e+00
-8.892592154276584893e+00
-8.128246043751454764e+00
-9.661800750559493167e+00
-1.015059122376303513e+01
-9.573897281925894731e+00
-1.028197747975241683e+01
-9.778525359801069072e+00
-9.016094764466650702e+00
-1.000428138607440331e+01
-8.845126218175261457e+00
-1.003161448850842774e+01
-9.298983629068686696e+00
-1.012945148969878240e+01
-7.791953235084656981e+00
-1.076450367619056792e+01
-1.126991085055914787e+01
-8.061449475555237498e+00
-9.670390784267823392e+00
-7.628124198498057673e+00
-7.349747261792087372e+00
-9.438951972115152245e+00
-8.503249879654411814e+00
-8.228683788094633300e+00
-8.886795691730249303e+00
-9.842652995322621834e+00
-9.361352086522842342e+00
-9.132438848452808955e+00
-7.823374246091868045e+00
-9.686299031299522966e+00
-9.489854181669432620e+00
-8.795159826430435146e+00
