-6.090301689557170439e-01 -2.614332393765829154e-01 1.784061090598675625e-01 1.006471216992315398e-01 9.844223032177487065e-01 5.229463285077257106e-01 -2.418430525345764137e-01 1.172031692433274097e+00 -4.810966210863721476e-02 -1.239799964115245734e+00 4.315480765591132584e-01 8.923762374593283697e-01
1.137404802573616536e+00 9.747486425823475020e-01 -2.193552025901752134e-01 1.321209483281834962e-01 2.477422511672044692e-01 -1.395611363978374930e+00 1.782910438928978214e-01 -6.446844526075312665e-01 5.352001098080247932e-01 1.113315009438120118e+00 -7.215054821386485129e-02 -2.076872337313504235e-01
2.351445778787122354e-01 1.372107452444399633e-01 -4.225535282487273836e-01 3.690512729173415774e-01 8.092012028971726778e-01 1.007813234400448676e+00 -3.934996658569272499e-01 5.637805691602664204e-01 2.567386867617671431e-01 -2.684393993203053608e-01 6.438817128905047205e-02 -1.116810585306468769e-02
2.566064092673812080e-01 9.956910022734211108e-02 4.090559183363277201e-02 -3.708501762787788092e-01 4.999286751204544688e-01 3.577519782742342724e-01 -3.638456677941113715e-01 -1.392743402888276805e-01 -9.793848848660891004e-01 2.612422821802499739e-01 -4.510846602003097949e-01 -1.465461171550659636e-01
-8.595721306173764731e-01 -6.524477749235593760e-02 -4.326276477379322749e-01 -6.936954772824966975e-01 -2.581863425534030587e-01 -5.069909855983629754e-01 7.946959127348696139e-01 2.963281648186860129e-01 1.117724124032493549e+00 2.108598545721223350e-01 -2.164609814247198671e-01 6.636729393760304463e-01
-1.862895093309776817e-01 9.104805146509428182e-01 2.796030620699861968e-01 -1.464216677397112421e-01 -5.142256316308940062e-02 -3.202910779179114487e-01 3.541262075778386920e-01 -7.687458535893616773e-02 6.490022657347949142e-01 -1.506094112468399637e-01 3.110400327719797242e-01 1.756844381147081302e-01
-6.983210316280772378e-01 -1.395243343578047579e+00 -1.711120547079250098e-01 -6.971119724822693042e-01 -1.166374891880014447e-01 -3.807442586098532256e-01 -5.520036650527242461e-01 3.085812017448120170e-01 -1.022114099179107782e+00 -7.063986972876324932e-01 3.692433744793132688e-01 -5.791507722550787163e-01
-9.230105119046719819e-01 -8.918930927664031616e-01 -3.760870684512730988e-01 2.135245684116517106e-01 -6.849563790573703903e-01 2.626244211613809609e-01 -4.393993143231091358e-01 2.704279355996590528e-01 5.636769196796659331e-01 4.335655876897573369e-01 -1.153264483646730676e-01 1.196914865721218524e+00
-3.514556250560948447e-01 -5.283107069888958174e-01 7.778962276504368667e-01 -1.130304497742487535e-01 2.380793488658501378e-01 1.489579411595338965e-01 4.192715661122800030e-01 8.093595672008943032e-01 -7.659918264406283261e-02 7.966240707978954061e-02 3.545982035053220072e-01 -1.388846733560899493e-01
-4.434694569581598134e-01 -5.841043847536240285e-01 -7.852170144860474987e-02 -3.918225181712619576e-01 3.672548817092660123e-01 -1.110574762699887641e+00 1.495106710640762837e-01 -1.718010347555686823e-01 7.158149036756455974e-01 -6.201678754428827101e-02 2.187314733025468028e-01 2.742156382088356548e-01
5.389456953783665627e-01 -1.059229755917868998e-01 -4.708660078899248869e-01 -6.720217762915516868e-01 1.220908176835383996e+00 6.799858827675722139e-01 -1.444680591692959759e-01 2.022611827465575496e-01 -7.625835063127719415e-01 6.289926251299888804e-01 -2.157122134965292759e-01 -5.494020454827804878e-01
1.337767929613185303e-01 -3.119476695439010183e-01 1.018128722004991576e-01 2.356303237882769949e-02 -8.680610129545262010e-01 -2.396524350239561119e-01 -1.624965836856685497e-01 -4.933162321216674751e-02 5.420466992922910732e-02 4.207527287347639366e-01 -4.292005415071212804e-01 1.062756392195542132e-01
1.293491235071944634e-01 -3.028650446948343289e-01 5.852303001644156843e-01 2.474071741382328493e-01 5.138036092830328139e-01 1.233469131350310333e+00 -1.841586880788324554e-01 -7.367898557275029958e-01 7.721328190013687642e-02 -6.641673184761381910e-02 2.965759394849812325e-01 -2.045174468107995025e-01
9.697410173819476231e-02 -5.561334366413164254e-01 3.781524282849085261e-01 -2.950810557046350535e-01 -6.562362249268101355e-02 -5.560651807425087689e-01 -5.522761291834984432e-01 1.897262045570791422e-01 4.253825628443713147e-01 -4.285739417419319741e-01 2.240132992624660480e-01 1.502870835873950928e-01
6.568762284832725673e-02 7.843485494293105376e-01 -6.353175363493883676e-01 -1.027527771149397695e-01 -2.989224229692041268e-01 -5.759350226489661217e-01 -7.428500801909880547e-02 -8.490193549965399100e-01 -4.640372630424296485e-01 2.590195020663229597e-01 7.823691922175994226e-03 -4.150209117501720835e-01
7.641634134356614094e-01 -4.013129317524226636e-01 6.502557474514645275e-01 6.132233822003353430e-01 1.429596770692041774e-01 2.915839750684016685e-01 -8.939463178378935782e-01 -4.355686076293036058e-01 -4.284444310004557194e-02 -3.225441093354913247e-01 5.660340410697781710e-01 -3.863399081581379568e-01
-1.452326942458743164e-01 -2.540625670742598929e-01 3.216357237320650597e-01 3.524368240380922890e-01 -5.120560628028434369e-01 -1.199693171598307240e+00 6.320025310883190528e-01 8.327564390619927870e-02 6.734317946583581183e-01 2.177152571054974672e-01 -7.338111907422373813e-03 -1.241275562018971934e+00
-9.210414630561785110e-01 1.973525347913490657e-01 1.792313953965940787e-01 -8.502650362225537550e-02 -4.027893502397667524e-01 1.319385718518956974e-01 4.716091066037866875e-01 1.161113899825786805e-01 6.336369644252674016e-01 -3.066305709735666074e-01 3.692201231985249854e-01 1.678516520991629180e-01
-3.065696918730371756e-01 3.879577739521480328e-01 5.737518905675655922e-01 -6.141294291402932259e-01 1.227803605922089397e-01 -8.520328218822761368e-01 -2.943612576539061942e-01 1.708854155652967111e-01 7.997460612004249070e-01 6.365801818172003301e-01 2.810853917106238553e-01 4.272265292182649277e-01
-4.013226844183913622e-01 -3.730320828615853179e-02 1.999806140988094616e-01 7.077867237888389729e-02 -5.646250854370180594e-01 5.433622413558493180e-01 2.018884307227103159e-01 -3.660608032499030884e-01 5.175003573858969474e-01 5.373071558623069427e-02 5.968318772371132841e-01 -5.281094023925233527e-01
-6.228909545010554716e-01 2.285768232973275915e-01 -9.547255919166341975e-01 2.816885973504900664e-01 -9.277985596327651407e-01 5.310443879894202190e-01 4.915162504911738117e-02 -1.450554904941631640e-01 4.075097209746579296e-01 8.632715035665916581e-01 -1.104180489393538744e+00 2.140515596627709516e-01
3.209304081142255044e-02 -7.732287163515716433e-02 -5.941252621003846601e-03 2.325843618094567411e-01 3.090516138520185141e-01 2.141363413325580445e-01 -7.663328099867239285e-02 -1.776380308511457951e-01 -4.710581641178105405e-01 4.577521091054718716e-01 1.168659879794737622e+00 6.866079897162294943e-01
9.279704378833277811e-01 5.843459737140814791e-01 -2.440085963030749761e-01 4.352750549761522092e-01 -4.179290491112971351e-01 -3.193925289753767882e-01 -6.362717285532307754e-01 -1.679672027928276634e+00 4.951847585596338419e-01 2.958353795057160895e-01 6.773297223834851867e-03 4.690501033098106176e-01
-6.045014085087335731e-01 -3.948117870890392456e-01 -4.599731591733620673e-01 6.500454265593208492e-02 5.734610765189880333e-01 3.350546537660629154e-01 -6.354418030842523546e-02 -2.271181881480856951e-02 3.849799505703369595e-01 2.365496282510122505e-01 1.950718361270208923e-01 -4.655857473160097126e-01
-1.304868925265399993e-01 -2.946713132299770901e-02 -3.314292875862938637e-01 -4.289309453300996777e-01 9.608571615318983739e-01 3.933586736853760500e-03 5.975943192843756746e-01 -3.230638364730929468e-01 1.987239806778620665e-01 -1.867267450320723998e-01 -6.878850989224790657e-01 -1.291555827596471973e-01
3.680542334818008854e-01 -4.450285796101408758e-02 3.391168503553411706e-01 -1.562156901090593353e-01 -1.367192334369191908e-01 8.326409086767786460e-01 2.972849203495167014e-01 -1.671794105988029244e-01 5.896805862512063401e-01 4.999093112938048367e-01 -1.838790669036810821e-01 -7.642319382253912052e-02
-4.555297190857189316e-01 -3.458850226368386238e-01 3.554282610666141262e-01 9.337333604112030283e-02 5.857587185230084953e-02 1.055180935199746123e-01 -2.038764267363278315e-01 -1.155489994861355479e-01 -7.646393393793852189e-01 -8.207043943715510714e-01 -1.209347827359716354e-01 -4.296651007834351166e-01
-5.254476634618705511e-01 7.149703473992016223e-01 3.223597288059372734e-01 6.798449273630605694e-01 -3.194631532094360238e-01 1.286264684484638154e+00 -3.904222799522543697e-01 -2.845493221096042635e-01 -6.314902655673256815e-01 1.201518751468455326e+00 -3.378178979867489384e-01 -5.136933308554877606e-03
6.961155662570428504e-01 -2.815973127353402217e-01 -2.794261296512586257e-01 -4.363988226073115539e-01 -9.921392262561627984e-01 -5.773534391843373470e-01 1.699813302737445894e-02 -9.428750765993436367e-02 -1.169503898442930234e+00 1.534711549535843211e-01 1.468465423516174817e-01 -6.582563592536873343e-02
5.642911871234197047e-02 -6.501115639468495466e-01 4.345245779885162363e-01 4.188878083514629980e-01 -5.992235266966159379e-01 -7.494192687051133284e-01 -6.292474437288678724e-01 8.486860807870226786e-01 4.651197990657525150e-01 7.070643487196359364e-03 5.208887340125192278e-01 9.249445004505020551e-02
-2.450451127046789912e-01 -2.181090813780182658e-01 -6.347072427330781308e-02 9.224261957584252436e-02 3.042786579536333469e-01 -1.082392040769755148e-01 -7.886151561675279753e-01 -3.450112614988638526e-01 -3.255572868265776409e-01 2.410098004746761557e-01 -4.963924774160046183e-01 6.599771231388487092e-01
-3.745106278601666450e-01 2.781349956195963702e-01 -3.287869529566155857e-01 7.200283666983673392e-01 3.894529574434965058e-01 -1.235284330002635739e-01 -8.012027798503612575e-02 -3.610502584056853315e-01 4.723286288350387885e-01 6.194482900106500489e-01 3.679904940972859861e-02 -3.375546762726954197e-01
-3.145631571947382077e-01 9.886426040268407600e-02 -7.566741249412886616e-02 6.911669421007046177e-01 -5.451384700622360358e-01 6.997085423165863016e-01 -4.929147090791001218e-01 5.310052396969783262e-01 1.000189437224126981e-02 2.427586471594219419e-01 2.420396655004479480e-01 -2.606956276862475441e-01
-2.856678382154570484e-01 -2.685675049405499282e-01 6.752434708163418398e-01 -2.494890351566217968e-01 5.727539132855485882e-01 4.122924327891352991e-01 8.988344861342500991e-01 -5.995873480357920282e-02 -1.872574632719949117e-01 9.571683123146246253e-02 1.861417124031293779e-01 -5.653200550937400592e-01
-3.830818773139683664e-01 8.781009857975236033e-01 -1.570179180509014172e+00 -1.231493137439710894e-01 4.120638526144955738e-01 6.143155803141785443e-01 -1.239511306372698407e-01 4.277892662262172685e-01 7.168306343661732249e-01 -6.081365767617766954e-02 -1.208200431046386053e-01 7.588215924650054678e-01
-9.385870581013512348e-01 5.289349543367226625e-01 -3.144416095791702226e-01 -2.900053486842109618e-01 -3.434801068430731741e-02 -2.783258502830512904e-01 3.979653603906689319e-01 -4.316975557688202403e-01 -7.215062129858011986e-01 -1.913306432580506034e-01 -7.383255991481397773e-01 1.305497181042347965e-01
5.606946990578389745e-01 -3.914215731228301576e-01 -8.335671929194709007e-01 -2.059821613185992828e-02 5.019345704363121774e-01 -5.744986959668698656e-01 -2.157710231294252268e-01 -8.520546092799519133e-02 6.874146007198562724e-01 -1.034074655789168906e+00 8.190977191714500505e-02 4.247337516549296033e-01
-2.169458613044872586e-01 8.749731991342726833e-02 2.824838353579922287e-02 -1.059308551790089536e+00 -8.916275389943241481e-02 -1.776542874361208002e-01 -9.529536766650842372e-02 -2.028872393055795309e-01 2.119144747709771903e-01 2.627713540935960879e-01 3.259636422141155565e-01 2.074388298159297594e-01
-2.983620456745566529e-01 9.539118042358099570e-02 -2.151005951926287796e-01 2.633727220790214596e-01 -1.509702904402765999e-01 -1.043627151023126087e+00 -1.489878631819442287e-02 -2.713443185895995091e-01 -1.464610264036603215e-01 -1.896423727636779022e-01 1.083061142345651817e-01 4.307690813979174749e-01
5.899188244200309628e-01 -9.342728086435905244e-01 -9.627793744671427068e-02 -4.102085665785956681e-02 4.251653414746084936e-01 1.927300550605232921e-01 -6.672514646915267411e-01 -2.810169483514846078e-01 9.065723449304444181e-02 1.769656518081918484e-01 -3.536629834701443542e-01 3.315550791307788070e-01
1.103238477807168272e-02 2.993653447107632037e-01 -4.542459323811117722e-01 -5.295277035705128199e-01 -6.009455555245718505e-01 1.012417329293898577e-01 5.206853019532626803e-01 1.634136926618320537e-02 -7.860101978846402160e-01 2.822651925726492594e-01 -6.308490665939554820e-02 -7.993052319766297265e-01
2.162433795558875438e-01 -4.987228693800813684e-01 -5.277844314865201003e-01 5.730943236512218153e-01 -2.674162296817663154e-01 9.015116515209034564e-02 2.619983272125573151e-02 -3.302327508893035946e-01 -8.984917456016624504e-01 -5.778174962639938406e-02 -1.189119793446858475e+00 -6.160966865471750181e-04
1.726665658379141488e-01 -6.341735405391465408e-01 2.411409309005830004e-01 2.725828560583908322e-01 -4.106691035758345265e-01 -4.512508565324840348e-01 -7.231918455526092915e-02 -3.919426941238713866e-03 7.594756450828946681e-01 1.749072136056456506e-01 2.013036202132606478e-01 -5.040342099954735477e-01
6.142810209026011714e-01 -7.623486951806016099e-02 -2.012037512301020625e-01 -7.454500641991050613e-02 -5.595707392256675794e-01 -1.733968702942018103e-01 -3.207706138691539949e-02 5.962612942157627938e-01 -1.630084108900181628e-01 -2.338817843257244011e-01 -3.100573698145269591e-02 -1.309799047190381982e+00
2.112113169767161625e-01 -1.775909328128986442e-01 7.136962546912021255e-01 -2.351063931806920693e-01 -5.995835364208943474e-01 -8.978693597644963331e-01 3.827937405593614950e-01 1.438433896061409867e-01 2.598277587989661352e-01 -2.890708816085906241e-01 -2.886912846853032510e-01 1.383833943217954277e+00
-6.000914341563612364e-01 -6.149744153033850358e-01 -4.549414804076667290e-02 2.141915141276165557e-01 -4.400205230243234289e-01 1.059910376573026392e-01 -3.895636336444574521e-01 -6.283897731414177235e-02 5.193176412131053077e-01 1.441892218761791911e-01 -2.518966887214388883e-01 2.290436095241411493e-02
-5.554723342538020470e-02 -3.856318791980769545e-01 1.914201496568528615e-01 5.084059155039889477e-01 1.470383003560288726e+00 -7.703787826975504460e-01 -2.255831863837083062e-01 4.326958075463649411e-01 -9.168161423264499510e-02 -3.911047609758832033e-01 -4.281671033090558853e-03 6.325834191274268270e-02
-3.214311508241881610e-01 3.302824286076876392e-01 7.877870270845845069e-02 -2.033425633229614740e-02 -3.464842903279936603e-01 -2.203786713745967685e-01 -1.842254917032924988e-01 -1.608542221680303932e-02 -1.052311749887494402e-01 -6.788474966515835041e-01 9.052353291554728065e-02 1.837761777804708951e-01
4.235931672869761022e-01 -4.985942329174501975e-01 1.357730364459416306e-01 1.927978840905958391e+00 -1.321828350190491719e+00 -1.170243278374726303e-01 6.932724192630915772e-01 5.520319082578084569e-01 -3.402997087337678583e-01 -8.169259905831564028e-01 -3.156327113025800823e-01 4.761022620110761522e-02
-3.037308073811231801e-01 2.746119953911622669e-01 -6.705030981279609392e-01 2.153299176162547512e-01 -4.104362921840416512e-01 3.614459649375341144e-01 2.672426202079644098e-01 9.492433590048319214e-01 4.612186365181620284e-01 -2.186047570930198525e-01 -5.593653439160773955e-01 2.756486082365728896e-01
-4.505123441658459016e-01 3.352937307686360557e-01 -1.416849715996056081e-01 8.358353184320134188e-01 2.132960263452317040e-01 -2.078261440175663277e-01 7.776815681084534027e-02 -3.294314935290341140e-01 1.320639098762010633e-01 -6.560466219867894244e-01 8.482268885362994615e-01 1.837099060288622243e-01
-3.455022031322393938e-01 -1.195525399535899702e-01 -1.149253838913222997e-01 -5.329635015737841375e-01 -2.417096548863827132e-01 -6.621388181341077150e-02 -1.167076181878905633e-01 2.031645013024477586e-01 -3.404773215849666301e-01 -2.142222176241534437e-01 -8.399074893259353414e-02 -1.228274096390412407e+00
-4.969024545963354189e-01 -3.954360495892612626e-01 -1.716602127435360933e-02 -3.752282869576646640e-02 9.886892399680577426e-02 -1.136902693368942313e-01 8.435660099099792641e-02 9.355335627975633894e-01 -2.411934027876442566e-01 1.572564766066289199e-01 4.748505338628714600e-01 1.983927332013234179e-01
-6.887325476659631462e-01 1.634082742834007673e-01 9.958392605889733462e-02 5.724273240532867790e-01 -1.829199537429053446e-01 2.900805662442040300e-01 -2.259180492171134202e-01 5.889439548127177737e-01 3.602809463298111692e-01 -2.130455619556522739e-01 -1.874384841073782892e-01 3.752569683922742372e-01
-2.679157403640275437e-01 4.572715607923121262e-01 -9.443957098842470366e-02 5.280259919945241576e-01 4.153829027065571999e-01 -4.399096123607191267e-01 -1.304306155779287657e+00 6.287765614803854097e-01 -3.873398105731746810e-01 -5.633182280947994780e-01 4.690414977709363997e-01 6.529902366233247824e-01
-2.284567777418324841e-01 6.102656540899759063e-01 2.637481236846584420e-01 -2.617245775343347014e-01 4.489906732636459452e-01 7.292608587070843473e-01 1.522610704405013282e-01 1.589766476641009119e-01 -2.581555272132199375e-02 -6.332830307255630231e-01 1.853901416105500910e-01 5.578659282563794980e-02
-9.600515116582427622e-01 -1.865136793471144361e-01 -6.309428827701372144e-01 3.068277494046584009e-01 4.964276527938426553e-01 -2.056127481913730681e-01 -3.994712928982781519e-01 -1.601162193510425047e-01 -4.005908395585838777e-01 -3.564769231537316951e-01 8.136786932332064071e-01 3.237049975548462188e-01
-2.137588244656340730e-01 8.704041712131030950e-01 -3.835336193121496873e-02 -8.823749924344519158e-02 -2.766033945654820525e-01 -1.595045032421881503e-01 -4.276211869509843333e-01 -3.001964470870918111e-01 2.286144477730241154e-01 -2.858671670793377362e-01 -5.577232984733707655e-01 6.078014532805193770e-01
6.563916652393758655e-02 -3.438462879088599045e-01 6.590114680508792899e-01 -9.699306882530751850e-02 -3.454479757274225293e-01 4.920204091828142001e-01 1.930473203328391674e-01 -1.060718151585703234e-01 9.362450908714591291e-01 9.310880575971405282e-01 -2.130075213600537143e-01 2.475805602315713227e-01
2.408846301242507232e-02 -2.260178727645345553e-01 -3.597446360307000046e-01 4.398668538438039732e-01 6.530879368429229892e-01 6.833797482691719161e-01 5.948050064218413091e-01 -6.657645702730534409e-02 -4.671317833316624979e-01 -2.874734023645290626e-01 1.237833532854132612e-01 4.432873669371416581e-01
-5.993948226149559133e-01 3.288247595343290336e-02 1.804611789851376380e-01 8.661758964453479814e-01 2.370785411866195569e-01 -1.478176458680109384e-01 -1.359328704036603386e-01 1.000825812044021879e+00 -2.272529516873667277e-01 4.916250674514496266e-01 4.197944182072898545e-01 6.239348014986807467e-01
6.698607569559680286e-01 -2.020187605777819598e-02 1.314952641301951886e-01 -1.022256751759747541e-02 -2.528832370186308576e-01 -2.070843147828074771e-01 -1.246890663890838115e-02 -2.263018062659493124e-01 -2.946965669031997304e-01 7.046190888143911701e-01 8.187582846095320388e-01 1.631341033502624882e-01
-3.571148245665316245e-02 3.865952025185988294e-02 8.798700149153846350e-01 5.284892572232071650e-01 -1.469852440939516391e-01 -7.101315329624567907e-01 6.578726509830670754e-02 -1.435132204458244853e+00 3.358857989033027791e-01 3.010090165825660136e-01 1.808098734258907145e-02 -1.001668869174302312e+00
2.459134621774710927e-01 -5.747857595191997460e-01 -7.407380550910112882e-02 2.761622514676629891e-01 5.794995106691949727e-02 -6.354073680007901737e-02 9.575793767399151581e-04 -4.752970158151086921e-01 2.929579567283048525e-02 -6.391947449671417925e-01 1.728141252954725759e-01 5.941085797994380968e-01
-6.878020923004689313e-02 -1.804695344513660912e-02 9.220794148649307242e-01 -2.923584912716404305e-01 -4.175145495112715932e-01 3.033874286811349408e-01 5.550215759964530760e-01 8.220605414200511385e-01 -2.196718175430620312e-01 3.524062899021778716e-01 -8.057963784799927476e-01 -1.661846759699720233e-01
1.842417598259535327e-01 7.951334172717517967e-01 -2.622718387798892992e-01 8.922415745636003148e-01 5.774134428257142737e-01 -3.601452555334633820e-01 -3.653327516019512777e-01 7.982858849641949472e-02 1.492437434730129742e-01 -1.347884359726745085e-01 4.653683540624183740e-02 -2.635866919443481948e-01
-2.686941532475044525e-01 -9.202932328702295717e-01 1.515929509447785095e-01 6.339439957881390919e-01 2.428770295125529111e-01 4.996733282518726615e-01 4.741534619112066085e-01 5.833847285158574314e-01 4.847029634394166564e-01 7.451188880434281292e-02 -3.713535244803722324e-01 7.013561060096985822e-02
1.042164880433590124e+00 -7.367427626570264287e-01 -9.890578554887057006e-02 6.203628552824838605e-02 -1.461573193728919473e-01 2.571826004136579247e-01 -6.707644016640476048e-01 4.394497834732298269e-01 -3.513723294296998145e-01 2.549252415689112206e-01 -8.099297913978343866e-01 -6.718310258635880050e-01
1.437957728294218529e-01 2.916724897175303477e-01 6.496015172062975518e-01 -3.763803121622059655e-01 -3.223223468103958433e-01 3.606092805687198255e-01 3.865081045352779070e-03 -2.134627696424358234e-01 -4.700202945024092513e-03 1.040649825927540073e+00 -2.865922206562440677e-01 -2.406886141861223627e-01
-3.503276259074345478e-01 2.911988791334976234e-01 -7.157766336470269275e-01 1.288029348563126120e-01 7.375577192365163626e-01 -1.943130864906592314e-01 5.237832732309231076e-01 -3.249251063291735964e-02 4.553348010498943221e-01 -3.357271920458104741e-01 2.215554217292745320e-01 -6.144928243873367668e-01
1.911442393910174620e-01 6.602070546240021431e-02 8.432857573576116872e-01 -7.703430212884405659e-01 -8.133710653045156391e-02 6.756934747921919948e-01 -5.236682169415429744e-01 4.491525028137937081e-01 2.044333453029077152e-01 7.562564191175130679e-02 2.653194216492513746e-01 -1.243597176205934879e-01
-3.364868449493069180e-01 -8.406596483786369367e-01 1.380782076244257695e-01 1.720628517746098929e-01 4.252215823384129512e-01 8.515173590852649355e-01 2.155066538081503724e-01 -5.244988124804214058e-01 -6.979878135011231555e-01 1.769907954050501941e-01 -4.409344123142361904e-01 -1.511645628342021264e-01
-5.445830207975924653e-01 4.842728436848205975e-01 -1.635478573579653150e-01 -2.211520346331291298e-01 5.085646302362458737e-01 -9.341575310842845786e-03 2.033503885618878626e-01 -2.987842510987839470e-02 -4.506766279259448171e-01 -6.791210620390288888e-01 -4.980795073950236018e-01 -4.690110165959378019e-01
-1.922717897750153004e-01 3.210963640291872312e-01 5.759799204282898266e-01 4.782400771161365305e-01 -8.500745474900225918e-02 -9.336610451783665388e-02 -3.479692181554568942e-01 -2.629356389751025258e-01 -4.596487466512717002e-01 -3.187368110705574575e-01 -8.178248157092238291e-01 1.702040020644254581e-01
5.872610303616972866e-02 -6.305701354790718000e-03 -6.308992790981239329e-01 -1.309882618059999837e-01 7.560744250665458743e-01 -4.322357853187716037e-01 -6.468188883091635644e-01 -5.620333024352794915e-01 5.502846529681968413e-01 -4.093570922323417349e-01 1.783054755294141008e-02 -5.109247251296391568e-01
-3.728201866052053282e-01 -5.153343700680853567e-01 6.200142126640510037e-02 -1.684790777624561940e-04 3.761728468488356181e-01 -1.025866192788133402e+00 1.773089172796162571e-01 -3.200686848778966920e-01 5.411816283899223423e-01 4.230012375645546552e-01 -6.077483071841668916e-02 -5.389577148326294420e-01
-3.425021051485896972e-01 9.867659581005985281e-01 -4.144576413521497416e-01 3.636540738785629667e-01 -1.162914070819915047e+00 4.480304993359242594e-01 2.020482419966445897e-01 -1.530976897674356796e-01 -4.704516342703005671e-01 6.879821485328448949e-01 -2.303359938857464373e-01 2.236963920318000287e-01
-1.047692169265106665e+00 -6.338455324313809758e-01 -8.650029171587602095e-01 -1.741681483086413851e-01 4.861227049179863702e-01 9.632742034846983881e-01 2.983905053244294558e-01 5.846146822533684340e-01 -1.247789886243786173e+00 4.999408462682148890e-01 -9.141934373665982702e-03 2.092047279350653724e-02
-2.430015011570464956e-01 5.418932084755024858e-01 -2.807342156834747859e-01 -5.357367767634683142e-01 -2.467709144838491908e-01 1.354672241132641730e-01 -2.321370671566527766e-01 -1.329873661396274720e-01 3.094704529802987936e-01 -1.665154161876539196e-01 6.262793966795391354e-01 2.796453698088761652e-01
-7.996009161371241125e-02 1.344169799221979766e-01 -2.713648712753858327e-01 6.418374460646686375e-02 3.432514669374390759e-01 6.254916414727242913e-01 -4.644988070649254119e-01 -7.447401658662845814e-02 -5.132264749754551492e-01 -4.381933634028076785e-01 -8.433518558272364019e-02 -9.301729305419776939e-01
3.193204322968379305e-01 -8.736903071211181704e-01 -6.643636678076458857e-01 3.202545623772869998e-01 1.005990040358015342e-01 9.426349426873265047e-01 6.660954983174252608e-02 -1.069438915552543889e+00 1.349710769336050220e-01 3.203140571037648709e-01 -1.831012641090240256e-01 3.155073469920032792e-01
1.041445440797257038e-01 3.378347716959379521e-01 2.992814453795694662e-02 3.008133327241975796e-01 -6.839494203113567483e-01 -2.655851655022753444e-01 -6.638884345702354695e-02 -3.967699586674586776e-01 4.241687553871263949e-01 -5.601429450118990475e-03 -1.513435605626063385e+00 7.242029323002428798e-02
-6.944213697764435589e-02 -3.107380290056359073e-01 5.362571356456444782e-01 6.178218030510290726e-01 -1.049126753676636437e+00 5.581040629964618693e-01 6.407602697118481849e-01 -3.449319961065898388e-02 7.415760304417533533e-01 -4.209294163534432198e-01 4.870374080124569294e-01 2.075040876821680480e-01
-6.651529435530052492e-01 2.619298655656459029e-01 -1.901771764109152218e-01 -8.048460608732432853e-01 -4.146660239878483534e-01 -1.800217935705853700e-01 -4.381595181700859154e-01 3.843414191326622875e-01 3.514458508239270279e-02 -7.080530946273068116e-01 2.692275717668270452e-01 -3.031880467983104621e-01
-3.783417187182520625e-01 -1.633233412633151582e-01 3.041833873152845549e-02 2.975039273269372009e-01 -1.351388868680108157e-01 -5.180818739194814615e-01 -6.428027154831558732e-02 -4.745692113228944242e-01 -1.219297614603558122e+00 -3.502221593804371591e-01 -7.184202708102557788e-02 -5.412300644284255835e-01
1.673985879911453201e-01 2.336017349899093265e-01 -4.545788127480676066e-01 2.727735554516879657e-01 2.492393884408930851e-02 4.987683353375228501e-01 1.111741077945987977e-01 -1.723012838373817746e-01 -1.606080376246977748e-01 1.463044435576730529e-01 -3.299957245318603238e-01 8.608048026974037814e-01
-2.198975568062896957e-01 -1.481538486458348070e-01 -5.519160116700106977e-01 1.164179558359159428e+00 6.579667566324751138e-02 -2.791641872564575300e-01 -3.268526652538485400e-01 -3.169914667723743862e-01 5.395184538056447821e-01 -5.963046831019129523e-02 -2.551344984606962463e-01 -5.975915365959894032e-01
8.489297721308201039e-01 -1.559839383509485367e-01 -3.011990080803234604e-01 5.075670132912614152e-01 2.923889303084128422e-01 3.128524080403594781e-02 1.932873985661662589e-02 6.948616264032168033e-01 -1.082390848341977518e-01 5.119355563253388114e-02 -1.501821968985080913e-01 1.479635621541812995e-01
3.584840571825270161e-01 2.074276783294261850e-01 -5.334500665516855866e-01 7.709978640454995258e-01 5.410919868719726855e-01 1.988114383819149789e-01 -6.201863919146862747e-01 2.844197254652679474e-01 4.765518263055036341e-01 3.111919628302709517e-01 2.488983840582499329e-01 6.729786791594817574e-02
7.596844494963471695e-01 -1.500248552813031322e-01 8.521504272122167045e-02 3.299275609418693689e-01 7.886988360261641962e-01 3.287939155089310006e-01 -3.529922487648211593e-01 -9.189782989160839577e-01 -9.993936695766535427e-01 -5.533390199382411945e-01 1.178536140298462459e-01 4.189635406607290086e-02
1.005669444661546397e+00 6.224679622308867399e-01 -6.294056456995411608e-01 -8.750895999209255816e-02 3.214378992602018315e-01 1.500245574600021503e-01 1.170210860630291894e-01 6.989249483565375121e-01 -3.845067785663323079e-01 2.038738750680420264e-01 -1.102703752461943632e+00 -2.151479693009814703e-02
4.319429182556999147e-01 -8.487446584148936601e-01 7.638519454169059864e-02 5.791034932809504543e-01 -4.687891611538712588e-01 6.792276562207794077e-01 -2.050075726168002210e-01 9.787804340942284353e-01 -1.416852583807997334e-01 6.424452308524585264e-01 -3.373154716407982256e-01 -1.132616934922110880e-01
-1.389041285068108311e-01 1.472079222527169218e-01 1.370361599994635693e+00 -3.929583641407609351e-02 6.382730779671107468e-01 3.706360382210616700e-01 -1.159897700108512841e-01 -7.160607080084629983e-01 -2.305012631279544297e-02 1.031016426129330033e-01 -4.886041746746781489e-01 -7.628524905588492944e-01
-6.639493436666500381e-01 -1.303583296467047292e+00 1.020370275292468015e-01 2.669929909455159289e-01 8.215198144861002305e-01 1.905983951444441271e-01 -8.229853013916484106e-02 -4.790408540279469940e-01 -3.347486288848273983e-02 -5.510703273035594957e-02 2.521376298116839165e-01 -2.524911612880036960e-01
-3.191266233034768529e-01 2.655738983923228713e-01 -7.374796302404528214e-01 -2.849746526378161768e-02 -8.869807329585112365e-02 -6.578928508226931093e-01 2.480346578150817993e-01 1.684843933483569922e-01 2.776004309481671095e-01 -3.520219449624749641e-01 2.726381842744474704e-01 2.092446023177994274e-01
3.569362530307080839e-01 2.647950265977855877e-01 -5.130771519871076825e-01 -3.122519405841061024e-01 -7.103595580096691564e-02 -1.095117910203199790e-01 -5.007514514375790426e-01 7.624686225210368651e-01 -3.053294330338253149e-01 9.779491012078536105e-01 4.404122137668445292e-02 -6.979801168879541384e-01
9.053955641350106553e-01 2.332099575120990809e-01 2.998797347614556852e-01 2.681669137646225387e-01 3.833488040836567912e-01 -5.721151931368035903e-01 -6.061844349928879883e-02 -3.435377423528547802e-01 -6.197936234578143022e-01 4.866868558995552929e-01 7.342076987490515627e-01 1.663923220234400299e-02
-5.459232173700899748e-01 -7.044882297288947159e-02 -1.248790179719816429e-02 5.734662786843619520e-01 5.902825348313607279e-01 3.574258480412215722e-01 -2.749817254207604367e-01 -5.534232414441792730e-02 -6.580806215122003699e-02 -4.925099424609119536e-01 -9.501124793612055752e-01 -1.893468836814118372e-01
-2.249410305125021659e-01 -3.979281306268349638e-01 2.223301411293765739e-01 -3.555386150854232818e-01 3.095224927756036748e-01 -3.294266809086773273e-01 3.098276873673476151e-01 5.041250421990897124e-01 -1.166894513107188835e+00 -2.528533425600007489e-01 2.582266280445152939e-01 3.478843702937361448e-01
-2.915351131815352437e-01 -7.441476105025254251e-01 7.952671597352974076e-02 4.719944112145665338e-01 -1.596886306597677108e-01 3.366514938509718724e-01 -1.679224303031088550e-01 -2.013006739222151231e-01 -3.122377318483441355e-01 9.515522519089018028e-01 -7.384034287068336200e-02 3.734297866340741123e-01
