-6.954545613889242084e+00
-6.596875577677198343e+00
-6.779426470498742141e+00
-5.365247177296368797e+00
-6.013336215577380628e+00
-5.369370541370513727e+00
-6.658392359370794544e+00
-7.167990061794219159e+00
-6.224480986375337643e+00
-6.320117442768307114e+00
-6.347679022796019588e+00
-5.742726522847950932e+00
-4.693627518724611924e+00
-7.036706651328671569e+00
-6.307115777107586752e+00
-8.692672612354309436e+00
-6.512339267204827031e+00
-6.170581045551040589e+00
-5.059211673226351458e+00
-7.539852581991701719e+00
-3.400384034888680684e+00
-5.390045190997696523e+00
-4.417267760318218883e+00
-6.437727944072517694e+00
-4.812018610377814198e+00
-5.034491345890119263e+00
-7.542655622046928521e+00
-5.359382744169786328e+00
-6.208869604228253181e+00
-4.358621764978121149e+00
-6.066236561660778293e+00
-5.286039098386538626e+00
-4.904230294778708199e+00
-6.405730157364887489e+00
-7.047607843948877182e+00
-6.448984713061297391e+00
-7.908350709789145228e+00
-5.208449368472529706e+00
-5.704368819320472461e+00
-5.279788871441646769e+00
-5.926770879871892994e+00
-5.766775655477361262e+00
-5.000404707643139268e+00
-5.351234890482603035e+00
-5.064754712273977333e+00
-6.167760091218178253e+00
-6.022179260074933538e+00
-3.940434109413651687e+00
-6.843476365850403198e+00
-3.390278951060193169e+00
-4.600628257015627831e+00
-5.377943227402253612e+00
-4.554026161418089913e+00
-5.641864861211169035e+00
-3.980030541978573311e+00
-4.973574693509129396e+00
-4.279004847474209505e+00
-4.852657898691553839e+00
-6.887231018364165180e+00
-6.016604544381146447e+00
-4.894883212611174983e+00
-5.230546903119147828e+00
-5.279982918040933448e+00
-5.821080753570038624e+00
-5.328683109448198785e+00
-6.350981311586616940e+00
-5.351354269544765785e+00
-5.803253073811781348e+00
-4.924600984176586316e+00
-3.466759475354693087e+00
-5.131246354835481860e+00
-6.406116858430097594e+00
-7.070575646220286892e+00
-5.961282888035992933e+00
-7.887073605908432761e+00
-5.029107657631370465e+00
-6.656415510338120178e+00
-6.753137768137003505e+00
-6.517289479544621678e+00
-4.718020000553162063e+00
-7.014094995879046834e+00
-4.887893673033804731e+00
-6.645321398720714257e+00
-5.928086056957947214e+00
-5.678554258238348140e+00
-5.407749206314075074e+00
-7.300297241240727431e+00
-6.507640563294788905e+00
-6.134654039149048721e+00
-7.666089267196941393e+00
-6.274342159865551771e+00
-4.892866545248584664e+00
-5.932837774171320966e+00
-5.535148270942499948e+00
-4.902249919214009211e+00
-5.872599947050688662e+00
-5.797280714422625714e+00
-5.323521062143526272e+00
-6.917867701726377661e+00
-5.921795153910164089e+00
