-7.835962637428094124e-02 -2.044485822698290378e-01 -7.468262368746179936e-02 1.133878180755417270e-01 -1.412062673476840828e-02 1.815163872700463754e-01 1.294709490178394817e-01 -4.326559611805366051e-02 1.822667616639583876e-01 8.202453768544672175e-02
1.135882020393255420e-01 -1.602990448090822403e-02 -1.603122443984121848e-01 -8.271491565184455053e-02 -3.830041861850474322e-02 -4.960436849848298690e-02 -8.840534972022184856e-02 -1.485415372645869370e-01 5.374210809431016929e-03 1.075560127712726355e-01
7.530526717437946438e-02 2.476984414732821271e-01 -2.598127901815151797e-02 7.919131435074072689e-02 1.199232010744462774e-03 -1.202197402102109375e-01 -7.695761748451801498e-02 6.217699727478336741e-02 -1.706610040907456313e-02 1.657031786017229003e-01
-4.918321325437041702e-02 -4.857972258006468952e-02 -7.124772805730199277e-02 1.125379727255699236e-01 5.972903657214856388e-02 1.258345537056212160e-01 9.680388037872682261e-02 -3.473818114070741786e-02 1.371796764541445383e-02 -1.987361481179684142e-01
5.063648092567459014e-02 -9.800347745310278302e-02 2.744470654900811601e-02 1.863129015186004434e-01 -1.221215462125395945e-01 -5.326260442969976000e-02 -3.853214431514553895e-02 1.372722429432388647e-01 -2.115190938711640489e-02 -1.211308143572285556e-01
5.034303611005950391e-02 -4.143032407547636749e-03 -6.187596099221949475e-02 -6.230281699528877892e-02 -6.182156894790102886e-02 3.287044474695845903e-02 -2.275243352422551962e-02 1.569972904331493405e-02 -8.684110530106799175e-02 -5.617733103492095724e-03
-1.493168573674386879e-01 -1.760895790595098653e-01 -1.546393485168005844e-01 1.478562372552158777e-01 5.790122991144700144e-03 -1.094813605270400780e-01 2.978680342363333039e-02 4.046528062686145094e-02 9.105239395905861954e-02 -3.327691546572544845e-02
3.155407040462189505e-02 6.542463197246353723e-02 -1.081690938664171403e-01 -6.597224423073327904e-02 1.448423371679374572e-01 -6.711031658337925088e-02 4.017498684561582323e-03 -3.324292035488165403e-02 -4.000511652844127714e-02 1.704969607063626658e-01
-1.352838348360431986e-01 1.431568149303917570e-01 -7.884124063285558037e-02 6.464028209268561642e-02 6.799154851804981026e-02 -1.269392774207533381e-01 1.211313680209439303e-01 3.433779604224263676e-02 -5.645164123382641341e-02 1.628544595706659867e-02
-4.730269582421445934e-02 5.937864483657186165e-02 1.185850797455026417e-01 -1.080434016314821000e-01 -1.850234526996621387e-01 -7.751504567646805288e-02 4.006517375380557714e-04 9.106612027415117439e-02 -7.870165770496423407e-02 5.247469236744276705e-02
4.860896706145759194e-02 -2.102704415192357956e-01 4.969521357284342744e-02 1.852445153179994586e-01 4.096492947110869087e-02 4.876721011002492501e-02 4.258318695352851513e-02 4.566649873213730892e-02 3.909297012703144558e-02 4.002955629453035929e-02
-8.320936646081110444e-02 3.114805241977569583e-02 -7.167111906609222038e-03 7.088195143928884001e-02 5.740649976212053307e-02 7.868884608658295587e-02 3.405819999892267108e-02 -4.621214853331048061e-02 -6.022659542330913163e-02 8.505257344294655728e-03
2.935313753362046862e-02 8.417751824524184398e-03 7.836717289018217680e-02 1.082376085978154628e-01 -4.358602557431543595e-02 -1.888987534897725029e-01 6.184237600315747874e-02 3.261011003666640373e-02 -1.258439057831570451e-01 1.300410258908203387e-01
-2.502894763924860544e-01 -4.510249434082777564e-02 8.356737005222898695e-02 1.163474114349679206e-01 -8.337414708125348572e-02 -9.554789739907565416e-02 -9.604974752091137435e-02 3.045789923883047284e-02 1.631168827002939803e-01 2.301748388309242110e-01
-8.255554672429584687e-04 9.843169309134522371e-02 4.187082684036580460e-02 -1.963684634978351846e-03 1.308509140452745745e-01 -3.874050118237299528e-02 1.688376441789613686e-02 -3.261198672191491579e-03 -8.525471648417123904e-02 5.711380904439050665e-02
-3.095811094239063824e-02 -1.438723727804789299e-01 2.568837960036752799e-01 -8.900916900957969724e-02 1.684845186032375430e-01 -4.148072288303739086e-02 5.043174568140099817e-02 -1.432579545912035790e-01 -6.172740071935314821e-02 3.684007114928345566e-02
-9.817480974211278966e-02 -8.763756966718441732e-02 -3.584180111804365076e-02 2.308580394966154928e-02 -5.211908661219108452e-02 -5.176313502612463202e-02 2.539094271593828611e-01 2.779020727416074525e-03 -1.705112939604367175e-02 8.825389094966269721e-02
7.517015321592784849e-02 6.213315110222487198e-02 2.427376541138235866e-01 1.552793721002272420e-01 -1.035035443423697049e-01 4.086477441840764835e-02 1.577456175146839112e-01 -1.349998962028065852e-01 -1.283036162343285658e-01 2.197354157565021768e-02
2.678378695621645711e-02 1.669610592154467388e-01 -9.474279131061985604e-02 1.984091528576533425e-01 7.582057501173149194e-02 2.694325861714376782e-02 2.739545856452917441e-02 -5.417978804773934676e-02 -4.112455853289361668e-02 1.253186843631572678e-01
8.661147737236835065e-02 -1.358621606018333566e-03 -1.293007805967265333e-01 -2.206503192375649722e-02 -4.328391657050781327e-02 -2.052444235915444892e-01 -6.021373348101068113e-02 2.082586714336564226e-01 9.222102985084501547e-02 4.134568566767726772e-02
3.363111279651700286e-02 -9.855117784984129825e-03 1.338474011956714838e-01 6.629010008557406804e-03 2.828791570213586015e-02 -3.205069762800457495e-02 -5.872745624305067413e-02 -5.946743666600126654e-02 5.322104207426937850e-02 3.137247430794711661e-02
4.212154470394399025e-02 -9.388844975631537720e-03 7.443982533237650245e-02 2.248918589071826485e-02 2.826349488831821424e-02 9.026536276882783649e-02 3.844566988320800155e-02 1.763151350638807457e-01 1.138825370052207325e-01 1.187179693579747952e-01
1.653565766057751019e-01 -5.601108394870643603e-02 2.416941763110267427e-01 9.273538419817925482e-02 1.188281311915746069e-01 1.526638450219005572e-01 1.206387097447517293e-01 1.119057492870597220e-01 -1.034577433441747074e-01 7.659156237580877491e-02
-1.447867384609371200e-01 3.923886074384654726e-02 6.606843851925900749e-03 1.152480043897595174e-01 -1.818778392595401389e-02 9.195142055780754220e-02 -1.298550548311608599e-01 7.550542163902763948e-02 -3.834606436592270101e-02 -1.181768894173321760e-01
-5.202448130442982599e-02 9.817572187662626515e-02 -1.039609448595028574e-01 1.050553265772734557e-01 -1.484296390209952354e-01 1.184048149021256074e-01 2.226702661358002586e-02 -1.295532676590242238e-01 8.565570590780624549e-02 2.484009026823107147e-02
5.017122627968261667e-02 6.897429002319559188e-02 1.174735239486224270e-01 2.403917250510742565e-02 1.332173457747783465e-02 -1.149225021299097593e-01 -2.642172420755569198e-02 -4.194470691704405008e-02 -6.104609777263321491e-02 -4.227956041286198841e-02
-1.127262822760289468e-01 -2.815306060542491773e-01 1.066948036016535650e-01 -9.798902495180589201e-02 -2.768073953039992818e-01 -1.108795836549592989e-01 -2.359475420795315720e-02 -2.444006195058127107e-01 -1.915924769414588391e-02 2.152122343122175180e-02
-5.023488885824472366e-02 -3.548649048163501907e-02 -1.007570135943173933e-01 1.069348641600843391e-01 1.763921458748831939e-01 1.252471501538866550e-01 -1.261852659482284346e-02 -1.370600801269466484e-01 1.135109744577348923e-01 1.195033767657937562e-01
2.259893019475957103e-03 1.134933300789047195e-01 -2.077552775842170796e-01 2.507159721608315239e-01 -2.750319342958821855e-01 -1.903284813487947091e-01 -9.177148259527202019e-04 8.831855030783508642e-02 2.321913500133059305e-01 -7.680355885466740029e-02
6.336246317675041373e-02 -6.302674088871466906e-02 1.260693433594565760e-01 -4.448237138272467805e-02 1.979208360992669447e-01 4.600859544102595122e-02 1.126841422628225287e-01 1.178253211880490592e-01 -2.093803017129049551e-02 1.968581449741519662e-01
6.896346803991373897e-02 8.029297090747228652e-03 -1.827619382755163793e-02 -1.700687550888619060e-01 1.461933747178051080e-01 -6.697894221630133760e-02 -6.399726330329813528e-02 1.530386937921611804e-02 2.420240009699975783e-02 -1.931193211875218141e-01
-4.951580097088105481e-02 -3.810289203583400175e-02 -2.506493827843283076e-02 -4.825251420782266515e-02 1.368380481459386955e-01 -9.532290545038557550e-02 -7.732894042745433461e-02 1.869873464442504130e-01 -1.186847140003765948e-02 4.801518664381511370e-02
-1.403384752260335433e-01 1.192903670419299955e-01 -5.202956677942798674e-02 6.677685440910641201e-02 -1.132952360075053198e-02 5.859996715776175091e-02 5.412600660760024870e-03 -1.483898613889010898e-01 -1.188665695181308629e-01 1.230648795512941790e-01
2.091505286172160860e-01 -1.703270822372464077e-01 8.458121651601946400e-02 2.843857317663824047e-02 1.027170284018574659e-01 1.106806799445780691e-02 -6.052053398072029800e-02 5.653186810303461457e-02 -1.605689438106315883e-02 -2.167123698246970764e-01
-1.384522021477140909e-02 1.238379216995462717e-01 -1.834790229344864312e-02 -1.467027473336372234e-01 4.050003549225927174e-02 -3.743684030394316131e-02 5.008571511616824457e-02 7.446474492377759546e-02 2.957382485187836155e-02 -1.193520616238236409e-01
-3.350071773421592347e-02 2.034227174667370061e-02 8.995567210069671527e-02 -2.424075296022905768e-03 -1.532847132165556792e-01 -1.187786324691509493e-01 4.405867972438034380e-02 7.886080885957909639e-03 1.861494045816821253e-03 -5.801637813720486071e-03
4.614506491417982165e-02 5.315160357701925048e-02 2.902631001223104565e-02 -1.278268427880967506e-01 3.969161398657824330e-03 -1.157214892834981107e-01 -1.300213777530920094e-02 3.654635303319899581e-02 7.845773992882302747e-03 -1.929131022048461430e-01
7.131147346680262455e-02 -2.781514893767770419e-02 -7.340782267166048869e-02 -3.656784577938586994e-02 1.210162576557193975e-01 1.012292558432864864e-01 8.630821081807994732e-02 1.528457813098204054e-01 3.932643589508252879e-02 9.113053624342713765e-02
6.353720847655640325e-02 1.233870360447503201e-01 1.399379368923842348e-01 2.957059557030205510e-01 -1.093054795589837869e-01 -6.310175300886175509e-02 -2.786891846533620654e-01 1.323228952053563667e-01 1.242642077579285964e-01 -4.618348705488810324e-02
-1.218476087369777527e-01 -9.095239730306997616e-02 -9.472112907591172248e-02 -1.215283927726657498e-01 -1.249170085387158458e-01 1.412826521797597434e-01 4.020965974030002443e-02 3.728181329739545247e-02 1.531375225184097300e-01 -4.154032933593875682e-02
-6.162975144067755345e-02 -8.633617047356391405e-02 4.213741073281393468e-02 4.576149062488013564e-02 -1.496844246687030477e-01 -6.313399217872826819e-02 1.078520411345379459e-01 -6.897334142262116774e-02 2.628440588037016593e-02 1.238311024723413589e-01
-1.205321197501441760e-02 1.472176500637974172e-01 1.588231560242335180e-02 -2.345268885098485828e-02 -1.227506342072636793e-02 6.893685335298115058e-02 -1.652250759273968528e-01 -3.887839814950935780e-02 1.270998197241363925e-01 1.444809514813453211e-01
-7.157021157633339237e-02 3.799855279083898946e-02 -1.420864587718542738e-02 1.912762741900471131e-01 -1.086037558235104089e-02 -5.320245354667627047e-02 4.873043216728204646e-02 7.474888890556921628e-02 2.310466593308013392e-02 9.910057205741346076e-02
2.244518514047719876e-02 -1.192870315148642502e-01 1.249625793323875245e-01 -4.299850273227484587e-02 9.213331909479378912e-02 1.859886826204809607e-01 8.928409729251897409e-02 -1.825807007365517739e-03 2.256364479713368620e-02 -1.955139048592518733e-02
-1.607204225682916099e-01 -9.531680153927800381e-02 -1.538897106071135390e-01 1.380877892466692847e-01 4.528554548427458221e-02 -2.972678857425765098e-01 4.242939706554022666e-02 -7.357251293504354916e-02 -8.489507083109261443e-02 1.178052993184535435e-01
1.953498818650768187e-01 7.156050282738206370e-02 3.533496065133132774e-02 -7.776987353743192687e-03 -1.385862440736957968e-01 -7.616403809804363862e-05 -2.089448694482163027e-01 -5.519938565720725054e-02 3.375647265661126800e-02 -1.893440177333945984e-01
2.173447184237936869e-01 -1.234333674130811409e-01 -9.913476698165885059e-02 -1.141453621229737564e-01 8.491053234197305788e-03 -4.252620056682383104e-02 -1.090056774700224329e-01 -3.461102689778843000e-02 -3.641708422202560858e-02 -1.214785105401526705e-01
4.096179383552456255e-02 -4.185924874013497582e-02 -5.962737658572595661e-02 -4.911718869747099675e-02 -2.913938907691024024e-02 -1.545177759571340903e-01 -6.091496239336441354e-04 1.561800721801310798e-01 5.130553042272632813e-03 -1.265381036184145824e-01
-9.023759345813688049e-02 4.710596005892268845e-02 1.293231507237779521e-01 -3.051117713159207101e-02 7.647037131865612805e-03 1.042759547399398495e-01 -6.132677087111537695e-02 -3.224252234070044965e-02 -1.197045520900341942e-01 2.567572889110920631e-01
-2.007038783028620987e-02 -5.415853638861813091e-02 8.975259358786434605e-02 1.769928505093951721e-01 5.298798481081123252e-02 1.000418576901677785e-02 -5.560450106284488270e-02 -1.225717355301533459e-02 -2.502683251916158758e-02 -2.663873028634539120e-01
-1.237193718348328919e-01 2.615642391534987038e-02 -1.387529805350946610e-01 7.388119637388813020e-03 2.798516116247909066e-02 -1.668525101091272445e-01 1.637593487771320522e-01 2.990964820899470831e-03 1.296588888457846957e-02 -1.415986675530782612e-01
-2.375438020908220496e-02 3.120027789650019479e-01 -5.463318307913771904e-02 1.005703526263590497e-01 -7.792268966437276845e-02 -1.243672452870962647e-01 -4.545371898261139909e-02 1.135856692613712166e-01 -2.490326084776442461e-02 5.010346625795974312e-02
-3.509966698498583840e-03 7.101059359647331204e-02 -4.950259002755578314e-02 -1.079053777973559419e-01 9.857080757138723948e-02 -4.530916631088664770e-02 4.522290988403299822e-02 -7.629853890466775646e-02 -3.361185885704324333e-02 -4.408467858173210213e-02
6.936437541776530047e-02 -6.852289483737605824e-02 3.732509991917293268e-02 7.505851329067854578e-03 1.550851162588960386e-01 2.284414528487188623e-01 1.072446726278230289e-01 6.309647093011952999e-03 -2.018075104256498720e-01 -9.357077028119396844e-02
-2.351504288943351006e-01 -3.002126406534239011e-02 1.192601064658996846e-01 -9.861355034520051521e-02 -6.607547930875283526e-02 6.636577873544022288e-02 -3.130282459902199166e-02 -6.543353319260133971e-02 7.851951096562212462e-02 -1.545640009571118967e-01
1.267791235976609976e-01 -3.888653010954920726e-03 1.474187919657704848e-01 -1.958777685715087924e-02 -1.060123943690163273e-01 1.438128614113497183e-01 1.872606735528762056e-01 1.265655546501214673e-02 -8.388095483079133219e-02 -8.548700910359988137e-02
-1.468800353827330041e-01 -1.059969991027094327e-01 -3.501364499054095136e-02 6.864086075183584157e-02 1.236037950216308245e-01 -9.222486709373475117e-03 1.381550773051007652e-01 -1.416315411355719978e-01 9.155633370067618737e-02 -1.292832259122287109e-01
-9.850369526630356476e-02 1.540736913671462982e-01 1.488661105398253193e-01 5.982877339199194067e-03 4.569572031894286041e-02 5.242711517116391967e-02 -5.244493874491004681e-02 1.799243943230537379e-01 6.548744171069036113e-02 6.999280569822606546e-02
6.328320937288937909e-02 2.300958190453612773e-02 9.315019738173631325e-02 -5.703811058045905880e-02 -3.585003872423812247e-03 1.139694723825930393e-02 -1.765247012229943444e-02 -3.178928617348765473e-02 2.410732918632500429e-02 1.654535439746794220e-02
6.095202853838517509e-02 1.248304661272294225e-01 -2.165005428866445814e-01 -9.774637910414921138e-02 -1.028284767725436977e-01 6.991373234963131622e-02 -4.495471326515290689e-02 2.583326803068022315e-01 3.496322166180211577e-02 -2.198253832785675849e-02
5.062817780567089448e-02 1.100324938625984600e-01 8.336697459123508860e-03 -1.122712260323650846e-01 1.644617810532771340e-01 4.404510223706729899e-02 1.506182167009435802e-02 -9.158908139449413455e-02 1.483395397214235314e-02 1.094949500065736658e-01
9.554743002734711332e-02 -6.897367102850175680e-02 3.658269714422118096e-02 3.920253723273581237e-02 -7.017932389208081378e-02 5.916962415103164258e-02 -6.808809914377837724e-02 1.912198882499620001e-01 9.940877391569505339e-02 -1.259182523328681580e-01
-1.641500670172845733e-01 3.677043857870201243e-02 -4.453498458309806951e-02 1.628927494159574108e-01 -4.245646626569719168e-02 6.946225111843762345e-02 8.423734473805444267e-02 7.224618906738424287e-03 -4.086309046260060834e-02 1.278719111120037166e-01
1.865108172095084338e-01 4.158862993090467475e-02 3.297589154563173447e-02 1.465443391587894773e-01 -3.467202581338035133e-02 8.939411577917090457e-02 -2.191136039755089623e-02 -1.025369020869552339e-01 5.174290078832508716e-02 -1.154278934920516114e-01
6.141974945044694108e-04 -8.366535130157786923e-03 -1.996569781226172416e-02 7.860124856733960441e-02 -2.016823596513901695e-02 1.862108929944734648e-01 -1.682226556437380616e-01 1.566112825989251708e-02 -1.386879657670406774e-01 -9.589747734010271862e-03
2.760337678249157045e-02 3.264553676530856235e-02 -8.204671702172269820e-02 3.599345594502070117e-02 1.289253753552050547e-02 6.263256726193801305e-02 -1.347702962605562271e-01 -5.766687312312154812e-02 -2.297942881508705237e-01 1.982242227018009631e-02
4.564086901272543240e-02 1.082575263345716965e-01 7.349369783314693705e-02 1.449357191480213913e-01 3.774970323138576722e-02 1.004101751785667629e-01 -9.521751292981968373e-02 3.485857815050112662e-02 2.828319454417129938e-02 -1.750420510470376834e-01
-1.903942883383568860e-02 -2.225167121729408962e-02 5.348476168997521457e-02 1.469471722173508743e-01 8.873879494696951253e-02 -8.464605982777273496e-02 -1.202031323763307208e-01 -1.362485329699956726e-01 -1.764348611029654609e-02 -7.324894950704624597e-02
4.006427127892556173e-02 9.838399612856313370e-02 -5.457592893734342088e-02 1.324952613294855079e-02 -1.463906832158824028e-02 1.105894738602124783e-01 1.340072082107947593e-01 -4.645850919854330879e-02 1.122786061319436257e-01 3.495175167851672510e-02
-1.018230681511696212e-01 -1.733522814024265613e-01 7.195651285937752772e-02 7.488803426384692263e-02 -8.998851598762747095e-02 -2.156843048093689749e-02 1.981859409235493530e-01 -8.572112341795886520e-03 4.170196096133826739e-03 -2.217480878277462986e-01
6.680546103173927441e-02 1.039092390411890943e-01 6.426485169469355226e-03 -1.689808678946054799e-01 -8.028053859583494933e-02 6.220599988367635398e-03 1.145668127739930993e-02 1.083742370696766238e-01 -8.178265353783359046e-03 3.418480585855992321e-02
-2.036872902574007882e-02 1.183538045162396968e-01 6.219185760706185534e-02 5.906681338230425349e-02 -1.082817978153483990e-01 -1.054245139992868521e-02 1.200326373843304123e-01 4.136838100671469398e-02 1.310481333133018400e-01 -1.327412647874344764e-01
-1.060133152244490118e-01 1.702395128481615227e-02 -7.186561118702997075e-02 -9.704221605550514274e-02 -1.291627467003452212e-01 -3.898045648536103275e-02 1.082817426905713365e-02 -4.622071062929839630e-02 9.823472109519308659e-02 -5.500514299753071074e-02
-5.917100692988062210e-02 1.016324490950956810e-01 -1.077706406103009495e-01 -2.608839447119029598e-02 9.070064716408748895e-02 6.213629115173627260e-02 -1.239233795879262634e-01 -2.653113045486217916e-02 6.122143352015560480e-02 -1.421362905954775546e-01
-8.948001676253322656e-02 -7.672104627010378763e-02 4.221783457415963919e-02 2.511438824950766591e-02 1.325781742618429015e-01 -1.021848626745230498e-01 3.329925158793257262e-02 4.490987387375747208e-02 6.665309452636587750e-02 2.036840535390947379e-02
1.154848104853106738e-01 -5.528596810820575469e-02 3.225578078687026812e-02 -8.036640626363839024e-02 2.952759741109988942e-02 -1.952672712894405749e-02 -5.817143482000446814e-02 -7.471475307042220459e-02 -2.265908855525569643e-02 3.327150455276298852e-02
-1.765420087690040551e-01 6.027118331480464664e-02 7.932738074276263207e-02 -3.182649218882026287e-02 -8.119391347667538616e-02 9.888052831737817114e-03 1.215195156156572420e-01 8.709532521495305657e-02 -7.044582848865564573e-02 -5.680256774724021934e-02
8.518248341867126761e-02 1.363627731144361199e-01 1.553761742073405949e-01 1.122810581818467074e-01 1.101760272240323302e-01 -1.891771246923571251e-02 9.720698702425899229e-02 -8.495340049259994530e-02 8.962675233770689420e-02 -7.980826301052117155e-02
2.122933217409695983e-01 -2.839917980968104660e-01 2.353709029671516642e-02 -4.531175005236960651e-02 -1.142731124631322370e-01 3.860941622583152245e-03 -1.748423679799191929e-02 7.045690041958588799e-03 -2.113652009093671888e-02 4.742199246468209450e-02
-1.701513248082294760e-01 8.301262125486730606e-03 -4.854539531231995969e-02 4.818228482918270744e-02 1.331833401158762087e-02 6.383617648754069673e-02 4.902474845935344758e-03 -1.043965977307958204e-01 -6.141080795082818483e-02 6.373486221400019580e-02
-1.119084696556704589e-01 1.701331862656357274e-01 3.455332266044030404e-02 6.346069117447360186e-03 7.609040959032582763e-02 9.018532193593159843e-03 2.218792224604697327e-02 3.925830323952186202e-02 -2.960768597396704754e-02 5.141936473022119813e-02
1.719329047922545095e-01 -1.001185218166397717e-01 -1.686312574745672463e-02 -3.348668812308824155e-02 -7.709530598875286023e-02 1.498214175637468948e-02 5.828662877645540003e-02 1.424292710320345934e-01 -4.191611793918265105e-02 -4.405101542288060446e-02
-3.475148481256986471e-02 -2.067294928979035440e-02 1.730930298992031796e-02 1.454892861058475761e-01 -9.468291085207433330e-04 -6.182026514316420369e-03 -2.836740142483527849e-02 -5.410787067363834885e-02 2.106424446939634404e-02 -1.113606746892898125e-01
1.235466899177823791e-01 -1.864143431575560894e-01 -4.178245711242577903e-02 -1.263029766862679149e-01 7.448665890841707493e-02 -2.430093185890047636e-02 4.173363094149593056e-02 6.798679580421143620e-02 -1.659098139102046232e-01 -6.558070883450045629e-02
3.561497444585660921e-02 2.574872278948519763e-02 -1.808176369415883666e-01 7.404787218538137761e-02 1.937189622228658037e-01 1.492558162681325296e-01 3.904015926112115037e-02 -1.001397245654389867e-01 2.048954102511372222e-01 -2.054608695350781944e-02
-9.197854201124720797e-02 -1.513168753762483831e-01 -4.176225189928532699e-02 -9.312091268480798129e-03 3.547495248032238313e-02 8.973144740045835288e-02 -5.248407109133771536e-02 7.776445481464953902e-02 4.948123051324895827e-02 9.208163909141720005e-02
-3.481287256340349218e-02 -1.816419780161451086e-02 -1.247511906417773792e-01 5.872933576265287198e-02 -2.024071192509533934e-01 3.960942804928535566e-02 7.429562440837579780e-03 -3.659672952719223056e-03 4.458109651349134034e-02 -9.498367281291440756e-02
-4.319081552680300445e-02 3.548798733535097824e-03 -6.045255161864515614e-02 1.081218129099001113e-01 1.748147104806481167e-01 -1.310383781564498744e-02 6.602463787709456078e-03 7.439533294606352765e-02 9.979425223631858966e-02 6.021920421627829922e-02
2.664326924129395424e-02 -6.507296907463122615e-02 -4.968372206178967021e-02 1.776319189577697522e-01 5.799081532676545608e-02 1.159066178699847405e-01 1.735571637489420338e-01 -4.359181282883518166e-02 1.017059168569774130e-01 -7.359170114351348824e-02
-6.350399411675042294e-02 -1.475623575759352768e-01 -9.477941052989169446e-02 3.481319015406063311e-02 -2.051173876877499525e-01 -1.219413165665469978e-02 2.729953056909062981e-01 1.290866816687450958e-01 7.934646948634431702e-04 2.725318092156187033e-02
1.900487444305323185e-03 5.493433200527138294e-02 -5.703676913577565566e-02 1.947013934656251222e-02 -3.732644722168907553e-02 -3.531216065521344122e-02 -1.521196404045182249e-01 4.395732201549659712e-02 2.595835427931382777e-01 2.990452225090842880e-02
4.859732032135544860e-02 1.185533230864075638e-01 -9.406638391019100931e-02 3.144207285039654631e-02 1.779779780460389454e-02 1.791613320795409914e-01 2.430460391073005141e-02 -1.367000083715213810e-01 1.140800163735990469e-01 -7.939915074851108465e-03
-2.360430508859045762e-01 -1.686769146117614859e-01 3.388461438126182113e-02 8.480241564834184453e-02 -1.123656329578315849e-01 1.041028619293339341e-01 5.455991172574007481e-02 5.133194624856182720e-02 -9.510307107989929287e-02 7.815728622978947160e-02
7.129900339537235954e-02 4.360689315978083513e-02 1.231523172264012561e-01 -1.382269178256110816e-03 -9.591220174789810704e-02 -3.298537802142442049e-02 1.860355918850822160e-02 3.892987411805481218e-02 -1.911925274413062426e-01 1.019761887372134801e-01
-2.886508918665328313e-02 2.863860752857238026e-02 5.707674411164762734e-02 -4.317846664957616931e-02 2.143086209634457312e-02 -7.193682777269964912e-02 -4.698810372194162782e-02 4.801235140251496232e-03 -2.156187713921418891e-02 -7.951680667938129318e-03
5.148656210912949671e-02 2.069810630851638689e-02 3.980273115075420171e-02 -7.814759190474863948e-02 -5.277950303390482184e-02 -2.081222944945309433e-02 -9.091503477805032429e-02 -1.938654869451249003e-03 -2.352561039042820601e-02 1.422466435275226149e-01
3.548140871585170331e-02 4.945586339080743771e-02 -2.683156788640888579e-01 -9.321007635018438084e-03 4.386109004690452728e-02 -1.686812144681794357e-02 -4.732434381850918192e-02 -4.432375358677522609e-02 1.292231727144116729e-02 1.208337391398359301e-01
2.643900296152788126e-02 3.319325527649131385e-02 7.008521262790094741e-02 -1.390155583592875832e-01 3.365513437326213275e-02 -1.389189759167168761e-02 -2.099970243166751627e-02 -2.120656370658727512e-03 -6.524568600395172502e-02 -4.965772192091529730e-02
-1.906150312473249564e-01 1.413335477347003322e-01 7.455196637609405597e-02 -2.043868618663780262e-03 8.477115351996727943e-02 1.170871389714150945e-01 7.176925367603380346e-02 5.010983633929834424e-02 -9.267897427288923629e-02 -2.666012323463885086e-02
-6.141735150890346301e-02 -1.745385240528934956e-02 9.946760530682036139e-02 4.189635344382645205e-02 -1.560870136125069342e-02 -8.535314150294973090e-02 -9.069383857972573848e-02 -1.552485723187241318e-01 -1.364291915007121436e-01 -2.561653775184877246e-02
