1.419009293879344158e-01 1.583546505821124273e-01 1.437705959646022325e-01 1.167308890814525851e-01 1.432030048268276845e-01 1.118324932449190900e-01 1.183245204548718371e-01 1.466253095275097673e-01 1.100012690801593918e-01 1.271788331947830974e-01
1.154828503693385855e-01 1.282171851040720401e-01 1.478102294393056071e-01 1.346401448895095665e-01 1.314443495936325756e-01 1.328065170154512087e-01 1.354459473130786296e-01 1.464304341874742010e-01 1.256896263860104723e-01 1.165910905404578951e-01
1.324976875760823236e-01 1.052663544758154768e-01 1.437620694632634477e-01 1.253900909194585189e-01 1.325784663438357436e-01 1.517596454125393068e-01 1.423822913224848941e-01 1.270640010629903727e-01 1.406197863335151843e-01 1.150287306918754138e-01
1.325699236940815484e-01 1.356214709462305601e-01 1.431183881353871590e-01 1.150128777697563831e-01 1.292995279203075221e-01 1.168022800865000377e-01 1.196807649492305226e-01 1.397944506704292822e-01 1.238031452123146137e-01 1.602777889528277933e-01
1.182329736095683453e-01 1.472550129404415764e-01 1.272477856614052105e-01 1.061951044283723361e-01 1.518585239747974047e-01 1.322056473646714969e-01 1.393388323297859166e-01 1.132238563654206914e-01 1.318372685719883253e-01 1.498873494454629474e-01
1.221321995058740617e-01 1.305770766356428025e-01 1.353904046913000370e-01 1.355099789368129637e-01 1.369182472426899444e-01 1.235327885738303211e-01 1.337685068032673230e-01 1.250329007455195929e-01 1.407025849946416940e-01 1.295730088233085497e-01
1.453689782286732013e-01 1.445130503715277848e-01 1.504422894662953980e-01 1.074689156666711609e-01 1.281531096589571261e-01 1.434898421482049824e-01 1.217272694404836902e-01 1.269003271805645983e-01 1.162238451285233509e-01 1.319695028776140533e-01
1.346389371896964116e-01 1.215181447053401004e-01 1.459762245961127580e-01 1.425307376642713786e-01 1.106132489946786146e-01 1.466491454217212775e-01 1.282496684271114129e-01 1.359040571210350379e-01 1.407157590140497017e-01 1.093722466725875336e-01
1.569020609757766083e-01 1.085284087477079162e-01 1.478494210293009314e-01 1.232912181686177666e-01 1.191171265437652171e-01 1.560291837374055968e-01 1.118712835310074621e-01 1.301022946079990195e-01 1.403314437544793680e-01 1.243140561208096184e-01
1.376542694925971533e-01 1.238473021429843390e-01 1.128382746814640403e-01 1.444259978017364832e-01 1.491154428574012203e-01 1.375099464202503008e-01 1.303145560697861194e-01 1.162210473904047164e-01 1.440055160798908718e-01 1.196576787496573119e-01
1.238320777323225347e-01 1.668997999645858155e-01 1.261758184438487307e-01 1.128338455653315892e-01 1.343182304357807277e-01 1.276509999749828872e-01 1.317248532132467842e-01 1.293288981802017124e-01 1.305557767719993933e-01 1.325144062025849223e-01
1.446561722960987562e-01 1.260031979266226509e-01 1.350687731228475130e-01 1.237858443718584667e-01 1.263060960759849194e-01 1.244447295849982760e-01 1.271541474395810611e-01 1.382265221873909267e-01 1.391830695052518330e-01 1.285793334399910059e-01
1.316966406805601952e-01 1.321312181657035567e-01 1.234895638684767316e-01 1.209944885214650212e-01 1.342137393354754238e-01 1.598463411787844346e-01 1.211576584444684773e-01 1.264979900462536999e-01 1.532407916502205314e-01 1.131267874106031968e-01
1.709756104332264826e-01 1.328139655551565934e-01 1.232453392335340903e-01 1.185458553625757666e-01 1.419265500028231430e-01 1.426653099052125617e-01 1.414255786297099193e-01 1.304288553748873813e-01 1.149019548065345758e-01 1.022785131958409421e-01
1.381594547762298175e-01 1.205485828104337215e-01 1.287838614482048616e-01 1.377872155004913335e-01 1.145275275937429338e-01 1.428367531368877341e-01 1.296455025168499198e-01 1.321107532592196432e-01 1.472643355155122957e-01 1.227925498835861495e-01
1.342815926255699066e-01 1.535954057473695733e-01 9.752027136302397758e-02 1.527436144035184684e-01 1.081138698959574762e-01 1.401587621650182414e-01 1.236219078095377039e-01 1.469443636517055174e-01 1.404533135506280672e-01 1.222995220741009137e-01
1.471071156709968519e-01 1.385084580841340340e-01 1.371921593109029502e-01 1.271680003612637999e-01 1.364881108061511417e-01 1.430772658327570390e-01 9.916023699658058077e-02 1.353591193545930493e-01 1.351104453036085784e-01 1.173331921994273941e-01
1.263846838416289586e-01 1.322550923467769313e-01 1.088721784844927654e-01 1.160980479332347770e-01 1.531411453073737716e-01 1.295325044395259639e-01 1.148580949397541573e-01 1.545109300512540473e-01 1.494058171181772421e-01 1.323814811197744357e-01
1.383325730956811161e-01 1.122818580113475739e-01 1.570989845518494799e-01 1.101977214882625261e-01 1.282492986078394293e-01 1.360791778363951154e-01 1.288090946170163398e-01 1.449671323722661609e-01 1.403146679447438983e-01 1.203155453148591625e-01
1.203002651986037203e-01 1.306718578155194599e-01 1.475944364811117571e-01 1.318802062061206759e-01 1.330647646792839089e-01 1.566944028337269312e-01 1.384163129070993536e-01 1.063166271895778503e-01 1.228820999383643392e-01 1.283756843448461693e-01
1.283013578861643689e-01 1.365313058401807778e-01 1.155463423268090623e-01 1.343881813093731337e-01 1.286757221477431434e-01 1.356747670323826260e-01 1.393086068544920619e-01 1.394181524403533823e-01 1.261291414003377909e-01 1.294773830158219008e-01
1.332092084717413361e-01 1.426178959853148520e-01 1.274843680627142928e-01 1.378762144980559823e-01 1.359517900760814912e-01 1.268806867730594423e-01 1.383794906132374269e-01 1.170768169926842545e-01 1.286077734138129092e-01 1.254340536409435936e-01
1.184741068398411368e-01 1.581210945233755272e-01 1.084820672412016018e-01 1.356061420927463512e-01 1.284392975102667811e-01 1.228012507816973742e-01 1.321075673824898267e-01 1.231984750529782346e-01 1.601307117058226037e-01 1.300457942454922855e-01
1.462799400348137602e-01 1.244246383772613512e-01 1.306247590090252042e-01 1.160133888560163223e-01 1.358930875823770867e-01 1.158707023097612504e-01 1.508300281179743574e-01 1.184387871563326311e-01 1.336971565586421717e-01 1.435148468158876922e-01
1.394576831016941798e-01 1.156890126450653283e-01 1.525544713455922463e-01 1.122364222362417230e-01 1.582091185872435413e-01 1.146715550943884360e-01 1.254132554758453644e-01 1.541046339076607985e-01 1.152445700480861923e-01 1.310887947986830726e-01
1.257222417616635501e-01 1.244169361622116388e-01 1.178600407918804355e-01 1.303372009617960181e-01 1.275141272352118549e-01 1.465278260189593063e-01 1.321755518347070835e-01 1.351569961947889642e-01 1.383301161056763318e-01 1.355872622710572462e-01
1.303750622483106081e-01 1.594325230194726106e-01 1.040333584537192768e-01 1.298305592049317780e-01 1.554709437438527020e-01 1.292439538579926162e-01 1.201257767772200002e-01 1.525238062791163807e-01 1.205736235774453047e-01 1.172618221440633740e-01
1.437815831163809510e-01 1.344010885592043236e-01 1.507009686267248572e-01 1.206922669402543113e-01 1.160008596093861366e-01 1.222468782782328151e-01 1.332689886976514693e-01 1.560964833287271092e-01 1.185731289209127487e-01 1.204813937940309027e-01
1.284483293723976127e-01 1.111395597674587343e-01 1.722156438068602746e-01 9.249249007362631003e-02 1.733405362455644194e-01 1.479256073204515687e-01 1.284528195036112597e-01 1.271913183802164948e-01 9.827892859813452953e-02 1.480298705076210086e-01
1.328179071118918142e-01 1.510090851609915130e-01 1.185443760324068202e-01 1.541403129337355349e-01 1.115392788692795151e-01 1.385055276580202943e-01 1.272879167253837540e-01 1.215253735690167841e-01 1.503694956066604083e-01 1.117557796129388381e-01
1.178156259832431468e-01 1.291059853679929481e-01 1.279140802129283272e-01 1.542824019517483880e-01 1.082518978159963119e-01 1.377078564307054054e-01 1.372507268430976923e-01 1.248036765995983455e-01 1.238538210822393432e-01 1.558389983983546889e-01
1.389168761980144606e-01 1.359277346395329489e-01 1.313920712777378319e-01 1.426717229221541317e-01 1.107362282315265123e-01 1.455133187772262582e-01 1.425878571850587029e-01 1.062714841194986742e-01 1.396229309796830353e-01 1.226608663500032559e-01
1.557446714742741489e-01 1.114857039950430673e-01 1.410694615822253861e-01 1.212035544159873052e-01 1.317408802428365056e-01 1.254797331034060437e-01 1.254998376908453284e-01 1.492783259518793981e-01 1.443416475596159820e-01 1.112405503795903805e-01
9.960429101758891401e-02 1.640204800193392209e-01 1.169361007629987070e-01 1.302420679241655943e-01 1.218714779349315547e-01 1.262698569742174426e-01 1.442530930482367191e-01 1.207214756833200481e-01 1.301157945391382964e-01 1.667521920031106164e-01
1.337592755693671198e-01 1.149598027195017635e-01 1.329903633508393024e-01 1.513359674735179072e-01 1.224500315622155944e-01 1.384002987213489022e-01 1.249113582224058161e-01 1.230328073163629715e-01 1.270657834260179031e-01 1.459263224124863478e-01
1.344866636415666117e-01 1.276951312140840733e-01 1.194015014496168370e-01 1.291323925716886534e-01 1.476519463813025790e-01 1.436676545248206927e-01 1.226283623679734341e-01 1.299217923595603896e-01 1.296260816651396419e-01 1.295736232301541724e-01
1.207390854772385919e-01 1.231095924054082802e-01 1.239479660163124719e-01 1.459554088857892840e-01 1.245297506774736551e-01 1.432690228602980786e-01 1.296402057419034082e-01 1.235550341169157074e-01 1.253366839321008730e-01 1.550342794324287843e-01
1.284023293369697671e-01 1.409061492307073504e-01 1.438482663082138457e-01 1.432782524857690309e-01 1.213309298528888053e-01 1.268574976506277596e-01 1.295192473205868666e-01 1.178997469977101503e-01 1.360761977810407974e-01 1.258605262824490367e-01
1.234332483717204970e-01 1.250166914485429659e-01 1.224358647872822170e-01 9.903030513449626038e-02 1.583197109035646144e-01 1.332770575461468820e-01 1.792236999282303400e-01 1.154599796013667662e-01 1.186149218946609407e-01 1.476403281634902642e-01
1.417784763246486834e-01 1.380515565277108669e-01 1.392203444963658332e-01 1.399429394338242982e-01 1.476822454175790167e-01 1.094945464375285255e-01 1.266946397138721536e-01 1.277438492836221740e-01 1.088803503207468326e-01 1.364265244529894727e-01
1.396836459470311154e-01 1.402501759162603223e-01 1.257004457365477057e-01 1.228228170084323945e-01 1.498659494087415944e-01 1.382093687042201813e-01 1.144527503324672124e-01 1.426622955253218916e-01 1.271613229281345070e-01 1.145466895134419488e-01
1.397908176589378326e-01 1.154712534417526026e-01 1.334049082063500924e-01 1.369050623163702574e-01 1.361441055147711576e-01 1.229277323244784975e-01 1.561232090858025723e-01 1.382307258069307987e-01 1.188722206298839790e-01 1.176369945607421280e-01
1.472755034747083858e-01 1.269182991440178654e-01 1.413035860933413990e-01 1.108010713817754178e-01 1.368174814010706675e-01 1.431116665755462480e-01 1.264921229392171331e-01 1.275927404679931543e-01 1.334523446214043174e-01 1.210832877233979366e-01
1.283734593811592384e-01 1.557675917605926830e-01 1.154511970328951642e-01 1.445775170094652229e-01 1.252557918358781774e-01 1.124050652501851211e-01 1.280699233928009051e-01 1.348184281094463866e-01 1.321455677985932109e-01 1.387503152114931138e-01
1.524946368700982602e-01 1.296074178282814460e-01 1.502904679915053610e-01 1.083829328273236831e-01 1.143284706282479135e-01 1.734992136985795130e-01 1.114916396490030076e-01 1.371368361302870431e-01 1.377148674393876837e-01 1.068319654015919967e-01
1.008081978042472820e-01 1.245904140276525573e-01 1.259332077634751634e-01 1.251117234647441956e-01 1.513623535728391700e-01 1.202416879396633748e-01 1.587574602843893068e-01 1.320367316450506145e-01 1.187664644437561035e-01 1.620226918963065255e-01
9.733697889739534315e-02 1.466377767707091606e-01 1.346323856323545787e-01 1.398481395882790190e-01 1.254454107293202225e-01 1.280509626601464002e-01 1.423754857831711351e-01 1.269480818499415797e-01 1.289444573539752503e-01 1.466012411875211585e-01
1.207401773658273864e-01 1.346298078912454566e-01 1.346848938434264675e-01 1.342510563677239421e-01 1.293753614753644365e-01 1.481394568644424370e-01 1.292615345547369898e-01 1.092945418910174771e-01 1.285144532401534256e-01 1.459980352890007382e-01
1.511522427597134510e-01 1.279030526545291147e-01 1.145424900201906238e-01 1.426845180302622196e-01 1.302510962547972495e-01 1.210117162281006131e-01 1.434183083720527441e-01 1.324711541812560733e-01 1.563853120118806339e-01 9.877814657095106143e-02
1.255150981123717979e-01 1.401813641869499860e-01 1.205865095002993104e-01 1.090631472947747177e-01 1.284520089913083474e-01 1.267160539889022053e-01 1.383850416496668345e-01 1.314221705868292289e-01 1.274506585983049833e-01 1.691309477780589821e-01
1.449346637364492818e-01 1.179298019144618126e-01 1.502824899598326214e-01 1.236340418744273223e-01 1.210124504547556712e-01 1.559900336103310081e-01 1.039295994376614601e-01 1.327392829506608696e-01 1.241036713564465516e-01 1.431351976766552792e-01
1.428371762880551454e-01 9.542199291263647742e-02 1.485253053288165537e-01 1.191649480478647188e-01 1.414702044133033243e-01 1.496479766815963786e-01 1.365296855593851055e-01 1.206776305988857961e-01 1.378723034082495746e-01 1.261029941809458932e-01
1.326529224791001271e-01 1.186765421467037562e-01 1.359865993328317202e-01 1.446636187511383120e-01 1.146722207719022418e-01 1.398519579376291677e-01 1.213531721761756804e-01 1.404198141827758539e-01 1.326309899104132772e-01 1.334732929213926500e-01
1.222528928692626082e-01 1.467759163379746545e-01 1.260606554572199500e-01 1.367485901187646680e-01 1.173784582745696636e-01 1.082455024190845799e-01 1.256667058910574952e-01 1.296842022341594125e-01 1.603582055799317452e-01 1.436385154910579387e-01
1.547865550338273499e-01 1.295696639927702565e-01 1.113709001596881187e-01 1.404067738780093444e-01 1.354213083878492152e-01 1.167833385156761689e-01 1.317054421598547742e-01 1.362614730594426671e-01 1.148110941816622155e-01 1.450701201567430598e-01
1.161601712413106585e-01 1.412504775438053473e-01 1.156524954304476299e-01 1.358655772614986990e-01 1.519122752779105134e-01 1.154797031788021983e-01 1.152891771294028422e-01 1.340369192979714297e-01 1.432562844878673414e-01 1.476548629532966339e-01
1.462982623047489050e-01 1.383038889445263597e-01 1.365593316286986547e-01 1.198096920829579137e-01 1.163563169696694710e-01 1.353858809649973738e-01 1.093481829744478023e-01 1.553512085048157632e-01 1.138397500341567919e-01 1.460391584278984967e-01
1.545870113521192468e-01 1.185502727094035341e-01 1.187169247332221789e-01 1.413135060120813691e-01 1.298739693811592211e-01 1.304436419401002467e-01 1.480194091350835461e-01 1.140702149790679965e-01 1.341662860895721510e-01 1.260203518628730535e-01
1.247960688629954906e-01 1.323907558729312539e-01 1.197769128460724336e-01 1.416017437527680722e-01 1.321944707734065971e-01 1.302175437652214329e-01 1.352709496429063685e-01 1.357876752053506497e-01 1.296960513470706011e-01 1.313644153975636053e-01
1.235593383551877866e-01 1.153478388565242208e-01 1.623120852677321924e-01 1.386603848479966983e-01 1.465072330371305909e-01 1.203510031953388543e-01 1.438256624327242661e-01 1.016546847934027831e-01 1.284933167904258877e-01 1.377053258180711004e-01
1.333212192353507852e-01 1.202614271727882878e-01 1.323390875189920934e-01 1.533246917155047795e-01 1.117948086953726161e-01 1.334208362715129659e-01 1.308579323255842919e-01 1.466520645715403970e-01 1.335676238380469616e-01 1.197789693486714796e-01
1.148965498726409185e-01 1.479246825835545398e-01 1.265184650873013850e-01 1.267919224347012763e-01 1.468797065191095041e-01 1.200872447576098040e-01 1.499653381780794437e-01 1.086704176264700339e-01 1.196518872627964081e-01 1.565358033658266201e-01
1.603271064186748418e-01 1.237085409974016392e-01 1.440540926857380721e-01 1.119634022028731940e-01 1.411707336065291529e-01 1.265441398775576654e-01 1.208424726942920607e-01 1.344981449373228999e-01 1.394790328369200916e-01 1.142137241844826956e-01
1.076869024479501780e-01 1.322759464454039413e-01 1.337070224638629845e-01 1.125479197589484143e-01 1.462990929039788834e-01 1.194247596429309083e-01 1.368295379315951077e-01 1.496210493883541326e-01 1.212895143158220224e-01 1.580040960986933141e-01
1.275563714481150468e-01 1.336986632346810200e-01 1.313096536617125998e-01 1.207970340870954951e-01 1.376008547879054578e-01 1.044703610765268798e-01 1.591542673486634196e-01 1.225004473737079241e-01 1.492138450460705201e-01 1.306119661822329192e-01
1.250251676412216517e-01 1.243514347248663166e-01 1.381487716306963320e-01 1.236126212019291459e-01 1.273339261675602019e-01 1.188127971006812111e-01 1.471190815150668074e-01 1.288974311941261941e-01 1.596265809856920181e-01 1.225571374154024312e-01
1.247037557618758813e-01 1.238786106782870100e-01 1.285991611324690531e-01 1.165029126949746058e-01 1.353072229886740085e-01 1.190403799376473920e-01 1.503209826150712913e-01 1.291505498434072086e-01 1.265947718511383213e-01 1.620057131515538762e-01
1.302379648205637952e-01 1.321294967498454764e-01 1.252149023742842870e-01 1.125082070963265846e-01 1.197785584916939566e-01 1.400209290960963693e-01 1.409031909228971036e-01 1.462375563583574456e-01 1.281858443196450537e-01 1.392655438154408731e-01
1.327423805720376604e-01 1.212843549338927657e-01 1.471013335506287656e-01 1.303528451306912306e-01 1.408353541940088050e-01 1.232623321874744965e-01 1.179352810218413511e-01 1.480645554500800154e-01 1.189636295451720061e-01 1.342553981616400882e-01
1.342596680036963475e-01 1.520615809515376837e-01 1.193435091797392655e-01 1.168068577975073519e-01 1.429136239233340655e-01 1.304194436119495704e-01 1.052387210427579295e-01 1.340726119835188856e-01 1.234340542464028578e-01 1.590528624286769999e-01
1.255417878407883714e-01 1.211794590581009023e-01 1.289932584478202249e-01 1.545635812667570386e-01 1.388409015613714659e-01 1.307141520319599626e-01 1.329969423168471110e-01 1.177826256069017252e-01 1.360191668699400336e-01 1.277211866523303152e-01
1.350100866136067779e-01 1.189726556125237367e-01 1.310483544924664345e-01 1.233429275628493554e-01 1.505794438626995302e-01 1.341327166420330785e-01 1.188178875671409701e-01 1.346708722227878130e-01 1.143430422213246728e-01 1.548710265520888696e-01
1.406566024127209324e-01 1.213693627982363743e-01 1.371737939135854734e-01 1.351666798816710258e-01 1.426647320203016378e-01 1.304211368221234457e-01 1.235623341810658943e-01 1.364288574253813835e-01 1.125867978323655816e-01 1.341425330462936438e-01
1.359295701770762976e-01 1.145836282338192902e-01 1.458888047331295124e-01 1.315223426918809557e-01 1.196273067982152882e-01 1.213049655722866910e-01 1.459251732710111216e-01 1.328161758029207939e-01 1.185807188396885287e-01 1.493660957797991462e-01
1.444184764313725389e-01 1.401649853588456673e-01 1.263906476911666465e-01 1.326611084133418328e-01 1.136422480944145608e-01 1.497374186840583765e-01 1.261076705152154864e-01 1.276348260424183256e-01 1.262813952087452618e-01 1.275051975895238054e-01
1.154994516337517624e-01 1.407677959751458541e-01 1.231050826866913195e-01 1.425065261221523105e-01 1.252065768837766768e-01 1.316653318413366081e-01 1.375841065672132602e-01 1.370634272932260145e-01 1.336093123951910266e-01 1.268457257650721648e-01
1.560392043875133972e-01 1.210647316784918825e-01 1.212786346081797251e-01 1.356759413142635540e-01 1.390633276497943993e-01 1.312599004528027247e-01 1.162732715013698598e-01 1.205636254505216831e-01 1.415336890046314799e-01 1.324235203517388770e-01
1.272121654269129931e-01 1.216621143127835092e-01 1.231562325526228685e-01 1.247630601687613194e-01 1.250190964013735417e-01 1.435055127803704367e-01 1.222207419062176087e-01 1.542196342443364343e-01 1.221573832591185127e-01 1.516233855654002260e-01
9.863720826432419153e-02 1.776664997703495119e-01 1.186769474529551088e-01 1.342089035726743429e-01 1.455027595818851882e-01 1.239065549630733731e-01 1.358065981284033164e-01 1.247867164099154408e-01 1.341235549378028691e-01 1.268233573719013962e-01
1.553567015501788329e-01 1.237056946520464773e-01 1.376352492829917562e-01 1.229616284255457132e-01 1.282975854511475833e-01 1.234898798427473132e-01 1.262350381875971816e-01 1.431905990915234572e-01 1.362843130425090421e-01 1.177458268086269272e-01
1.553262899891790227e-01 1.106231006035717640e-01 1.318669879744527873e-01 1.359361985976486609e-01 1.220028949743543478e-01 1.366705866818140880e-01 1.299840207325131392e-01 1.291730764862298042e-01 1.403758419174810090e-01 1.232309746552165686e-01
1.075051596793930447e-01 1.504549035680819158e-01 1.305132407236589409e-01 1.351037866563845613e-01 1.428592369872720425e-01 1.278657861873435386e-01 1.294508352788261984e-01 1.131022780345036505e-01 1.387377694613264323e-01 1.402655670940732568e-01
1.317680174785275937e-01 1.328755294596123127e-01 1.311252680772875268e-01 1.114961351889534047e-01 1.341808956391087326e-01 1.299976160608004028e-01 1.328250847409611357e-01 1.389190830338040139e-01 1.239529186159561286e-01 1.469077105412451845e-01
1.096102706285192047e-01 1.576684815810681373e-01 1.262834584776256208e-01 1.482109426706942623e-01 1.162916826507678358e-01 1.322364692751830662e-01 1.260057190932055982e-01 1.148455490795687595e-01 1.524588057340285352e-01 1.340423407226765673e-01
1.313822201925453348e-01 1.273379890506375345e-01 1.650156362921118558e-01 1.228219396343383230e-01 1.168291710114574555e-01 1.202448906156566300e-01 1.287339991719237686e-01 1.557179169942838060e-01 1.067516326627383910e-01 1.436054706707615702e-01
1.413059198042572739e-01 1.501908478284931514e-01 1.327107887765984484e-01 1.337889336294629805e-01 1.274538639932978057e-01 1.193726748907886215e-01 1.414835182541374081e-01 1.203446897551321559e-01 1.282736746974789677e-01 1.195519954680854396e-01
1.288277929122917664e-01 1.277217628875677580e-01 1.473511111701261145e-01 1.137789961782937342e-01 1.603824068829895477e-01 1.184374615393299496e-01 1.272317144118903787e-01 1.313984703867506487e-01 1.178925148018967473e-01 1.434431444544748135e-01
1.434824620592450584e-01 1.316961607239462984e-01 1.461487695047100355e-01 1.231253996722668359e-01 1.142300650019055647e-01 1.410793102084583195e-01 1.337199018338227074e-01 1.281601802390285871e-01 1.249384200036052356e-01 1.277089302589678732e-01
1.292101466959175438e-01 1.424332935364855390e-01 1.458380737859833465e-01 1.107747870769014847e-01 1.348640019543118629e-01 1.227662352735597040e-01 1.136446887847641640e-01 1.486091380537510886e-01 1.183935483021968382e-01 1.501335742291752540e-01
1.378111572674969032e-01 1.468439969477445262e-01 1.431839174218329513e-01 1.212089873955510821e-01 1.593072021303885422e-01 1.323289287585861229e-01 9.912831162472918178e-02 1.193656061721502237e-01 1.322355040708708407e-01 1.264516235199426575e-01
1.324842770829953997e-01 1.241782163485602997e-01 1.429160313309129071e-01 1.271663242256082516e-01 1.394646275772981059e-01 1.330254509398968443e-01 1.530494239073055263e-01 1.287535467650264831e-01 1.010771476229287286e-01 1.339927726447130985e-01
1.289283474049336131e-01 1.174269329993038180e-01 1.520145728631872861e-01 1.260794121143156143e-01 1.376366618583073353e-01 1.126465291650547290e-01 1.293653613671414682e-01 1.576325772992002994e-01 1.149421145121918147e-01 1.401398688213604249e-01
1.591817313611660067e-01 1.482248270070852803e-01 1.230656455873464228e-01 1.185064953478710131e-01 1.463721511803920960e-01 1.158620529409275790e-01 1.242957735983664241e-01 1.221536903393517226e-01 1.443651742861659371e-01 1.152936969488112390e-01
1.250141840678105909e-01 1.306915146509406156e-01 1.152983706552529741e-01 1.343749732992436385e-01 1.426249990242276777e-01 1.354094604518722711e-01 1.312040524464457569e-01 1.225859125799797500e-01 1.628982212010468833e-01 1.159255971410163011e-01
1.348905027694528025e-01 1.267925494768019079e-01 1.222124104842672587e-01 1.381463568911351913e-01 1.247713990161698761e-01 1.397122496431960903e-01 1.351968774803315176e-01 1.279920873290300021e-01 1.341116467321579186e-01 1.292396770865393563e-01
1.266205394581039756e-01 1.308291204614140946e-01 1.235766572652259032e-01 1.426848976588199203e-01 1.355069907270274043e-01 1.318440895775336297e-01 1.436034506647759779e-01 1.283163410484294831e-01 1.377678764717297499e-01 1.132756893925088021e-01
1.295776783243753894e-01 1.186568104052583839e-01 1.695330574580811434e-01 1.264476063577353315e-01 1.242016769662889625e-01 1.338766860900654776e-01 1.329430245067503569e-01 1.368625906695182526e-01 1.280843745928772481e-01 1.161372629322054983e-01
1.269725738932065140e-01 1.278797017964889982e-01 1.184450030138423093e-01 1.518060696139852672e-01 1.223894386790384675e-01 1.320961914250149416e-01 1.334898329675753836e-01 1.274111994805718351e-01 1.392493013048554940e-01 1.343161688079729521e-01
1.643148502239880349e-01 1.133910950253662758e-01 1.254247900216587386e-01 1.376850195706076641e-01 1.217736261274041942e-01 1.230072139913329088e-01 1.259548064710979132e-01 1.264154747764837938e-01 1.482413606264426365e-01 1.302279545462766419e-01
1.345621643048896809e-01 1.293417357592978045e-01 1.147075494953387342e-01 1.233486678145574167e-01 1.276975354472621726e-01 1.366103715084375225e-01 1.350308933488406360e-01 1.432843079732564473e-01 1.426322423486831026e-01 1.266567455244183016e-01
