1.619194546472660923e-01 1.314673138523854701e-01 2.324281185738766853e-01 1.727250260442866336e-01 1.711427303327262561e-01 2.518453645840360577e-01 1.951165857469531750e-01 2.508338293140250919e-01 2.155587606490119157e-01 2.169628162554315953e-01
2.181220817869323203e-01 2.021811007029116480e-01 2.079155507018653759e-01 2.376516909893029994e-01 2.280779603061136029e-01 2.094346310222101881e-01 1.602454808559851951e-01 1.755086415811790701e-01 1.713693196407708452e-01 1.894935424127294210e-01
1.923775470851815383e-01 1.887812955252920477e-01 2.137883070944213981e-01 1.693330782504282594e-01 2.153034344736844130e-01 2.272959148284819930e-01 2.389685758556072126e-01 1.662407692920378488e-01 1.662253648999656719e-01 2.216857126948989787e-01
1.765753944470277448e-01 1.779944742294458648e-01 2.356915025008074482e-01 1.952417420570078943e-01 2.082263388523331593e-01 2.047342275739527095e-01 1.608888849838330248e-01 1.839239886138810676e-01 2.200953341080438552e-01 2.366281126336681750e-01
1.526960884557504172e-01 2.415485648026247101e-01 1.226616996313538155e-01 1.754652852553106046e-01 2.097486539429536945e-01 1.987167405279516297e-01 2.769308181798728619e-01 2.042382869845806304e-01 1.939269818232527420e-01 2.240668803963488942e-01
2.532368162878257389e-01 1.961409853951903703e-01 1.788296714993432013e-01 1.471606538354693350e-01 2.338423796479615902e-01 1.914066596027428346e-01 1.817887188189020176e-01 1.872343266144591289e-01 2.257742860891592540e-01 2.045855022089483333e-01
1.825648434369102069e-01 1.770078406825500439e-01 1.699980040664285930e-01 2.222659284423735004e-01 2.063447499999687129e-01 1.986097811361060006e-01 1.653839302151793311e-01 1.870015368227087305e-01 2.486341741475194267e-01 2.421892110502564810e-01
2.115037502897553212e-01 2.422508933562375899e-01 1.752826979813521535e-01 1.323335769522050454e-01 1.772066109080426277e-01 2.954781797815158595e-01 1.836373927007765861e-01 2.417553599436384204e-01 2.051968074292476463e-01 1.353547306572289721e-01
2.147456985940794372e-01 2.345444574340911637e-01 1.912613670678792732e-01 1.871461561388668426e-01 1.817553842711053802e-01 2.078579262106911574e-01 2.038800220987037615e-01 1.831616817395008701e-01 1.704465794429870229e-01 2.252007270020949803e-01
2.127708941783079677e-01 2.178189115816395738e-01 1.632849788432908233e-01 1.588130038317722981e-01 2.442611938270484173e-01 1.515708940600032917e-01 2.219441349072891756e-01 2.079950584582655471e-01 2.076603863489002166e-01 2.138805439634834382e-01
1.647879883428410297e-01 1.841739698340909281e-01 1.876555441951741066e-01 2.618307896318903261e-01 1.289563230238671698e-01 1.887545166492020088e-01 2.630039742396025337e-01 2.199551932431903500e-01 2.178685665252773629e-01 1.830131343148650447e-01
2.088396032750927667e-01 2.904097967722141793e-01 1.758966474986135009e-01 1.716253430575376548e-01 1.594333784096734485e-01 2.583214389595949179e-01 1.979709102253317532e-01 1.232326469741544112e-01 2.180935951272108819e-01 1.961766397005766938e-01
2.198427253186326091e-01 1.544027640454726791e-01 1.705544756893478398e-01 2.597432698345567559e-01 2.082189033030963365e-01 1.709857058832890131e-01 1.841748640885433330e-01 2.038198852353652890e-01 1.791382948441892220e-01 2.491191117575070613e-01
2.011453131377768933e-01 1.478918045208497678e-01 2.132259099197451879e-01 2.423501555070815272e-01 2.188209911727609369e-01 2.538960847366339424e-01 1.657992528866284732e-01 1.424966824574505908e-01 2.270763729023001776e-01 1.872974327587728915e-01
2.098487838233078773e-01 1.691493594687643043e-01 2.092352766655544150e-01 2.225076293442584952e-01 2.408570788225875559e-01 2.247874290650200280e-01 1.837608671206862054e-01 2.129683132265652590e-01 1.628670723245080054e-01 1.640181901387475216e-01
2.137064580597780872e-01 1.660801061332564943e-01 2.504911792193398878e-01 2.302595906976016571e-01 1.318144046960206262e-01 2.167851484846639865e-01 1.687437612807008436e-01 1.825341347775289169e-01 2.174355879647903445e-01 2.221496286863184344e-01
2.185175979200303376e-01 2.109906446725511309e-01 2.361977259863142220e-01 2.072372375255840671e-01 2.006747558568470757e-01 1.698871903096552671e-01 1.960314439528740293e-01 2.335915222423935178e-01 1.228902829270004382e-01 2.039814814102320906e-01
1.913508291936253380e-01 1.851239962506429915e-01 2.279159296101421484e-01 2.079694199874153049e-01 1.716646047571167011e-01 1.946635923169796611e-01 1.812180161399306322e-01 2.405068768658636391e-01 1.885624412469214251e-01 2.110242936313624640e-01
1.656553089436160198e-01 2.209907391569939927e-01 2.319773642784561662e-01 1.935051092709191012e-01 2.105897094161408023e-01 1.196157925526893512e-01 1.735314540778828407e-01 2.263597682694808433e-01 1.675258150562528026e-01 2.902489389775682604e-01
1.989645597042387082e-01 2.214948913528837493e-01 1.733474471669931016e-01 1.985695674073067463e-01 1.638076126532136689e-01 1.959341371471191584e-01 1.801354766327432633e-01 2.366489057335218471e-01 2.340353090181610252e-01 1.970620931838198975e-01
1.996906345269661709e-01 1.625353651821356826e-01 2.021809728314837851e-01 2.218618386744899973e-01 2.115817815719739925e-01 1.836691810296356420e-01 2.101224397117574805e-01 2.117972273018719487e-01 1.894977832941471263e-01 2.070627758755380354e-01
1.831202482756993377e-01 2.361354746372801572e-01 2.111693171902343791e-01 2.064932975819522287e-01 1.675478059281872156e-01 1.837280513472756005e-01 2.698242283499962535e-01 1.411905710519251456e-01 2.139829917858323272e-01 1.868080138516172162e-01
1.691371787640105484e-01 2.203574466689215416e-01 1.658752681069187163e-01 1.342763727111286054e-01 1.651526503140842150e-01 2.516055093720406810e-01 2.565043047496933237e-01 1.994965091149274172e-01 1.946058503576435783e-01 2.429889098406314285e-01
1.418068126962447328e-01 2.427754310240634039e-01 2.217553825578542359e-01 1.541455058966618441e-01 2.042595805326164193e-01 2.021231685806558487e-01 2.292430680384631991e-01 2.065496265881839877e-01 2.242513327892199371e-01 1.730900912960365301e-01
1.927216252168083011e-01 1.959750870880181406e-01 1.888471562959178618e-01 2.499472703080296010e-01 1.906191070779882368e-01 1.631699812500784774e-01 1.960405342644423454e-01 1.747142584708708535e-01 2.758758162717521167e-01 1.720891637560940379e-01
1.726642804005368848e-01 1.937679686941955748e-01 1.620948261557654813e-01 2.218576178643451025e-01 1.947740034702239442e-01 1.613192308369400529e-01 2.129117360734661402e-01 2.287080343283980077e-01 1.780313687271891099e-01 2.738709334489409786e-01
1.923033801200828841e-01 1.760916741202119828e-01 1.437118871765760697e-01 2.155618453743854412e-01 2.183944750718856409e-01 1.931463877155876752e-01 2.229033024530220897e-01 1.787684090556503347e-01 2.122506387509560111e-01 2.468680001616415376e-01
1.771382149089678615e-01 1.709926622509972405e-01 1.963655855668366979e-01 1.906237274095954337e-01 1.996981157661474326e-01 2.601482578625953224e-01 2.139027227522467545e-01 2.275515196088719327e-01 1.885789138374695528e-01 1.750002800362714384e-01
2.202532102711380335e-01 2.057933178151742371e-01 1.984372369056793262e-01 2.360297067825251616e-01 1.888071144328125894e-01 1.760200562804828395e-01 2.260063701084724375e-01 1.757061779645012756e-01 1.837640129198242211e-01 1.891827965193902672e-01
2.397822222131029968e-01 2.036460187160090973e-01 2.269812870807496330e-01 2.355926999670572008e-01 2.141089385370015530e-01 1.788999543352975674e-01 1.650370122549947027e-01 1.798860002807419201e-01 1.762203340940077800e-01 1.798455325210362721e-01
1.770615344371417044e-01 2.109316681905293034e-01 1.963542002503811390e-01 1.848822140370654232e-01 2.075957546774004348e-01 2.017459371395331491e-01 2.072684470748754892e-01 2.374342429336920857e-01 1.700951283654166257e-01 2.066308728939655337e-01
1.724437608885708573e-01 1.701798849528249336e-01 2.296483426423728824e-01 1.588242429729227467e-01 2.099695727205443951e-01 2.070183367220403414e-01 2.429029444334654397e-01 2.134359284027022019e-01 2.032615267990977304e-01 1.923154594654582217e-01
2.137052498067816275e-01 1.690741879478748211e-01 2.099934288802731697e-01 1.771596768850409176e-01 2.237068432364166526e-01 1.660821201861364671e-01 2.390828673864410781e-01 2.015512797257094368e-01 1.781213155014195748e-01 2.215230304439078091e-01
2.405612494730293149e-01 1.883556003956129987e-01 2.132336625678367126e-01 1.976249333802769514e-01 1.464312746129148857e-01 2.250301059097626899e-01 2.543634357397723811e-01 1.945246917480346338e-01 1.574947433054425805e-01 1.823803028673184334e-01
1.848357615708459689e-01 1.504107860745669822e-01 1.545439411949255382e-01 2.563609051539221806e-01 2.024983992810249767e-01 1.771527128882852131e-01 1.779724718747607848e-01 2.543118586363121159e-01 2.498012789564572622e-01 1.921118843688992273e-01
1.538781610193617755e-01 1.582959427120629869e-01 3.157988154367806777e-01 1.972023913931929551e-01 2.203460331410239115e-01 2.267519273352928133e-01 1.915980863573743254e-01 1.758834609756405876e-01 1.726817192532171807e-01 1.875634623760538411e-01
1.896922737378501367e-01 1.899191969183887108e-01 1.946914695804638495e-01 2.315076902414477389e-01 1.689923960987105844e-01 1.900915657125861746e-01 1.736026132029116487e-01 2.556046887318680905e-01 1.929364193757473755e-01 2.129616864000247467e-01
1.725985802635024713e-01 9.595118262605166481e-02 1.722527035944664275e-01 3.000903004113767425e-01 2.093418090820881594e-01 1.941268475887616973e-01 1.545884797239606145e-01 2.502836796668312935e-01 2.311471830624482471e-01 2.196192339805134452e-01
2.561429554236346329e-01 1.876914322225501086e-01 1.297145636573440730e-01 1.580711226534501912e-01 1.969482146114124865e-01 2.592187470352684264e-01 2.481636556308503272e-01 1.922305441277528670e-01 1.656344791871484645e-01 2.061842854505891720e-01
2.541361757291243917e-01 1.755387458781059173e-01 2.416159002401244704e-01 1.942699306348461552e-01 2.275607320516248033e-01 2.105562880081183197e-01 1.580257502431757222e-01 1.872467787026141917e-01 1.812158703539344384e-01 1.698338281583309239e-01
1.305480444225620706e-01 1.563241048218814155e-01 2.521294760831136461e-01 1.981241503519061420e-01 2.269466878179857705e-01 2.154401163259023477e-01 2.336522824638238571e-01 1.822809177259495095e-01 1.957603689767806465e-01 2.087938510100952050e-01
1.504966457026218341e-01 2.328302173151086119e-01 2.062335767590518509e-01 1.808910454739780516e-01 1.590701981799770848e-01 2.419179364724005077e-01 2.651773231745802595e-01 1.665225706682996187e-01 2.133161622543186253e-01 1.835443239996641107e-01
2.031850748325488010e-01 2.781903161385425038e-01 2.212777152367768618e-01 1.386612903973103994e-01 2.143382069122866662e-01 1.478973728379954222e-01 2.079880053198305545e-01 2.545805928436889465e-01 1.589301675040662165e-01 1.749512579769534337e-01
2.252927852622665927e-01 1.816254519027296066e-01 1.681656780443637200e-01 1.880034884797893713e-01 2.515894319388544131e-01 1.671229445764425003e-01 1.685723017728527617e-01 2.545620618064261542e-01 2.094380380878080872e-01 1.856278181284658213e-01
1.666053604050863890e-01 1.908364401990748638e-01 2.258532864174728760e-01 1.819069777584524372e-01 2.653376458597492271e-01 1.935632767838985080e-01 2.101585743124599059e-01 1.864357660446496479e-01 1.740844854595822999e-01 2.052181867595725961e-01
1.711629206582588325e-01 1.998780874364600169e-01 2.213393651878804713e-01 1.950694786147361137e-01 2.492411268314118356e-01 2.145658062160996638e-01 1.325062494188501139e-01 1.683975133997464846e-01 2.755462068914687479e-01 1.722932453450873869e-01
2.846130045938867759e-01 1.304952932038916935e-01 1.823832798130566590e-01 2.155748545906256697e-01 1.992546518379717524e-01 2.144387211095265811e-01 2.002892465407971612e-01 1.778383332950379536e-01 2.036233249214549901e-01 1.914892900937517906e-01
2.149193780446764235e-01 2.429594065204503384e-01 1.364572042103389948e-01 1.957566251534841317e-01 2.187732018036052106e-01 2.263145034766665398e-01 2.049701210173943411e-01 1.833670319894830647e-01 1.735414567489604876e-01 2.029410710349412728e-01
1.758130186410223339e-01 2.609290548129495346e-01 1.784114979932283906e-01 1.465493899309899262e-01 2.282027125548811708e-01 2.143787946692460589e-01 2.405311321824357140e-01 2.036626987103394848e-01 2.038474853940108189e-01 1.476742151108964562e-01
1.954679655173577058e-01 1.976910481476324422e-01 2.209352240387375543e-01 1.859749088141924578e-01 2.157351111288563217e-01 1.814813028141328000e-01 1.808395846287462194e-01 1.784069709465185005e-01 2.655001738212259821e-01 1.779677101426009878e-01
2.206106229142407171e-01 2.268708417899643892e-01 1.110791547432917331e-01 2.080269469714110808e-01 1.921743529866029865e-01 1.976725624808963189e-01 2.611774439534680359e-01 1.664550771168563092e-01 1.533348026044394075e-01 2.625981944388304790e-01
2.027592833764823022e-01 2.217862469285140636e-01 1.940957874002237349e-01 1.877336648843732914e-01 1.364469556182018040e-01 1.862124389162999050e-01 2.079418319300777862e-01 2.173737287445351718e-01 2.452213616617363867e-01 2.004287005395550547e-01
1.917916298312007384e-01 1.709829008706037212e-01 2.775031189032411416e-01 1.743642230740430066e-01 1.874512368605497914e-01 2.174433493993849220e-01 2.136581536681189386e-01 2.019712458960566948e-01 1.891464060258541136e-01 1.756877354709464045e-01
1.671341770144656458e-01 1.448472626860580204e-01 1.859243991922166217e-01 1.721536653573886022e-01 2.082434292642617035e-01 2.737911581589577148e-01 2.318603004754023478e-01 2.070608301879443280e-01 1.814390675203691738e-01 2.275457101429340379e-01
1.883611236177794579e-01 2.247409602210702628e-01 2.315184841968826179e-01 1.898156721702665140e-01 2.169842189747546446e-01 1.783406546352534483e-01 1.974799867495896089e-01 1.811042049532234355e-01 2.083705720470903078e-01 1.832841224340920616e-01
1.355545781002061023e-01 2.458120557191266764e-01 1.596456490892433355e-01 2.500510071564094883e-01 3.019652701254996741e-01 2.452443665123791861e-01 2.077511611308696660e-01 2.301032422077692874e-01 1.232119864376759605e-01 1.006606835208199296e-01
1.523284359466388072e-01 2.303338969407717762e-01 2.448810250074447137e-01 2.056488073280182127e-01 1.906762539404112389e-01 2.159876835365781012e-01 2.501287707043445829e-01 1.668676423144110632e-01 1.769299770509924763e-01 1.662175072303896661e-01
2.196723341546550357e-01 1.705830226330496135e-01 1.819332635195096137e-01 2.556243607437514997e-01 2.075992268717696820e-01 2.000847850021561791e-01 1.824953512258211674e-01 1.586719774146843620e-01 2.276247137930122733e-01 1.957109646415899629e-01
2.369331138259392622e-01 2.068433151770305845e-01 2.180414095089600601e-01 1.703241090508726407e-01 1.551163950788370105e-01 1.932601555610173327e-01 1.826988790962065790e-01 2.148546598732381518e-01 2.017422691775682397e-01 2.201856936503297224e-01
1.425071005030072169e-01 1.696151457309693633e-01 2.475766971036916786e-01 2.183094150654633081e-01 2.146607874901421131e-01 1.787147704150667538e-01 1.961905939089266804e-01 2.385245080675630347e-01 1.859959573060550320e-01 2.079050244091140975e-01
1.619433877577450276e-01 1.696086558143793388e-01 2.349420576164196750e-01 2.140125011509724784e-01 1.746643716468769814e-01 1.938876277450098384e-01 1.998889104225586300e-01 2.495087029247098354e-01 2.179606907346418876e-01 1.835830941866884447e-01
2.533649310333266902e-01 2.251907753368367626e-01 2.435077211491268878e-01 1.382334758472641423e-01 1.998243123581677216e-01 2.193552219980481888e-01 1.367656714543249996e-01 1.360700723941946910e-01 2.623990970356786523e-01 1.852887213930305699e-01
1.721386225123365532e-01 2.140938228909308738e-01 2.399985547654851503e-01 2.283075623350872829e-01 1.850264449709677905e-01 1.965165873767387439e-01 2.028725279109342139e-01 2.424140421763463782e-01 1.704896680568851741e-01 1.481421670042876726e-01
1.645247340680974224e-01 2.510055812881568649e-01 1.654875086881664736e-01 1.578783872738498961e-01 2.306956222597281725e-01 2.214054566440673000e-01 2.632049929143454592e-01 1.363662389502550143e-01 2.721801843066369853e-01 1.372512936066974942e-01
1.798804681690154839e-01 2.052297967380611321e-01 2.000235800554873156e-01 1.801781322780774963e-01 2.056603384466918483e-01 1.935033445819762943e-01 2.018049934001392987e-01 1.946311951253987260e-01 1.768418069021279737e-01 2.622463443030247365e-01
2.013905581474391970e-01 2.319035630348919019e-01 2.299837116397284720e-01 2.132745720269918210e-01 2.026528744270443827e-01 2.056839149191270477e-01 1.619337840670198592e-01 1.407441105154793037e-01 1.809617871962303226e-01 2.314711240260496072e-01
2.205846433673852858e-01 2.354723962695400019e-01 1.972737663276842857e-01 1.907809965133426822e-01 1.473546088764290940e-01 1.790952370186060794e-01 2.321124966372043463e-01 2.002154731189738079e-01 1.993234758414415553e-01 1.977869060293932502e-01
1.581732580983015446e-01 2.517471537716147179e-01 1.822418799658445665e-01 1.773171613325784102e-01 2.148727137975174617e-01 1.869940505698351463e-01 2.280553321762530672e-01 2.182481238705512583e-01 2.006966433830800201e-01 1.816536830344242237e-01
1.814636436735853897e-01 1.962400483169520760e-01 2.119538055756590988e-01 2.091214876039649839e-01 1.226191557202524762e-01 2.465206407525669663e-01 2.162910564068823982e-01 1.760052227097877731e-01 2.410557741674178578e-01 1.987291650729324788e-01
2.355700878829661282e-01 2.077269898187028563e-01 1.896813999545802765e-01 2.205896255072326007e-01 2.092495504049519395e-01 1.706334614049184184e-01 2.473766944134659362e-01 1.808361710275310230e-01 1.880938319448208773e-01 1.502421876408294998e-01
1.448317453187545345e-01 2.548268270350267373e-01 1.814879362132339469e-01 1.612098407351159057e-01 1.486882334951321605e-01 2.649991046667353189e-01 2.107740122190167598e-01 1.871699234051650285e-01 2.551411116948286151e-01 1.908712652169901325e-01
1.980682430103233860e-01 1.638594651363434185e-01 1.933907451956732026e-01 1.862098630922707776e-01 1.305674983416806878e-01 2.807437272085170354e-01 1.962388633229556756e-01 2.283628706528904595e-01 2.037160486419851424e-01 2.188426753973601036e-01
1.427194355817978932e-01 1.493780131024800839e-01 1.965224888071769593e-01 3.291601639742376406e-01 1.693283977251377748e-01 2.845797688612196064e-01 1.880843347002679189e-01 1.906716571256513171e-01 2.334741034689064854e-01 1.160816366531237653e-01
2.089090653452720381e-01 2.162763318104951593e-01 1.781709122768350695e-01 1.524156074547815820e-01 2.776160546207884217e-01 1.680087534606057309e-01 2.042037940462276269e-01 2.134245799077305605e-01 2.147669461707124028e-01 1.662079549065526574e-01
2.225610979797396083e-01 1.814902515803789862e-01 1.576852508555768029e-01 2.753725740716689296e-01 1.454983193917470108e-01 2.431595021727413486e-01 2.069357114778990203e-01 1.993118853470238483e-01 1.502465370308381509e-01 2.177388700923873488e-01
1.714789824972929588e-01 2.417060898208120701e-01 1.427194120532037647e-01 2.208749146324369417e-01 1.667644453674272664e-01 1.780861894011914193e-01 2.186875478508147896e-01 1.623918853858204447e-01 2.871253989302165466e-01 2.101651340607844642e-01
2.149528481948874137e-01 1.962254247074169400e-01 2.289140677654917244e-01 1.900560827948292453e-01 2.732404284081647039e-01 1.946043393504928165e-01 2.034390276562217381e-01 2.044111396817041570e-01 1.548886445719504512e-01 1.392679968688396164e-01
1.739993074926438066e-01 1.775192931928425699e-01 1.734090699166372096e-01 2.498655792025952227e-01 2.623575683679090775e-01 1.868005951171257117e-01 1.798574309590557363e-01 2.045149162345544780e-01 1.859020011574417930e-01 2.057742383591955049e-01
1.880016656289745236e-01 2.404868160591493997e-01 2.108998349612817846e-01 2.426559056404791470e-01 2.107874487259986385e-01 1.381921104591645189e-01 1.817804144934767052e-01 1.816780939669046246e-01 1.630104524080832618e-01 2.425072576564881455e-01
1.737203945541952455e-01 2.115027573977279474e-01 1.765799659181254144e-01 2.651029662917862573e-01 1.844737637632980487e-01 1.726957122702144076e-01 2.027771408965251265e-01 2.021839256393027640e-01 1.821297533475217667e-01 2.288336199213031885e-01
1.454133970264431530e-01 2.283198140308640434e-01 2.315231766972909166e-01 1.652749251709480505e-01 1.969786438334695799e-01 1.743970737679259031e-01 2.177572021952455805e-01 2.004131085218474051e-01 1.677119030411839684e-01 2.722107557147819268e-01
1.858419068300422305e-01 1.934142700906136547e-01 1.960914854429102183e-01 1.581657428636176477e-01 1.855418636562528034e-01 2.201159189387758008e-01 2.414905478364614277e-01 2.349277485576956037e-01 1.605500055463018050e-01 2.238605102373306677e-01
2.199974571628186826e-01 1.998575491100110235e-01 1.592850518746690702e-01 1.829286466478072526e-01 1.444952222724568969e-01 2.394511730289836104e-01 2.009692496380456050e-01 2.184464042868263511e-01 2.336340570393526384e-01 2.009351889390297852e-01
2.020855046800241195e-01 1.519741483688402117e-01 1.618084909826445761e-01 2.044819224970443883e-01 2.242781687102394783e-01 2.113403220758409695e-01 2.000330163960368224e-01 2.058388475173352217e-01 2.538826467014190236e-01 1.842769320705764935e-01
2.339013733645768645e-01 2.109581062753180247e-01 2.445959442509309800e-01 2.013405804467233440e-01 2.298910457201171764e-01 2.550577845522234988e-01 1.433100245211963719e-01 1.770830916403358102e-01 1.448992978662585751e-01 1.589627513623199928e-01
1.950373167523516416e-01 2.302717043139244912e-01 1.904981095713277339e-01 1.877152405929340961e-01 2.087299132910812594e-01 1.582721951853930387e-01 1.822264167835402904e-01 2.402344602059900414e-01 1.901031811584049935e-01 2.169114621450510816e-01
1.499097316108945477e-01 2.696465348370733484e-01 2.226741894273486511e-01 1.564643580472267481e-01 2.266958872879268339e-01 1.464704326439734972e-01 1.610037412189477268e-01 1.956504990415597056e-01 2.430612036687866684e-01 2.284234222162630501e-01
1.831256366758125531e-01 2.527843226102837737e-01 2.153601457760500604e-01 2.483941777638034309e-01 2.028785589393998223e-01 1.760476244899785436e-01 1.581768855369732329e-01 2.010114527290561282e-01 2.107836643595911996e-01 1.514375311190507278e-01
1.583172603876264461e-01 2.228476432465493207e-01 2.162305949550873962e-01 2.224225287694939490e-01 1.749532957504650321e-01 2.150025739675691105e-01 2.357170136828120044e-01 1.712309356552807471e-01 1.882099175200804830e-01 1.950682360650354830e-01
1.538333044899647950e-01 2.016607145766531883e-01 2.191151435631858435e-01 1.857832584789693153e-01 1.639926509063299731e-01 2.220186861784986809e-01 2.354172483877072231e-01 2.445677417307249857e-01 2.005792877876967084e-01 1.730319639002706467e-01
1.833890708909590161e-01 2.191921425338806406e-01 2.228467466323071910e-01 1.993110439983155346e-01 1.810500729760646521e-01 2.141897296920459715e-01 2.056915033323364894e-01 2.051777300505373824e-01 1.631793612220988898e-01 2.059725986714550927e-01
2.537955429733047552e-01 1.659809361814323925e-01 2.598432312945372358e-01 1.876273529727167932e-01 1.719723913200714993e-01 2.126936737313356585e-01 1.713174207712863939e-01 1.588599632969407427e-01 2.296795333840097320e-01 1.882299540743646582e-01
1.588449073626283514e-01 1.655338639873771001e-01 2.029717958908706932e-01 1.918387631769194190e-01 2.229252605859000091e-01 2.058312090232116698e-01 1.707257070642755892e-01 2.897718308532029607e-01 1.770220060956253505e-01 2.145346559599892178e-01
1.864942085150865791e-01 2.288519644016277499e-01 1.543920543612227747e-01 2.280156694999192213e-01 2.351717682794630671e-01 1.871694017442480651e-01 2.096638181047950356e-01 1.894672790966483444e-01 1.886871401101700430e-01 1.920866958868200081e-01
1.693496814924749239e-01 2.173072724176097481e-01 2.192683431803027494e-01 1.814628973036609416e-01 2.250937169899931700e-01 1.951266138551855378e-01 2.297934826029098820e-01 2.554141479191364139e-01 1.602131514148834590e-01 1.469706928238439791e-01
2.425971358382326137e-01 2.535943713091012297e-01 1.588482768295853276e-01 1.495936212046580227e-01 2.057400627976954943e-01 1.856575592528972862e-01 1.772877063540413967e-01 1.822762342644316524e-01 1.670564444890434708e-01 2.773485876603128952e-01
2.716192198563260884e-01 1.535699303430437257e-01 2.245851489851065641e-01 1.685777090014343726e-01 1.234401756806572104e-01 2.065246491836368048e-01 2.534512941275821607e-01 2.465268356339831712e-01 1.470299930083031059e-01 2.046750441799266573e-01
2.310851249955648834e-01 1.861282138585723667e-01 2.347698672385724605e-01 1.362006515084861202e-01 2.272573651920901661e-01 2.144363851987337311e-01 1.844719999317239179e-01 2.197400530884702774e-01 1.638179930731190059e-01 2.020923459146672374e-01
1.868923161011672995e-01 1.475789696826229069e-01 1.880568026607796206e-01 1.828152995391967572e-01 2.631541894033461726e-01 2.184284841296311730e-01 1.678976142711360864e-01 1.963112438519576397e-01 2.409287272633219845e-01 2.079363530968393325e-01
1.762618947382338375e-01 2.229942880277785144e-01 1.796520560211167794e-01 1.350255667641108159e-01 2.322880506648362653e-01 2.535665646699578057e-01 2.051721860836519529e-01 2.528946773958116179e-01 1.576804532792819846e-01 1.844642623552218696e-01
