-3.579236784431502727e+00
-3.101526657137578358e+00
-3.863599872180979222e+00
-3.246909012243561321e+00
-2.971174858346868231e+00
-3.197882871247374137e+00
-3.363446524493610923e+00
-3.870643440673593894e+00
-3.118417353530865910e+00
-3.088559347249444365e+00
-3.871389342251483789e+00
-3.022550666529138841e+00
-3.320340192883738162e+00
-3.026724549661618191e+00
-3.295405919191518151e+00
-3.182115801485645434e+00
-3.472962779883820073e+00
-3.763851989686763932e+00
-3.086757965906290480e+00
-3.390862215101851707e+00
-3.071267414735986634e+00
-3.461333318835441375e+00
-3.113637403418334504e+00
-3.295457240672101662e+00
-3.274957185435866336e+00
-3.063224685878853659e+00
-3.501715082310886906e+00
-3.075964737068319188e+00
-3.890513309930103247e+00
-3.069973102428904532e+00
-3.468907950447972954e+00
-3.148671851336906524e+00
-3.361057687625967016e+00
-3.744262942805065997e+00
-2.911854209089776990e+00
-3.203379870889928149e+00
-3.345261304501355060e+00
-3.408886874377081710e+00
-3.037217213926432180e+00
-3.307382571453304276e+00
-3.314123476864980322e+00
-2.692840396411902759e+00
-3.172774321076934356e+00
-3.634019005115164624e+00
-3.452908388708668674e+00
-3.452288525747760684e+00
-2.945276982028151469e+00
-3.486619580303788712e+00
-3.390689251207708033e+00
-3.037055959715894371e+00
-3.398913891227172357e+00
-4.121384455743053898e+00
-3.340075931859406655e+00
-2.692317885445598691e+00
-3.286229081656358630e+00
-3.355951345045455891e+00
-3.709908052826373925e+00
-3.606786268339964519e+00
-3.487801402802877426e+00
-2.873912741997055154e+00
-3.817010713430102342e+00
-3.541756866668423598e+00
-2.935735687214853229e+00
-3.940045786245316428e+00
-3.217670864505853601e+00
-3.133812930588853796e+00
-3.745173177059061054e+00
-3.420254127495275576e+00
-3.709971704655146585e+00
-3.382809751992889691e+00
-3.462512201183610472e+00
-3.465209759082589436e+00
-3.593445859080846461e+00
-3.621560038849125363e+00
-2.836387828966999702e+00
-2.862405941072696969e+00
-3.143396581713757687e+00
-3.190782880356261231e+00
-3.677663430256917110e+00
-3.496676178839088323e+00
-3.388778917560494097e+00
-3.202366288461836685e+00
-3.361817582808427129e+00
-3.520519980156937123e+00
-3.237456829146319048e+00
-3.679968512950144266e+00
-3.091239741686810039e+00
-3.405804506370923246e+00
-3.265683748027626621e+00
-3.339072991991848038e+00
-2.715096942174024086e+00
-3.378241689954113891e+00
-3.929150690613442798e+00
-2.919639440144434328e+00
-3.376894342829259710e+00
-3.173127777880181632e+00
-3.282256977332679515e+00
-3.155029338725589660e+00
-2.484742072537363455e+00
-3.256943584369793143e+00
