4.973984431361566094e-01 5.014023175475893490e-01 5.009585851948561430e-01 4.991107089846678058e-01 5.016661813349895249e-01 4.979276884972040906e-01 5.004672390718812869e-01 4.991657218377471006e-01 5.015710849767244239e-01 5.003320294181792249e-01
4.990128454742833175e-01 5.001986873720010163e-01 4.995240607867156291e-01 5.005263245861834021e-01 4.999960731284824322e-01 5.003628452134094573e-01 4.988884652727089142e-01 5.007898132168648875e-01 4.998643542125512651e-01 5.008365307368067842e-01
5.010429222103485181e-01 5.006278743793062258e-01 5.001010722047289914e-01 4.991189594576352917e-01 5.005442788172045354e-01 4.994960900136802273e-01 5.001974118601473229e-01 4.996971561507184134e-01 5.021690311269133566e-01 4.970052037793084576e-01
5.001658300668214707e-01 4.995064872866794570e-01 5.008015213817599287e-01 4.993406092250810557e-01 5.003874717644187786e-01 4.994648495489136808e-01 5.001439181167703918e-01 5.013769041286193495e-01 4.986481779410297799e-01 5.001642305398955601e-01
5.009356758000069743e-01 4.985491786119033986e-01 5.006457401243962213e-01 5.001189147667841617e-01 5.007640383366044334e-01 4.992556861053376593e-01 5.001853350037126500e-01 4.994511414097607127e-01 5.002143350212044925e-01 4.998799548202941812e-01
4.992894565405053831e-01 5.004026892724775522e-01 4.993780189693224902e-01 5.010691099898036960e-01 4.981392818148320800e-01 5.015172770313305328e-01 4.993804331168427701e-01 4.992534482830417453e-01 5.007275521710959909e-01 5.008427328107620813e-01
5.007526259891800224e-01 5.000603740345921366e-01 5.008633772253816563e-01 4.984433575037116593e-01 5.010911021174646596e-01 5.002691731856495627e-01 4.992667860998839524e-01 5.001076594481639326e-01 5.000031563965037229e-01 4.991423879994661972e-01
5.005628974923355123e-01 4.988046865968139842e-01 5.009120272164935272e-01 4.995869598912178189e-01 5.013844856835286690e-01 4.987666488805799214e-01 5.006833585446823776e-01 4.988783934070862847e-01 4.999212010039931764e-01 5.004993412832705602e-01
5.013655529123481891e-01 4.990542554974090050e-01 5.001143112379182742e-01 4.999649393860993163e-01 5.003417552878178798e-01 4.992989311755829940e-01 5.008369471289337849e-01 4.991280315164047243e-01 5.003673683050586796e-01 4.995279075524235446e-01
5.003945428783422855e-01 5.004494098571353744e-01 4.991276358860786688e-01 5.013194185672174008e-01 5.000501319705779046e-01 4.990113078083110443e-01 4.996068592897929816e-01 5.007295463161922644e-01 5.011105594052813750e-01 4.982005880210690907e-01
5.010361401132757964e-01 4.996485879001411057e-01 5.004140666422890460e-01 4.987030306016843051e-01 5.004661352961286003e-01 5.010354943228242375e-01 4.992427478367531535e-01 4.998045389449139453e-01 5.003668656885598143e-01 4.992823926534394885e-01
5.003605575680740714e-01 5.011765309346181141e-01 4.983631591925206106e-01 4.994792165995430855e-01 5.016204242166617533e-01 4.991973789664820305e-01 5.001421267666588122e-01 5.001983458691583451e-01 4.997778643004103238e-01 4.996843955858688568e-01
5.007808448748407582e-01 4.994765859261363072e-01 5.019727873549785224e-01 4.998622374710001148e-01 4.977072771975557530e-01 5.018070370780323142e-01 4.995697945405981888e-01 5.007480300992840361e-01 4.995862354798616956e-01 4.984891699777141416e-01
5.015548592858575239e-01 4.986954067449922423e-01 4.999497258887641848e-01 5.012984043870764017e-01 4.985784766842518145e-01 5.017520213278927610e-01 4.988032287091326844e-01 5.004434347162933783e-01 4.998162845654894326e-01 4.991081576902424710e-01
5.007869744990738337e-01 4.995535906307786989e-01 4.992413956060487434e-01 5.005127516713483438e-01 5.017052657600271637e-01 4.987139040420728309e-01 5.003073442488853440e-01 4.986222454142777427e-01 5.010708013265174898e-01 4.994857268009768592e-01
5.006583781956756019e-01 4.985586124276734088e-01 5.006473303424811006e-01 5.016161196042230319e-01 4.980360803902980638e-01 5.000365648854137035e-01 5.000472980081158703e-01 5.011714150152686287e-01 4.989957271482186041e-01 5.002324739826267130e-01
4.970841120633540666e-01 5.009045239199606536e-01 5.006889075840861292e-01 4.994164179429839145e-01 5.002671751729150795e-01 5.005911816509538426e-01 4.986607653300977328e-01 5.009229818236575760e-01 4.979165233385486888e-01 5.035474111734535851e-01
5.006458806002294093e-01 4.992456823137501054e-01 5.003183804718249750e-01 5.005723439531128971e-01 4.986339041514373238e-01 4.996072866690191017e-01 5.018915382555501070e-01 4.987154697080479759e-01 5.008368187295176854e-01 4.995326951474993171e-01
4.998554816157289582e-01 5.004422886990157471e-01 4.988021082038088250e-01 5.000003457125683504e-01 5.003504707973265297e-01 5.001936311109326239e-01 5.001459412628742607e-01 4.996993795937941241e-01 5.006222806124605018e-01 4.998880723914811419e-01
4.998496520540708365e-01 5.001803343989272843e-01 4.997626572094762687e-01 5.003327911228492297e-01 5.007507623634948057e-01 4.979636608571411660e-01 5.027268163485938413e-01 4.983897024370873008e-01 4.991922329016096338e-01 5.008513903067550732e-01
4.988412465529393214e-01 5.008066085633402498e-01 4.984132478221158791e-01 5.029043588604034110e-01 4.989480971548571064e-01 4.988857781203303032e-01 5.001896766027981167e-01 5.005977537783656839e-01 5.014103400264084964e-01 4.990028925184361031e-01
5.008166341113144959e-01 4.999730743984922565e-01 5.002250485990886730e-01 5.004703927767912841e-01 4.982861084029094334e-01 4.998037746124557312e-01 5.011629430383888195e-01 4.999133713544824942e-01 5.007187491576723382e-01 4.986299035484051956e-01
4.979678068639975530e-01 5.012923058433860213e-01 5.013377543715833440e-01 4.975921956247014721e-01 5.004103161669120059e-01 5.016172890905853388e-01 4.994516907559521934e-01 4.992495394247227214e-01 4.999215422816720711e-01 5.011595595764890554e-01
5.002784205801482642e-01 5.007589113072584697e-01 4.998332970928068830e-01 4.991703013025061697e-01 4.993436821250901714e-01 5.015584741627389098e-01 4.994048827272034030e-01 5.002037165939808849e-01 4.998632751445613032e-01 4.995850389636980471e-01
5.006984750914816873e-01 5.008246402855209833e-01 4.978120749110958587e-01 5.001332681927395107e-01 4.996999799078615245e-01 5.009716734483495859e-01 5.000638079999168983e-01 5.007825857166816608e-01 4.989139130177898673e-01 5.000995814285646990e-01
5.016978904509041826e-01 4.984095556019790818e-01 4.997499088743468931e-01 5.004621448693085117e-01 5.017420383045309018e-01 4.973510817999536870e-01 5.018712243157550379e-01 4.986781610799030373e-01 5.002643316096659909e-01 4.997736630936511215e-01
5.000616774362005579e-01 5.005403204725533683e-01 5.003232340258474409e-01 4.993539020007970453e-01 4.999220907009068737e-01 5.003303398368608157e-01 4.986908955518802311e-01 5.007973654143913489e-01 5.001571103731745627e-01 4.998230641873858682e-01
4.986658477665273370e-01 5.011994716290808505e-01 4.997911707107571266e-01 4.992352772005826389e-01 5.001935047006558221e-01 5.004401106817651934e-01 4.986766678875594883e-01 5.013788678646695640e-01 4.993086166340082732e-01 5.011104649243951492e-01
5.009873369613360161e-01 5.005219081517991997e-01 4.990958013327105314e-01 5.006585128914105010e-01 4.997276799861972707e-01 4.993312948498148662e-01 5.009718194138471636e-01 5.003876349884590624e-01 4.996639474814812409e-01 4.986540639429322130e-01
5.000054846806515352e-01 5.001116725645435857e-01 5.007677624430023622e-01 4.993679303242040124e-01 4.993414336812714849e-01 5.007342645873673614e-01 4.991592929075241436e-01 5.009149185146024585e-01 5.002021571053624216e-01 4.993950831914629740e-01
5.008865160253346271e-01 4.998412554534795715e-01 4.987334929300637487e-01 5.008427551907935760e-01 5.010314510963835843e-01 4.991782629187237474e-01 5.004584281305831661e-01 4.994467802883422181e-01 4.997560464409734338e-01 4.998250115253263237e-01
4.990743224321818050e-01 5.014917159823406578e-01 4.996828943911767462e-01 5.010671931842762827e-01 4.978074946105742749e-01 5.005151540581804781e-01 5.009633043162698973e-01 4.988322974751182026e-01 4.998614054991836753e-01 5.007042180506979800e-01
5.008650149968245646e-01 4.985358245960057610e-01 5.010682014749013868e-01 4.988582730432825629e-01 5.004501027399537172e-01 5.005867514558259845e-01 4.993707490326764198e-01 5.001830921393435325e-01 5.007160210901745456e-01 4.993659694310089714e-01
5.000712643501942223e-01 5.008375008438114007e-01 4.992429629271745162e-01 5.003015439693377919e-01 4.994719141370442816e-01 4.999193773598639701e-01 5.013249736328224682e-01 5.004487381697273474e-01 4.974614005052858667e-01 5.009203241047248678e-01
4.995891557843216146e-01 5.008030297967251965e-01 5.000284825800216382e-01 4.994889146355568355e-01 5.008907985176215272e-01 4.984095802960777921e-01 5.018879398142148673e-01 4.987658795831380054e-01 4.999105670090010500e-01 5.002256519833112591e-01
4.996920586852464652e-01 5.004267231362635737e-01 5.006049856945414822e-01 4.994910940124704934e-01 4.995869395216971376e-01 4.995250113361585642e-01 5.002146378840288676e-01 5.008027861868948882e-01 4.996460869798408089e-01 5.000096765628624373e-01
4.981345082450728823e-01 5.016302684446709570e-01 4.990517754371152637e-01 4.997692548221471798e-01 5.006872646789335413e-01 5.001396015141363893e-01 5.004217600911151642e-01 4.991640123440870269e-01 5.000003652455331515e-01 5.010011891771914971e-01
4.986800303815885904e-01 5.005035414652015957e-01 5.001860144015655152e-01 5.016030803423466855e-01 4.987556989205067515e-01 4.988691327777073359e-01 5.007522307430899433e-01 4.996129538616436716e-01 5.007206099716527969e-01 5.003167071346867889e-01
4.999067261842590204e-01 5.002665935901632333e-01 4.995543449716847162e-01 5.006691073226723354e-01 4.994010929193885007e-01 4.996209979334674811e-01 5.016963103330562834e-01 4.981008192920065025e-01 5.001371172607748106e-01 5.006468901925261727e-01
4.998971631551842876e-01 5.003232120277949502e-01 4.999158729651578814e-01 4.994175335678482930e-01 5.013811616926978632e-01 4.983856015848384113e-01 5.004861124013941787e-01 5.010476818138549504e-01 4.992355728257253933e-01 4.999100879655045127e-01
4.999277388246096687e-01 5.007292443289153017e-01 5.001627879036332214e-01 4.985620415218698920e-01 5.011519579949816894e-01 5.003393681268912818e-01 4.997128616673848778e-01 4.999860976844018312e-01 4.995403130209614129e-01 4.998875889263543204e-01
5.004717261796202132e-01 5.002700645155311321e-01 4.985697260387259577e-01 5.006047374025709429e-01 5.019234036978150737e-01 4.982338199124892175e-01 5.006145252332869777e-01 4.998317806537050378e-01 4.991426767818269439e-01 5.003375395844358309e-01
5.002007635809005981e-01 5.005628156412444962e-01 4.995320010039933645e-01 5.006745368290103082e-01 4.988569565933039796e-01 5.013617955509092061e-01 4.994692467798499402e-01 4.999246158357045777e-01 4.993367575528983027e-01 5.000805106321835058e-01
5.007621299171967078e-01 5.008137279276667631e-01 4.981983615073755645e-01 5.008604131891246647e-01 5.004332191260780771e-01 4.994452427272146888e-01 4.997186194978130436e-01 5.017406041210039636e-01 4.972423973576851619e-01 5.007852846288420867e-01
5.010445336846975906e-01 4.984816806233702824e-01 4.995642209226639485e-01 5.010777319414552178e-01 5.002760737149520853e-01 5.008619443046480324e-01 4.974003119960330177e-01 5.011754440452483861e-01 4.998772750732121128e-01 5.002407836937260432e-01
5.010860956888187889e-01 4.993821973185810226e-01 5.011383725325386784e-01 4.987008731164394026e-01 4.994411535066675123e-01 5.007581951093289518e-01 5.014471815466668980e-01 4.989809401238728404e-01 5.010442680267497284e-01 4.980207230303476673e-01
5.009784463489608264e-01 4.983638084069819119e-01 5.021255264557891174e-01 4.986494499974788441e-01 4.992509631781503754e-01 5.019808860611905121e-01 4.990293316937774448e-01 5.000768007707367957e-01 4.989787568281087715e-01 5.005660302588174071e-01
5.001509914168875692e-01 5.004652112093945782e-01 4.993528602069571831e-01 5.014915496101963743e-01 4.981634326201635488e-01 5.005803990648940438e-01 4.997328134558836066e-01 5.005486663222340482e-01 4.999165417347963825e-01 4.995975343585972728e-01
4.996041855951453559e-01 4.993375914921387437e-01 4.995578464150307041e-01 5.008003512300811533e-01 5.004261731282572123e-01 4.990605310691306196e-01 5.008802104752502204e-01 4.994830639338500022e-01 5.003344640201713434e-01 5.005155826409490860e-01
5.002756020371077472e-01 4.977699297843618531e-01 5.016445972993661684e-01 5.005096253892279412e-01 5.011941054537590867e-01 4.971955621615050669e-01 5.018997399864999487e-01 4.992333421774261537e-01 5.010312569901618218e-01 4.992462387205937602e-01
5.016200560050020352e-01 4.977617229961172618e-01 5.013984795202961475e-01 5.004499121336100087e-01 4.990557393172293521e-01 4.997004268379647285e-01 5.020289719045779586e-01 4.990051672306013431e-01 4.997056450914519887e-01 4.992738789631563368e-01
4.995562992831886762e-01 5.015937227778898277e-01 4.991216193206345908e-01 4.997761541962584264e-01 4.993174673983044043e-01 5.006415676866833309e-01 5.005616677491617761e-01 4.994345616145867139e-01 5.009038046346232509e-01 4.990931353386639513e-01
5.002183469842738095e-01 5.004999277240735900e-01 5.010102980450225063e-01 4.985832816629788833e-01 4.998998448182357945e-01 5.012128336898264980e-01 4.992595224081108896e-01 4.993283988318156230e-01 5.017815524716873199e-01 4.982059933639761407e-01
5.008147273112681930e-01 4.985193402074814539e-01 5.011146638923205110e-01 5.001360538889716434e-01 4.996773745261073874e-01 4.995999041264521656e-01 5.005183559813621841e-01 4.996034549422525006e-01 4.998630603193026101e-01 5.001530648044734129e-01
5.014458036697913013e-01 4.991451175644902039e-01 4.993944647036706042e-01 4.999483708486718303e-01 5.001409967279161206e-01 5.014282118813647715e-01 4.998509942082065560e-01 4.998310593368784360e-01 4.984014268636706158e-01 5.004135541953282917e-01
4.983494957525598235e-01 5.005273895633266523e-01 4.995267838141032035e-01 4.994746593301394588e-01 5.001666464532806833e-01 4.999306333082875753e-01 5.007442224111948725e-01 4.994993815400859405e-01 4.989999969794843837e-01 5.027807908475366849e-01
4.970217321876201910e-01 5.021844752817082869e-01 4.989627521212630645e-01 5.009967220805050525e-01 4.991648641884438020e-01 5.008993391441223242e-01 4.990890626215345183e-01 4.995934659816976264e-01 5.006776046770635702e-01 5.014099817160424521e-01
4.999865909300260092e-01 4.998788945057156541e-01 4.992917107444523328e-01 5.003925009102792032e-01 5.002604734762793326e-01 4.999123398791290307e-01 4.997823061291162827e-01 5.006820902479597324e-01 4.994945878349339452e-01 5.003185053421062012e-01
5.013542285965647549e-01 4.980768056172867886e-01 5.008864949993849791e-01 5.015727600536538100e-01 4.997167819245836862e-01 4.982903680162831805e-01 5.007073051374377748e-01 4.994500409196836466e-01 5.018622275759079265e-01 4.980829871592172831e-01
5.002950142406965561e-01 5.002649031478862973e-01 4.990334898985021583e-01 5.005376639386752702e-01 5.005398771438287486e-01 4.990609544196973335e-01 5.002665304889587494e-01 5.004941394526813969e-01 4.993817729366610281e-01 5.001256543324111847e-01
4.996792697284242468e-01 5.001352239832785873e-01 4.996129213770013622e-01 5.011117744640964933e-01 4.997220231615909780e-01 4.993645976297790279e-01 5.011614549959981790e-01 4.988111761982217396e-01 5.007404464108491382e-01 4.996611120507630233e-01
4.990339987319852844e-01 5.019933974419481526e-01 4.987246468544463962e-01 5.006587137347253691e-01 4.981591415331193540e-01 5.015266406816911715e-01 5.008759003590999015e-01 4.984413483537215583e-01 5.007153102025903024e-01 4.998709021066599645e-01
5.027254716679834257e-01 4.978468401138255173e-01 4.999706138352431051e-01 5.012032403275838988e-01 4.985980934117764107e-01 5.010638178077140292e-01 5.005710162084591186e-01 4.999061088348170090e-01 4.988262900489274232e-01 4.992885077436688412e-01
4.997621380757963916e-01 5.003383733796318289e-01 4.989650582274853807e-01 5.015030970877071281e-01 4.981342247889788410e-01 5.010155273618824845e-01 5.005525697574898514e-01 4.994757055594180040e-01 5.003640421468212862e-01 4.998892636147866941e-01
5.001036559618898814e-01 5.004517315095763363e-01 5.000323771762184011e-01 4.990438379079359943e-01 5.014037005012906834e-01 4.991389410988064101e-01 5.003579779150250095e-01 4.995171767542449515e-01 5.010497910913223052e-01 4.989008100837048487e-01
4.996249978855558660e-01 4.997701807991168366e-01 5.001765642983823090e-01 4.996292824521260667e-01 5.002396114180298614e-01 4.997564722187340380e-01 4.991965711137955064e-01 5.024132931753784170e-01 4.985229110701845934e-01 5.006701155686823501e-01
4.993566071459545896e-01 5.004765925703955620e-01 4.998578503099516124e-01 5.006255483709081133e-01 4.993308739051492418e-01 4.994198081800599875e-01 5.012128400180007048e-01 4.996230530656084468e-01 5.000638705710608312e-01 5.000329558629107440e-01
5.022629030089563740e-01 4.986427332863051509e-01 5.002077459405624982e-01 4.993761815650323843e-01 5.021310039707873596e-01 4.978214906335611811e-01 5.006926270451697025e-01 4.999408073899712646e-01 5.008817422188063251e-01 4.980427649408393775e-01
4.999791392113485666e-01 4.994541451749289207e-01 5.008822888960741126e-01 4.994381707195457154e-01 5.006088685591720822e-01 4.998561571327375108e-01 4.990023199184646652e-01 5.015071028625951444e-01 4.994191402113199452e-01 4.998526673138125043e-01
5.000001936156041049e-01 4.998599231001427667e-01 4.994930448017395608e-01 4.998877408264952305e-01 5.013420228503279175e-01 4.990072505234544042e-01 5.001652524909204756e-01 5.004149276412233061e-01 4.986267117520159498e-01 5.012029323980744522e-01
5.006503820096124269e-01 5.000366072530484374e-01 5.005301201586678239e-01 4.984153371113472231e-01 5.009680228878303776e-01 4.998422116040445728e-01 4.987932298028073252e-01 5.024382500218560477e-01 4.984430201953902184e-01 4.998828189553908841e-01
5.001043351777257895e-01 5.010242048162063533e-01 5.007226346148423435e-01 4.986381033030714560e-01 5.009014263424200752e-01 4.998225820792572272e-01 4.997785894248452654e-01 5.011441388099028282e-01 4.991306382345128134e-01 4.987333471972152932e-01
5.005384863293520503e-01 4.993121316927942033e-01 5.004508895214647701e-01 5.007857727046276519e-01 4.970605014081621587e-01 5.035662081852729788e-01 4.982287011813735789e-01 5.006248682370021408e-01 4.996727289031140384e-01 4.997597118368422575e-01
5.003703843646156724e-01 4.996027094103381305e-01 5.002419992373342561e-01 4.996641363921221490e-01 5.002601924538161438e-01 4.995256101168852880e-01 4.996844761513805633e-01 5.016730472575983146e-01 4.984337283287249565e-01 5.005437162871713141e-01
5.024520064357103077e-01 4.994881996266760105e-01 4.993917007303867450e-01 4.996418333341642870e-01 5.005051155231563520e-01 4.998466736769032193e-01 5.002337304727452194e-01 5.012509386237261610e-01 4.982030861784056963e-01 4.989867153981279446e-01
4.991022403187865830e-01 5.006351097436871900e-01 5.003107677596658753e-01 4.997159756350633142e-01 4.998998441083557509e-01 4.993439618692097626e-01 5.003349038533753124e-01 5.001659724212350611e-01 5.004107319868458248e-01 5.000804923037744931e-01
4.989967421942632653e-01 5.002257923155630781e-01 4.994832138857570047e-01 5.010812199536824885e-01 5.001041717110115137e-01 4.993228983873437832e-01 4.997081799702565164e-01 5.001090175547403538e-01 5.010083037684704976e-01 4.999604602589207691e-01
5.001659805183198415e-01 4.997053383270276816e-01 4.993340386171979395e-01 5.010874054531355704e-01 4.998183912318790445e-01 4.990577737038678352e-01 4.998169130751352607e-01 5.010522740843270650e-01 4.996406216026106351e-01 5.003212633865141701e-01
5.004304127467597008e-01 4.990873708238480200e-01 5.021290508789978402e-01 4.976385687796874846e-01 5.016550769044580971e-01 4.999383031037171188e-01 5.001775988523644578e-01 4.993290762270566896e-01 5.005891217778577484e-01 4.990254199052545636e-01
5.005543659417159841e-01 4.998880625185690985e-01 4.988810931077821698e-01 5.011616270113939953e-01 5.004775060784685259e-01 4.983449311139575011e-01 5.013394691208320486e-01 4.989434150465621443e-01 5.018459373875663321e-01 4.985635926731604717e-01
4.991363286980624592e-01 5.014972317692788506e-01 4.997157190441088304e-01 4.985316134950582012e-01 5.008445669385428456e-01 5.010188037781232451e-01 4.978156706465575176e-01 5.017311716311732006e-01 4.995344705555400111e-01 5.001744234435617775e-01
5.008254919875496647e-01 4.995264667151061988e-01 4.996128304521761931e-01 5.004365996128334881e-01 5.000732682231819881e-01 5.000832100729064589e-01 4.994302302427541251e-01 4.999998759852219976e-01 5.005287994875349256e-01 4.994832272207229140e-01
5.005956419073149810e-01 4.993444804524150848e-01 4.999404262280093825e-01 5.002421195723643077e-01 5.001129379105291317e-01 5.009434150023390764e-01 4.976769512859344213e-01 5.021467435332024332e-01 5.001192178601360228e-01 4.988780662477588224e-01
5.025553718415212145e-01 4.987226904972931196e-01 5.009786548333883260e-01 4.993008613924203587e-01 5.002438094677146285e-01 5.002142182349726962e-01 4.998114988359920186e-01 4.998704755182559745e-01 5.004426426352106549e-01 4.978597767432461629e-01
5.001015014456179353e-01 4.996464595843687628e-01 5.005291438809695848e-01 4.986583625528799857e-01 4.998503370885282737e-01 5.012518006559639749e-01 4.992812986844293865e-01 5.011109909313530286e-01 4.988803965911101646e-01 5.006897085847746842e-01
5.021268287532968388e-01 4.985716050531420196e-01 5.027424976994079309e-01 4.983369133913087001e-01 4.990699639395933529e-01 5.005232745821274198e-01 4.995535781863924552e-01 5.016843768378440593e-01 4.997933253693770395e-01 4.975976361875225629e-01
5.007663895465439552e-01 5.000407801236507188e-01 4.997983171278760350e-01 5.007943184720442531e-01 4.998949958200414878e-01 4.985722452813096117e-01 5.007909539276387267e-01 5.006542777015796641e-01 5.005149759183847857e-01 4.981727460809264318e-01
5.018083426544609482e-01 5.001242060503784392e-01 4.991173363077431868e-01 5.013787850957848180e-01 4.998829278598574399e-01 4.983277791514614807e-01 5.013406374896176576e-01 4.993611023258681114e-01 5.010833601840156692e-01 4.975755228808093067e-01
5.008859210601481760e-01 4.997254267970630548e-01 4.992674991015009223e-01 4.987927386196482349e-01 5.031485169304489302e-01 4.978588814052766209e-01 4.995871423867714878e-01 5.006703122151090479e-01 5.009548770208998025e-01 4.991086844631439368e-01
4.994653525327827914e-01 5.010467061415688761e-01 4.994417423866831518e-01 4.993718545333190040e-01 5.004060377213830346e-01 5.003606007508820674e-01 5.000198457042673850e-01 4.996540524013262652e-01 4.996243182670704330e-01 5.006094895607271500e-01
4.996498880255295649e-01 5.002457710775707334e-01 5.008523110766525122e-01 4.985734413865581249e-01 5.008190265279224285e-01 4.999196030986703398e-01 5.007637314068654755e-01 4.987413344904662038e-01 5.010824588749860364e-01 4.993524340347713086e-01
4.996956178219207345e-01 4.989422179757382336e-01 5.002267065762644460e-01 5.014853203030151807e-01 4.995524886986291713e-01 5.008142934610912977e-01 4.978029245822883642e-01 5.019296108088516783e-01 4.986862131683196808e-01 5.008646066038823230e-01
4.996901130705542204e-01 5.001469962186791962e-01 5.001075745306242659e-01 5.009678077510371086e-01 4.981628424506696073e-01 5.009761423788581247e-01 5.003909938017796488e-01 5.001397992599284636e-01 5.002483425462849187e-01 4.991693879915820586e-01
4.996779552392150436e-01 5.003554822008025038e-01 5.007477398743181984e-01 4.993116279905221444e-01 4.995087049984719418e-01 4.994922734176642787e-01 5.022407291249783023e-01 4.992078776729185208e-01 4.982141471660742615e-01 5.012434623150281432e-01
5.023162598675730006e-01 4.996477486611794472e-01 4.982032065773909779e-01 5.019684193240797621e-01 4.989831768627042141e-01 5.001458098984421508e-01 5.002383647071877437e-01 4.991472301922498245e-01 5.008372811200705321e-01 4.985125027891317839e-01
4.985079934985164885e-01 5.000852900810550672e-01 5.012567269152650162e-01 4.989059968274064949e-01 4.999960265742567911e-01 5.009929561943478049e-01 4.996333397997610448e-01 5.005102555727357627e-01 4.995223255920825389e-01 5.005890889445818726e-01
5.002306929822517567e-01 4.992755630492036190e-01 5.003798910799368560e-01 4.990020555063285901e-01 5.009925514194780716e-01 5.001733445635201392e-01 4.996805370840484706e-01 4.985323819134480638e-01 5.030449970305198581e-01 4.986879853712709032e-01
5.009043546885191267e-01 4.996648656380283660e-01 5.006855751757703921e-01 4.987681151152738024e-01 5.007483801601303464e-01 5.000403018652039844e-01 5.001286636265569463e-01 4.992504209240558599e-01 5.006260438988985317e-01 4.991832789075715260e-01
4.998941614822307034e-01 5.013449140353519740e-01 4.990973829114282445e-01 5.007568270627107410e-01 4.987055497713371865e-01 5.010326296373832644e-01 5.001402453064824893e-01 4.991154181592556416e-01 5.001164320675688391e-01 4.997964395662511938e-01
5.011339033888762007e-01 4.976651444836187599e-01 5.017441739459378436e-01 4.986349660433126996e-01 5.012640406464847764e-01 4.994392368162471896e-01 4.998683329884181514e-01 5.003471165970286849e-01 4.995492930482767213e-01 5.003537920417897578e-01
