1.755469713399460119e-01 2.089262792073281749e-01 2.022847910120790793e-01 1.872515741585826232e-01 1.988090086374569854e-01 2.157283013538045524e-01 2.144016591971384944e-01 2.111818006127484382e-01 1.982440381906264426e-01 1.876255762902882818e-01
1.877171110649553665e-01 2.061308466199451295e-01 2.054236410588474449e-01 1.989268238505520758e-01 2.182814766961970465e-01 2.190198273148322161e-01 1.923681517375809280e-01 1.888197608598999322e-01 1.899547834769677312e-01 1.933575773202224901e-01
2.127324586620066571e-01 2.157962120070389678e-01 1.917827834228449657e-01 1.873360515648087588e-01 2.211318085796828703e-01 2.171291781370655316e-01 1.965122177683223392e-01 1.887611468593914377e-01 1.920785554498858350e-01 1.767395875489525536e-01
1.949583696547303457e-01 1.942134091889231029e-01 2.016346224561175460e-01 2.015049515782200429e-01 1.940543341541228206e-01 2.039817342518911725e-01 2.037615416557252701e-01 2.080456196477931674e-01 2.045464158127581755e-01 1.932990015997194111e-01
1.788752505003333715e-01 1.851375000097211510e-01 2.104176955227559376e-01 1.923360109805966889e-01 2.218509666030724636e-01 2.185783668441100835e-01 1.896633860559259199e-01 1.962846011895691967e-01 1.975537333041664234e-01 2.093024889897487639e-01
2.027214479907996914e-01 2.023748290988343634e-01 2.054321590738388825e-01 1.955443798352124452e-01 2.075741663222725741e-01 2.139950475720135137e-01 1.977818245310948020e-01 1.766003315185029066e-01 1.895359356186245015e-01 2.084398784388065973e-01
1.770326459351195814e-01 2.116798611853846768e-01 2.141417169368652895e-01 1.994659528894290323e-01 1.876691829450196081e-01 1.943356107401258415e-01 2.127093575623831834e-01 2.036371137239813001e-01 2.000063434652508410e-01 1.993222146164398689e-01
2.002491611453511844e-01 1.807159545241934784e-01 2.010002926253663946e-01 2.143871642907160535e-01 1.926761167425098953e-01 2.000162487543432621e-01 2.018774678480315110e-01 1.999318785526691400e-01 2.008030267566096594e-01 2.083426887602093935e-01
1.994274827670338979e-01 1.940975153609589277e-01 1.923417296261493437e-01 1.757119605091338466e-01 1.948705418243217302e-01 2.168358873621638594e-01 2.081069135421039495e-01 1.888729392105292226e-01 2.100466683265220236e-01 2.196883614710841703e-01
2.139593361340782485e-01 2.083427796214407934e-01 2.107655484191576223e-01 2.007604318041414926e-01 2.140652562318526575e-01 1.971146728941963189e-01 1.941160624280411640e-01 2.030120744650082132e-01 1.879203687582770566e-01 1.699434692438070715e-01
2.050147037045940701e-01 1.989184243466620150e-01 1.794657219039813567e-01 1.899357888876873901e-01 2.070039906830346554e-01 2.257014414560230553e-01 1.923592481955749278e-01 2.049832400441313207e-01 2.068900663510640225e-01 1.897273744272470197e-01
2.122691988417825248e-01 1.996384288791261119e-01 2.131100622135088385e-01 1.944418728297502841e-01 1.908293985284045813e-01 2.092040527671375494e-01 2.045271987931800983e-01 1.769835829790527559e-01 1.969747821208924221e-01 2.020214220471661659e-01
1.844625450646280584e-01 2.008590973909639976e-01 2.211742364579036835e-01 2.233066648038248836e-01 1.919252700973935744e-01 1.858850492736894844e-01 1.928955510666160167e-01 1.921970595950066030e-01 1.935864629303065132e-01 2.137080633196659363e-01
1.926260110425471461e-01 2.152600106144229586e-01 1.917352218881439307e-01 2.182147871864602573e-01 1.888962373078072465e-01 2.047100957253129849e-01 2.083494638253515774e-01 1.842556429286790198e-01 2.010996290882554327e-01 1.948529003930209447e-01
2.136599056698098853e-01 1.941201212974216772e-01 1.985013104665118155e-01 1.910300923345614743e-01 2.126172039918906576e-01 2.060701444513277358e-01 2.058296423664232044e-01 1.833051204867775508e-01 1.836389342778256273e-01 2.112275246574500109e-01
1.677650051246062091e-01 1.872747602983570459e-01 1.823583407495986131e-01 2.137927677002861016e-01 1.968520290944428264e-01 2.205663374836202562e-01 2.082332182757066774e-01 1.995946508930833141e-01 2.071607724979100951e-01 2.164021178823889169e-01
1.997846356333376205e-01 1.953624881978280881e-01 2.013645948477565395e-01 2.034830146481594049e-01 2.155886405271161821e-01 2.084329273187156828e-01 2.103816462780728480e-01 1.837934223947176315e-01 1.772443271081092508e-01 2.045643030461865297e-01
2.109709900259419402e-01 2.173404855297381144e-01 1.964676959889278818e-01 1.775154034779883871e-01 1.963453833754813804e-01 1.910877304817664990e-01 2.116949324830997015e-01 2.097203774791750464e-01 1.999650118929781062e-01 1.888919892649040255e-01
1.744956441607921627e-01 1.903446888840989448e-01 2.142839510849141038e-01 2.010445682969488890e-01 1.672868435500679263e-01 1.779303567822563270e-01 2.133455781243257521e-01 2.271125663319935595e-01 2.336076846019810027e-01 2.005481181826211656e-01
2.040746557943067252e-01 2.040641234707339380e-01 1.789677326102538935e-01 1.903043890483822331e-01 1.926209757615492957e-01 2.104238602060320429e-01 2.208073484298110900e-01 1.841154486426868631e-01 1.977524591012363164e-01 2.168690069350080185e-01
1.880216384547204744e-01 1.839354154402455810e-01 1.975457691551154582e-01 1.993061971240270014e-01 2.074139192955742339e-01 2.161201035441189799e-01 1.792930553159360341e-01 2.171338457789609433e-01 2.172883908770985861e-01 1.939416650142030962e-01
1.861569061816225334e-01 1.822269265229033430e-01 2.013934676548548020e-01 2.104792287111979243e-01 2.158044480930637610e-01 1.888193799031191999e-01 1.984618672499193215e-01 2.012074791821560626e-01 1.943021559188898295e-01 2.211481405822741664e-01
1.935710833660655439e-01 1.910597924469252806e-01 1.786734605135308074e-01 1.851429772179766231e-01 2.224411459531878688e-01 2.052315324398836238e-01 2.100679282635313783e-01 2.078477563112381410e-01 2.037538603796292536e-01 2.022104631080323400e-01
1.977963782650918600e-01 2.087271020249775177e-01 1.795038701946411464e-01 2.174853833047921681e-01 1.991722462587487974e-01 1.853774667812049248e-01 2.262999401670210409e-01 2.157586527379155572e-01 2.005677820279190560e-01 1.693111782376890140e-01
2.281541627614538104e-01 1.996270689476699611e-01 1.700334225337462035e-01 1.873439521043782918e-01 2.153598254039743864e-01 1.960299565695989843e-01 1.869756715852387563e-01 2.065072423666138857e-01 1.977406123313393271e-01 2.122280853959876701e-01
1.909401143465807027e-01 2.104750419524600014e-01 2.270798546871525825e-01 2.085383375636128411e-01 1.982272270057366947e-01 2.003782041462342789e-01 1.905256363671706255e-01 1.994629906563549493e-01 1.830867775250863416e-01 1.912858157496115652e-01
2.051512680409998679e-01 2.004893226100074310e-01 1.915526908586699939e-01 2.153936786612665744e-01 1.930544077927208724e-01 2.106848821034590646e-01 2.091816889644473321e-01 2.207573062938212316e-01 1.797547169213384310e-01 1.739800377532705056e-01
2.285074082561482645e-01 2.052787306153054658e-01 1.864512435961109826e-01 1.685755779690097378e-01 2.010077528717060802e-01 1.925519835578434757e-01 1.901779103292967066e-01 2.209431110794302655e-01 2.167787912448873588e-01 1.897274904802624951e-01
2.023720867845062443e-01 1.951778101009766786e-01 2.018493446444501460e-01 2.165490023012243137e-01 2.079754235909765103e-01 2.017805590457387444e-01 1.818914697887620835e-01 1.908590755225397229e-01 1.919627226988712410e-01 2.095825055219538990e-01
1.984309669087230832e-01 2.049815896521488545e-01 1.897135588672258510e-01 2.145033099505451457e-01 2.112277159309296493e-01 1.916144037010433510e-01 1.859409488152349021e-01 1.919504987214852298e-01 2.058743007066245745e-01 2.057627067460380821e-01
1.800132906432241886e-01 2.188079732504636665e-01 2.281050993344212741e-01 1.816223016807297919e-01 1.816707696254589166e-01 1.743088488375898748e-01 2.220483555443780732e-01 2.171904947645126593e-01 2.078274833139109601e-01 1.884053830053118994e-01
1.942375920862249306e-01 1.805029799381790423e-01 2.118122789702328590e-01 2.260150399066837845e-01 1.942526931259095924e-01 1.929401442377080833e-01 2.036681973887931874e-01 1.780246011961836572e-01 2.246969867980565527e-01 1.938494863520294209e-01
2.104185181884442313e-01 2.199974874435628447e-01 2.089494919549479413e-01 1.927958686449681158e-01 1.932416475511002929e-01 1.827152302138184137e-01 1.866477705932208797e-01 1.825802571101820537e-01 2.059332230231195326e-01 2.167205052766361384e-01
2.049685628629819290e-01 2.229525097649847354e-01 1.944587297881882892e-01 1.806141410137026559e-01 2.107588591393828592e-01 2.112272850011686076e-01 1.808687487829369889e-01 1.990460072358329335e-01 2.008525318470451571e-01 1.942526245637749283e-01
2.086671816061468898e-01 2.036428335661588374e-01 1.867014811003805674e-01 1.947783293818655670e-01 1.750741350771702898e-01 1.929299443380264600e-01 2.024771336836343749e-01 2.174807199293801174e-01 2.090660064912853167e-01 2.091822348259529951e-01
2.205343225737963764e-01 2.131807888762173031e-01 2.103755214240076166e-01 1.852599163776150470e-01 1.824088293605565236e-01 1.850083466310141200e-01 1.944285172555168528e-01 1.951319642083359229e-01 2.004561792214703819e-01 2.132156140714686066e-01
1.863732844545552825e-01 1.994392334850588477e-01 2.104847856096388470e-01 2.165022270947332128e-01 2.076086990299766954e-01 1.747362239333569711e-01 1.838202986464220479e-01 2.008743566389549484e-01 2.082475786215180202e-01 2.119133124857868478e-01
1.992458369214497593e-01 1.745232602965772206e-01 2.009978167989853737e-01 1.997927674321821612e-01 2.084212416031342996e-01 1.798233386969154690e-01 2.056064469791794025e-01 2.276528623459756484e-01 2.179321187810624727e-01 1.860043101445402192e-01
2.110729478684269800e-01 1.846471317951977609e-01 1.840558746390587308e-01 2.207810854607189510e-01 2.066547045330587307e-01 1.977410132162517042e-01 2.040536225887298882e-01 1.934984243241799629e-01 2.023252109610199634e-01 1.951699846133579108e-01
1.759365140028266161e-01 1.891201041745062816e-01 2.233363805214546027e-01 2.059630975466916480e-01 2.221413627965421189e-01 2.007603820353311974e-01 1.952994466870524581e-01 2.077564121679276732e-01 1.958518187220315565e-01 1.838344813456363747e-01
2.110564788520290502e-01 2.210209362926839616e-01 1.807600937447362832e-01 1.937191853502616690e-01 1.975333875399146732e-01 2.126911537634041394e-01 2.034744682821900408e-01 1.654043260687819705e-01 1.992751960032090597e-01 2.150647741027895132e-01
2.017416387709276837e-01 2.014630111341375596e-01 1.857563337752461963e-01 1.965027764234342778e-01 1.942749184684660624e-01 2.263574665128554320e-01 1.896386034249135100e-01 1.885581633936898593e-01 2.152206486798264318e-01 2.004864394165034036e-01
1.880540982603730316e-01 2.030815346039464564e-01 2.056377528330740057e-01 1.895197587119991089e-01 1.842629556562269122e-01 2.123407068014498411e-01 2.130959513059450527e-01 1.723530487012114309e-01 2.008433932453128345e-01 2.308107998804618810e-01
2.202110854399223494e-01 1.999233423146108968e-01 2.056695669055955411e-01 1.991120914234042194e-01 2.219057429870673337e-01 2.053182969196148955e-01 2.043962208307187056e-01 1.846073111623696694e-01 1.757471699537357657e-01 1.831091720629619835e-01
1.844899596504246397e-01 1.835415819652239100e-01 2.075757522561063051e-01 2.257037132014718950e-01 1.964378606058525267e-01 1.865425119620216232e-01 1.813576420277916712e-01 2.175027759068497712e-01 2.107206386454145430e-01 2.061275637788434201e-01
1.964820302807049335e-01 1.832151870642301228e-01 2.079171609107640650e-01 2.127134553301116004e-01 1.996022169151065728e-01 2.145329706229998079e-01 1.936281502092233875e-01 2.234341259493347887e-01 1.786662488906229918e-01 1.898084538269020627e-01
1.748462086230395673e-01 2.057655592841740044e-01 2.061003200017829662e-01 1.902878549675482978e-01 1.838719060126635940e-01 2.203429155954967633e-01 2.005587120656400768e-01 2.117326428298469676e-01 2.207570947305914077e-01 1.857367858892170764e-01
2.163305507666113958e-01 2.094788958028969139e-01 2.190821443347732433e-01 2.270401356235824952e-01 1.984739037025503028e-01 1.675762352240025843e-01 1.843986982702192357e-01 1.799427654870968118e-01 1.935906128900503065e-01 2.040860578982175710e-01
1.981355338936329757e-01 2.219089268671365911e-01 2.017758824153821073e-01 1.807800974123074944e-01 1.872319534818125963e-01 2.291815600805705566e-01 1.988877411223172187e-01 2.055577365063606665e-01 1.816150288577474681e-01 1.949255393627327138e-01
1.880522306548609857e-01 1.910387651040519053e-01 2.154357862163104320e-01 2.106303944448627841e-01 2.090163600135864774e-01 1.841743821050257912e-01 1.767463407328084546e-01 1.985999116323655111e-01 2.186476772345306574e-01 2.076581518615959743e-01
2.163896693417791117e-01 2.029546121345168208e-01 1.920544632360035586e-01 2.039902636011850234e-01 2.068272942596298958e-01 1.947116605678534396e-01 1.797585554262980390e-01 2.036006147354993967e-01 1.812341685268680502e-01 2.184786981703684960e-01
1.792385222483536822e-01 2.060799292380572356e-01 1.969488830785987299e-01 2.009257957341427647e-01 1.901384830307514540e-01 1.730942106469869346e-01 1.851381850032717269e-01 2.117285552111610181e-01 2.297481987499213896e-01 2.269592370587547037e-01
2.131895964525084841e-01 1.981057135264208680e-01 1.959089543150684398e-01 1.833577914543325915e-01 2.092129129356420647e-01 2.151417495648664802e-01 2.056607972699064923e-01 2.123680176283280208e-01 1.825300571754467915e-01 1.845244096774801834e-01
1.669980056675267333e-01 1.743668079329165344e-01 1.893791425684345220e-01 2.079176561570821313e-01 2.163638972419864026e-01 1.995107741673212698e-01 2.032858165202862111e-01 1.955735413818073254e-01 2.504681979021533555e-01 1.961361604604851538e-01
2.064353277259951269e-01 2.004359738618498865e-01 2.018474427147645134e-01 2.055907355670166248e-01 1.875023146172455912e-01 1.959634028782298310e-01 2.004189886893052441e-01 1.987302319728615763e-01 1.887031569254618846e-01 2.143724250472703041e-01
1.956779855855615424e-01 1.858506356869733811e-01 2.054884864008572343e-01 2.079900096218322836e-01 2.091728935914404230e-01 2.173906302445126615e-01 2.006281334845405051e-01 1.939491181793220609e-01 1.844453692447584614e-01 1.994067379602010304e-01
1.900569053329123070e-01 2.078637372150402562e-01 2.007372942795833670e-01 1.996311251263852282e-01 2.090226070001823810e-01 1.954617957029843589e-01 2.082227136936751488e-01 2.072249548329493096e-01 1.917095281216617542e-01 1.900693386946259167e-01
2.070014840526763489e-01 1.865959815465511040e-01 1.944823020863588048e-01 2.066163411472854428e-01 1.863106761757917784e-01 1.876523741028598424e-01 2.079853737804754077e-01 1.986843483491818330e-01 2.151903321248830048e-01 2.094807866339367386e-01
2.064351112881717132e-01 2.095830877164359396e-01 1.811246246461929443e-01 2.066934291853358141e-01 2.106188971015861278e-01 1.976374237726184757e-01 1.959907920078770849e-01 1.935410512330977828e-01 2.022064626921437624e-01 1.961691203565402997e-01
2.118588847056227242e-01 1.879892322614155065e-01 1.929468309225139122e-01 1.952270852425423697e-01 2.092269972802445477e-01 2.116170074835723725e-01 1.841307673374901754e-01 1.911260235254313433e-01 2.147820548670467955e-01 2.010951163741211967e-01
2.156011996637605954e-01 1.909237398098516114e-01 1.866635472433669507e-01 2.103748643287246811e-01 2.174702444384841171e-01 2.070811286363805070e-01 1.950523513258134167e-01 1.896743825988970178e-01 2.010903892057623876e-01 1.860681527489587983e-01
2.126412331008758483e-01 1.998351937331812045e-01 2.076270023914815466e-01 1.819226514726269839e-01 1.820389758022687432e-01 2.028167552818199160e-01 1.845704373979866197e-01 2.033244368115589840e-01 2.220477923696824729e-01 2.031755216385177643e-01
2.000449738964701907e-01 1.903352351771167850e-01 1.855011212387210617e-01 2.318486354393681503e-01 2.019652279616359625e-01 2.210473195037727656e-01 1.931925060834540908e-01 1.891253925317202822e-01 1.976456395694999313e-01 1.892939485982395587e-01
1.960665546762601907e-01 1.811009804488387942e-01 1.923769909967090186e-01 2.123781152412987094e-01 2.126934078355437463e-01 1.962845970593513623e-01 2.059801352902936866e-01 2.297729134537421780e-01 1.852036618097373244e-01 1.881426431882265160e-01
2.027137978250865835e-01 1.955260490260973816e-01 2.136360805573531696e-01 1.951239447862139209e-01 1.931591335136508270e-01 1.811144694958196633e-01 2.036962655492277341e-01 1.951774210505326512e-01 2.026140229517667257e-01 2.172388152442510656e-01
2.113584527558481363e-01 2.112968180909023386e-01 2.089058200180209379e-01 1.914933530822053587e-01 1.839236259283294206e-01 2.106758715581549812e-01 2.179494907430155892e-01 2.061743722286503155e-01 1.783839519274697250e-01 1.798382436674034190e-01
2.016817890080618292e-01 2.109419246000329151e-01 1.996222567293751693e-01 2.241347265749362161e-01 2.036065540830744314e-01 2.107856595735808081e-01 1.946567149886826165e-01 1.986239239946408774e-01 1.777477402315733868e-01 1.781987102160419167e-01
1.922683735019576901e-01 2.065804244763914943e-01 2.151376641656241595e-01 1.986587540776325600e-01 1.945183255393072297e-01 1.896534705133418042e-01 2.057030541449933192e-01 2.083828320433763204e-01 2.007113463642967721e-01 1.883857551730793722e-01
2.155494238445428978e-01 2.045859222806013511e-01 1.995072381004376061e-01 2.003940427523822065e-01 1.780071132101749276e-01 1.819310285303905039e-01 1.964093589344808044e-01 2.079791791161375580e-01 1.943317888798542503e-01 2.213049043509976721e-01
1.890317068376646259e-01 2.147042575085738592e-01 1.698243643201166331e-01 1.930220028203107896e-01 2.143808248683869988e-01 1.849732562324853669e-01 2.213127950899127783e-01 2.090368125502160557e-01 2.112389175108003725e-01 1.924750622615336582e-01
1.755195299704638279e-01 1.940647974713951007e-01 1.928179348691399786e-01 2.064224733625271146e-01 2.089847307389721687e-01 1.963067264217369934e-01 2.012304689350215003e-01 1.831519038372989849e-01 2.403585411714808939e-01 2.011428932219631871e-01
1.821465579685933589e-01 1.896178666942270608e-01 1.918419060839051393e-01 1.810624695033233034e-01 2.087048330353680758e-01 2.236647328541205570e-01 2.069461071412110886e-01 1.840057713603134582e-01 2.060948868503543474e-01 2.259148685085828057e-01
1.987224679913788816e-01 2.044820444320345487e-01 1.781895099932656046e-01 2.136081188598981384e-01 2.054043028278261795e-01 1.963356860295386030e-01 2.215110283741369424e-01 1.891696496649163395e-01 1.914111579785212069e-01 2.011660338484839716e-01
1.835774617739618086e-01 2.065453094715427595e-01 1.963421811283616869e-01 2.090294469113173348e-01 1.898105810234604618e-01 1.914350109484398155e-01 1.920276001065368554e-01 2.110527282907060376e-01 2.144444489297046563e-01 2.057352314159698603e-01
1.913801543989231413e-01 1.802747428979421251e-01 1.850693729675007004e-01 2.096323171957786002e-01 1.980159205126268418e-01 2.146561435275401719e-01 1.875513936252147518e-01 2.019053529414816528e-01 2.062270852066832860e-01 2.252875167263088396e-01
2.118816830539457241e-01 2.053496948835349667e-01 1.858979104101501356e-01 2.146701216188984518e-01 1.821250151069892242e-01 2.132923926471116116e-01 2.006625341441990729e-01 2.083401431319697461e-01 1.896368319240788747e-01 1.881436730791233025e-01
1.957972544930174918e-01 1.987307207782474938e-01 2.118738309871881498e-01 1.898737984400217793e-01 1.870818574351065244e-01 1.940994471018176459e-01 2.296423199506087975e-01 1.708841080449537697e-01 2.026114286621938099e-01 2.194052341068441492e-01
1.860739833806731580e-01 1.954043067364809871e-01 1.903901196652115768e-01 2.127780598922022204e-01 2.159439438691675428e-01 2.004023605239499684e-01 1.943017859214412058e-01 1.891803521887299722e-01 2.248911888184182695e-01 1.906338990037245718e-01
1.889898947080385638e-01 2.179723809995983141e-01 2.340780303634022452e-01 2.036046267403920917e-01 1.987771700761647997e-01 1.910124301376696920e-01 2.026069662488153011e-01 1.872736899520591747e-01 1.913402330460565737e-01 1.843445777278024944e-01
2.063488250410260016e-01 1.980092051063209180e-01 1.976724313973834413e-01 2.010787350477175051e-01 2.011537118547183089e-01 2.158750359880858560e-01 1.966608548810056534e-01 1.976383927424450460e-01 1.882146012435292337e-01 1.973482066977689797e-01
2.066706909579409945e-01 1.895283997702360834e-01 2.285061112535454186e-01 2.044034287980651121e-01 2.020519757627018409e-01 1.887889977742763792e-01 1.866566125054358039e-01 1.960802779239127491e-01 1.905404713775683267e-01 2.067730338763168196e-01
1.921917162192096351e-01 2.105702952323095789e-01 2.044220517796155878e-01 1.977971561853407723e-01 1.806363416664486521e-01 2.045959470549945092e-01 2.133221042425004765e-01 2.114670815857654373e-01 1.916711488713383482e-01 1.933261571624788622e-01
1.797616221363149136e-01 1.937754119162959920e-01 2.092981384377184395e-01 2.208718555009233364e-01 1.930764850435274238e-01 1.943273004793872327e-01 2.163494464219591906e-01 2.045284762937026324e-01 1.835780036574745644e-01 2.044332601126970239e-01
1.809230669662706403e-01 1.883812135591875769e-01 2.117374643378127363e-01 1.805524812336163354e-01 1.901232781533789273e-01 2.189471944712839124e-01 1.860631076446563614e-01 1.916076606819938355e-01 2.197789052497147733e-01 2.318856277020865941e-01
1.999384297939638122e-01 2.017054393659765132e-01 1.880033999554101831e-01 1.926110354206737041e-01 2.039154228410801628e-01 1.795568665800839347e-01 1.872907784057556702e-01 2.112345475152416774e-01 2.241687136249041201e-01 2.115753664969115266e-01
1.871204091142787407e-01 2.124196425289478218e-01 1.815094949342722641e-01 2.098392822142274294e-01 1.906247605476731333e-01 2.172822555015913870e-01 2.017823743748051735e-01 1.896827035128976768e-01 2.091464046411802558e-01 2.005926726301280050e-01
2.231225141442793602e-01 1.845521259389472646e-01 2.037947675110431955e-01 2.026194355698571203e-01 1.939249990842868976e-01 2.053357294951534961e-01 1.787850544014741860e-01 1.937883956159322796e-01 2.127617546200726295e-01 2.013152236189549860e-01
2.069755806077013260e-01 2.122643687943228108e-01 1.924570940117261153e-01 1.777368762018857740e-01 2.274942238388784066e-01 2.129476666356473202e-01 1.901952494058690712e-01 1.830839621939854833e-01 1.916957507589344134e-01 2.051492275510495011e-01
1.845673706682288140e-01 1.849838381822693500e-01 1.947284952008291325e-01 2.094684970236431742e-01 2.274737574026439169e-01 1.951691017412232609e-01 2.061140136794119559e-01 1.956188201741638766e-01 2.007877437922039043e-01 2.010883621353831696e-01
1.869408954388440403e-01 2.022315586921641373e-01 2.043114397512613978e-01 1.998315036530750044e-01 1.807775022147729005e-01 2.042353600629692734e-01 2.239835953086386777e-01 2.167831238650666514e-01 2.025115795781822214e-01 1.783934414350258624e-01
1.941759770030634935e-01 2.087561444141864397e-01 1.753569741348803834e-01 2.013378295886338043e-01 2.049416524533794193e-01 2.082822884888705373e-01 1.914248573348992510e-01 2.032893342412358528e-01 2.192461333198884033e-01 1.931888090209624709e-01
2.071575238777245420e-01 2.026412807139117422e-01 1.953813517840151393e-01 1.949608476196472429e-01 1.984124756993060901e-01 2.059922873856368242e-01 1.994266811529483152e-01 1.788814318820063920e-01 2.250648463265990384e-01 1.920812735582042852e-01
1.938756178999904156e-01 1.936131700015288615e-01 2.039731853621058466e-01 2.118612921758052381e-01 1.960304745230014023e-01 1.929058796753734262e-01 2.123986982151520320e-01 1.945503982332914827e-01 2.107272556534411367e-01 1.900640282603108244e-01
1.830870262681769112e-01 1.910275246993904108e-01 1.987218882484605986e-01 1.896174417984784477e-01 2.185194233119985840e-01 1.956499416583932505e-01 1.997893919967096144e-01 2.028337656706252212e-01 2.081964069153650343e-01 2.125571894324021771e-01
2.011557105050337246e-01 1.896246119732415969e-01 2.197232482494348993e-01 1.727472841041739204e-01 1.963708520360867849e-01 2.120602968973755442e-01 1.957089364772517937e-01 2.017616901486410375e-01 2.049728497902198465e-01 2.058745198185419067e-01
2.028214831833603793e-01 2.179849839638798858e-01 2.004587088979266907e-01 1.825581197295650104e-01 1.644897229488442858e-01 2.045171249436397998e-01 2.097266476623749210e-01 2.069690393474196421e-01 2.193098914603697769e-01 1.911642778626209405e-01
2.256578730870126281e-01 2.078588031125124524e-01 2.010855028166876335e-01 1.887511970521152105e-01 1.962679295584484618e-01 1.947481293316290774e-01 2.019138303895926800e-01 1.978315052391984574e-01 1.856937931365302275e-01 2.001914362762732824e-01
2.256588883323485673e-01 2.110626254483306541e-01 1.992344895307074926e-01 2.075181797730122069e-01 1.910042824897420499e-01 2.166948339528312617e-01 1.928391067060979125e-01 1.670201324425253653e-01 1.947930374642331819e-01 1.941744238601714745e-01
2.380870301386938670e-01 1.933241071179782611e-01 1.931858251204841004e-01 2.157708270577619603e-01 2.204454547133935516e-01 2.078841782090590784e-01 1.803391144205798713e-01 1.662856541460451809e-01 1.950263025296955777e-01 1.896515065463102723e-01
2.112336771890874210e-01 2.039408288568505812e-01 1.969833923097212280e-01 2.330111743819944237e-01 1.870875873072301299e-01 1.963437409288977531e-01 2.086078247023337717e-01 1.807727468242371627e-01 1.928417323081903223e-01 1.891772951914582612e-01
