-5.014725538005166072e+00
-5.169162793659986654e+00
-4.960360989746829929e+00
-7.479747575842081275e+00
-6.757588536383028810e+00
-6.079784294489879670e+00
-6.415910785641942837e+00
-5.057471028011361724e+00
-6.284713319405439869e+00
-8.732968512038238984e+00
-6.639478033614283348e+00
-6.309786904583058131e+00
-6.793861503757621989e+00
-4.997962502421676945e+00
-5.813974285319940094e+00
-9.112826343072985225e+00
-5.637222740609982630e+00
-5.800419195594716193e+00
-5.816357262997669864e+00
-5.724638711442479710e+00
-6.988464144557857693e+00
-6.859341079347043291e+00
-6.549847330661511258e+00
-6.007268872657885339e+00
-5.216873282600556827e+00
-7.944279627236434216e+00
-6.965140253980497853e+00
-7.065575535558623166e+00
-8.015617968887834621e+00
-7.437754493864151328e+00
-4.137279034258631860e+00
-8.314299846192414023e+00
-7.522312772044736029e+00
-6.590862901764140247e+00
-7.400979551744035767e+00
-7.690497063249875254e+00
-8.175087855177725515e+00
-6.529947141364164764e+00
-6.464629712231524827e+00
-6.022659045963802527e+00
-5.700034908812786405e+00
-5.779152976958175536e+00
-7.832536596010023722e+00
-5.924186758356707827e+00
-3.998316600416686573e+00
-5.855235216854741687e+00
-8.481610084513759418e+00
-6.549353210475937104e+00
-4.661791367590566004e+00
-5.289065632140356854e+00
-7.898326447234341963e+00
-8.109017850699377306e+00
-7.900210807770975840e+00
-7.762420132987344346e+00
-8.145096039285613543e+00
-6.166598330986053256e+00
-6.015741556373915166e+00
-4.618030242446092615e+00
-8.560729812286332674e+00
-5.524205449452953332e+00
-7.678849098406930196e+00
-7.795439510016720419e+00
-6.461987510629462861e+00
-7.725368373182621262e+00
-6.609466283366076667e+00
-8.261729546374647626e+00
-4.766893865912165573e+00
-7.665897675959631563e+00
-6.625410079472651148e+00
-5.403193059873276916e+00
-7.572745777514124477e+00
-5.755757577953787951e+00
-6.929162746967863384e+00
-6.460650799961184632e+00
-6.305651706752553487e+00
-3.832828613411769503e+00
-9.794098924654010219e+00
-5.386395444963950396e+00
-6.311089901116609724e+00
-8.663587282725044858e+00
-6.973309672384419677e+00
-9.857211985390238240e+00
-8.307125492453181437e+00
-7.909341552196932135e+00
-3.950846294174140905e+00
-4.639009751506506518e+00
-5.896340068343702612e+00
-6.364864464690170642e+00
-6.439531979845551923e+00
-5.053677481505808089e+00
-4.878841711612995624e+00
-4.719221826773130068e+00
-6.021451570859118085e+00
-7.902988657050539878e+00
-6.802662379105281154e+00
-7.547725046972268537e+00
-8.470441409424770640e+00
-8.074549763225014942e+00
-5.271832771079334456e+00
-4.285651476504230395e+00
