3.958300566458276132e-02 2.642312383242992682e-02 2.507416581650720108e-02 1.784965404286856239e-02 2.638595423079716923e-02 2.402735593423528312e-02 3.644468475300906285e-02 2.786030426597658691e-02 3.449333058407028085e-02 1.276824785964012464e-02
3.261888030726298182e-02 2.657809850833088572e-02 3.347360620857046942e-02 2.250360228698253945e-02 3.104501797215971498e-02 1.725703496665180123e-02 2.332447857463573054e-02 2.592401513329796112e-02 3.234503656786030107e-02 2.382782334199200214e-02
3.865737415742629551e-02 3.490368497880308452e-02 2.102325630643454846e-02 3.110075376205252359e-02 2.326953141350380366e-02 2.118842875090112821e-02 2.574846747781421585e-02 1.600245056033425262e-02 3.776395631990547147e-02 2.222236949703104703e-02
2.809095838994676159e-02 3.371949931361772207e-02 3.276883570068609558e-02 3.139312195529688626e-02 2.376418996542080386e-02 2.347977851690472711e-02 2.578021378848216472e-02 3.732035475956173298e-02 1.418808261656709022e-02 1.278869557412840724e-02
3.107083978757134088e-02 3.555308756096461215e-02 2.848949872802202313e-02 2.584426757930225263e-02 3.335529072298730469e-02 3.020056088216586943e-02 1.788429840122605918e-02 2.174726380013237287e-02 1.723331780752857673e-02 2.504716855979116641e-02
3.179083418645904657e-02 3.355254184911784371e-02 2.517012273695438604e-02 2.362986261583876688e-02 3.250962226914656805e-02 3.248416663184206660e-02 1.629079230662294417e-02 2.564753030373689152e-02 2.962279250179172818e-02 1.878400253870560546e-02
3.757443463881904311e-02 1.971485064737945464e-02 1.290036215414072651e-02 2.643275695112470500e-02 2.143767695847492369e-02 3.313876881920297529e-02 3.328462654666104747e-02 2.415729517864228723e-02 3.434097475198503308e-02 2.602960038319711983e-02
2.461815785042879498e-02 2.471947407849613143e-02 2.633230111213155297e-02 1.752096928385052724e-02 2.391152177755183697e-02 3.640248853379320082e-02 3.785041355491975540e-02 2.132702174401637091e-02 2.991801900900279906e-02 2.403158062624325894e-02
4.001107329653549871e-02 2.627851895815105920e-02 1.941309699192071345e-02 2.600411867857581327e-02 2.646200598683675145e-02 2.427282435467906577e-02 1.924384640847688621e-02 2.274565755914409459e-02 3.356509928957553124e-02 2.736158398574051534e-02
2.929071475133221414e-02 2.444334168398809917e-02 3.159224175674648499e-02 2.323087558466952265e-02 1.462631252567469370e-02 4.376130910581637473e-02 2.491781565175077776e-02 2.814788520568752700e-02 2.888112141918312142e-02 2.265016975352944842e-02
2.257496449132089314e-02 1.945140499576739068e-02 4.045929888640928396e-02 2.143146315537860710e-02 2.660840785415074378e-02 4.151921593160946833e-02 2.098856702561937432e-02 3.821634434756818188e-02 1.938983079394334882e-02 2.542846808117633570e-02
2.060058601708034814e-02 1.414368660835331817e-02 2.396191076701638042e-02 2.811759433397032631e-02 3.461615278717147803e-02 1.885913382390606158e-02 2.318489090617380580e-02 3.200258879603618684e-02 3.260414093270160713e-02 3.418510088670535102e-02
2.932192836572521805e-02 2.399053799366857032e-02 2.845168045736488904e-02 2.561783188817513823e-02 2.300235402716269487e-02 2.897514190003585427e-02 3.217756384353342991e-02 2.712703367785348693e-02 2.825139920255143738e-02 1.971009697728218213e-02
8.754738336416158576e-03 1.929649881777572087e-02 1.669851316878175757e-02 3.313851225190275057e-02 2.841787039502790754e-02 3.146188269581631086e-02 3.315578217924111670e-02 3.689713220314146808e-02 2.391832708550382242e-02 3.966622974276765717e-02
3.080658592180023081e-02 2.749436025264710010e-02 2.619949628092790167e-02 1.724823075974348668e-02 1.206251372999696259e-02 2.795631730681521002e-02 3.869693852145776602e-02 2.868947733494742539e-02 2.149853613025479865e-02 3.574280138107233107e-02
2.865662931437785652e-02 2.457352579121918623e-02 3.612991305821000587e-02 2.809270635658004181e-02 3.013942724280509189e-02 3.121638659082321895e-02 1.995403654822794706e-02 2.250607304422316129e-02 2.410729062355253249e-02 2.152202075681248702e-02
2.563009990043596878e-02 3.169545902594290976e-02 1.998783499307928840e-02 2.383749813797758979e-02 2.849987272470732788e-02 2.717678433123174933e-02 1.851973734852611214e-02 2.352764458216876145e-02 3.876013273920259766e-02 2.896616005584724818e-02
2.797315468197620128e-02 2.274297710724633437e-02 2.766613747664145584e-02 2.923260732741898155e-02 3.375714153766654763e-02 2.631125405188733737e-02 3.437332802087843947e-02 1.450205270521391122e-02 3.212178436403306109e-02 2.121650594644893320e-02
2.830039357314588847e-02 1.979425309940549896e-02 3.005464700919908971e-02 1.798746976705264955e-02 2.826782678058584186e-02 2.486075165040207979e-02 3.689234292826443218e-02 2.210286216509862317e-02 3.216680239946761999e-02 2.990765979280406855e-02
3.394284275436480758e-02 2.797609321454048309e-02 2.418626929269928477e-02 3.037308465224320894e-02 3.180126036759485519e-02 2.408305515364461691e-02 3.276681905630828007e-02 1.907795639856408459e-02 1.656315126130970469e-02 2.577736830521676001e-02
2.205548932742252416e-02 4.218854753409689851e-02 2.044024802780784050e-02 9.621714772458156428e-03 2.340580847118112900e-02 2.936782281866443314e-02 3.611266703634217340e-02 2.210991591077621221e-02 3.242781915753112365e-02 3.068025120066263794e-02
2.350215272615409703e-02 3.389476254138172606e-02 2.439819754359976930e-02 2.562979401396292545e-02 2.511041260102597414e-02 3.227914955291714960e-02 3.362042336108519297e-02 1.903008475516745554e-02 4.004464781070094653e-02 1.480345604368455380e-02
2.751619864972733656e-02 4.049823306619226848e-02 2.419154302771348020e-02 3.230600629290277664e-02 1.062903221040766184e-02 1.312881292646166619e-02 2.492510820068305488e-02 2.579324143614891707e-02 4.099846112283763583e-02 3.037921400889867160e-02
2.584172253002216604e-02 1.828798714476791154e-02 3.107449572456896791e-02 2.345401469789237803e-02 3.615683669826137009e-02 2.682071797492496107e-02 3.310723859855373846e-02 1.830941978881234222e-02 2.435360379948468823e-02 3.061647856736408879e-02
2.876174354153825802e-02 2.339299696433864637e-02 2.316728075327923256e-02 2.698432750589494292e-02 2.056628185272727991e-02 2.846418959454790482e-02 3.421900617072400758e-02 3.676521928281091534e-02 1.988479768287547758e-02 2.434465379232832530e-02
1.966250516906628207e-02 2.863943302472183455e-02 2.653364139368159791e-02 2.467330309474212446e-02 1.662862758382964087e-02 2.683719090081679304e-02 3.238543393876756882e-02 2.683394023635795808e-02 3.005748155664109481e-02 3.489292811358573471e-02
3.868380058152148110e-02 1.589981921536782333e-02 3.583407450334585853e-02 2.195458765636668780e-02 2.560034191329795331e-02 2.454440161435458845e-02 3.621497776555148568e-02 1.737350446067169318e-02 3.761230951906484321e-02 2.429153329543098580e-02
2.051597254378547189e-02 1.010955649124606337e-02 2.487168731417803078e-02 3.166269638390951935e-02 2.520976214680619928e-02 3.281470860089389513e-02 2.260585556186543374e-02 3.244940590426691890e-02 2.745623753014937024e-02 3.803543261952277432e-02
2.617426537340988499e-02 3.027644828227783746e-02 2.406406628474311998e-02 2.922896176071794472e-02 2.167991408915592028e-02 2.837632928812004046e-02 2.619287566501661210e-02 2.283807199812680835e-02 2.698878823107324701e-02 3.144783283487166681e-02
2.261230935123122870e-02 3.029689306472480720e-02 2.497738178937635584e-02 3.559145282236122337e-02 1.996765032209400076e-02 2.268901195567527007e-02 4.235931464849514855e-02 1.877729291600371483e-02 3.137881485224072037e-02 2.477315802184332227e-02
1.933173999419505670e-02 3.371235797429179143e-02 1.198929832429811854e-02 3.103576558040728808e-02 2.406967426011772174e-02 3.135554957873141341e-02 2.644783800396751511e-02 3.276860483564714155e-02 2.349365769726019862e-02 4.151656612250188838e-02
2.407409991987236389e-02 2.837937404368874594e-02 2.841532004686897830e-02 2.262313188066832764e-02 3.331428653414399838e-02 2.505577805142186060e-02 2.876011245562494489e-02 3.065232563838187971e-02 2.582789034471959233e-02 1.963524051357166261e-02
2.440559687778653605e-02 3.686138614007787584e-02 2.341722294326912396e-02 3.437551386969431994e-02 3.476819708530604069e-02 2.145598409730083145e-02 2.535261185731228079e-02 1.318220858342214301e-02 2.042469735518732954e-02 3.553257042643855057e-02
1.204976470949691708e-02 2.906818402242983268e-02 3.653635230498404607e-02 2.934086419224052680e-02 2.121448135746343763e-02 3.424034904270455149e-02 2.448254738295595201e-02 2.151871813296049596e-02 3.773391329402752542e-02 2.152206997815047165e-02
2.281335776843641805e-02 2.916640730945264937e-02 3.260136522276413373e-02 2.463727868696836271e-02 2.657090586128763379e-02 2.012551191896751190e-02 2.541497105044226643e-02 3.059391219091002131e-02 2.014472073302435787e-02 3.761290255374011293e-02
4.083133503070022347e-02 2.468502309796518496e-02 1.884988300612843240e-02 2.080979504724222301e-02 3.781859930444339546e-02 2.926295196453870817e-02 2.911759445771847088e-02 2.129886348633383553e-02 2.211547638760454765e-02 2.111675486159343001e-02
2.477560954769396362e-02 3.416103497704318925e-02 2.559720299294089563e-02 1.893085205672163235e-02 3.752231592519534448e-02 1.476087715289514657e-02 2.968672968257829448e-02 3.283497539132952669e-02 2.787820738635666748e-02 2.533032949707986203e-02
9.712052604981662521e-03 1.815684678550186920e-02 2.600825977919599824e-02 3.639135765777368886e-02 2.840974877121550668e-02 1.904817179964727464e-02 2.913652350512290629e-02 3.290899384091359320e-02 2.515599027548920744e-02 4.508689995147564106e-02
3.760682001484969006e-02 2.486685905249920100e-02 3.259398021719088490e-02 1.780456413987473521e-02 2.722087752890199608e-02 2.013286521091757486e-02 3.565442889849655683e-02 2.074345244250845946e-02 2.995846692992759977e-02 2.519300622054435057e-02
2.867050474481718306e-02 2.881857822763211202e-02 1.787446848057902549e-02 1.540138231677999452e-02 4.598994715403083994e-02 1.944112640647478740e-02 2.514777725503797648e-02 3.808181782055528042e-02 3.190773131470390350e-02 2.342550028309189208e-02
3.292375983421860774e-02 2.259994623438377898e-02 3.215438164758431527e-02 2.415653014407540683e-02 2.685213970030451633e-02 2.654504596716904599e-02 2.240926803783993906e-02 2.453248066024032309e-02 2.777068362979221230e-02 2.752005967359514790e-02
2.198925630204369083e-02 3.448156379478871381e-02 1.951897230935364588e-02 3.346071443466929612e-02 2.941308772743979685e-02 2.331889122104044074e-02 2.067737639494066429e-02 3.421026834761202451e-02 2.915761460909405481e-02 2.324451339233712249e-02
3.384426823193242839e-02 2.210064751457882157e-02 2.982062459041429775e-02 2.316040408710604709e-02 2.554973938794023736e-02 3.669682912275547271e-02 2.927415324473870567e-02 1.936004125832728462e-02 2.120762697363828483e-02 2.507871407448857351e-02
3.006349166666414177e-02 1.378760165902521463e-02 2.414883862123003155e-02 1.708329719150295314e-02 2.782545000137663302e-02 2.666998847531098366e-02 3.370183284145027158e-02 3.467200243703611601e-02 3.041637563855833712e-02 2.804224283873686316e-02
1.762811762742271318e-02 3.721967680902742159e-02 3.114853500475032316e-02 3.400899419685067537e-02 1.960419286794143345e-02 2.585127201753609216e-02 2.336186594413928314e-02 2.521015913246408072e-02 2.121801566554242305e-02 3.514130476279702514e-02
2.466233962133375021e-02 2.244643316017977397e-02 1.986220882119534015e-02 2.362002347025252136e-02 2.275275548194604508e-02 1.988161647388479378e-02 2.057889545466462175e-02 3.658787153558203803e-02 3.733377356109372769e-02 3.399088065703754352e-02
3.520120648891955639e-02 2.363737128044167066e-02 2.565234398120197837e-02 2.652804027800311978e-02 2.349039415916842968e-02 3.174884918176907461e-02 3.568101187907706667e-02 1.459749473110104681e-02 2.568065217991230900e-02 2.521010056971107957e-02
2.368488942587895080e-02 3.881269538735089564e-02 2.493601365865438790e-02 2.631789208931844398e-02 3.375408345964413248e-02 1.674658643381537332e-02 2.168478907978408157e-02 3.203412597334742706e-02 2.990883776259504329e-02 2.083319971354966396e-02
2.957671759456733870e-02 1.960684597627428138e-02 3.922862986101762622e-02 8.247902521337035706e-03 2.350548876765961095e-02 3.487061570993409132e-02 2.691094307277303033e-02 3.207614269328146195e-02 2.699956396589387603e-02 3.111805223754070260e-02
3.327432002632979557e-02 2.894259213895456623e-02 3.456463674855186213e-02 2.236002281700997033e-02 2.887814399358788753e-02 2.614389531508616929e-02 2.428801346083195312e-02 1.745605840538789685e-02 3.160912284503814007e-02 2.149100971842830832e-02
1.755585585232508072e-02 3.875390440389421542e-02 2.137065629375322490e-02 1.556984427722849125e-02 1.650472893048542111e-02 3.955960826295099736e-02 3.194614111668003797e-02 3.411171181707789435e-02 2.761982057403214799e-02 2.026879272206408289e-02
1.464103235050875050e-02 3.614940827052086358e-02 3.160044762669181329e-02 2.742777165183786850e-02 2.748902007782530812e-02 1.535149087702189150e-02 2.988484462724528071e-02 2.364008071853212004e-02 3.395095614744880058e-02 2.798804490696941982e-02
1.519348514569818752e-02 3.548097484795100648e-02 1.915815034584020249e-02 3.335605487651004813e-02 3.712692345072493572e-02 2.640265627870138840e-02 2.806372113427374818e-02 2.242036526886616657e-02 2.215226283501046251e-02 3.172966988143822997e-02
3.028949785087729427e-02 2.802693496576201537e-02 3.549939195409517606e-02 1.621330412751631478e-02 2.762814345809255778e-02 2.704016342525982636e-02 3.106441610719564220e-02 1.859942723186019595e-02 3.844096281981992935e-02 1.988018889433411721e-02
3.284253907429071639e-02 2.855923034835974872e-02 2.360869856654641136e-02 2.589742886008043060e-02 1.465626592657533374e-02 2.850973692970061937e-02 3.897625081631850286e-02 2.385318288507666876e-02 2.403105867977478258e-02 2.533907845399670580e-02
4.256338506166712499e-02 2.444152588596740922e-02 2.390867922752079253e-02 2.777301300863984496e-02 2.343800238220203683e-02 3.414120364222484466e-02 2.489244643940841453e-02 3.254966339373423917e-02 2.736041452567387899e-02 1.165699740335395668e-02
2.370938612923489605e-02 3.375487081786858468e-02 2.230491311253165326e-02 1.978086183383379396e-02 2.355357287962232468e-02 2.307143184794823235e-02 4.260488886934550579e-02 2.210196755703271176e-02 2.745639672783425911e-02 3.205433167421448126e-02
2.351078891978342425e-02 2.450448424125965807e-02 2.760643429761444612e-02 3.093735454131447266e-02 2.331015573449483902e-02 3.304172397637097913e-02 3.126018917255774660e-02 1.333680422780877603e-02 2.239165483335340406e-02 3.831384296568305509e-02
1.590347224002986240e-02 2.954973728273006112e-02 3.347356680190175654e-02 3.169105427373244965e-02 2.402073854611366452e-02 2.293022081596935921e-02 2.478230605271497869e-02 2.131396819922793187e-02 2.935358145603890814e-02 3.414386929861008141e-02
2.404783893109076892e-02 2.454524840295409585e-02 3.630793912537822604e-02 2.505923846952122502e-02 3.994145670926109448e-02 1.606361370574645869e-02 2.552943920343512391e-02 2.882212990070553635e-02 2.191454108276699037e-02 2.844088341964625191e-02
3.017603437737124278e-02 2.346691769834298794e-02 3.042695205219815222e-02 2.040943993033991072e-02 3.710150245578514028e-02 2.737119619045744537e-02 2.843491926542297474e-02 3.217674344347420251e-02 1.370408394053972134e-02 2.545853901741269854e-02
3.057931938207503197e-02 3.019794795220662187e-02 2.863467694676049072e-02 1.971795774755273276e-02 3.049298194766532355e-02 2.703449082082749408e-02 2.316526607535659976e-02 2.698239551773482306e-02 3.541763502156916599e-02 1.744058803260099128e-02
3.182351204747620871e-02 2.982924663574331586e-02 2.560608456401340660e-02 1.672424326603787897e-02 3.235371949954614357e-02 2.664899396840544887e-02 3.344472580500300329e-02 2.565071246671742078e-02 9.771707329642085466e-03 3.159305927798363584e-02
2.916363090477402942e-02 3.717235091518093087e-02 2.588387538184438313e-02 2.515227100678801841e-02 2.091583162417647371e-02 1.402782757787039356e-02 3.468918477113779736e-02 2.304819064511455518e-02 2.523117852418499743e-02 3.313473696091101539e-02
2.457511481264310071e-02 2.391129268187479687e-02 1.933586399060144984e-02 2.825523036061712567e-02 1.759884525855521728e-02 2.839364143091826012e-02 3.860503332617189892e-02 2.615144043794734308e-02 2.677227833810806590e-02 3.537822810446263067e-02
2.716292909229829980e-02 3.219549784521539421e-02 1.566536054762926455e-02 2.637928123859688626e-02 3.472829352778287332e-02 2.350159523144529361e-02 2.952020420611866855e-02 3.184246789559470187e-02 3.533087729354064677e-02 1.454539857931500153e-02
2.431584558157586645e-02 3.308113716410183980e-02 1.981059194316108635e-02 3.726935016161656011e-02 2.297358896511741966e-02 2.101463046339955426e-02 3.901429070403106270e-02 2.572028564040019713e-02 3.215941009767143977e-02 1.692810919454884599e-02
1.978329342500570812e-02 3.793400940046598446e-02 3.177765731759467360e-02 3.005597836886106031e-02 3.818753685526080771e-02 2.377916118643260551e-02 1.003152865019308650e-02 3.240928792510164302e-02 2.115413555836011955e-02 2.055880867188537853e-02
3.663141117087129889e-02 1.914839207500558527e-02 2.557263234803803034e-02 3.560054398126845376e-02 1.172444031900118748e-02 4.082187585212202624e-02 2.957507747881751164e-02 3.046375492120928508e-02 2.549372866685545649e-02 2.035022359563601335e-02
3.660571702622488627e-02 2.347826761190720951e-02 3.232230817910680676e-02 3.007538403075351446e-02 2.132319763878888150e-02 3.748460570507151923e-02 1.072637130501290052e-02 2.996172247163967142e-02 2.454817030250714543e-02 2.716468025472849532e-02
1.805957947981581477e-02 2.143361743469215236e-02 3.109871458529984978e-02 2.748491660069000975e-02 2.467244692626300445e-02 1.482985910814422353e-02 3.207363329466526858e-02 3.284459910720885500e-02 2.920089624044838739e-02 3.184103815817510702e-02
2.799839076859997680e-02 2.062885574415355278e-02 2.462162033425297977e-02 3.401509876667869331e-02 3.568487277841659450e-02 1.683548319047439498e-02 4.018397761908139298e-02 2.112111090363207044e-02 2.289782504676107083e-02 2.819118438904433602e-02
3.019391129888195774e-02 2.037337511111030411e-02 2.087441904387967589e-02 2.683103984789349250e-02 1.111712826201461182e-02 2.484305610008687853e-02 3.246984020439186436e-02 3.281834247627679613e-02 3.145996075547116688e-02 3.316905682608328743e-02
3.288694280425764893e-02 2.084657945485308972e-02 1.871532402749087956e-02 1.875830047324328689e-02 3.149161847185460300e-02 2.595026682455961464e-02 2.644039637029427584e-02 2.534620642678941937e-02 3.450317539287412610e-02 3.044699265039710334e-02
4.067198705289916394e-02 1.765678918213964624e-02 3.670752909225186850e-02 2.254365156717983917e-02 1.588039493039056574e-02 2.617906848438445941e-02 2.414984586107139092e-02 2.758294836480532780e-02 3.098010494259002823e-02 2.934675394179534977e-02
3.220581345831588505e-02 2.534502428117154163e-02 3.724788392764086936e-02 1.838008244827172427e-02 2.171469484059184232e-02 2.481618819728916361e-02 2.791370027268575207e-02 2.555343401849437604e-02 2.071311183782843443e-02 3.391305297175835343e-02
1.650675274546335725e-02 3.545902587635525738e-02 1.627827836397145039e-02 2.542164289813101177e-02 3.441512053585488867e-02 2.873849204517118713e-02 2.421043982395040470e-02 3.627067435488783714e-02 3.761246535414048547e-02 1.674982515504051458e-02
2.382234259555683631e-02 1.621933248246104631e-02 4.325807670995928528e-02 2.399266416447009068e-02 2.615950459529119837e-02 4.238872551267974104e-02 2.264868710983498554e-02 1.462506895171013233e-02 2.491010134954444594e-02 3.339122174109676600e-02
2.375670699220946286e-02 2.839168631489688566e-02 2.714384239624929862e-02 1.939399537706516796e-02 3.688171421125732707e-02 2.704189179097732376e-02 1.684376167800443955e-02 2.172443808500904017e-02 3.785499245243865996e-02 2.904723854583205617e-02
2.598842451508596302e-02 3.073313194685579897e-02 2.681209956311990383e-02 2.078193842735833255e-02 2.269698643009802896e-02 3.149066206190349881e-02 2.305744432307434838e-02 2.621140205953828919e-02 2.068209358582002999e-02 4.000588092406461710e-02
3.080555865279311495e-02 2.282972759578651492e-02 4.173341594320179038e-02 1.884587645523575980e-02 3.830192895429699457e-02 1.745476868098606513e-02 2.069689335794220111e-02 3.579534152501152172e-02 1.964774447228536877e-02 3.113246935427225331e-02
3.141410399303910111e-02 1.897193758700512628e-02 2.814354577262016127e-02 8.620129974859941716e-03 2.835484350954410246e-02 2.886038937625990189e-02 3.384739703168893749e-02 3.086836339755264988e-02 2.939543793266827590e-02 2.941570156141420575e-02
2.388437370122643497e-02 2.172830078617886060e-02 2.145615106861033933e-02 3.641357086167512636e-02 2.220037443547082795e-02 3.975892840618179547e-02 3.164179279041622050e-02 2.362779362257002788e-02 2.940422037486527251e-02 1.975040983964536367e-02
1.771772660657979642e-02 2.581410907840319541e-02 3.062484241384247005e-02 3.859736608053102036e-02 2.356057250109705112e-02 3.483612397009755446e-02 1.938908647636206767e-02 1.666217878988040385e-02 3.204710555984446874e-02 2.811391121770331208e-02
2.922963096456679052e-02 3.054231257431687385e-02 2.556794285665985392e-02 1.925268756690818109e-02 2.497305843410616705e-02 2.775379241684098816e-02 2.776953161585339266e-02 3.175292902178934035e-02 1.756528897264610090e-02 3.180243488160895693e-02
2.533299479836832735e-02 1.358684981330956013e-02 2.396723280525189792e-02 2.749427771862284625e-02 2.390657127973293966e-02 3.172296628235731636e-02 4.235506974129556873e-02 2.140893074508038590e-02 2.935998347244839907e-02 3.011498931222398104e-02
1.606200146969294362e-02 2.755012516902034109e-02 2.669773249253181574e-02 2.321593404162254626e-02 3.626489065634573572e-02 3.647700655841934481e-02 2.177884780264862166e-02 1.502034041751737665e-02 2.150734163042423291e-02 4.620439551604253042e-02
3.012175885252169408e-02 3.170194032717993382e-02 2.961836845844325813e-02 3.028649907844351702e-02 1.701300184686131006e-02 3.408188213896791441e-02 2.642711770723765730e-02 1.992667065534228094e-02 3.120372193963062007e-02 1.874778408107831071e-02
3.878236593410246125e-02 3.011467375666139479e-02 1.116086688636102817e-02 3.435022232216364962e-02 2.579653177282659887e-02 3.254170660827628708e-02 1.940265100262530962e-02 1.890113565431726650e-02 3.009454937225602977e-02 2.604885188089470227e-02
2.652374348012927902e-02 3.076197511201290286e-02 2.551150126611474722e-02 2.086803419195491088e-02 2.660555822409043508e-02 3.180640377837275212e-02 2.115099856644789625e-02 2.870900077233004208e-02 2.835029708243944416e-02 2.697357771132686058e-02
2.146259592648922312e-02 2.634473848597543993e-02 3.500651222316360223e-02 3.203556761690143362e-02 2.276066487864531612e-02 1.789862695667229428e-02 3.018440470777518370e-02 3.528931469406433596e-02 1.975033825933316528e-02 2.374730883700249678e-02
2.825114527275609730e-02 1.678782376523705461e-02 3.537604315620812567e-02 2.786304415554617317e-02 3.443933616667003983e-02 2.449732558464400023e-02 2.438864569920851794e-02 1.400238977295691252e-02 2.603234899628329574e-02 3.460485827354648630e-02
3.642573166557799835e-02 2.807055556123629059e-02 3.140745073832384993e-02 1.110214443547683123e-02 3.380975629548175349e-02 2.330690496131995054e-02 2.903578059067313602e-02 4.373183598217558060e-02 8.647857922281093623e-03 2.665975253175517992e-02
2.585071678720781210e-02 3.161636553598851790e-02 3.260828796464454449e-02 2.274092395455873730e-02 4.433423653451155216e-02 1.063895198650680225e-02 2.277915205928750242e-02 2.708545577185244094e-02 1.357568920272962838e-02 5.216886205104329793e-02
1.994843558921656143e-02 3.919966785344223409e-02 1.288655479064751419e-02 2.205219997866832149e-02 4.304400820408564587e-02 1.935604177361839248e-02 1.838354618702568721e-02 3.701198403555754080e-02 2.417054888061329065e-02 4.240669612283009399e-02
3.423252054437473518e-02 2.711193209904459722e-02 3.407916246751087341e-02 2.917385872142308836e-02 2.131540524657605726e-02 2.255752456136869352e-02 2.713510767818858374e-02 2.518239326766074163e-02 2.172026342231502677e-02 2.309298101644819551e-02
1.838077896890479707e-02 2.532393533582460998e-02 2.451186135262601457e-02 2.994557587356378586e-02 1.391160204822339090e-02 4.060430068256400821e-02 2.337647461715624403e-02 3.116835106755164869e-02 4.385303211276938423e-02 2.051815343797097971e-02
2.206500339209141112e-02 1.974126501879938655e-02 2.662541700202983308e-02 2.500910823217822321e-02 2.517046563083876615e-02 2.894767433657681466e-02 2.944252971168484848e-02 2.583605969117971912e-02 4.203990227535945451e-02 2.305772196671927732e-02
3.047096291439246873e-02 2.917975816341458056e-02 2.164636575233711696e-02 2.730821733332255974e-02 2.331990801499009280e-02 2.696297214070355122e-02 3.123248868271117501e-02 1.319226262681692449e-02 2.398763926349529313e-02 3.795596390084953614e-02
2.861013659739167214e-02 2.043178084929370836e-02 2.462073799459070511e-02 3.345165571784211589e-02 3.470312566939116883e-02 1.792421595602659498e-02 2.478150053286664461e-02 2.951961949444730643e-02 2.831843437718307294e-02 2.407329360572147900e-02
