4.553192550057696408e-01 4.217141341871997184e-01 4.029900766816139623e-01 3.211577168612581579e-01 3.929188991287049237e-01 4.006450651296861176e-01 4.590849699866511036e-01 4.306350284745772972e-01 4.355373181598262700e-01 2.799975363847234666e-01
4.286541625565951641e-01 4.089551939062979757e-01 4.351094748165033055e-01 3.832318032811579123e-01 4.185395602305737595e-01 3.254677478942926694e-01 3.783904707161032666e-01 4.020519644050396524e-01 4.307520368889558582e-01 3.888475853044763841e-01
4.659141207439593257e-01 4.541327145685586930e-01 3.750196463125406998e-01 4.113812240563710088e-01 3.805307426802890802e-01 3.660037049799314546e-01 3.901536382050739826e-01 3.191901957728430772e-01 4.407183540296654711e-01 3.969556586507519969e-01
4.285526105710448785e-01 4.592988131276924402e-01 4.560426033311086869e-01 4.361227796510532828e-01 3.773574137202918566e-01 3.705529988063861468e-01 4.135696480815210241e-01 4.571892301614362553e-01 3.220213262288149636e-01 2.792925763206464129e-01
4.368327953572097022e-01 4.526358733307386251e-01 4.208914713529409712e-01 4.037404958562328394e-01 4.371434263032560330e-01 4.245589843812757613e-01 3.383443013238841002e-01 3.639889991082270182e-01 3.251868809344013456e-01 3.966767720518268869e-01
4.309986398343992886e-01 4.397261536843382057e-01 3.944905610545971220e-01 3.855540339822985940e-01 4.374174191278852875e-01 4.344128492479496506e-01 3.225150867151301837e-01 3.924294549164709656e-01 4.129385181028030760e-01 3.495172833341327889e-01
4.528662649238484050e-01 3.695553548113043041e-01 2.805902590041885469e-01 3.957408771066460718e-01 3.766607296255249371e-01 4.390092825834799872e-01 4.383850366147335476e-01 3.946817493973289181e-01 4.363015792699216910e-01 4.162088666630294198e-01
3.907185708742487718e-01 3.951863140589398915e-01 3.954015546486184252e-01 3.203759002084679564e-01 4.014385479416522906e-01 4.634851450451614174e-01 4.660322245624046733e-01 3.820504477926094933e-01 4.070261909713871473e-01 3.782851038965144297e-01
4.669423225303209746e-01 4.128518832677624539e-01 3.401033457634721757e-01 3.923031589424894605e-01 4.079637813917695865e-01 3.902721025144652023e-01 3.364739985289387225e-01 3.769094656291280820e-01 4.417207671878203845e-01 4.344591742438330684e-01
4.090111540556236047e-01 3.998015472545548565e-01 4.292408242370860938e-01 3.776426199412820095e-01 3.098198971670356183e-01 4.637548709007590642e-01 4.133486324533328093e-01 4.165472188119446750e-01 4.082895255192324768e-01 3.725437096591440178e-01
3.689852444049662727e-01 3.605987053572190515e-01 4.499352725338768844e-01 3.772628835290700033e-01 4.128409932206441590e-01 4.609949416686509038e-01 3.826029247229713048e-01 4.436269618719958507e-01 3.559967027365896763e-01 3.871553699540179472e-01
3.760161393788095108e-01 2.829022863631676099e-01 3.977320958730005684e-01 4.298596105713780036e-01 4.438227231979674503e-01 3.397579137945101468e-01 3.756641092903830748e-01 4.413577726531799916e-01 4.571381124274204177e-01 4.557492364501867232e-01
4.098038203889232678e-01 3.915414992943032080e-01 4.116612605555728388e-01 3.887313849901745111e-01 3.747224253635126900e-01 4.180717253632501018e-01 4.378265883075573850e-01 4.142588049406581430e-01 4.055259832011082199e-01 3.478565075949398011e-01
2.265801634372385243e-01 3.729155060373342545e-01 3.214269701687357261e-01 4.293200674470832867e-01 4.210293893511377616e-01 4.436145549543814570e-01 4.548762368737924167e-01 4.643676728246030061e-01 4.124222144035938342e-01 4.534472245020977899e-01
4.313127491903978594e-01 4.166850644532401060e-01 4.036403302802483162e-01 3.360862216882913311e-01 2.735005173962652414e-01 4.333121860963023431e-01 4.664969312205951568e-01 4.285917858670097447e-01 3.695194999458424334e-01 4.408547138618088002e-01
4.041487625159354558e-01 3.967895233770843411e-01 4.481295503172373351e-01 4.251776055181099578e-01 4.296946320116970530e-01 4.248076686689760684e-01 3.530999205301176280e-01 3.679329765677723518e-01 3.845056377484136201e-01 3.657137227446586314e-01
4.053902718370068770e-01 4.186518060719337520e-01 3.478203713892066284e-01 3.859134994724036649e-01 4.188355484837361642e-01 4.059161669869001399e-01 3.302995290062279432e-01 3.926474285937445186e-01 4.604122137477520971e-01 4.341131644110847732e-01
4.054094503598079657e-01 3.681658424133994467e-01 4.068968313364742517e-01 4.256007615770932007e-01 4.474293651666850780e-01 4.168541625912480786e-01 4.338532800239596199e-01 2.994445453409596003e-01 4.227120243631753982e-01 3.736337368272036885e-01
4.132380064599577851e-01 3.525494366561642279e-01 4.110959249141696858e-01 3.354770014337595807e-01 4.074565340698596549e-01 3.998450533194766177e-01 4.446395777803311411e-01 3.792861686959096423e-01 4.310779387029591847e-01 4.253343579674218611e-01
4.450752224446768990e-01 4.165681702022727140e-01 3.850218600826544879e-01 4.193416913993220918e-01 4.292220894533592679e-01 3.988808293245684755e-01 4.319178635263319910e-01 3.499330926010280618e-01 3.167327020754640010e-01 4.073064788903218436e-01
3.941142155440766626e-01 4.682132491651010975e-01 3.953713595857585306e-01 2.320171538178220638e-01 3.986879900806281629e-01 4.357777116649992899e-01 4.524548819096794183e-01 3.797424209981971055e-01 4.245341700474763447e-01 4.190868471862661537e-01
3.917383109709374756e-01 4.394790350434936155e-01 3.957539894605174302e-01 3.836090530553125100e-01 3.960755726843565583e-01 4.387003104729758629e-01 4.436672797974335336e-01 3.620321598237351557e-01 4.432056905275941205e-01 3.057385981636448480e-01
4.279921325618716299e-01 4.631660903263705165e-01 4.047815073208201886e-01 4.270776331385522928e-01 2.645213030647766139e-01 3.016197388524778367e-01 3.868216184818979442e-01 4.131763113535384946e-01 4.682632668513450613e-01 4.425803980483578037e-01
4.045077497698610913e-01 3.327693409278236758e-01 4.131921016109137978e-01 3.941664362127268451e-01 4.527424001751119698e-01 4.211787931536937757e-01 4.306529748032609239e-01 3.321558649013126585e-01 3.904260942080089447e-01 4.282082442372862063e-01
4.089144855814682566e-01 3.869490013627224778e-01 3.780637000225617328e-01 3.914388336142651248e-01 3.557497417322021960e-01 4.253170216808452864e-01 4.565860534937158377e-01 4.580560577742342487e-01 3.607231536439137187e-01 3.782019510940717866e-01
3.512821526428772656e-01 4.096061212448130484e-01 4.074043917850475038e-01 3.906387686592239783e-01 3.146216683896156385e-01 4.058414601446275194e-01 4.358315211096629449e-01 4.180238257249849765e-01 4.286330661329504355e-01 4.381170241661894726e-01
4.509808096273733580e-01 3.214434665288745663e-01 4.339967341833403935e-01 3.734005758609793002e-01 3.974158845246832383e-01 3.936360266513001527e-01 4.383457955717806609e-01 3.360923971482825956e-01 4.472743005285030327e-01 4.074140093748835900e-01
3.849036869475766509e-01 2.428716527373841472e-01 4.068894677275811667e-01 4.390867103461468801e-01 4.060059732166456659e-01 4.219763379509811618e-01 3.752913870689262299e-01 4.302310348364731807e-01 4.303050294683393728e-01 4.624387196999521499e-01
4.062376477669271679e-01 4.191105270670633098e-01 3.864631081712991967e-01 4.078478818893900293e-01 3.692954261865891707e-01 4.098057948465698153e-01 3.962198089202559892e-01 3.737962447672763533e-01 4.029247948697078918e-01 4.282987655149166906e-01
3.740030281677410584e-01 4.184274331951858827e-01 4.039304269927721514e-01 4.377648483462377449e-01 3.556445034289556495e-01 3.857025929886777615e-01 4.585944376885782159e-01 3.594538776816471604e-01 4.184519890072986303e-01 3.880268625028925888e-01
3.662145075310827003e-01 4.287199202903003714e-01 2.683342615450312607e-01 4.238351823385426709e-01 3.956696704904952844e-01 4.284302567536479867e-01 4.041631404536358829e-01 4.303255797444820452e-01 3.949355203078166454e-01 4.593719605449694265e-01
3.847326959768335164e-01 4.151046137383164192e-01 4.131193437143707015e-01 3.765220056946983473e-01 4.263345515580790890e-01 3.961311038748190350e-01 4.198707462914135213e-01 4.280017040919305016e-01 3.984240847154357779e-01 3.417591503441055334e-01
4.029272786680568874e-01 4.425071065746499221e-01 3.939015000929599886e-01 4.465139979256521618e-01 4.481508699016874542e-01 3.784845021463958403e-01 3.867489630329381534e-01 2.854978620821115864e-01 3.719521652031065884e-01 4.433157543724415284e-01
2.638978848625547213e-01 4.342212321913672679e-01 4.635896956389898849e-01 4.362866318190947723e-01 3.684312602972529271e-01 4.247041380151268530e-01 3.832956527862853013e-01 3.852801624029661420e-01 4.547773870765085547e-01 3.855159549098504668e-01
3.838531759861242287e-01 4.208502561277588372e-01 4.355518853272195567e-01 3.967027788769812435e-01 3.906155847054038621e-01 3.528451167960641177e-01 3.957326438059514118e-01 4.204947169339167123e-01 3.636172983440125184e-01 4.397365430965649580e-01
4.669255547426047759e-01 4.083166626854355385e-01 3.319390990356547722e-01 3.677567728272029268e-01 4.593332863949506351e-01 4.405542481070053862e-01 4.254062596667754215e-01 3.580764115114800084e-01 3.562332163589351230e-01 3.854584886699571888e-01
3.934627488119253336e-01 4.365558707919547365e-01 4.036230071560025778e-01 3.524805185768037363e-01 4.351605683846644368e-01 3.064271472754296899e-01 4.255054865020992949e-01 4.424209974630991526e-01 4.174977915944555473e-01 3.868658634435682142e-01
2.568435670955975803e-01 3.418802790421305304e-01 4.205747834470332513e-01 4.585473527776858793e-01 4.195083106794486594e-01 3.408590035022797671e-01 4.123132820147006328e-01 4.448613993527196775e-01 4.297710167457690633e-01 4.748410053426366240e-01
4.542747750761026992e-01 4.077451106182876650e-01 4.281268341120352261e-01 3.310819922320331621e-01 3.970974739709793866e-01 3.643656077403878424e-01 4.387666658088834604e-01 3.629857093562435244e-01 4.123133919796096447e-01 4.032424391054465485e-01
4.140898406899795603e-01 4.123126310746680345e-01 3.363085745172005869e-01 3.260418096464741122e-01 4.644590918530404067e-01 3.626565808837731719e-01 4.021197934469183388e-01 4.566236372766246943e-01 4.384791016257719720e-01 3.869089389855533412e-01
4.323502636585676573e-01 3.801793950897449093e-01 4.219033368114776250e-01 3.882958929644110269e-01 4.032400392416549129e-01 3.981831511772679910e-01 3.700757482813178401e-01 3.821812840329731897e-01 4.090554492305960577e-01 4.145354395119962287e-01
3.676787540507782115e-01 4.280557382445375758e-01 3.601837796392076130e-01 4.386646074981251364e-01 4.225162376296839328e-01 3.762615667319912927e-01 3.591508167188818268e-01 4.411485745318040608e-01 4.245246447680060542e-01 3.818152801869819646e-01
4.413630962717897122e-01 3.801437420685465085e-01 4.051119837835701065e-01 3.728742106861873684e-01 4.097951616325862245e-01 4.580665446251508399e-01 4.315042358971404868e-01 3.448181817492985690e-01 3.545349015206268883e-01 4.017879417651059604e-01
4.159721218608241067e-01 2.902893282417113863e-01 3.900971769356675334e-01 3.257807827803553824e-01 4.014563258774499488e-01 4.105703810534905851e-01 4.507973158005383896e-01 4.563664356556250690e-01 4.397706632107942770e-01 4.188994685835362164e-01
3.413153241887547651e-01 4.565617990773278012e-01 4.478765211536312463e-01 4.471598171001678335e-01 3.523323017283853664e-01 3.866516353241223891e-01 3.780469600658740714e-01 3.957501666175756716e-01 3.672520628493570749e-01 4.270534118947992841e-01
4.038796543378536108e-01 3.593706566423966464e-01 3.480935127580179200e-01 3.915554987913326679e-01 3.768146262106567557e-01 3.375310652142252676e-01 3.746231767422523173e-01 4.677511447648767806e-01 4.771943296197135309e-01 4.631863349186695622e-01
4.484588707516979911e-01 3.914950129208476515e-01 3.869956116660123735e-01 3.878762590160720336e-01 3.937910976215439618e-01 4.443026576767719615e-01 4.516220265727442507e-01 3.037634880208339716e-01 3.848105860474909656e-01 4.068843897059892800e-01
3.863914224823740140e-01 4.518438565606990309e-01 4.072186900577102753e-01 4.097375054530308369e-01 4.310456803606318443e-01 3.208620330273422305e-01 3.731922570509123016e-01 4.371535954594041318e-01 4.262345998015941717e-01 3.563203597462897276e-01
4.197384502752464219e-01 3.706065880516403177e-01 4.525816766933969393e-01 2.189827780527962842e-01 4.031018765812897642e-01 4.506125182077317937e-01 4.226434013182915894e-01 4.296969342060149577e-01 4.089873911830526065e-01 4.230483854305463476e-01
4.384356732421493819e-01 4.283358703965860492e-01 4.410015989739598519e-01 3.756746309691535446e-01 4.100455465769989871e-01 3.995011483945047903e-01 3.875186087474042362e-01 3.288139931826249418e-01 4.169375416667498446e-01 3.737353878498758664e-01
3.444900288859759629e-01 4.600186716345801008e-01 3.945508136490658568e-01 3.012419811570428707e-01 3.417887803165137184e-01 4.714283251821128617e-01 4.644183050810231084e-01 4.618540836559931195e-01 4.185763330229941293e-01 3.416326774147023793e-01
3.030644277248003560e-01 4.480261047428933940e-01 4.468461920567579071e-01 4.250692457136286406e-01 4.034085268070105590e-01 3.055413690644216418e-01 4.118636893981774683e-01 4.023633054559648814e-01 4.447099279462362054e-01 4.091072110901076142e-01
3.135862277516041074e-01 4.243028083785963522e-01 3.580104918092513189e-01 4.499333001541586663e-01 4.626785637201276669e-01 4.192264980118683981e-01 4.018196487431666686e-01 3.678655289168673015e-01 3.751777259212649707e-01 4.273992065931009887e-01
4.266970644198144758e-01 4.253175279405952969e-01 4.437622467497912560e-01 3.157005518052888315e-01 4.039609831156247832e-01 4.125900294080855346e-01 4.284603014154710343e-01 3.473315075875858526e-01 4.386066991454470876e-01 3.575730884122988451e-01
4.366744114066652416e-01 4.251611514244285073e-01 3.897423390854732883e-01 3.831821937898476360e-01 3.020028836654649051e-01 4.325820953878188324e-01 4.648338717798023989e-01 4.007402318274639330e-01 3.717831128299382004e-01 3.932977088031049395e-01
4.613655259141279941e-01 4.097240685622619560e-01 3.880691859246401809e-01 3.943710128190738295e-01 3.838492428450662741e-01 4.356217011922682292e-01 4.099989791207221401e-01 4.386375930604898832e-01 4.074049310808366409e-01 2.709577594805145373e-01
3.939018105070495324e-01 4.356892590321917447e-01 3.797159078435872193e-01 3.430106692863321149e-01 3.750725324368401337e-01 3.960588445462720486e-01 4.635798731733862255e-01 3.852426742909653701e-01 4.033871098455535931e-01 4.243413190378260702e-01
3.976378890432723523e-01 3.809249402374996762e-01 4.022627229453585862e-01 4.193184850628727811e-01 3.956804337709505237e-01 4.440920006291281252e-01 4.318187526568830759e-01 2.830155336950142542e-01 3.882906651738922132e-01 4.569585767851233604e-01
3.140698121834145651e-01 4.211540202777031006e-01 4.488691676486256665e-01 4.419455085561682095e-01 3.907441244734384256e-01 3.695006083317721179e-01 3.766851764319418816e-01 3.741150403105982791e-01 4.266840875862847327e-01 4.362324542000552974e-01
3.802894137652473305e-01 3.953063564765236793e-01 4.507336003610286634e-01 4.160348841371011019e-01 4.533360212985919069e-01 3.206880137361458605e-01 3.909622117460159751e-01 4.144025120775541859e-01 3.775163796291900464e-01 4.007306067726041365e-01
4.273799284851081959e-01 3.902014447318875590e-01 4.075333916805894408e-01 3.627115537514087329e-01 4.472511131301336595e-01 4.244628791254450584e-01 4.265557842018949941e-01 4.273192307692890157e-01 2.896711584472359546e-01 3.969135156769952322e-01
4.232291882439691011e-01 4.293910315435934821e-01 4.160643979166688267e-01 3.497558419336792013e-01 4.164116621536857465e-01 4.026151959885861942e-01 3.834718822941316496e-01 4.090901252351428208e-01 4.371475247063061342e-01 3.328231499842346786e-01
4.541840211813731876e-01 4.404768524560110921e-01 3.924189761816079258e-01 3.189355662392732160e-01 4.266313683354594488e-01 4.283877249780216889e-01 4.522908533598370973e-01 4.077392941652619451e-01 2.378256180683940291e-01 4.411097250347600363e-01
4.339318577928303888e-01 4.565099998554400518e-01 4.108740234360092058e-01 3.895310187857267681e-01 3.564649361206853051e-01 3.034249333282676431e-01 4.358640481416460322e-01 3.835481809802629427e-01 3.937321280276507851e-01 4.361188735314863729e-01
3.925540668729248783e-01 3.796525571303066560e-01 3.497048828121058772e-01 4.017516218095453784e-01 3.314573968322168662e-01 4.223369955128521425e-01 4.582578839559898753e-01 4.138771868806875864e-01 4.090838545151009864e-01 4.413235536782642576e-01
4.098916188843365616e-01 4.310614779829977095e-01 3.183417948032559730e-01 3.986500293408873352e-01 4.381872300347584570e-01 3.903891033281152723e-01 4.262871662001143092e-01 4.417400741308746825e-01 4.432376105283433176e-01 3.022138947663176589e-01
3.888512665599768159e-01 4.322504927198045355e-01 3.680999604532951830e-01 4.396876425143665390e-01 3.782243285410193945e-01 3.703738636241573068e-01 4.560322637327688389e-01 4.171207994981892542e-01 4.265628774525486167e-01 3.227965049038725720e-01
3.543278705532788564e-01 4.591178585271438184e-01 4.541750640495062497e-01 4.538675873854068898e-01 4.662057644559490788e-01 4.038178972641389142e-01 2.396037575675858955e-01 4.376780296178618412e-01 3.813359925578985177e-01 3.498701780212236656e-01
4.333013438686160734e-01 3.599120841083760514e-01 4.058962885541907428e-01 4.351318119728182499e-01 2.728375656377117764e-01 4.619520435233379629e-01 4.425714967976143721e-01 4.356078991985477544e-01 3.931545476940435657e-01 3.596349186447443946e-01
4.444615374273600539e-01 3.921155157464847330e-01 4.285876551481986318e-01 4.247170931024416562e-01 3.810724640253180251e-01 4.433067213197666723e-01 2.562139052482895196e-01 4.160035317128732979e-01 3.973610139372947825e-01 4.161605623319740710e-01
3.314368298639834287e-01 3.638253046896087750e-01 4.353198276422379220e-01 4.222525908353628177e-01 3.848133772077632631e-01 2.998273252317144033e-01 4.380902664289796911e-01 4.534204233424765640e-01 4.403374112805939489e-01 4.306766434772837382e-01
4.081252453825200410e-01 3.497264109967296863e-01 3.984204794202534372e-01 4.500079298505307301e-01 4.522274275070362615e-01 3.374437156186397835e-01 4.445503963692091220e-01 3.679553752030431113e-01 3.800878058066506360e-01 4.114552138453814734e-01
4.215301827449158822e-01 3.528300355903936092e-01 3.641945722290113596e-01 4.111127528204404635e-01 2.566710093525357839e-01 3.979514155858607238e-01 4.455563358732088641e-01 4.542743742075647240e-01 4.488651091013894368e-01 4.470142124946784867e-01
4.421432827378150021e-01 3.658874095080988376e-01 3.329562579359678365e-01 3.506519851416424194e-01 4.292929633794865252e-01 4.010123314175381704e-01 3.926294533720894320e-01 3.967631215581579607e-01 4.471396823620816807e-01 4.415235125871183608e-01
4.587336747661388547e-01 3.467148331374452219e-01 4.398297538836855591e-01 3.835453510211298545e-01 3.169757162409807538e-01 3.895793668973791535e-01 3.874481931229784015e-01 4.101358581457034691e-01 4.329321320713850341e-01 4.341051207131672030e-01
4.420206416076008504e-01 4.143260838552901282e-01 4.461167095186743814e-01 3.429469341774921132e-01 3.594269437091665020e-01 3.951268730212341707e-01 4.123223502076859281e-01 3.873954376353088147e-01 3.606393263052287690e-01 4.396786999623129577e-01
3.256970839277707475e-01 4.374538980316339254e-01 3.259759665237762505e-01 3.955079123608437608e-01 4.385300274217199812e-01 4.184742000925459338e-01 4.028789475377961837e-01 4.592671923180202675e-01 4.591067880472976537e-01 3.371079837385942413e-01
3.949291632008904429e-01 3.190777300275201567e-01 4.550669440063549454e-01 4.003848554505983204e-01 4.256471261028253461e-01 4.700991453190110358e-01 3.968788538523991827e-01 2.876786990576786218e-01 4.058513763427440413e-01 4.443861066399762416e-01
3.891651327053634590e-01 4.029276453504107014e-01 3.937608477734557133e-01 3.617118486966465207e-01 4.525961402834889347e-01 4.161762622234521647e-01 3.173488867315255035e-01 3.772381237890942152e-01 4.575219399154928368e-01 4.315531725310753908e-01
4.180581611605284076e-01 4.291864333031421563e-01 3.996010667667703187e-01 3.536026532096849806e-01 3.771802728199774579e-01 4.288242050967613350e-01 3.829497642153720793e-01 3.859090854682702965e-01 3.671863277838702255e-01 4.575020301756149155e-01
4.259805375365172120e-01 3.917528259364765897e-01 4.565419545918092958e-01 3.616154550560387593e-01 4.414798336855347838e-01 3.352942237660074820e-01 3.678132324115825913e-01 4.358356672723115999e-01 3.613015487013764293e-01 4.223847210423428145e-01
4.235358566618988574e-01 3.525435748273425540e-01 4.174823443850549931e-01 2.203145767999271087e-01 4.214016981391678907e-01 4.330602983669618045e-01 4.522599642757126892e-01 4.365372773575194598e-01 4.246730980766289520e-01 4.181913111097989022e-01
3.804923671794750994e-01 3.643907293254466939e-01 3.688834078818064022e-01 4.384969785313284629e-01 3.931024824031239540e-01 4.638975075762314937e-01 4.420823614376446220e-01 3.905937232319465213e-01 4.051812775695040614e-01 3.528791648634920786e-01
3.262947431986135127e-01 3.944752807206624579e-01 4.387286390134897407e-01 4.647563728628102964e-01 4.076555226675287469e-01 4.364240839398864091e-01 3.441271517687341519e-01 3.311050524853496602e-01 4.366900397505676934e-01 4.197431135923578860e-01
4.302965689085768708e-01 4.335070483134108588e-01 3.956122459737694275e-01 3.401055023713301373e-01 3.860087731041820791e-01 4.167212242020546520e-01 4.191950944811589919e-01 4.225210491887154141e-01 3.300358842838595486e-01 4.259966091729455173e-01
4.007352741902054927e-01 2.859826720890729645e-01 3.860478224012545700e-01 4.044257637818811091e-01 3.945675260325437472e-01 4.409002000418138500e-01 4.665486927668952011e-01 3.786040345208474545e-01 4.167586487361160108e-01 4.254293654393636603e-01
3.396815828843423035e-01 3.899001130397730108e-01 3.935907612531179822e-01 3.994584018861629393e-01 4.642268943971242789e-01 4.635342682662482172e-01 3.834606309033602445e-01 2.950451098861350263e-01 3.960322188663818466e-01 4.750700186173605344e-01
4.257602276568110966e-01 4.415881587484798976e-01 4.314458110889702325e-01 4.167788642921991249e-01 3.281452581615953989e-01 4.330427424744459075e-01 4.101846733339412632e-01 3.599327068723651157e-01 4.082579913574631014e-01 3.448635660137311931e-01
4.703761506777908163e-01 4.392354634486237419e-01 2.557769355725157956e-01 4.339771441214330672e-01 4.212511781532031763e-01 4.424306115536258965e-01 3.483206171496972536e-01 3.386150231839019087e-01 4.196994434596388324e-01 4.303174326795690119e-01
4.055947530068966245e-01 4.240210815246775455e-01 3.918904940028281048e-01 3.575416159957770512e-01 4.035258286221724555e-01 4.272212761187124119e-01 3.672971336100876449e-01 4.075905359803724259e-01 4.104834278643026413e-01 4.048338532741690421e-01
3.608782096047720156e-01 4.169275589293398587e-01 4.574118305403862550e-01 4.432358976557621011e-01 3.736549731248438033e-01 3.304768511558797139e-01 4.322176893035719059e-01 4.529488289090424225e-01 3.678157310640871036e-01 3.644324297123209822e-01
4.216814233384124644e-01 3.194965641614762597e-01 4.367724420669624186e-01 4.266128791438221768e-01 4.513484656996017419e-01 4.027125711409449416e-01 3.820437500778854911e-01 2.863716908652753634e-01 4.199807499729829585e-01 4.529794635326461205e-01
4.662083216858562418e-01 4.442205106822629257e-01 4.333497227582080447e-01 2.599721768984961656e-01 4.246504444088347596e-01 4.094840284242791117e-01 4.457687645112343722e-01 4.694661058605978932e-01 2.290166047776744374e-01 4.178633199925526065e-01
4.257698275055731285e-01 4.422812276845768942e-01 4.422796062646874304e-01 3.990942792630796654e-01 4.591891633519802896e-01 2.613255802159078489e-01 3.854373410755670415e-01 3.998242353873381338e-01 3.052119335935443711e-01 4.795868056577418104e-01
3.793516894932150718e-01 4.412825521988732458e-01 2.780823401874765732e-01 4.025662360832771292e-01 4.690578284251035734e-01 3.723084274176837738e-01 3.319589712326735942e-01 4.431543307134532261e-01 4.126807858388215067e-01 4.695568384094245262e-01
4.395920603225341727e-01 4.241204014899099262e-01 4.472405908044103651e-01 4.211848999741356625e-01 3.589799186638663042e-01 3.689189207197105524e-01 4.078256218774134467e-01 3.946802446306289514e-01 3.594290524077479176e-01 3.780282891096466980e-01
3.209770143356334704e-01 3.956311473252392408e-01 4.022848036268897864e-01 4.186542930067007617e-01 2.934324451827887703e-01 4.477372527437367689e-01 4.048006393748814213e-01 4.539264766227645853e-01 4.776827517688840841e-01 3.848731760124853296e-01
3.610903850624793687e-01 3.480563955643313223e-01 4.026163463626828420e-01 3.916809690605693173e-01 3.896960854308154643e-01 4.103063852602555905e-01 4.193862355077488946e-01 4.168217871955990916e-01 4.664175777812251678e-01 3.939278327742906094e-01
4.471063668508906686e-01 4.236475656219842456e-01 3.637992919479288156e-01 3.889427997184979890e-01 3.874115754065707296e-01 4.176619481073503004e-01 4.251904162245586094e-01 2.795804582282196415e-01 4.015285776465735146e-01 4.651310002474240424e-01
4.018754058442590704e-01 3.488885200876774562e-01 4.008788787268812159e-01 4.498079371044489960e-01 4.492578081000406232e-01 3.373508735505513778e-01 3.821978858801918788e-01 4.195692018157092251e-01 4.197879204731437830e-01 3.903855684170953744e-01
