-3.867505925466890870e-01 -4.134198760744993151e-01 1.298409160785517269e+00 1.945073089981141035e+00 -1.611506916231365827e-01 5.315367597033873182e-01 -1.013461432255783334e+00 -2.340050886159161792e+00 -2.490286039470039015e+00 1.830233983335537466e-03 -1.796843225163558433e+00 5.876590603069218322e-01
9.141005411947514814e-01 1.132247029019673584e-01 -9.548918460843900391e-01 9.624324918917397387e-01 1.389012839244910591e+00 8.335254274253021123e-01 6.564384685408619635e-01 6.050219990907806933e-01 5.239696891568397241e-01 -7.690029599961442086e-01 7.976646231668369502e-01 9.240076481668479946e-02
-1.170469863997094739e+00 -1.905721680758332370e+00 -2.964540261464524429e-01 2.671535892417306046e-01 2.007552922885311453e-01 6.602905757519009766e-01 5.831482139386267027e-01 1.794741687747274661e-01 2.248577323316754140e-01 -6.881411473010928814e-02 -2.870883149960904213e+00 -2.761004948557559402e-01
-1.245759767013833799e-02 -2.598854008047537523e-01 1.009223352331078516e+00 1.034358277965687078e-01 7.574454761729239038e-01 7.966106703711765824e-02 -1.405658304709404227e+00 5.753425648990930785e-01 -1.264227235705668306e+00 -5.717673946844482602e-01 6.261788588387456889e-01 1.042116975595107409e+00
1.514529984593877776e+00 -1.030213660618212179e+00 1.284859168052953748e+00 1.129120951962876207e+00 4.741436533686033128e-01 -1.623238691579966253e-01 1.314254651218136338e+00 -3.281121852187437460e-01 2.293011986929787138e+00 6.001406557393547114e-01 7.916725731976823610e-01 2.047995223411836208e-01
5.941337802054120765e-01 7.900006879600424137e-02 -1.669384667430657165e+00 -6.264248248459507451e-01 -1.370637194775471690e-01 1.829543269086176593e+00 5.989751764754285279e-01 -1.571926713566326739e-01 -1.374234894691587439e+00 -1.890444562211238244e+00 9.288514928414831617e-01 2.700193397111755322e-01
1.885412381458590747e-01 2.278317758539175397e+00 2.774988554951021702e-01 -2.094640654095804300e-01 6.184519359073028522e-01 5.371874953394591978e-01 -1.361797714557147598e+00 -1.358981522980049705e+00 -1.435895727003136946e-01 8.872203503270164049e-01 5.213290081381635188e-01 -1.317487455708369337e-01
-3.283052359772743040e-02 -2.347403767668733154e-01 -2.439355276572032216e-01 -1.381345121930970921e+00 5.080379958482132974e-01 1.269657177371825429e-01 2.127891637599642061e-01 -2.292648615400446399e+00 1.923986602319811112e+00 4.984035717892260076e-02 -3.322907321695298677e-01 1.257602013670368502e+00
9.651044930753085449e-01 -2.057926579859858496e+00 3.080058701803031762e-01 6.691746499777589952e-02 -2.397419733177902135e+00 5.500644244361864166e-01 -3.870082059002004082e-01 5.718858690234951414e-01 1.699353950617554121e+00 -1.175852391440197903e-01 -7.144694836304052443e-02 1.171034743966330671e+00
1.401506737253799928e+00 -3.360299407320985199e-01 -5.557081194887476538e-01 1.483909410623995617e+00 -1.448038131159264497e+00 5.734588783761785935e-01 1.559030817956276849e+00 6.368561867701199031e-01 -8.935454753636177250e-01 -3.611985453984183359e-01 -6.836350356337518586e-02 8.052451948642783686e-01
2.833780565642275429e-01 2.047139090854279420e-01 -8.366067560120131752e-01 8.492665745890201068e-01 -7.285802416174962381e-01 -9.084386138959034129e-01 6.849510738823777478e-01 9.278697392404896549e-01 -2.930256994093670131e-01 2.018953254057656577e-02 2.451019907063781034e+00 4.416632902228901369e-01
1.129437640011121013e+00 -1.863913071320733028e-01 5.027530023638272505e-01 -1.687402754739331989e+00 1.303366212032200488e+00 -2.861198144119249040e-02 -3.818541531874108386e-01 6.841881959147486647e-01 -1.256137719005042008e+00 -1.478816930179779998e+00 1.155823497579624576e-01 -1.421142044721730668e+00
-7.076321626931091346e-01 -1.073950465199811077e-01 -3.650775445537621233e-01 2.083396078550554531e+00 1.250028188477250612e+00 -1.177431396276238162e+00 -5.017192885796105672e-01 5.297089239448568021e-01 -1.959142906109994753e+00 -4.276336261317800758e-01 1.883320416550422260e+00 -8.286229412513954617e-01
-1.585521331598996664e+00 2.519484301836302009e+00 1.047336534827196353e+00 -2.993093639103597270e-01 1.034711732450598332e+00 -1.593038970123610565e-01 -4.270191736397588311e-01 1.631482660328829604e-01 -1.778100990248243418e+00 2.132602561311525424e-01 -3.881916838389660729e-01 -6.727035990093563900e-01
-1.527107242489734729e+00 -2.812821815182077190e-01 -8.854318087893462419e-01 1.204174960771962760e-01 2.824974934041760699e-01 -6.419863504104680318e-01 2.593870013182656975e-01 -4.815529321097830051e-01 -1.018984165134123820e+00 1.231159200222764927e+00 -1.298276155917859720e+00 -4.495372689061619687e-01
-1.549321940014935617e+00 3.438970195962864351e-01 -8.993728781161316466e-01 2.016537151920545945e+00 -5.578347586076589648e-01 -2.149419050600843428e-01 7.658700298989253863e-01 2.733315958034818749e-01 8.311727773418470244e-01 -3.878928710132589774e-02 3.468188451798457361e-01 7.419160779310702836e-01
-1.169740253205225011e+00 1.033086980508878483e+00 1.123891224984541415e+00 -1.050946919126018786e+00 6.865116757997479224e-01 8.601343246429143941e-01 7.955016013657599805e-01 -7.480610438250117067e-01 -6.035600814816869386e-01 6.015933632166468037e-01 1.083785926774866626e+00 -1.123501165465942364e+00
-1.297629311943116481e-01 -3.812813316673850927e-01 1.176622126132754076e+00 1.888313651415769012e+00 4.131642902962825437e-01 -4.505127997845518317e-01 1.457437792741186344e+00 1.165549423173197985e+00 3.930084835907758367e-01 -7.533620022729184962e-01 2.956383369212993162e-01 2.120970224292934248e+00
-4.317151915636013859e-01 -1.182411744131367515e+00 -4.082173769936289776e-01 8.940707502581569655e-01 1.595747616238163413e-01 3.466402386758003495e-01 -6.175464872669640393e-01 -6.228845019099485958e-01 -1.009637125460085105e+00 5.206836749898641203e-01 2.949327547205630173e-01 -1.090465202381326382e+00
7.814262247281909823e-02 -9.439756538535496455e-01 -1.439926717934576217e-01 -9.451257010516256329e-01 -5.796311285771094113e-01 -5.543101951494561197e-01 -2.355481838474737244e-01 5.374151507837751085e-01 -1.183844180814350687e-02 -6.932568394782598897e-01 -2.125656595512690039e+00 -6.484544918742183306e-01
3.013299627032737238e-01 -7.360101420991779220e-01 -3.647534687026616346e-02 -4.430764862076093102e-01 4.376580337149186817e-01 -1.864993770869505019e+00 8.094691731186199890e-01 1.501450181336206002e+00 1.474475131366786540e+00 -4.271098408873235108e-01 1.297159393775812741e-01 5.091870955530476001e-02
3.273895728238837566e-01 1.429619081343274312e+00 2.737379582646848331e-01 -1.145015896923928939e-01 1.217457209750481217e+00 4.238029243412543695e-02 -3.225428051983360300e-02 -5.717427055023800442e-01 -7.875634343588224784e-01 1.416362277850636175e+00 -1.335368198593353872e+00 -1.028577468642477344e+00
-4.685289160675142339e-01 -1.460812067938626502e+00 -1.029206241590729931e+00 3.311233190986814789e-01 2.115480847648293583e+00 -1.443390894959538873e+00 4.477426004747353527e-01 -6.055575589697907990e-01 3.568846942704379521e-01 3.398879387681582043e-01 -1.674332173149536196e+00 1.274217435775464313e+00
3.063701747805017139e-01 -4.528511353085011848e-01 -3.277769579950109285e-02 -3.293370109552665737e-01 -2.652972563824572694e-01 -1.602578861772932628e+00 4.437198785551483837e-01 1.205609832958503658e+00 -3.343748371494489197e-02 -1.814700834527477546e+00 -1.182648419780007787e+00 -1.386655788866473782e-01
-2.146128422194669483e+00 3.977939465307703260e-01 -4.868667134992843426e-01 -1.548357084218269508e-01 2.259936151474187943e-02 7.785156129677244241e-01 6.558373625134080731e-01 -6.150241634566283588e-01 4.971936876605850264e-01 -7.528223493760693996e-02 -4.690381286153014195e-01 8.285727534135227390e-02
6.738974933027146452e-01 -1.181783795902224377e+00 1.146135320220953435e+00 -2.095404748450645727e+00 1.436829841592275336e+00 1.661650217224907244e+00 -5.905571505140598532e-02 7.702835857772211137e-01 -4.477077704325716639e-02 -4.398774146899949722e-01 1.003543419082870480e+00 -1.439077430823731518e+00
9.799582208626634872e-01 -2.148583610221229123e-01 -4.522201521060089102e-01 -1.597528121675684476e+00 2.472395825298696337e-01 6.424108711811360450e-01 -7.958316902707467388e-01 -5.179153687348916346e-01 -4.011631534267869892e-01 2.621306288901599779e-01 -2.348166046064839307e-01 -4.893484549616548829e-02
-3.174241826177031656e-01 -1.524459005450619908e-01 -6.946032374893569283e-01 -1.134637164169115087e+00 -1.303586289460793246e+00 6.178590182566127131e-01 3.515793941333954731e+00 -1.003363973225245731e+00 -1.453797787610685566e+00 -9.122613834039063896e-01 -1.054769950324766281e+00 3.832430479677293444e-01
8.702386169649962699e-01 1.192562372198821441e+00 -9.156159289060054052e-01 1.241008714005838454e-01 -8.128724942568322787e-01 9.363951079459769122e-01 1.223026422119413592e+00 1.017487021777707001e+00 3.751557307662002350e-01 -8.034692523887443372e-01 1.640019615909024953e-01 -1.582411586417930227e+00
2.407580448930895511e-01 -9.711028861518467004e-01 -1.011078292099490517e+00 -4.890622490826166957e-01 -7.389304520733909198e-01 -5.075085503189014080e-01 2.708745268598920397e+00 -8.293599497581155555e-01 -6.319888047224696270e-02 9.716115006997222414e-01 7.884435244253743535e-01 1.590268327343007160e+00
6.642542139921757682e-01 -1.370396142285109642e+00 -8.179806689208557469e-01 2.815421869491151474e-01 -6.862622692377833011e-02 -5.159582282291057531e-01 -1.024845345680817532e+00 -1.389950750975009475e-01 -7.595062768416281640e-02 -3.484677826853762456e-02 -3.179756465999858950e-01 -1.190802581649007263e-01
1.095466231632566956e+00 -1.088700794716872533e+00 -3.743040564556066596e-01 -1.243595288992881409e-01 -1.191196837222273097e-01 -5.522474150608012167e-01 -9.662097541285658009e-01 8.351070673861473725e-01 1.601071080715952721e+00 3.015260165924329439e-01 -8.242202558164546389e-01 1.845387044950708155e+00
1.283621400605894580e+00 -1.180651791668646755e+00 -4.545903774767531824e-01 -2.052188300553005676e-02 9.346930602375552732e-01 -1.897515142707954405e+00 1.856221488227829675e-01 2.138268473960912797e+00 4.262117525514620975e-01 -9.392092273799985680e-01 -1.495142254076826938e-01 3.731385234151321506e-01
-5.988967018446265111e-01 3.439720771731958893e-01 -2.374460931500896599e-01 -5.896914131939345882e-01 1.859057383469222557e+00 -4.425698236708150990e-01 -8.921732214736906030e-01 -5.185445511262953833e-01 1.074634633233680026e+00 1.911423667945309490e-01 -3.475287165088651875e-01 9.980974194124169196e-01
4.098273371352561534e-01 8.470002473644115681e-02 -1.263986046327896462e+00 -1.214019108604670605e-01 2.705589014968695416e+00 5.888070095471860110e-01 8.560431111247169822e-01 -2.052325676631362228e+00 -2.084898849057584824e-01 -1.182964623806319837e+00 7.956666066921395941e-02 -4.231882022952234701e-01
-2.143597617214801687e+00 4.790840443519154279e-01 -8.111479186697443389e-01 -1.595049328251695875e-01 -1.774992443612832149e+00 8.701478101797638365e-02 -3.813976119869669223e-01 2.150853413209070364e-01 2.469826829966936532e-01 -3.763690134950116450e-02 1.097343659722836096e+00 -1.486268283340793361e-01
-6.365442820938647106e-01 -1.226304198485233643e+00 -1.332546536806245685e+00 -5.708230310644146765e-02 3.328768225709305417e-02 -2.323660700347218444e-01 1.372554920425135938e+00 1.492505957540574968e-01 2.792340739155209639e-01 9.882518376129162396e-01 4.987399215076225301e-01 -1.543536792763834375e+00
8.981215341105633354e-02 -2.160233933938254136e+00 1.614422671191191316e-01 1.742985317121973132e+00 -9.736318851323115531e-02 3.774713955803329357e-01 -1.062459169825786365e+00 -1.641765459246488090e-01 8.254810744440068196e-03 5.973707749848814474e-01 -2.624225709688848829e-01 -1.511471209118897097e+00
-1.275239053251124854e+00 -1.384123521145478986e+00 5.347932304208807830e-01 1.851160986148311580e-02 -2.051365167827374769e+00 7.842206308177350760e-01 9.397367824246645185e-01 -5.283738929157475450e-01 -6.357986010677696420e-01 -2.049222297570070794e-01 -6.374302477153100943e-01 8.811123834906734453e-01
-5.382821938863158184e-01 -8.720680429032665049e-02 -4.476471953941653092e-01 2.485703429449486634e+00 9.837339398249548283e-01 -9.007993339902347074e-01 6.801264379361542378e-01 -1.718457388756282844e+00 -4.100723200609327490e-01 -4.808801197521552773e-01 2.257786920093075578e-01 -8.065545993695846239e-01
1.706258417542906747e+00 1.706951865977610894e-01 4.554527829448146159e-01 2.528830517570924696e-01 -5.362577758172935027e-01 6.391870125775206413e-02 -7.854344887133823949e-01 -1.408207019518961767e+00 -2.246582562508298242e+00 -5.475585959735823627e-01 -8.521104238121975094e-02 1.364874160145611137e+00
1.930089944641208421e-01 -1.208578943182459842e+00 -7.716958044908391878e-01 -3.687836613658421886e-02 -8.976461089629385048e-01 -4.282539914494739031e-01 -1.417117855533840398e+00 -3.495345784747746487e-01 5.019602815094131865e-01 2.427592415840632012e-01 -6.807782807124471147e-02 1.001498595852774232e+00
2.243748890395564466e+00 -5.742489655554415817e-01 -8.440751117529575742e-01 -1.947792735492316574e+00 1.953943223079150915e-01 -1.129699081822163720e+00 1.678943143566627993e+00 -3.817851481495310728e-01 -9.480437245910037225e-01 2.692269967372722839e+00 -4.510771322355371371e-01 5.983236401777217855e-02
2.944697255397852875e-01 -8.739520710565895634e-01 -1.697570832439516231e+00 -1.054751704550749986e-01 -8.183325091117302774e-01 1.461297353650784281e+00 1.297711523637142372e+00 2.194008692491159485e-01 1.453261166020018424e-01 9.302371465275047768e-01 -4.890632793586028315e-01 1.448342923482074163e+00
2.690455356882454074e-01 -7.479654710867633671e-01 2.428324413685508665e-01 -1.077953017700601368e+00 -2.658525398762109360e-01 -7.073353195233500479e-01 4.890282577379096440e-01 5.600595184852166231e-01 4.282625149559625699e-01 -1.141438254908927474e+00 7.431352680907080677e-01 3.811531108624228725e-01
-7.685883025396433865e-02 -1.795620786962772164e-01 -2.256187510171897212e-02 1.234021076686140139e+00 -5.389863449296972142e-01 -3.109201974221790232e-01 1.753051632693862549e+00 -3.909631165262334451e-01 -1.330346391788468585e+00 1.397227727981265044e-01 -4.700811397735205066e-01 6.138870819756679920e-01
2.063935733872679368e-01 -6.758212959762136540e-01 1.008446214007907127e+00 -7.691140449400489798e-01 5.761263436863182097e-01 -1.801260609874468566e+00 -1.172033838167323205e+00 4.624906230508158550e-02 -4.476977660237248247e-02 4.503535112117782457e-01 -1.114241224318680112e+00 -1.304501250189928074e-02
-2.224686927527105285e-01 1.395303767904742642e+00 5.823363624350474943e-01 1.348300278543669073e+00 -1.426760865533077127e-01 -2.617650255310653984e-01 -6.129678214720200025e-01 -1.251943021400289568e+00 -8.211119522540065718e-01 -5.075898515944081701e-01 1.089035533838002445e+00 -3.472697823169406117e-01
1.556675957730035975e+00 -5.740260964632044605e-01 1.692985669580097385e-01 -4.102238051732789437e-01 7.298269982507406273e-02 1.529787871502454211e+00 3.453161817989610638e-01 2.109846718333045212e-01 2.111901174198432540e-01 1.585851966255530932e-01 2.601335678222215786e-01 1.294311224620697587e+00
-3.114074431834342183e-01 -6.643076754082026802e-01 -8.538709097337350284e-01 -1.723557649428004990e-02 4.130473751837324126e-02 -1.004031379190616136e+00 1.608910681720378655e+00 -1.877608101363533066e+00 1.862383045859379305e-01 4.694912604645816168e-01 -7.045227269458776975e-01 -1.143227399516260290e+00
7.008324974576038979e-01 -9.532868157911439377e-01 -4.644896332904182024e-01 1.922101706443046121e+00 1.425552085990276607e+00 9.102184339167226357e-01 8.387568359510390037e-01 -1.637381776260669275e+00 7.242634928854975174e-01 -5.108601190059773867e-01 3.246495406884215562e-01 8.458187871506226418e-01
-1.428740862876367368e+00 -5.989023041611936105e-01 -5.831506005203303256e-02 2.274755965550083470e-01 2.651441819047465343e-01 -2.679708450061942249e-01 -1.147639384590622980e+00 -5.460338653809752030e-01 2.478197801567279812e-01 -5.741661740554744320e-01 -1.644202987442093145e+00 -5.051403173119334289e-01
-1.676145877088284220e-01 1.303272969137162951e+00 -1.228349205248077669e-01 -4.155684839056349444e-01 1.022773202523908243e+00 6.248096471759158055e-01 -5.023093374812489520e-01 -9.856992166423872437e-01 -2.099659794745891261e+00 7.499495764167001255e-01 5.778506996907355475e-01 2.287076321070007912e-01
-4.402024100767159553e-01 4.978808267776494989e-01 9.312723719585568050e-02 -1.885433409323132303e-01 -3.292499845402549474e-02 1.019642728211255456e+00 -7.939878518797569562e-01 9.410945732299097477e-01 -1.217444546063227162e-01 -5.597645609622224905e-01 8.036130140239526876e-01 6.411857645265336414e-01
1.646973265299126465e-01 -1.250559593626471733e+00 -7.668773161158520812e-02 -1.289241114229263685e-01 5.188713828671284167e-01 -8.219332792905235108e-01 -5.921084417354204321e-01 -8.164730629923987459e-01 9.559809044843217141e-01 -1.640597341214411031e+00 8.258422471626718497e-01 5.116335043998248011e-01
-4.826321033491992596e-01 2.377445101507222325e-01 -4.306049367251486570e-01 -1.216506179829318413e+00 1.264120891610359676e+00 -6.855420123744443428e-01 -2.835394474221547001e-01 -1.374511648939611863e+00 5.592418745336907859e-01 -1.069342424206070952e+00 9.081462606557560990e-01 2.997183557133412668e-01
2.223392463335432945e-01 4.990400751669913926e-01 1.289722482174491036e+00 -2.904729714969499499e-01 -5.072752917545079177e-01 -6.826056358569829174e-02 1.502587393965402640e+00 4.480680335672472536e-02 -1.673145859853075290e+00 -1.073604071659756798e+00 1.615438922972056435e-01 -6.774984207845661244e-01
6.877566096614946556e-01 2.930111199203830341e-01 -5.596317191172105882e-02 7.113917370491780190e-01 -4.809540428785141764e-02 -3.746865360288303415e-01 -1.167619360451540578e+00 -2.864213196375234305e-02 -2.616464488647308184e-01 -7.458496586930165595e-01 -5.888327759803975436e-02 1.484864663349221958e+00
1.978924048844616257e+00 -2.883622816383173415e-01 -1.033823342873966267e+00 -4.633603500438988020e-03 -6.314365995429921385e-01 -2.490002615092623550e-01 -7.290177229782297541e-01 -2.679177249788903814e-01 -1.428084329798163354e+00 -1.544711019316766354e+00 -1.351196852168239371e+00 -3.770989622976312905e-01
-1.034878069473989415e+00 -1.919625136062082238e-01 -9.628768179687301476e-01 -1.535412470073076019e+00 1.501094224776397201e+00 4.064891146409917999e-01 -1.087984082848136858e+00 -3.925474579345754611e-01 -3.575910596449504153e-01 1.840690540207082782e-01 1.206378614101009800e-01 -8.274037862979061186e-02
-1.875683926855795880e+00 -1.375705144428864157e+00 4.637775164483974866e-01 1.007093152573702577e+00 1.109746763515866153e-01 1.294586062856152853e-01 -6.027453577185968303e-01 -8.615557620286414808e-01 2.537311080320582501e+00 -2.686412765867990937e-01 -1.219646301078893824e+00 -1.695376768781478027e+00
1.524912597300241701e-01 -9.854124925339928787e-01 1.541221392469235507e+00 8.666421050979018492e-01 -3.163094314269943474e+00 7.100676780237894503e-01 1.390513849900693488e+00 -8.436876012600329489e-01 -6.100942816930216006e-01 3.623363305069757234e-01 -9.536589776812578467e-01 -8.591227877010146896e-01
-2.120140886265978519e+00 -1.050791432420232763e+00 2.207794981331342443e-01 3.152747244361946422e-01 1.284115039882847809e+00 -1.006895884245893713e+00 4.556588211852669601e-01 1.052771996230001728e+00 9.893255031309576841e-01 2.877290486211065978e-01 9.015832600845880007e-01 1.802200554805762911e-01
-1.959685036544865644e-01 -1.173663334927510515e+00 -2.446034393359524661e-01 -7.802605453136715608e-02 -2.836382906031876816e-01 1.801528512180813196e-02 -2.347143594938665423e-01 5.559463779603642797e-01 -9.479886175425307482e-02 -2.254056598849711879e-01 8.284957146436400244e-01 1.142558544895642569e+00
1.039583841570225209e-01 4.074118924110318729e-01 -6.012182016787717131e-01 9.908897190585287396e-01 -4.689488594920837583e-01 2.443431966037135528e+00 2.094570280914552551e+00 -9.673818384120574931e-01 -1.115640255968534778e+00 -9.510382002161351656e-01 1.077896661684606183e+00 1.152201272093643925e-01
-2.124397865591874712e+00 -1.691343721848695969e+00 1.662889843537107004e-01 -9.060708489475187422e-02 6.278326983885523793e-01 1.691164810890118275e+00 -2.140256358708611639e+00 -5.659000064822659049e-01 4.777844212039194377e-02 3.010377236049980532e+00 7.092781528249261225e-01 -1.973710650005054967e-01
-8.843569047935975203e-01 -2.087895049724019625e+00 -3.556068363533767540e-01 -2.209432704424835858e+00 -7.715745305890299444e-02 -3.407016518826619933e-01 -4.306157243977760257e-02 -1.086873703629419596e+00 -1.010085629159335641e+00 4.264919038953107755e-01 2.493686391629978405e-01 -2.696841825495382428e-01
1.674926083754857631e+00 -8.052616505602191443e-01 5.333920505671572165e-01 3.726106527791600009e-01 -4.845171595868803527e-01 2.827341747703812080e-01 -1.111147841751631615e+00 -2.454779459777106876e+00 -1.637949413262173304e-01 -6.866515995705956277e-01 -5.081121563993319379e-01 2.011690880325630870e-01
-6.015107678369884248e-01 -8.322148623033343018e-01 1.368163192719891841e+00 9.470512691783418147e-01 -2.663426865071412131e-01 -1.146957325079626111e+00 -1.555434406523471536e+00 -5.842447229595585378e-01 2.369437839322689476e-01 -1.135924803849856168e+00 4.010490122344839703e-01 -2.372100731492754910e+00
4.274624902893716660e-01 3.229774099040835789e-01 6.603384846884450265e-01 -1.022946920674539184e+00 -9.985132362726786281e-01 -2.099586123268883053e+00 1.945775807274726377e-01 -9.845526576571288491e-01 -2.622175751603038063e-01 1.141751624474060200e+00 -1.173649229297599739e+00 -1.159455274378406342e+00
-1.292691956859595592e+00 -8.765169718413317046e-01 -6.293943842931386534e-01 1.999166844982804558e-01 -3.707157300054804705e-01 1.601232327461351357e+00 -1.122579316441852271e+00 -2.084685468820977494e+00 6.513324288943059259e-02 9.933479535409857064e-01 -6.205010618558468027e-02 4.949567980605747985e-01
-1.217250489470275143e+00 -6.158719060011295238e-02 -2.244144662649188715e-01 1.165922889566050197e-01 2.490715995074501421e-01 5.546482249158442013e-01 1.182341109728003881e+00 1.112945744239696833e+00 6.588798783574083551e-01 4.426361057759832691e-03 -1.057509271292766506e+00 4.654709820547002219e-01
-6.109315386532880865e-01 6.665139954065136818e-01 -1.599557170043794732e-02 -1.409768605114885665e+00 6.908138801682076613e-01 1.083035020684517125e-01 2.170603129544710352e+00 1.468733681386238610e+00 7.849765655063518643e-01 -9.314054479833331346e-01 -4.411690292104430422e-01 2.017959704629223694e+00
-1.547995250261130717e+00 5.723411584394491047e-01 1.164017907439585109e+00 1.198992545828814427e+00 -1.050711433607633749e+00 -4.815476445673889661e-01 -5.929009847295658719e-01 1.950956883555513333e+00 -3.411241765102382417e-01 -6.545899187147627973e-01 3.211408095105234423e-02 -1.053091346144505724e+00
-9.666661107720840862e-01 -3.456550260327315161e-01 -8.202586859190358348e-02 -1.864364960142089522e+00 5.445618089313012389e-01 -1.935395356294801195e+00 2.427793057822618394e-01 6.364321826357439704e-01 1.496702971745087263e+00 -1.014970583574166946e-01 6.310382409587913521e-01 -2.062011639109224248e+00
8.418008865881972946e-01 -2.451945469066666661e+00 7.314272347683529185e-01 1.809760829859796027e+00 -6.193637605371661303e-01 2.500172010691594782e-01 -1.712662566396442043e-01 4.982539556627770261e-01 9.812332773538577912e-01 -2.670045973837216202e-01 -3.937292861774330244e-02 -1.732500754784489949e+00
-3.033559397920462808e-01 1.368698805674900987e+00 -7.431040478153961848e-01 7.639097343964100784e-01 -1.020412535938516330e+00 -9.068055824905157936e-02 4.870303583542278103e-01 -1.573980667455810556e+00 -3.037970706859556835e-01 1.990870071808564346e+00 1.229950315535751848e+00 7.416915517049342821e-01
-3.738936774273951547e-01 7.170534641335654102e-01 -1.537854750600839759e+00 3.654086347309665195e-01 -4.582110451132969109e-01 -7.624225408614860866e-01 -1.479405585536544276e-01 -7.866735745679831471e-01 1.269690534110802904e+00 -3.324866129347935906e-01 1.226650530104252734e+00 8.212443007101739856e-02
4.344062139792334021e-01 1.815421065995944438e+00 2.558653845999972476e-01 1.362027988819474178e+00 1.119507523584795106e+00 -1.206952100776170766e+00 -4.862173038409510206e-01 9.184674982295201739e-02 3.758205549531712375e-01 -6.157173880789326703e-02 2.262169949347717868e+00 1.143884023562847796e+00
7.680930912243684183e-01 1.071335704847289128e+00 -3.057329261277031418e-01 8.460131138876276768e-01 -5.408457847599759455e-04 1.016760348545032722e+00 -1.636304510397681433e+00 2.076714255872617321e-01 -6.902625504961829028e-01 5.348434300567943556e-01 -7.445961525015493132e-01 2.701878864790219215e-01
-8.179756639906329285e-01 -3.066843086999671564e-01 1.287295805186396080e+00 8.112753396997567090e-02 -2.319564497674023451e-01 7.236019110558858380e-02 1.231277864528000476e+00 1.685446868389913089e+00 -2.725143471873479606e-01 -1.365554106842550297e-01 7.878855418700212443e-01 1.984968986083585740e+00
9.692951384809267434e-01 3.954359625104337250e-01 5.258586007991138400e-01 -2.349950679686869659e+00 1.511999558663711385e+00 -8.985715133472207405e-01 -4.862011360542108362e-01 1.413665609334686657e+00 -1.589568701534176176e+00 -1.479234735673815138e+00 3.520159903283394676e-01 5.899968374392855486e-01
9.328712101222478292e-01 3.906292787814034106e-01 1.218893359358423689e+00 1.144827548231926340e+00 1.122645261160897467e+00 1.903924531637445128e+00 -4.421090128678473175e-01 -6.335285230202211126e-01 -3.791788489416922370e-01 -3.045172397614948623e-01 -1.539359280587678347e+00 -1.877375156703767978e+00
-2.073219778600382313e+00 1.284678361387264989e+00 5.354709709588810762e-01 5.995672747425784266e-01 -1.203135465262633375e+00 5.799828819255912205e-01 -6.882066129618416017e-01 5.994366152268090775e-02 -3.518949508212964039e-01 1.605166450035444281e-01 1.069061834812249645e-01 -4.326968160792764029e-01
1.728821933452425075e+00 3.176794693332060104e-01 9.567711990525158416e-01 5.754964191347378133e-01 -7.715439323996514664e-01 -1.474336047028945051e+00 -1.357422213909294406e+00 -6.560538992073772224e-01 -8.253987957801964814e-01 -1.441799121113303439e+00 9.937420636510172489e-01 -9.998537979875016246e-01
3.127319947087060098e-02 -1.998502541476140149e+00 -5.339809383189805456e-03 -4.461152516920524613e-01 -3.378940189505849623e-01 4.901917086687609948e-01 -6.674998451067251648e-02 2.633896309845885075e-01 -1.333026407060199370e+00 -1.054330528172450876e+00 2.623303861925732061e-01 5.684099864248987055e-01
1.252569996766741856e+00 -1.044331881870492973e+00 -4.567459020660666891e-01 3.958598999598088586e-01 8.291034022824872451e-02 9.735958565907790740e-01 4.335877670475498102e-01 1.617254859100085929e+00 1.830703124688829675e+00 -7.591689464800520371e-02 -5.634720027295456179e-02 -1.716875313892486654e-01
6.763373696812036151e-02 7.082998014678870691e-01 3.060218590930481319e-01 -1.738385005640201708e+00 -1.025420372739610952e+00 1.808635358747686522e-02 -1.954417752180966916e+00 -5.597304741406816664e-01 -1.244686088204880026e+00 1.756087169286330685e+00 -2.770322291361472233e-01 2.945758230992370219e-01
-1.302767875941965192e+00 -3.434626044418117446e-02 -8.962695326509226845e-01 6.846150820514765312e-02 -3.174227094807878791e-01 -7.656049757717646731e-01 -5.095298932994480889e-01 -3.359620842084053427e-01 3.974469662255266100e-01 -8.810292543955855482e-01 1.472954679288597468e+00 -5.762408382211010351e-03
6.820598606131548225e-01 2.350338828701473703e-01 1.726770127727168258e-01 -6.634738593539120377e-02 -9.864487058894729765e-01 7.913259287160636646e-01 4.354609713778435226e-02 2.119295784154973106e-02 -1.552926169309895466e+00 7.016742236694165635e-01 2.844850733365242856e-01 -9.032162280965295997e-02
-2.169835027036829539e-02 -1.510628203646587453e+00 3.644582924720695116e-01 -8.609805072749511234e-01 -1.884044448441537234e-01 1.062795020997892470e+00 9.680149287507054945e-01 1.301656170134902091e+00 -2.116486459352894922e+00 -7.206940883648861318e-01 9.266036993992062820e-01 3.085254316846063327e-01
-1.851828280471344623e+00 -8.515750394546982294e-02 7.160540043219366935e-02 4.551239687260500988e-01 4.943783556032675941e-01 6.255896880806028904e-01 9.440329524044535625e-02 -1.548723440541839080e+00 -1.768125791415812387e+00 -1.337428576204800601e+00 7.639766130265037702e-01 -1.204360620970988727e+00
-8.853531056196145554e-01 1.395024526104848839e-01 1.462366421705223019e+00 -4.670086984461569446e-01 2.824314188215565902e-01 -8.083180499850164402e-01 8.321173246430686454e-01 1.817126899804563378e-01 1.574426415358416431e+00 -1.632445224368110681e+00 -1.367858615323774840e+00 -1.632102065213508091e+00
-8.810081648512574359e-01 -6.510938397817108703e-01 1.636975782879447783e+00 -2.577979391427914768e-01 -1.753932114418522925e+00 2.608032389395409378e-01 2.171068588106505270e+00 9.753646638763157073e-01 -5.706323530452194204e-01 -1.377446482178268150e+00 7.114891602490924782e-01 -1.183051394463700695e-01
1.454944604094880745e-02 -2.628563077625097888e-01 3.727752351668552067e-02 -1.447419991438623210e+00 1.660623905966103209e+00 2.734036108370961338e-01 3.250960216577152839e-01 -2.034506707076762511e-01 -1.551186717863027420e+00 5.569692340208808323e-01 2.861211509585126489e-01 5.744440674995728718e-02
-1.251011777239032230e-01 9.121610256903861513e-01 1.103702660661944224e+00 5.320629117303642408e-01 1.956556686342504348e+00 1.900200166506849364e-01 -1.826938816168075741e+00 -9.405841365239467899e-01 5.747768329036943014e-01 1.356992630434114000e+00 1.487939033509283027e+00 3.006542967967579805e-01
1.146245582606510327e+00 6.741527025505685833e-01 1.125209071725615573e+00 7.906392773153576581e-01 -1.223613812949344570e+00 1.397398819531795233e+00 -8.385985591097064318e-02 -8.775872116622979169e-01 -4.475384366710697392e-01 1.514908797446860300e-01 -2.138989788486349575e+00 -1.284522618884378575e+00
4.687404513023062935e-01 -8.034476060145961940e-01 4.740554558081788022e-02 9.102345719491639064e-01 -1.443635297490079017e+00 9.209751050528296179e-02 -5.529712973869926884e-01 1.054009616123097459e-01 3.723245899176847590e-02 -2.280047759930760864e-01 -1.325850135033628030e+00 -1.261500899081327454e+00
4.278548564716294633e-01 -1.603923411839071334e-01 -2.865506595461830841e+00 -4.390306077458228096e-01 5.963930957225429541e-01 1.098269281352791005e+00 7.687562899011928241e-01 5.601546526398237802e-01 -1.184272675689349352e+00 -7.543884671636981176e-01 -1.119157439494446571e+00 4.870846318856993928e-01
-6.008845353207381557e-01 6.283751555917912457e-01 9.786317963875912351e-01 -2.437452154048946884e+00 2.224068317571376574e-01 -9.734071757983607520e-02 9.049840430767573940e-01 -9.162108114653754187e-01 -6.918897455151193365e-02 5.092530040050837759e-01 8.532233455038881198e-01 -4.378684879537069613e-02
