1.284440239581909624e-03 1.336374292586999912e-04 1.549462897212723358e-06 2.601469263154942325e-07 1.388648649024936974e-05 3.062863987644225388e-04 2.105766652722107501e-02 2.135284637411131725e-01 1.821560122542736082e-01 2.190003371969381427e-02 1.728251902620508706e-01 6.251310677454834791e-03
3.764030289513049625e-03 4.559640901307245725e-02 2.270594177451978057e-01 7.355538844430610512e-03 2.150739087523644347e-04 8.697162354449265546e-05 3.261901877416272769e-04 2.665542306675375544e-03 2.293131438371208766e-02 1.661385031739534002e-01 1.661640893221911705e-02 6.514588485787161341e-03
5.753683824555286264e-02 2.478111090966547414e-01 1.193681816264680756e-02 2.469051480487488332e-04 5.761438385158513135e-06 1.428814132984017234e-07 8.128794601910581647e-08 2.001358695263474045e-06 1.165321396754904272e-04 9.062562858317415107e-03 5.298430948568655374e-01 1.509834771368736422e-02
9.702858107066482819e-04 1.070652683338716620e-03 2.693815514882031011e-04 7.793454947066046469e-04 1.897516512853875169e-03 2.513272689661316672e-02 2.024204071679311934e-01 1.611135030033675891e-02 1.662782916181623494e-01 6.715149547892911019e-02 3.401580014495696712e-03 4.919117544792888730e-04
1.181473960329596819e-02 2.378035180835017803e-01 7.945271978395028467e-03 2.072212481695502422e-03 1.440245566327016773e-02 6.139444766233270734e-02 1.629231827182739401e-02 2.873957116010326940e-02 6.827030275720665908e-04 9.041311070361919425e-04 1.478485153842462292e-03 6.499847611170228578e-03
1.869434294335834356e-04 9.038317599364582844e-03 2.380818254059360040e-01 4.746131931687291861e-02 2.086019229861053523e-03 1.298887123084346047e-05 4.174581147128694932e-05 3.233097217682847323e-03 1.051633026879628119e-01 1.859672287101159505e-01 1.425468256148892075e-03 6.091713929447958279e-05
4.865495364612902433e-03 5.999938183206990176e-04 4.132644849441347544e-03 1.009649161533503203e-02 3.409712563781298628e-03 6.388906550375926877e-03 1.343302538018152914e-01 1.570739156436595785e-01 1.475625650916824461e-02 1.799669789656354463e-03 3.259997970949245205e-03 1.013432998553694814e-02
6.468175144612776668e-04 7.838113857126585704e-03 4.341823086440516760e-02 1.624260728126924180e-01 5.815313599855015392e-03 1.650937573959405285e-03 1.616558053256608382e-02 4.989886326438773834e-01 2.147725372781329745e-03 1.769698363752957547e-04 5.803756376130924234e-05 2.430184643167123334e-05
5.924705827380060894e-03 4.911546605029398771e-01 1.563966801751661903e-02 1.336276246017535987e-02 4.862479038689905830e-01 8.861900186512668837e-03 6.327569126516188270e-04 1.155802359460669832e-05 3.804050238125374260e-07 1.750237703919529928e-06 1.162848596283212711e-05 8.840621435220695750e-05
1.794225318639355339e-04 3.836692745067652160e-03 1.436501442956168717e-02 7.573836635331844015e-03 1.240624399280512574e-01 4.376323553081517756e-03 2.101463582645149279e-04 3.966000611472257284e-03 1.183823673801914778e-01 7.676837967813124330e-02 1.170856212966874844e-02 4.761381623708750197e-04
5.340699016736696197e-03 2.506883060028293822e-02 8.932449376455547929e-02 1.068407688328309145e-02 8.678327423551687736e-02 1.277136511065501967e-01 7.299799884208129502e-03 1.913696356474442516e-03 4.673135315339397092e-03 1.525446415993354961e-03 9.146599927525125601e-05 8.038490698983446342e-04
9.258107142628235840e-04 2.219128416520256553e-03 6.843270158192370049e-03 9.231413831312053342e-02 1.985384725682075822e-03 8.126471370161243582e-04 8.768264341589292231e-04 2.193141144625222402e-03 8.049884216510380663e-02 1.285806671755312380e-01 1.412322263658306008e-02 2.705767241617526575e-02
3.083986464510966169e-02 7.479745337348228662e-03 1.558912502759817256e-03 4.970732995948962574e-05 2.625162551087192159e-04 1.663971942552361014e-02 1.363409862654909460e-02 9.984089717417241744e-03 2.795953069668467017e-01 2.282462393177797297e-02 7.470464412298776294e-04 2.007304725411597837e-02
1.802467934022397855e-01 4.663522433611061793e-04 1.538943842960612148e-05 1.398856711495572350e-05 1.562243948658169649e-05 4.501617395103506628e-04 4.858534827380540239e-03 2.090563926050421212e-02 2.431689671160061905e-01 1.204894588295172229e-02 1.356991850158585991e-02 8.137490693670151876e-02
1.087948026732919043e-01 2.305974867342555634e-02 1.498044230828969765e-02 2.071679250089207905e-03 1.220427707403709235e-03 4.661620492187237147e-03 4.511537762713070145e-03 1.835825202229317971e-02 3.086324745100327976e-02 3.262488787427271844e-03 3.644896609236171481e-02 3.287101506020265879e-02
2.305284644024995222e-01 2.590050728106426531e-02 2.982624695448676810e-02 2.606468967082079154e-03 5.288268576111951336e-02 4.205318127737235623e-02 5.144328940284499663e-03 1.857163787071210289e-03 5.605430914969052568e-04 1.201120709334545494e-03 1.777387595695994115e-03 8.733636073730247085e-03
1.407269735308837311e-01 2.386391412775691525e-03 6.898465328736417320e-04 5.252628210770905574e-03 7.158133936731313511e-04 5.032169085843456874e-04 2.076255854466449360e-03 3.341464302441582435e-02 2.600148053597015063e-02 1.913400778461649522e-03 2.262116519211263173e-03 1.309252273265094357e-01
2.345071873909030519e-02 3.861910202836862926e-02 2.353242006115847159e-03 5.315423367926264218e-04 3.689168258574512110e-03 1.259063058878248133e-02 1.095370594370420093e-03 1.334892168872797973e-03 2.326212512206622673e-02 1.905893594915459288e-01 2.329784856472665727e-02 1.254846743643913375e-03
4.495566699134798117e-02 7.708957995086392068e-02 8.488184025495840862e-03 2.242426756306527551e-04 1.829820197285599221e-04 1.330551080419614240e-03 2.553168982083015709e-02 7.317091572480594053e-02 6.669476169560582812e-02 2.833578858324655933e-03 2.085142038611854064e-03 3.196669095396334481e-02
2.458225554004401028e-03 1.030642091075514508e-02 1.437008305292433383e-02 4.968958369188061774e-02 2.811837345407608782e-02 8.401911722330981241e-03 9.736136259967277792e-04 1.199603935818277972e-04 7.991001240434078860e-04 2.398051517911751335e-02 2.745843257107221103e-01 2.188008858101168214e-02
1.493791920659379158e-02 6.282542808419171176e-02 2.201950954353465786e-02 1.485185801811668600e-02 1.854710145160833046e-02 3.670394127289771102e-01 5.900637407679176251e-03 7.802774055460439144e-05 4.471887375601158891e-05 1.300316489712448039e-03 2.899683792740109355e-03 7.027146778736211540e-03
4.246794476383942626e-03 6.593818730657857719e-05 3.374032162796679167e-05 6.952572478385167867e-05 1.168800894772910879e-04 3.024947989186724771e-03 2.342356461901378556e-02 9.835851866006664612e-02 6.296446759648956226e-02 3.416225692547145663e-03 1.552002935422741869e-01 1.280738993623380395e-01
1.545431918714559177e-02 1.704236548085545644e-01 6.378454460271236470e-02 1.678245014047527982e-03 1.932126221861275492e-04 6.697070697124933580e-03 1.574810365408616832e-03 2.772286301478773477e-03 1.402920158583691526e-03 3.389541373586315784e-03 3.436867920226573114e-02 1.596932164261525081e-03
2.420605042282099090e-04 3.642518061238459045e-04 9.801083734134897335e-04 7.236561713047338917e-03 3.567596662443365402e-02 1.626415388566991582e-01 3.875209412927853488e-03 1.636482938724676092e-04 5.129650939072302046e-03 1.930342866572906657e-01 7.728205010829675148e-02 3.225533618852682687e-03
3.414521763094190421e-01 1.354467880814090933e-02 1.359775215277675073e-02 8.044668427180934334e-03 3.135921997974415627e-03 9.073288802235187451e-04 1.621784812834724037e-03 1.079083389114211117e-02 5.132543431696461392e-03 9.137278356572221816e-03 1.469380652876472668e-02 2.017794475949249988e-02
1.376380769502247130e-02 3.476446812083193449e-02 1.032369050697602014e-02 3.967799252649384378e-01 2.805613216527930338e-03 3.868332196571589045e-05 3.431755833261072592e-05 5.791915983730449658e-05 8.685325081634260366e-04 5.616797131905736963e-03 7.803357460815472935e-03 1.391150747495790707e-01
1.981610409639844041e-04 4.131552176166762742e-03 4.544383064090671415e-02 2.177668184365544324e-01 8.396187840804583344e-03 2.385825385555153614e-03 4.202827735036303997e-02 6.166375037018546196e-02 2.837344421717488685e-02 4.187535860419313097e-03 1.554191413965429983e-03 4.070510558708765182e-04
3.594867954019676046e-04 1.863472239058644540e-03 2.378898918291967243e-02 1.041991602629555730e-01 6.440878761288990062e-02 7.810550218901681808e-04 2.412396197067797330e-05 1.309199425236498918e-02 1.028182817864368020e-01 5.465227768201504077e-02 1.420450468901677740e-02 4.634790933710016166e-04
2.994540603077567448e-03 1.393602494045770301e-03 6.183997197890634540e-02 4.774924702044574393e-02 5.119007566398390413e-02 1.152281842090372918e-03 3.303386547639703178e-05 2.865504423124469016e-05 7.080840279028782422e-04 1.810500501641498783e-02 3.158666195110286512e-02 1.634268033964162703e-01
3.855274102861625581e-03 8.726036672970743924e-02 1.084317672216172784e-01 4.040318419838591357e-02 5.402598792525907523e-02 2.212011558096032421e-02 1.095619561598537356e-03 1.357686017234959949e-02 3.157091562973011849e-03 1.546524591537062898e-04 3.623374954855824786e-05 6.180009950400521229e-05
5.210176342132216178e-03 1.460170233108395721e-01 6.470279411607521292e-02 4.357650686742912775e-03 4.906934745550106843e-03 3.270377646602901089e-02 9.232986059897088649e-02 1.864380818264465417e-02 4.048349448348819574e-03 1.426850114712646840e-03 1.341651156237013039e-03 1.602724003673658849e-03
2.551029405745443117e-03 1.133230566098929748e-01 5.766742855567108528e-02 1.547419788089729638e-02 1.766383002545778014e-02 7.702674990673745448e-02 9.857170051419858470e-02 2.611960775074031842e-03 1.243985593886725736e-04 3.029190804114105127e-04 1.358597822145591640e-03 2.200515306814174274e-04
1.552381862996241122e-03 5.222117133413135132e-02 2.603807651918388713e-02 5.151954415618765354e-03 7.174825811316863644e-03 3.218976156057817839e-01 1.180741040404092654e-02 1.437029346785248182e-04 6.780881773941233471e-04 8.019142703628714258e-03 3.696896679402421337e-03 1.272516620945130829e-03
2.603019721734247532e-02 1.794872836287886991e-02 2.892947709146186791e-02 1.838867409910150200e-02 1.046273267486429182e-03 2.927449536452672585e-02 1.383944517346495096e-01 4.485754445516417638e-02 1.559894473975977428e-03 1.347877696804548235e-03 3.511775805514824513e-03 2.718945882198101852e-03
3.010935066840639534e-03 1.610972971454032940e-02 1.021745825488787340e-01 8.025362196542314835e-03 3.531790889531878343e-05 6.412023709648922726e-05 2.507069003916210029e-03 2.304398415755992136e-01 3.186236253081578540e-02 3.241372989382502318e-02 4.867878702628300122e-03 3.388324606227796978e-03
3.829258755401523384e-01 1.040432841172645069e-02 9.618247291637736437e-03 2.304898993862668569e-02 2.253245004917465710e-01 1.380325105840255091e-02 1.651916163231475013e-03 8.133246009552062871e-05 1.202233518497034804e-05 2.018475791504744589e-05 1.728641833329508750e-04 1.629914006033245100e-02
6.032312274547103198e-02 9.329815692061441124e-02 1.570946697143157933e-01 1.856389212430402044e-02 2.657612963461979637e-03 4.227458417604570517e-04 1.197140450246932220e-05 1.032033301199131029e-05 2.400762422803594270e-05 1.592467261797884883e-04 6.660076967235135752e-03 2.262953984982614131e-01
2.159655991016894844e-02 3.013625961545426390e-01 7.462638755969250477e-03 9.582308156887416680e-05 4.173286001414809035e-04 2.025284800266488952e-03 2.441782460758068832e-02 8.928245736324141868e-03 2.621087767577820124e-03 1.146874890095961981e-03 9.475807141472204764e-03 7.869435205695991808e-02
8.881184747421833059e-02 1.024935454146329583e-01 3.804372208602133272e-03 1.243081788315866278e-02 2.307776970127715099e-01 4.072156289675144501e-03 3.331998468876420515e-04 1.080582405508803689e-03 2.252432238945912060e-03 2.024624217758368670e-03 3.205247806826280309e-03 2.889220321419223771e-03
5.705316369044784869e-02 1.309297833564732755e-02 2.418597726973481174e-03 2.103209403902981626e-05 7.162336736672018955e-05 3.381053676880625518e-03 8.030170864435087416e-03 2.079004672121593511e-01 3.459685628715088168e-02 9.769299194218834109e-03 8.239793570454265886e-03 6.558549379953716729e-02
2.259475553655162060e-06 2.459121190857316996e-05 1.899355960620944747e-04 2.316788463727624189e-03 2.249626238255192714e-02 2.710397710723583958e-02 6.323899760785461899e-02 9.447304613696823339e-02 2.992905658308544492e-01 2.861616148561512904e-02 1.545635385651651303e-03 1.918526475885898479e-05
5.155726446684069306e-03 1.166304465617013925e-01 7.041370355942613846e-02 1.162071936257102860e-02 2.266916270394275096e-02 3.856907232506556760e-02 1.454138243727411961e-01 1.585988724895506796e-02 5.172631722442149957e-04 5.801602972787421657e-05 4.503219417295743543e-05 1.262897110608716381e-04
5.751242099265396708e-05 6.402095281355756409e-03 6.070912960207375947e-02 2.291320786041345370e-01 1.407212597773131214e-02 2.780855110301410846e-02 3.136892715520832320e-03 2.411512704624686754e-02 3.134190326167871077e-02 3.050993240281010908e-04 5.332365427627851033e-04 1.484838897140759945e-04
6.435962516228438401e-03 7.750808555938225319e-02 2.256240456890713508e-01 3.360558434806180245e-02 3.621069287026492528e-02 1.022031016699337727e-03 3.233337527877478573e-04 1.074741915352906037e-03 1.830056413174020432e-03 1.580277359298116590e-03 7.063696119827591810e-03 1.350215044144354717e-03
3.430245027340658118e-03 2.024049106792662200e-02 1.590087897541240039e-02 8.433583470079035471e-02 4.098641724575102785e-02 2.590585580703698432e-02 2.160757756478597774e-03 1.382291563144159244e-03 7.188578368106011973e-03 6.792123714828152137e-02 5.686221442468089929e-03 2.216170040269910615e-03
7.633830333683810920e-03 1.308586345501177792e-02 9.137978246704281729e-03 3.196877675336889154e-03 1.813237374373109431e-02 8.813024235064055925e-03 9.484597327768574428e-04 2.748872546244624307e-02 1.844591603192221596e-01 2.285359498944317808e-02 1.120386174969573330e-02 2.984184595330030901e-03
6.578425853238714649e-03 5.200519572508618439e-03 5.148776759322208499e-04 2.469075802513044128e-03 4.822597281318287757e-03 1.915674816494621069e-01 7.911919612967538429e-02 4.004181535823629276e-03 1.733036564610855547e-03 5.303682802541499069e-03 7.001468589827264388e-02 2.034933084030010608e-02
4.719552019292283171e-03 1.998121331858587757e-04 1.190456277042136900e-04 1.993373717779696897e-04 5.075288134990708563e-03 2.381622299368586770e-02 6.041986756526023655e-02 1.260983448021241182e-01 7.819037550558577410e-02 3.318159552708668802e-02 4.718894147522579609e-03 1.186527687391642980e-02
8.953716337896190430e-04 4.025210220623647028e-02 4.789181668865481745e-02 6.352929978715228521e-02 1.175208331221096018e-02 9.188707593356954667e-04 5.619650287444811348e-03 2.523671945913510267e-02 4.382787651204266000e-02 3.366943189655895174e-02 8.301990078852933275e-03 5.403435751424789848e-04
2.252646963761366708e-02 2.226255403696089305e-02 1.672799300809731451e-02 3.085046567713552526e-03 1.897850170767810454e-03 7.092128487064955703e-03 3.626672052013200660e-03 1.445668508769775706e-01 8.397656822725634018e-03 1.740082966445638795e-03 1.586559193390116654e-02 5.551558536341196642e-02
8.718789627093900471e-03 1.995110551519677367e-01 6.538921403405467681e-02 4.428730609983421058e-04 1.632533511990931805e-05 1.092497567846467058e-04 5.276594671039515523e-03 2.652484908845167411e-01 1.708534040038151708e-02 8.128901379135277869e-03 1.078411817290962594e-03 6.489090179205540690e-04
7.161014849480090705e-02 1.321050971194253666e-02 1.154240283809837781e-03 2.763838767391664552e-04 7.282793046690569892e-04 8.338343263180203122e-03 5.590722372968671972e-02 2.119013336972189188e-02 4.035843030053845593e-03 1.585540550925889150e-02 9.735147648598241332e-02 3.309134267049865241e-02
5.100378598544753721e-03 2.949048926632636194e-03 2.216996962431077092e-02 3.097492939605055867e-02 2.911431363908016483e-03 2.070914634934397681e-03 1.442870496350698306e-02 7.155590578380716105e-02 2.850748632982429420e-01 4.245340799628293492e-03 6.905806964708998243e-04 1.741145008859413569e-03
1.892869328585168945e-02 1.090207591466334919e-02 1.858407363354463993e-02 2.675954775108928610e-02 1.436508059051289435e-02 5.338842163678682480e-03 3.489536080660024520e-02 8.377661796837371916e-03 2.808724603491592406e-02 4.265253100345815784e-02 4.828040574223219777e-03 3.984896549052315690e-03
6.222462765848251788e-03 7.345786304458651328e-02 1.592993661834275765e-02 4.202138469981555637e-03 2.516589649236028285e-03 2.798624886957534405e-02 3.962147395865445176e-02 2.791050162997097892e-02 6.064950472317277679e-03 6.120973383344552321e-02 2.003848432709863514e-03 8.584465251687703555e-04
3.586901541367770469e-03 7.154371233766252530e-03 4.244430041345454568e-02 8.981467018519856405e-02 2.912678234358648081e-03 1.079563942504131041e-02 2.757802254760214483e-02 1.134856271316042331e-01 1.122269966806799593e-02 1.333732923317525708e-02 6.279346924674187149e-04 6.191331783237440187e-04
2.032643379263775110e-03 7.642674020213240061e-04 7.394676076617158131e-04 9.683200042027596127e-03 1.948893466343884842e-02 4.902287376218685509e-03 4.712644657390315894e-04 8.103036755791647242e-03 2.099619594911869558e-01 7.978256084356348532e-02 1.008315836408413615e-02 1.105957667480202827e-02
1.283045490231243639e-04 2.161727716573926504e-04 6.512678825229763257e-04 1.099408039353339233e-03 1.030338637309281824e-02 5.626783978488859861e-02 1.445732979009669017e-01 2.299313632628446902e-02 4.494489172610208194e-02 1.184275240654759642e-01 1.923345759352846837e-02 4.328385662959506760e-04
9.979894803432027292e-05 2.193047456039214690e-03 1.821612101216443097e-02 1.052443194050070238e-02 1.603983896027273703e-02 9.385378371071720002e-03 9.634223711441751783e-03 8.005183707533950616e-03 5.734267330850277566e-02 1.161206260422066316e-01 5.220395099351582413e-02 2.784199448338475508e-03
2.013531213013941210e-02 1.672460600507299361e-02 6.904562233542818617e-02 9.130379103022329135e-02 1.077137990850076830e-03 2.895599416985369413e-03 5.781148689784072064e-02 3.534771232377065253e-02 1.160125446965321744e-02 1.744643368233400084e-03 9.592231767170170380e-04 3.106871904264178492e-03
1.582352988064356369e-01 6.209513760621189482e-02 1.289208690786753340e-03 7.973757117547345384e-05 1.248784013622364483e-04 3.697616737803518508e-04 2.258751102731894854e-03 3.176522757278785886e-03 2.561445599983539281e-04 5.315980710259562633e-03 5.699650058655894580e-02 1.168457000117852917e-01
5.190226373368197511e-03 2.299106590179544104e-03 6.942043747470862233e-05 3.192075501300238680e-03 7.058413716962287365e-01 3.796748836553326574e-03 8.425479997809380193e-05 1.549399227458438718e-03 4.794825179093064119e-03 5.976572059132499552e-03 4.615296115567943391e-02 3.949735490965281676e-02
3.106358375237500136e-01 6.149832734460257411e-02 4.287788707776109265e-03 2.888185643901066291e-03 8.296661375523498028e-03 1.878182229091038269e-01 1.882296386809423350e-02 7.929337448440677231e-04 7.510447823993738866e-05 4.989331162079967862e-05 1.530757337439613355e-04 6.955628848666180891e-03
2.132988327172384221e-02 1.660102076540350968e-01 3.740615971412706436e-02 1.367349012487253587e-02 1.947827899108809518e-02 1.998998864874682382e-02 2.215160543528303314e-02 7.648684846433466064e-03 8.949369149119954653e-03 4.659155178708025702e-03 5.187260644025083441e-04 6.545537420912337246e-04
1.045377888733146389e-02 2.282209850202648882e-02 6.875561852794041806e-02 7.630828895613278942e-03 4.704396857075948853e-03 4.469336455771034787e-05 1.866136839338394370e-04 4.422253725531426899e-02 1.485134623160560829e-01 5.250839289040162838e-02 1.461450256800025460e-03 2.811132582607760687e-03
2.013767790283124415e-01 9.503245265816631648e-02 1.332407270699596715e-03 4.435783981033831862e-05 3.298802044763711033e-05 1.516948623605899726e-03 3.711513685132263873e-01 4.255108004412307826e-02 1.018142360953398990e-03 2.084657838216692071e-06 2.506885100903866734e-05 3.942044327619427697e-03
2.710669310438195562e-02 1.740410414850630805e-01 2.237116578917213577e-02 1.476867135995764413e-01 7.456156880605722265e-03 2.192473730479693565e-03 2.171240541341752737e-03 8.834247422933313304e-03 5.175227651160831110e-03 3.580464514340581518e-04 2.147548135439585428e-04 1.605847950190803300e-03
3.978985506881577714e-04 2.165000193561627054e-03 5.266236105508163281e-04 6.468143720125579159e-04 2.797893331348051075e-03 3.949870875526115439e-03 5.359200396389959820e-02 3.297125857296567819e-01 1.873238463035168527e-02 3.595359927468218947e-02 2.624370034384290035e-02 3.545104767377103144e-03
2.589891700308685069e-02 1.906016316446751142e-03 1.376184278362304353e-05 2.627714289585627981e-05 2.456540762223144523e-03 5.928168283875076550e-02 1.442325909983001864e-01 1.497113875106888259e-02 9.246054313766397057e-04 2.347204960068569653e-03 6.261809953129684678e-03 2.993183772593361325e-01
2.807841500195912623e-03 1.959729296360319592e-04 2.026394509368461953e-04 8.500121886253802356e-03 5.265461562339726620e-02 1.904003541512331865e-01 6.364994363089591066e-03 4.104678558216056337e-03 1.554058521991794929e-03 2.113435762766591088e-03 8.304487699682125412e-02 8.548144995287926262e-02
8.947355238638821096e-02 8.308048779612922652e-02 1.767030931655841700e-02 8.711204757604518352e-04 1.841639535295376551e-04 2.643533672483034855e-04 5.253239386051083287e-02 3.028771551640429549e-01 6.368456204238393328e-03 7.685924947755020796e-05 1.519802995947785020e-04 2.252848206224460689e-03
1.270627247885485755e-01 4.432323664295516330e-02 3.046563730974871653e-02 9.096741838738167663e-03 1.686335973854293825e-03 1.792100192226870681e-04 2.584899765457245317e-05 6.965611710152841017e-05 1.514708163187374881e-03 3.035770978439886886e-02 1.667432935382228698e-01 2.161902992151716607e-02
4.336079369159994736e-03 2.815929828412943280e-03 3.123822570327053350e-02 2.518564134158719492e-01 8.763477643137564457e-03 5.675505841861496490e-04 7.936624785586714285e-06 6.412435258483506484e-05 4.905738721498765879e-03 1.669499233718227671e-01 6.915248027684785248e-02 1.389461394275934639e-03
1.373117006932386974e-01 2.245992995825909187e-03 8.733041640683752451e-05 9.723375737523508441e-04 7.434455779007892451e-02 6.998891567651802093e-02 2.108636382739602355e-02 3.629014663044483969e-04 1.159504316031207283e-03 4.058125518574077877e-03 7.637519474053348391e-03 8.577201642092117939e-02
5.671371392514867882e-02 4.389047111273597195e-03 4.002519967533878058e-03 5.964845950079494807e-02 1.272359270573794957e-02 6.197873126832774415e-02 1.217301339176072921e-03 1.710852927647364100e-05 1.559838748615090585e-06 8.588691633922964437e-05 2.918563384448459933e-03 2.421578085375711009e-01
1.149700751979363875e-02 5.712804970884406419e-01 6.880498111666944437e-03 9.513416699883912885e-05 1.665432580784678381e-04 5.364863328696074606e-05 5.316965053859786308e-05 4.255683286970803931e-05 1.778784935507979077e-04 5.643898027878023298e-03 3.607730018858299609e-02 2.478418547925312354e-01
3.390977995138429440e-04 6.902756972252119868e-04 2.125106369239238360e-02 1.736860543496428211e-02 1.033780359648710095e-01 1.790108274822906770e-02 1.299964492361007501e-02 3.161876003774896082e-01 3.342826317780662332e-02 1.693837798041989166e-04 9.550008271930234536e-06 2.513254148520019705e-05
5.381115833004730849e-03 1.238549520135530033e-02 2.003083581115347178e-01 1.522117873245305841e-02 2.283752823046453218e-02 6.370510807588602997e-02 4.084682991406829444e-02 3.081975929101236911e-02 9.393710398049226386e-04 5.403867751652376757e-04 9.800334196477496825e-05 7.236374576724920920e-04
2.679621893218855412e-04 6.898214106049706186e-05 4.051863077158463812e-04 5.233866601436818313e-04 6.994216746432657152e-03 2.604404006999684884e-01 8.909169941087631550e-02 4.479963920066370314e-02 5.846581864843398979e-02 5.020080160882697817e-02 9.895682874539401229e-04 3.154340552197661672e-04
1.124088821114844605e-03 2.593158285546169313e-04 6.654014846881893585e-04 3.456076831576408628e-04 1.793045259331979124e-03 7.491985574833940481e-03 2.765550060088914353e-01 2.738539627461317183e-02 3.584303063564511782e-02 2.083570106939965430e-02 8.549913892402796756e-02 1.295040886916945695e-02
1.208603143768969268e-01 6.672885481744170177e-02 4.218101549598327060e-03 1.614162031230213790e-02 3.688998480078754111e-02 1.239220609723605190e-02 9.993282952182106198e-04 8.002119763587169652e-04 1.478726179877263951e-02 1.571599082508300105e-02 2.423867508111054222e-03 1.843651527406121784e-03
4.671661340133773225e-06 1.310212255972985102e-04 6.790100712602328142e-03 4.101377377370821753e-01 4.631126925211209895e-03 2.850126884172914706e-03 1.020168721161665657e-03 1.170882459246116222e-03 1.427464835946192778e-01 1.406249698380377944e-01 2.607877907500950020e-03 4.026004372702585637e-05
1.898225152927563754e-03 4.229356159801212281e-05 6.784908383108741728e-07 2.340772151701860695e-07 3.247940148494833484e-06 1.549626841620428534e-04 2.449604303281386827e-02 1.017874284177132244e-01 5.228648874126710921e-02 2.060992257688056342e-02 1.279989583799552300e-01 2.072984590336564292e-01
3.452621313252600133e-01 2.448920552530170318e-03 2.613133095122050875e-04 1.817822688231437956e-03 4.797820351098663894e-02 1.374718472594517113e-02 2.543415872190285532e-02 6.207380588344558157e-03 2.635342238121034762e-03 8.280609991893903357e-04 2.084553422212650099e-03 3.709683913056562032e-02
1.129952005094926779e-05 2.319564396604972753e-06 5.961061053586320916e-06 3.067622684274716308e-04 1.974679614301168284e-02 1.413696279507904441e-01 8.433149678869666932e-02 2.363328259904016321e-02 6.637151686352400770e-02 1.301144860387662139e-01 3.515724234502778760e-03 1.555137548773332387e-03
9.981052563319450788e-03 2.857769404463006424e-01 1.950167261666472043e-02 2.904657427278818822e-03 3.703534798553984953e-04 7.893151931879997915e-05 4.808685545529981040e-04 6.057032384008276954e-03 1.462442143843645515e-01 8.767382871970787195e-02 2.939720088780020495e-03 4.676304674148525574e-04
6.467144178139290836e-03 1.414321859833866935e-01 8.787432719712728879e-02 1.183415828548293851e-02 3.069360442403634703e-03 2.539368991225535535e-04 9.221013417580908075e-05 4.153241637907868517e-05 4.838654701968558326e-04 3.158723075019413684e-02 8.592056903734424100e-02 4.904788945138556511e-02
7.584912341092409373e-06 9.252865463755513466e-05 5.154538526136611017e-03 2.220192819658329819e-01 6.979419384320645348e-02 1.073443614865156326e-02 1.778708169940978745e-01 4.657185087862648204e-02 1.726899610994196005e-02 9.224717836185947477e-05 1.324875855420939788e-05 2.668767126510870708e-06
9.473749774285100678e-02 2.861700977797801415e-02 2.703349685205786584e-02 6.466585364732424339e-03 1.434552595905073946e-02 5.015095533156266328e-02 3.804078239716521259e-02 1.270835071133231096e-02 2.411573305816177258e-03 3.091987061916122003e-03 4.181341215005326354e-04 7.185625343108657977e-03
2.701239817386336811e-04 1.264244545174742461e-03 7.772481508785270346e-03 4.284932092418644589e-02 1.219712267828726299e-01 6.084576597539218153e-03 4.533741324920100360e-03 2.737687332250729813e-02 2.679073152083324971e-01 9.120382466406546859e-03 1.178498602656622568e-03 5.544117376762904828e-04
8.815045199739836301e-03 1.326613312103220588e-01 1.833315374268841905e-02 1.411094390015707641e-02 1.077732873216594818e-03 2.111789615634328710e-05 2.743482058034665502e-05 2.093127757465228309e-03 3.709650637575320209e-01 4.568503186455920295e-02 5.606742066198374969e-04 4.444802810061151055e-04
2.244785978196297271e-01 7.922497110778414786e-03 2.063830362555523043e-04 3.969962112545307840e-06 6.841317944137686812e-07 1.017157629324302691e-05 9.984642901597568041e-04 6.265060937153128784e-02 1.551177306460161387e-01 2.923797709966330372e-02 1.769414444685845408e-03 6.399085117961905711e-02
4.341248630413720166e-02 2.971986521496842483e-03 3.060838961725624997e-04 1.282251457972083094e-03 1.012657325799108969e-03 2.322715136620536434e-03 3.270876627053825349e-04 4.153052049446786685e-04 1.074246634045163433e-03 1.130215687362685351e-01 1.056344150123564585e-01 1.439333280901171075e-01
1.519285574597643157e-02 6.522524857305530416e-03 6.423532879826154233e-04 2.461837137384250557e-02 2.866140643053221582e-01 8.178664326315508021e-03 5.267242780032962534e-05 2.454218840380324555e-04 1.467423179444476977e-02 7.402229718004837977e-02 5.541764497506759986e-03 5.873982237118822655e-03
2.048511229243034533e-03 1.168018715910519936e-02 3.563331105116318565e-02 1.449366514135166928e-01 1.351390871939082841e-03 3.623548047569553638e-04 1.724743040585012717e-03 3.331312544131061898e-02 2.565099105207897523e-01 8.743676490564266865e-03 8.739535683683950047e-04 6.888131079742679068e-04
1.047994975792418543e-01 1.376174726532343288e-02 1.709582345500170429e-03 4.566654185481639882e-04 1.300747985806479951e-04 8.006057953780742337e-03 2.826904029055551937e-01 6.989692712120908202e-02 2.211491876707148176e-03 2.914657114770061912e-04 1.649633697198649249e-03 3.872298184736255866e-02
3.989197193373852511e-04 1.411083172290773148e-05 1.090680663694817657e-05 2.442071957489109785e-04 9.304169948167758872e-03 2.097543504473247788e-03 1.221921814991918515e-02 4.349541652805680170e-02 1.407007303505378518e-02 8.401972659733513218e-03 2.820501773830252357e-01 6.598247705154591802e-02
4.083304652519542145e-03 3.549353534055993756e-03 1.567391973861948559e-03 3.757829229402048429e-03 1.116354371017342639e-01 2.269196974549739579e-02 1.033009273338629519e-02 1.430456616161050873e-03 1.229348294521547241e-03 9.425799081549843597e-03 1.168135506909591670e-01 8.884168120374062727e-02
2.035205577157251137e-04 8.381385173959424867e-03 5.093246538845001004e-01 1.216334259429103365e-02 7.630267039077864518e-05 1.361927584267492519e-06 1.368959256845708896e-05 9.608956811266662667e-04 5.427830638209026060e-02 8.015346836551526244e-02 4.726561454597676126e-02 1.060932029244685340e-03
2.815132648912974708e-03 8.460094502994641632e-04 4.638080050746925045e-03 5.115946719506216933e-01 1.360603151796655613e-02 1.997758929018385310e-03 2.182692528057808383e-03 3.651004053449413700e-02 1.347843624407587919e-02 2.275504732711878392e-03 8.050123033561753811e-04 1.733215958371431449e-03
