-3.877998567380128936e+00
-4.535301783006651100e+00
-4.801630469742770302e+00
-5.102406925617907874e+00
-4.066494762114436945e+00
-4.859447498664889231e+00
-4.981951141917202008e+00
-4.702538986098665497e+00
-5.761327637265444501e+00
-4.729833913836410275e+00
-4.538442490477001101e+00
-4.426971540933407390e+00
-5.813275064843847595e+00
-6.861949311848601241e+00
-4.057407268880147022e+00
-4.648770800390719771e+00
-5.141129667229071387e+00
-4.211698994986077693e+00
-5.584075858500428424e+00
-4.657483100695044342e+00
-3.806937536440401004e+00
-3.141045841558154805e+00
-5.950161250348631192e+00
-4.915527160855323707e+00
-4.881851179597105350e+00
-3.980411056552941140e+00
-4.971559919564927377e+00
-5.503977805922570354e+00
-6.012098590887802629e+00
-3.999108693005416271e+00
-4.212976921974197708e+00
-4.926726271497971155e+00
-4.083044392650140075e+00
-4.185568299149679206e+00
-5.269085783842019310e+00
-6.713839867627874547e+00
-6.357293837832428629e+00
-5.114684227973312680e+00
-5.113361801267688911e+00
-4.111617307461956194e+00
-4.525269641497335904e+00
-4.575851776927917669e+00
-5.702206929414124659e+00
-5.202998808572790068e+00
-5.206468836481511708e+00
-3.812885007802672810e+00
-5.020135828835502245e+00
-5.607643332956225635e+00
-6.321130372264381236e+00
-5.363027116368844105e+00
-5.510723637421348187e+00
-5.344612256131277661e+00
-5.166553006783958679e+00
-6.030876372453064960e+00
-3.801432804492732132e+00
-5.229507531092372652e+00
-5.875424095776841327e+00
-2.647814185439096413e+00
-3.534323289709243365e+00
-3.926248328965263656e+00
-4.547653075255916555e+00
-4.734192423266837757e+00
-4.943478163935081326e+00
-4.569090916452632101e+00
-3.855182907099132805e+00
-5.366799494668481607e+00
-6.884325169396845467e+00
-5.291181182652175075e+00
-5.080522201895018242e+00
-5.048876496420462878e+00
-4.505027848352249897e+00
-4.623507182747500721e+00
-4.512926174591257222e+00
-4.774926437752559316e+00
-4.031770057340930968e+00
-5.085237101015366079e+00
-4.035796860169367228e+00
-4.859595664710632867e+00
-5.755529012365721009e+00
-3.625305348610589284e+00
-5.047872719046991641e+00
-4.699340923112913515e+00
-4.714713261801791511e+00
-4.344246798301327317e+00
-3.430525951911535643e+00
-4.242310192832249527e+00
-3.522597769073489982e+00
-5.088350525842322725e+00
-4.714718614052030965e+00
-3.475462816425023860e+00
-3.378841169597274874e+00
-3.583406903318276271e+00
-3.393318224452197551e+00
-3.830609232836156508e+00
-4.950066157228044439e+00
-4.854905229864431071e+00
-5.719275067429608228e+00
-4.118023169770649083e+00
-3.494627292451887524e+00
-4.604256427475024616e+00
