1.137164867041482591e-02 1.908032650774105915e-02 8.289109994725728237e-02 1.677967484016792965e-01 -5.528261724959956935e-02 -5.837485615172247067e-02 -4.452298937147727842e-02 3.968145307204758339e-03 9.373765919098010768e-02 5.085233581404972197e-02 -7.059962985883638797e-02 1.062700854023223770e-02
7.450823592905460487e-03 -1.194000025055135250e-01 -6.026490082718756469e-02 3.769725757386419886e-03 -1.578730183016735789e-01 -1.640709333069720055e-01 2.359994344756304874e-01 -2.066380268481494142e-01 1.297894647395108625e-01 2.020340471660135584e-01 2.845546184899880315e-02 -9.029784916020026225e-03
6.448374228715449130e-02 -1.588309926085073043e-01 3.356738130361717359e-04 -1.847167497296678049e-02 5.848567126773638464e-02 2.513907972230294274e-01 -2.042638952127979329e-02 1.973478887369018442e-01 2.497039501040646415e-03 1.576916873637617400e-01 -9.604355880539033885e-02 -6.250943469382588824e-02
5.828244875089225174e-02 1.569461062754234221e-02 4.395989238718622794e-02 -8.251160236648459601e-02 6.285752315550219294e-02 7.311915599480638128e-02 2.143439938600537331e-02 -8.495722397114013891e-02 -1.457832432608652251e-01 -2.524315589570509943e-01 1.062362375947164400e-01 6.710591775530114211e-02
1.070913156456594281e-02 -5.150568412099212727e-03 1.944217409732668447e-02 7.175985283714407525e-02 1.628624911563186783e-01 -3.117963265578884910e-02 9.754743802592552582e-02 -6.316195227679653745e-02 -3.873560043096298949e-02 3.040482086416401719e-02 -1.463967098115581678e-01 -6.319607507111895534e-03
2.402304936293915283e-01 -6.039154565857501183e-02 -1.194872387666534447e-01 -8.332081442233087165e-02 3.603139772803748420e-02 5.077224966111491128e-02 -5.198254205829370284e-02 -9.978322011270590597e-02 -1.411194879051193840e-01 -3.937309077581267747e-02 -6.242044639096208658e-02 5.241413697497079513e-03
-4.819790233803421253e-02 -1.553784634250619245e-01 4.184457306103715052e-02 2.950601072296064192e-02 2.578299946362037388e-03 -1.985838521409696578e-01 -2.077070798316914824e-01 -8.816913129538291038e-02 -7.138870876727368420e-02 -7.630424273566693838e-02 -3.059744506128374286e-02 -3.343422462078183416e-02
1.900815672930177003e-01 -1.996337768441955041e-01 1.398717918195392929e-01 8.193230026157262424e-02 4.108489709774147333e-03 -1.767706292062838358e-01 -6.585423630526558887e-03 1.425212025707002506e-01 -4.158361318852266814e-03 1.612581423513886059e-01 -9.824294237666841845e-02 2.423642456095586803e-03
-1.466195063618273564e-01 -8.861252611879222307e-02 -4.030376989609207872e-02 -3.329498766130432885e-02 -2.007117107724359570e-02 -2.225615141497432406e-02 -9.708445221948899806e-02 5.180471121673799195e-02 -1.376143767537669482e-01 -1.355587264455007379e-01 -1.142054559365583699e-02 1.168200521326427932e-01
-1.074638895408097650e-01 -7.824057177656927597e-02 9.811781707986276524e-02 -7.323283899995486866e-03 3.556839011947265233e-02 -1.453098027888674593e-01 -1.009137801951193875e-01 7.754719551048072645e-02 6.572310367684620208e-03 3.217088734827302371e-02 9.865277731493453384e-02 -2.861473557105275248e-02
-2.138594996075566385e-02 1.289266753889007078e-01 2.171504992421383895e-01 -4.873012419312697241e-02 1.374879634540151011e-02 1.967821044033283839e-01 8.946986873331258527e-02 -2.379282731907477189e-01 1.969777987085762072e-02 -1.239264389112321035e-01 -8.803247519926209186e-02 3.940493379831029597e-02
1.048288026774791409e-01 2.434392020144502955e-01 3.038108638182190901e-02 -7.729783615692081833e-02 1.142038449326942540e-01 1.052650962180245453e-01 -1.436974969582502926e-01 1.130985207668727260e-01 6.557028548691500036e-02 -2.445927783069604677e-01 3.294981294326684157e-02 -2.785671081255372550e-02
5.121337578967131293e-02 -2.636874152963780953e-03 2.028136794038023702e-02 6.558892990610590279e-03 -8.767903997001252892e-02 -5.134211774001275208e-02 -1.765338555744797588e-01 -5.836806568342252366e-02 7.023326564936805544e-03 -5.747592991456529875e-03 -1.177864980489832791e-01 7.428849330720685429e-02
-3.886849462464232047e-02 1.015321294315711664e-02 -2.060574524393558437e-03 8.104941303616024217e-02 -1.315242311849787182e-01 1.375381001503495071e-02 -2.575555974618423671e-01 -2.132434468722258294e-02 -4.606574330759435204e-02 9.480584517612110351e-02 -3.556470702868951006e-02 8.444433530766581875e-02
-1.177099838608177129e-01 7.808557185643351384e-02 -1.223754582499051724e-01 7.785026108956584479e-02 2.016803037335344884e-02 -1.141879932480299731e-01 -1.099186843871368391e-01 4.769289518392097471e-02 -2.517016029145986255e-04 -2.820232414981068206e-02 2.994637493824152397e-02 -1.744962521824857393e-01
-5.081115988925687804e-02 1.060562188322634880e-01 5.727418082663863347e-02 -5.470699758428269194e-02 7.632278747970944188e-02 -6.682528745706321771e-02 1.002740606410797986e-01 7.840464042869707550e-02 8.905357744803019115e-02 5.131611545151784637e-02 -4.001047160528581337e-02 -8.564887780092787437e-03
2.100744898430324456e-02 6.425087357022367385e-02 7.169299540920683056e-02 -1.203511903840051717e-01 1.616043246456456322e-03 1.636274407251835372e-01 6.430243377863835430e-02 3.558793120764210116e-02 -9.230612639140390804e-03 -1.713178153571771542e-02 6.006126472285183704e-02 4.358134216083407730e-02
-1.327679499822939924e-01 8.598127191639326483e-02 4.833608998169318383e-02 1.906060206088926179e-02 1.222607154589405304e-01 2.299057381957693436e-01 -7.911249731207872782e-02 9.126857544364873429e-04 4.808148628246313588e-02 5.450329922070818421e-03 4.476801923258158511e-02 -2.538104761476365351e-02
-1.771218181622883081e-01 6.655623565212202830e-02 -1.737135386364915268e-01 3.289436031200370508e-02 -9.737726154332632111e-03 1.672544453759058358e-01 -2.088358129243097702e-02 1.276622818172792329e-01 -1.896644888872192070e-01 -6.544283113473646496e-02 4.075721484282474744e-02 9.227463820098591452e-02
2.288130868739030044e-01 -4.254455976918223269e-03 -1.464179465897679500e-01 -7.206987599064570982e-02 -3.084259065621163323e-02 -1.056185859672253424e-01 -6.127158483732111915e-02 3.156756236056679904e-02 2.235511867368810968e-01 -1.461602561734395567e-01 1.727064944774230892e-01 5.187688416394127706e-03
1.316050741646632716e-01 -4.321378934371994385e-02 -7.441977477666426866e-02 -3.340437455989844068e-02 1.447534425294748350e-01 7.263204125756370089e-02 -1.409444827751248422e-02 5.966473172351996479e-02 4.406748296468872284e-02 -1.164964333415573483e-01 1.152971063602591245e-01 3.375384711807922350e-02
-5.930021185841619601e-03 2.195685614300819655e-01 -4.806540214744040029e-02 -4.949958101663570059e-02 1.257054490457596221e-02 -1.675897732622035757e-02 9.044268361460522376e-02 7.933681044586887721e-02 6.122838186653792314e-02 -1.463481579607269767e-01 6.209458258513828044e-02 2.857365826902372175e-02
5.307101857767400344e-02 -5.288130494765432010e-02 -5.962314762565616016e-02 -1.004222211188751795e-01 -5.174932100232244869e-02 -9.504366202465429347e-02 -2.822581716164231438e-02 -1.222623737369810809e-01 3.172366913830834689e-02 -6.263095516664678175e-02 -6.540253652544382457e-03 -1.486087079161247104e-01
5.863116617682204851e-02 1.765005008098703421e-01 6.351727174053189984e-02 2.559322538452040927e-02 1.627521192690970231e-01 -1.322839147207378052e-01 -2.436129380708918976e-02 -1.981223774751675881e-01 -8.997722714387738907e-02 4.898374894398906804e-02 1.939745429836339796e-01 -4.833839149081486236e-02
8.358114790504454772e-02 1.033579679482582447e-02 9.204793323907679847e-02 1.126508192189530355e-01 -4.114933162395215116e-02 1.025881954165177440e-01 8.277621221535383378e-02 6.340280712759958914e-02 1.539444859667896473e-02 -1.057120879868299890e-01 9.291931535429170941e-02 -5.177593288227662349e-02
-8.400374662301601791e-02 1.272330948331873712e-01 5.590488323366622769e-02 -1.284894288634972903e-01 -3.274625521258780342e-02 -1.516262804542658493e-01 7.227923706735266129e-02 4.734487557967456683e-02 2.689132767296106286e-01 1.085164983964685415e-01 -8.115835706090225588e-02 1.901144875808737783e-02
1.337831975365084795e-02 -1.737466172070013526e-01 -1.928124824717267205e-02 7.276321598155718884e-02 6.045098379006345196e-02 -6.566396418467812524e-02 -6.487848106471964804e-02 -1.215138455659224570e-02 1.363065927346807094e-02 2.491625416635087076e-01 -2.727142666380397151e-02 -7.563611005764282746e-02
1.112278715441025884e-01 1.070569452346118626e-03 1.475417717584159016e-01 -1.385523173870544800e-01 2.600014887840234046e-01 5.802661950576000482e-02 6.803376998269280995e-02 -2.075154364318044231e-01 1.292021424191973356e-01 -7.736432930054276680e-02 -2.385315220114929066e-02 -8.850434209673978259e-02
-1.325880654133398673e-01 -1.174933645687088746e-02 9.290467299306041926e-02 1.178739447051407457e-01 6.534106332250139149e-02 -5.108695054508215899e-02 -5.561263380437984211e-02 6.170820091676557789e-02 -4.397525631250390893e-02 -5.924128689260117764e-02 6.848928134223956909e-02 -2.085747620703689575e-01
1.706015399995995940e-01 1.612773519164031333e-01 1.392899901205336688e-01 -1.124861841524805728e-01 -1.108670789659791656e-01 -3.400257294765590688e-02 2.872040753155695458e-02 -1.443960977077906604e-01 8.230003006876573587e-03 -1.770833037470491585e-04 1.805420679751960078e-01 5.497332017139915789e-02
9.170519089408545044e-02 -9.880675385672814393e-02 -1.029121303257271719e-01 2.246178632808405219e-03 1.375209789308733666e-01 9.230616728089630074e-02 9.141689250316530069e-02 -8.066775526287440698e-03 -1.757335195890038226e-01 1.045153736505553266e-01 3.855342615459991795e-02 -2.440327324757182378e-02
-2.663413533296953364e-02 -1.437101367086343444e-02 -1.946618966808646434e-01 -3.586079238801527513e-02 4.597105682896518442e-02 -6.855181454281454589e-02 1.266547909788565129e-01 -3.300042386978067205e-02 8.349753107126706500e-03 2.022173738808259388e-02 8.011341358040194316e-02 2.290597321127363084e-01
-1.962646986673885138e-02 3.258341783263764557e-01 -1.007504003421148958e-01 -3.386940312374639994e-01 -5.145394777142164172e-02 1.471202374383857592e-01 7.439348643821475440e-03 7.335377183331968920e-02 -5.254063940282990841e-02 -5.154308960100274783e-02 8.875603573840407101e-02 4.382199160190422549e-02
1.440668779955683598e-01 6.589419031957757800e-02 -2.888640410037777301e-02 -1.599082810775345198e-01 3.496636800311735821e-02 -1.455251053913975967e-01 -6.040912154882431377e-03 1.401170487548744625e-01 1.451862262627384437e-01 1.471141418577828763e-01 4.430594256843416862e-05 8.098451522313489248e-02
6.554838434218282495e-02 4.981542676801753444e-02 -1.336699772988049484e-01 -1.368588877397906856e-01 -3.536242357148791648e-02 -1.342137680327089022e-01 -1.991076870183645098e-01 -5.936767776033300553e-02 -1.247504672911168982e-01 -1.706000690795551611e-01 -1.021332929793298122e-01 -1.156344904432532322e-01
-2.087351813560764727e-02 -1.070518159943850134e-01 -2.317423163958201582e-01 5.172160232075041775e-03 -1.295526605934359810e-01 6.638311207597667740e-02 6.756075977206278844e-03 -3.727182925382892947e-02 5.471555532379988526e-03 1.304589666104938039e-01 2.659445146723493081e-01 -5.399922761422935175e-02
3.486704369228052491e-02 -7.686710757305081909e-02 -7.870194691141825516e-02 -1.281834606903136109e-01 2.335950295422046519e-01 -8.312750442883132251e-02 1.591316497310442113e-01 -1.518655436732453505e-02 -7.938225602293380243e-03 -7.739618426656290351e-02 -7.588980580439891321e-02 1.335313996886489940e-01
-1.975788242889814014e-02 -5.342727662840077163e-02 -8.130865268564357873e-02 9.320004977288610937e-03 1.039206689686353845e-02 6.381289668639913981e-02 -5.958963664308937480e-02 -3.165940669298180493e-02 -8.201645791511164019e-02 3.436658806034550290e-02 -1.023529967393946860e-01 1.021987065026985948e-02
1.100599147411729373e-01 4.321012584583723386e-03 -6.710724619110471079e-02 -9.796720747173276456e-02 9.423166553753734020e-02 -1.015196524543765175e-02 -5.959807716231511204e-02 -3.083148766065464674e-02 1.423178810340052780e-01 -1.252646073050026343e-01 7.871923536122499981e-03 7.036010571823064774e-02
8.056645352627711532e-02 1.677627336408262781e-01 1.719774952961934320e-02 -8.741744883685349798e-02 1.353179432749837263e-01 -7.504194254849926374e-03 -1.430227457216367570e-01 -7.144601244153092612e-02 6.206777903937256424e-02 -1.278497643889143220e-01 3.860353442514318986e-03 -4.589830169964359552e-02
3.584878862344800105e-02 -8.722335487830168432e-02 -6.733218158779590012e-02 -4.494310136435641923e-02 2.571782180937938478e-02 5.138229079320897480e-02 -1.559657618102146259e-01 -4.807890415315321624e-03 1.443137547897510586e-01 4.042329726433820103e-03 1.824913086513652418e-03 -1.610429735563862208e-01
7.912489493379252364e-03 -2.465375793388992556e-02 9.403184198120050075e-03 -2.690895848190381218e-02 -1.079693983676085767e-01 -5.888378911724117398e-02 -2.060087198450806789e-01 -3.080349622439275681e-01 -1.076495703233969758e-01 1.332566535015726472e-01 -9.924296907781407495e-02 2.541544729775337130e-02
-5.538751576027753885e-03 1.651933118413441426e-01 -7.742998080973285957e-02 1.086421474352948779e-01 -9.555635363044451963e-03 1.374387372706805943e-01 1.017538082531505295e-01 1.280057312436453099e-01 7.167611886152096268e-02 -2.130494604475218212e-01 1.234633779451470986e-02 -5.329392028683567484e-02
-1.364621220454070305e-01 2.771160633675379126e-02 1.343057799244364026e-01 -1.838864327815784711e-02 9.191272154532684202e-02 -4.856775677210616038e-02 2.783866649996824191e-02 -6.014261829008965554e-03 1.006346445777954596e-01 -1.283240993400046326e-01 6.223501162798727310e-02 1.707423076580473209e-01
-2.038460763350123661e-02 1.109484194181110245e-01 2.425941664380100171e-01 6.111647003189314697e-02 -9.944027147566480984e-02 1.237479440380150619e-01 -6.583551155025284263e-02 1.239627883250483259e-01 -1.226375152827283987e-01 1.292570874999205144e-01 1.880769524774181245e-02 -3.526342473880563714e-03
-1.352799597997002556e-01 1.171538468855583964e-02 -1.147604336940825087e-01 -1.711589339197302218e-01 7.727949878823137109e-02 6.563439807569632078e-02 1.200394283071702928e-01 4.134356994832785043e-02 6.485617622581676955e-02 -1.066242840293074035e-01 8.328868905225900177e-02 -1.330332889384860662e-01
5.865321404003109168e-02 -4.352239147686259163e-02 1.127078720100853533e-02 -1.504511931997349339e-01 -7.164612843918677365e-02 4.828438106199670066e-02 2.893226235557652334e-02 -6.670300058645727004e-02 -2.471539153462701255e-02 4.510339709574387457e-02 4.641162082220020441e-02 2.602718165476980428e-02
-4.706140568749643538e-02 -9.896672380626644894e-02 -1.904968607881539766e-01 1.834542859480773058e-01 -9.363417041671481811e-02 -8.222207680325832602e-02 -2.466968886966425592e-03 -3.366326432643343414e-02 -3.205731550170779886e-03 -9.609078429575228231e-02 -1.100845998208675042e-02 -2.116779832849055229e-02
-1.285766317012395354e-01 -1.149178384091112809e-01 4.780969875011827769e-02 1.768204158029358306e-02 2.355590049582336476e-01 6.871691436005508691e-02 -8.954747507475807611e-02 -3.488234582705255354e-02 -8.084830221411391793e-02 5.406824203936986400e-02 -3.938984749836064309e-02 -1.575842755379635862e-01
1.077649908895805669e-01 -2.092895901774829148e-01 4.817108592917537790e-02 -9.057999811946970681e-02 -1.430635843429611254e-01 1.805848127733217234e-01 -4.355524382413610701e-02 -5.625951799474881998e-02 -8.050953487946962972e-02 -2.474322730913253165e-02 -5.980820133528706034e-02 -9.781531175646539233e-02
1.912720757708844324e-02 -1.350921931109212715e-01 -5.903840426008102882e-02 1.360427162032536164e-01 3.686359981957788856e-02 -1.279350853845096503e-01 -1.765087409943464636e-01 -1.386537521439934473e-01 1.444163278675904827e-01 5.425396596992873577e-02 -1.067354461843310620e-01 -1.072040985690622394e-01
4.840566286734759860e-02 -5.916832381357304410e-02 5.093886429937324878e-02 -7.486020562461391525e-02 -7.300949949437794684e-02 -1.059306762732365459e-01 7.413071314560280844e-02 1.066138959139635856e-01 -1.108831655069697358e-01 -1.781220708898595753e-02 -1.546642992825238150e-01 -1.410548223874368567e-01
5.552349321629009710e-03 -1.065280219432919728e-01 1.256296923054740222e-01 3.973244671804918721e-02 -5.647729598701652087e-02 7.251769949193236087e-02 2.477771375274263610e-01 -1.290682854811334712e-01 -7.712936442121150205e-02 -2.370185809116889808e-02 1.691659841778651030e-01 -1.610758473530390922e-01
-2.446601761448774850e-02 1.408846793365822192e-01 -1.039197852156972246e-01 1.955818586175624499e-02 -8.096860134487807170e-02 1.223397351478918704e-01 -1.851439141309108860e-01 2.259503598270576341e-02 3.533219412397896331e-02 4.772312434659881086e-02 1.175111294168211667e-01 -4.519570798217470431e-02
1.678809603029122188e-01 1.086703181304088939e-01 1.291586545520137519e-02 1.605436404508163717e-01 -7.492406697231286661e-02 -1.016450682827120533e-01 4.461063618652893331e-02 -4.528074260052117328e-02 -4.300748335190906352e-02 -7.052634818454750487e-02 1.076995621018901270e-02 7.763481061894829394e-02
-1.083986035534499348e-01 5.479835573877109528e-05 -3.379662763322183183e-02 3.183844198026378886e-02 2.593109589593919559e-02 2.187898547459447493e-02 -8.681830248437338859e-02 4.189997622243866321e-02 -1.474088309625630477e-01 3.184408445036260998e-02 -6.809969854785209720e-02 6.766080626886263050e-02
-9.212621639258239056e-03 1.043602005125949805e-01 9.911081537877168557e-03 5.626887701568664829e-02 -6.668572175511339184e-02 -3.060732788911239149e-02 3.101440442902976893e-02 -5.661715557972139129e-02 -6.171883268315843385e-02 1.586266792540306225e-01 -3.049471935164097675e-02 7.061244925453551147e-02
4.331602088798906791e-02 1.721921252566558508e-02 1.922888594580862143e-01 -1.789045798968267806e-02 -8.688381416230422927e-02 -2.300758129454897119e-02 -2.133341508980518900e-02 -1.500957237993532922e-01 -5.502093649655133423e-02 -6.590909478331626308e-04 -9.715085955780289328e-02 1.034554241209156011e-01
6.102234573384700961e-02 1.361760555196707134e-01 -1.239538456511796866e-01 -7.977197284500529839e-02 -8.131379280075891336e-02 -3.302341494124334115e-02 -1.318177788561089026e-01 -2.293869617558891294e-02 8.440026518516061463e-03 2.370243546727192688e-02 -5.313743701475054371e-02 2.007306618698033174e-01
-8.712649998959715036e-02 2.837802682837146581e-03 -3.005783822480081677e-02 -1.039656135215778071e-01 -3.399142363212780821e-02 6.056524692804714921e-02 5.409927476908668598e-02 1.312125538664297153e-01 -6.429650043420064021e-02 -4.051861295068964752e-02 7.133971122985702240e-02 1.614179860120866158e-02
1.766266698819051184e-01 -4.052774608347474439e-02 2.478351463894764017e-01 -1.101114605025231702e-01 2.451960459023808450e-02 9.420316645413071011e-02 6.190229369988066443e-02 -1.546199547894617776e-01 -1.109711286027869059e-01 1.691979142762034261e-01 -4.967653900795823002e-02 4.960558673944275021e-02
-6.004459158360078708e-02 4.386676780318968238e-02 7.905543925108550430e-04 1.702868231073799768e-02 -9.021799817646972315e-04 1.979630667791235955e-03 -2.894379545282611127e-02 -1.075563017546430494e-02 -8.591469156626431458e-03 -1.088487521271416791e-02 3.342694630719712096e-02 -1.143094625110472606e-01
-5.877088680833265910e-02 -8.928135785157739757e-02 -8.677252622396891546e-02 -9.865522500472941048e-02 1.289755078712244429e-01 -1.156371760890675254e-01 8.121709950339794926e-02 1.416495204390427233e-02 1.049387597434216918e-01 -1.253044779298924938e-01 1.495119536361072532e-01 -1.753629157458897747e-01
1.127689198336921800e-01 -5.050352894101674261e-02 6.081094548604878969e-02 -2.278913541724016945e-01 -7.374374271057267116e-02 -7.313413609326407938e-02 7.250298361086947307e-03 -1.498233032284340682e-01 2.429214975194994575e-01 1.358418924248893170e-02 1.273739536711614440e-01 7.493656882283092346e-02
1.543470288343737687e-02 4.092306377212207719e-02 8.498386980406608116e-02 -9.991662163835726695e-02 1.317430063690876174e-01 -2.862127820676264867e-02 -1.296987613401712758e-01 -1.565037067327043271e-03 2.881095523043104151e-02 9.895421660633481331e-02 -3.556791256384119609e-02 8.217440150182009351e-02
-1.624954760263389864e-01 -1.204328625868821279e-01 -1.180698141959077435e-01 -1.250591224250805281e-02 -6.668556124736109425e-02 6.537019258483160733e-02 7.754681810958434507e-02 -8.065798472041478540e-02 -2.106869207601103078e-01 -8.681265285257083741e-02 -1.931902085920320922e-01 1.854673378850890675e-01
2.372147471565649174e-02 9.839133347690164066e-02 -1.861174115026361514e-02 6.435687314424407349e-03 -7.538139334428783922e-02 -2.403376563506269548e-02 -8.033099134168604494e-02 -1.025420815729702478e-01 -2.172351082654629811e-02 4.909795841080100143e-02 9.654704044177557509e-02 -1.242910627452734409e-02
1.149512132928547925e-01 -9.765812997769755810e-02 -1.623023972723234079e-02 2.731029108545973139e-01 9.619729129726507788e-02 2.139534957032840357e-02 -5.232668206542532424e-02 -7.850587336825791407e-02 1.981097601888326398e-02 1.501989772377804004e-02 -1.464109985223673895e-02 -1.909766418447736147e-01
-8.970827811263258622e-02 1.675367287624516741e-02 7.666927952192591211e-02 -2.639070760440551111e-01 -1.929709766229070200e-01 -1.037019028790359676e-01 1.396868909373476589e-02 1.760855219240667346e-02 -8.550204477372991274e-02 2.231276103402999450e-02 -2.709761435459032142e-02 -1.679633455933861015e-03
-1.221960639160962758e-01 -5.920042619288558294e-02 -3.846294362534877914e-02 1.753159063649317173e-01 -4.659342198319432055e-02 1.431085941225526126e-01 9.724962191227908698e-03 -9.230517333256738760e-04 1.094611046486130834e-01 -1.380037751367321243e-02 -2.245861020436798472e-02 -1.243199235001569147e-01
-3.293424673689268633e-04 1.639744340933720068e-02 -1.651563531695630360e-01 1.776603457487140603e-01 1.719769236315351613e-01 3.603630184185779156e-02 8.271469332766595572e-02 4.102782646431801100e-02 -1.713893118981145991e-01 1.327818727937218612e-01 -5.949259223694659815e-02 2.377776974984871505e-02
-5.503073079577276705e-02 -1.482423874917694340e-01 2.165256100591368138e-01 7.107472695316709686e-03 4.072933398898091577e-03 9.235082064414509850e-02 4.344305695612130092e-02 1.206826909686979504e-01 1.421327424121473781e-01 7.072139752675364599e-02 -4.480063708685044777e-02 -4.036828665930136673e-02
-5.973575124555430271e-02 1.089627501802063747e-02 -6.372460197623129596e-02 3.534921465024003923e-02 1.405219106711970978e-01 -7.485024665309746028e-02 7.417141597704367262e-02 6.303337857486206175e-02 5.465415970915057930e-02 -1.267457333262925478e-01 1.288974110505952397e-01 4.843655741948523982e-03
4.506066052294527974e-02 -1.953445222505886814e-02 -1.161015340994910883e-01 -1.133425193031797618e-01 7.852437944302594064e-02 -1.169313818062145682e-01 4.871642291873107267e-02 1.125791228836308389e-01 -1.450255146480723123e-01 3.199626855438308243e-02 -1.297408632227968761e-01 2.649871974798125029e-02
1.591907725717762317e-02 -1.654286311492841610e-01 1.345784436693449604e-01 -4.105451909719812047e-03 -1.081564415413528990e-01 -1.100116622545671136e-01 -1.865580266300354007e-01 -3.147360476881408964e-01 -4.274436060084486205e-02 -1.269227967323428852e-01 -1.442662985468886640e-02 -2.094866745482408359e-03
-1.411315086025076437e-01 -7.144978328759733766e-02 2.264722910248432586e-01 2.544801199307745315e-02 -3.088983875533750714e-02 6.034437941646643433e-02 -3.565494827655762283e-02 -4.556979295877039426e-02 3.466179577170041409e-02 -6.931143985241555727e-02 8.084064579715805055e-02 5.616710633761108629e-02
-1.061460675956187871e-01 -1.223001158121742593e-01 -4.327811664700589867e-02 1.221696724859342442e-01 -8.673654686331533359e-02 -9.915210151320791310e-02 -1.080300322214929748e-01 -5.754910939481681226e-02 1.375318552797786045e-02 8.451464520109271128e-02 -9.267546719458977234e-02 -3.192047532520080749e-02
1.763671442670401365e-02 6.441405440489543499e-02 5.158451852425434414e-02 3.251078933266348531e-02 -6.167866272183660306e-03 1.540295289097705911e-01 -7.992455469535836299e-02 7.821800696973084388e-02 7.904541853067972856e-02 -3.279655415338778024e-02 6.043838685046734605e-02 7.483466391578423582e-02
-5.335845760945324978e-02 1.483069912522884393e-01 6.270971551713118430e-02 5.209649809123420572e-02 -1.196256340791796574e-01 5.678970248685421413e-02 -9.826903809234913134e-02 -1.667831107017883271e-02 3.661174020800455481e-02 2.079627870858749214e-02 -1.880859234984310069e-01 1.287901711729181609e-01
2.034834341682355829e-01 1.815731315523870237e-01 -1.712907544617750799e-01 -7.135398020325817159e-02 -4.956617336473664870e-02 1.408237855016194195e-01 1.757256261054623570e-01 1.256966429215227582e-02 1.152561287851004007e-02 4.906775989292275902e-02 6.075594585553781984e-02 -6.361270690901088543e-02
5.370876453230995218e-02 -2.692878981481210132e-02 6.085188374331861744e-02 8.957176108872977327e-02 -1.137629420507675349e-01 3.255012651224136605e-02 2.040435611827049259e-02 -1.232893796832652544e-01 -3.435321697398235202e-02 1.071301009706091822e-01 -2.101974480138107393e-01 9.149370013564157855e-02
-6.743720060666506810e-02 -5.223781836922280347e-02 -7.471774146345262768e-02 1.646021821324106793e-01 1.089481794663129527e-02 1.742261666585492585e-01 1.239558696792388004e-01 -4.296107831085979080e-03 4.661926525222124737e-03 -9.926520928967665081e-02 1.051079087981428017e-01 -2.170889781257216364e-02
-5.237155969614205875e-02 1.003539664005240611e-01 -6.777089370589566009e-02 1.402254093067212964e-02 -1.200117811904794114e-02 -1.354280857992088416e-01 -3.644456611745849894e-02 -1.137821900849761009e-01 8.976087120329367952e-02 1.789966489305686859e-01 -7.193144131933043757e-03 9.349078957521129996e-02
6.227447436957588706e-02 -8.529790101538470282e-02 8.762926325761051516e-02 1.755587094713784713e-01 7.048699081203319526e-03 -8.998554513204380656e-02 1.673622620789315674e-01 -1.908168219444068558e-01 6.849572405186481194e-02 2.750308604785269284e-01 -5.698142157558185039e-03 -7.736334414374665749e-03
1.985305917758907746e-01 1.087534039077395209e-01 -1.672526523352751704e-01 1.091445491589191213e-01 5.273971292181937193e-03 2.802483011986973277e-02 -9.137191174954389927e-02 -7.913513374254065036e-02 -5.967295484075756801e-02 1.176095611280695598e-02 -2.937343820689482243e-02 -6.590625444592859705e-02
3.579123457967163524e-02 1.487444547494259084e-01 1.357067095096149978e-01 1.328081562232667767e-01 7.483623620664688059e-02 6.175682584281179388e-02 2.551421636182995070e-02 7.752669361714281671e-02 -8.785378426481467440e-02 -5.199041595315742614e-03 1.045301605060766081e-01 -3.777453016964223489e-03
-1.733203217213840075e-01 -8.982217731375584033e-03 4.156444490299610744e-02 -1.574082293677524502e-01 6.501458578685119505e-02 -2.073584825952237698e-02 -1.280777897140903399e-01 9.129554264160906485e-02 6.396513775531056933e-02 -6.182293076334453158e-02 -8.477689558901910227e-02 4.840562544304303355e-02
-4.163329764181132771e-03 -1.122568808177597244e-02 2.414631612125300308e-01 -9.197809387718962337e-03 -1.104669897053805888e-01 -4.070277073681559388e-02 1.726344641110715283e-01 6.748748772290634468e-02 5.535300504891253054e-02 4.912218433558944441e-02 5.992168075750980288e-02 -3.565634352184892525e-02
7.474457791935414097e-02 -9.619262828396130116e-02 -9.928339379296347023e-02 2.911765196127293065e-02 -3.554680562934259269e-02 -1.837692531814389962e-01 -6.099722771416460354e-02 -7.470918472622410829e-03 1.541935313180195777e-01 4.434923128555703746e-03 -4.722254069439033031e-02 1.321010921643110125e-01
-1.365256004963750873e-02 1.697113072401544229e-02 -6.817480337807800550e-02 -1.355145311515907475e-02 -1.791080433494006419e-01 -1.516008154831273436e-01 -7.707850529324793143e-02 -1.594894994977229252e-02 -1.118181487829179033e-01 -4.738946075739263603e-02 1.350739031110241573e-01 -4.279240392712223978e-02
1.969485028332433052e-01 4.724419132540754601e-02 -9.479802545354945945e-03 -4.226497868260823548e-03 -2.114918665238881834e-01 -6.183628037747627287e-02 4.525309419879303130e-02 -9.396307149867097475e-02 8.699079444088674007e-02 8.450443538589301473e-02 -2.893811082717293731e-02 -7.801771469109360091e-02
1.081595728357429426e-01 -1.263719322116293176e-01 2.445057036160629485e-02 -4.892134299068331971e-03 5.387905467214202521e-02 -8.479284955445796912e-02 1.253465621816423070e-01 -1.099077623620000888e-01 2.920019399342777683e-02 -5.219015453609215927e-02 -2.098423234538725757e-01 -1.027383101272662247e-02
-8.872571470781565051e-02 -8.456972282600115631e-02 4.435265101923242109e-02 -1.562485094320517909e-01 1.849605301308521882e-02 -1.004429503745328800e-01 4.086308534178416385e-02 -1.397373430052013810e-02 -1.386321868963662496e-01 2.095285626421446862e-02 9.847235737919979217e-04 -6.598804148056679197e-02
-8.115758948602301570e-02 4.986450323761025538e-02 1.714059392954492833e-01 -2.553542491047865529e-02 2.053321721475721839e-02 1.478534881421348923e-01 -7.768284884987958216e-02 7.444313993470131827e-04 2.104631851376165541e-01 7.199199319797315588e-02 6.616518015122457852e-02 1.389550096390967104e-01
1.658235382043566075e-01 -2.421632156948953785e-02 -4.514319859752244368e-02 3.463769255507059136e-02 -3.598814336729328628e-02 1.462253336653799862e-01 2.599735611391247939e-02 2.447494114451369968e-02 -5.144402696780249994e-03 9.979964210466696350e-02 -1.724497982111573569e-01 -1.161477121211273826e-02
8.168974072294754585e-02 -1.253330837892006056e-01 -5.374359912769767489e-02 3.728423710463053126e-02 1.607046345935482165e-02 -1.172203148559153169e-01 -3.966553257183760145e-02 -8.930655090689249009e-02 2.966009468221672551e-02 -8.570103099459050466e-02 5.658777581922325162e-02 -3.967791394241357295e-02
6.355204618389119486e-02 8.247709987872409512e-03 7.081106188900646026e-02 6.294085055365665482e-02 -1.383519263413919911e-02 3.008336414420040988e-02 -1.991448758924101448e-01 1.031844476553527151e-01 1.434743559744334866e-02 -1.898508113563355248e-01 -1.421399531168684449e-01 -4.883545689946940799e-02
-1.281890574123757121e-01 2.009251560277285353e-01 -6.387755164063989299e-02 -8.404785856103047514e-02 -1.744028167391377046e-02 -6.667750397592091260e-02 -1.404944912132847501e-01 -1.021330560266019288e-01 -4.776131879367001565e-02 7.253711361600405361e-02 1.022015267850589632e-01 1.069664749685633326e-01
-2.680399623189907640e-02 1.666977090373117365e-01 -5.909941928330835620e-02 2.324919477704780191e-02 -2.337044184738960168e-02 6.790657178853957976e-02 -1.467719503472337261e-01 1.890500063827835198e-01 -8.261745556346067332e-02 2.985330129575445874e-03 -6.574436584744443313e-03 -4.595245720022878531e-03
8.461062533442781364e-02 -7.010696920626953432e-03 7.819884855492221953e-06 9.581103311012237334e-02 -4.617107685662182048e-02 7.691013814030744954e-04 -1.272680800993281902e-01 -3.177107967788180085e-03 -6.290687310954254374e-02 -1.532005155494138293e-01 7.521293462231343208e-02 -1.491781959745093478e-01
