-4.919443705995276694e+00
-3.986718507957840885e+00
-3.439922032911519878e+00
-4.101507375894057006e+00
-4.540258660168533744e+00
-3.704284706895691670e+00
-3.749924068731505855e+00
-4.447057899599592190e+00
-3.921049800889372161e+00
-3.992505398671440275e+00
-3.726704684341091145e+00
-4.016143650429443213e+00
-4.461184759809750489e+00
-4.351753914114486754e+00
-3.865958494669561318e+00
-4.051931627797045188e+00
-4.242891942069847211e+00
-3.582712291460059983e+00
-3.943646455330760414e+00
-4.018343649970802289e+00
-4.857925303765381564e+00
-4.507787103546162299e+00
-3.590514164089648297e+00
-4.425323517546352114e+00
-4.640664615969357421e+00
-4.187740731836606223e+00
-3.680512958487193398e+00
-3.709984752193212110e+00
-3.655896073493563492e+00
-4.297742932882334443e+00
-4.817896234480386397e+00
-4.344365252212875284e+00
-4.207994906863577356e+00
-3.791915090808561928e+00
-4.335989480003726193e+00
-4.252723152083046187e+00
-4.273599402374822276e+00
-3.651616193395772925e+00
-4.049549709275209963e+00
-3.981958988745785355e+00
-3.830106805412242021e+00
-3.868338315477987344e+00
-4.314562081402589122e+00
-4.596472147342972825e+00
-4.402196158789229763e+00
-4.198397886794420053e+00
-4.320298903345982211e+00
-3.765088665093367926e+00
-3.655009949506965228e+00
-4.011435361447610148e+00
-3.792093145100721152e+00
-4.388829091506207369e+00
-3.771260154824787492e+00
-4.712787813719681473e+00
-4.037151832021057984e+00
-3.985193956471479559e+00
-4.512267957117996886e+00
-3.660345274526946469e+00
-4.136133062624070433e+00
-3.952964731257107900e+00
-4.601519188569124452e+00
-3.877250942565591885e+00
-4.154339669545171532e+00
-3.763941777267824307e+00
-3.877074328282939852e+00
-4.371161266329538719e+00
-4.242945552484255423e+00
-4.641103228198702801e+00
-3.563272536875032426e+00
-4.503849639440053565e+00
-4.436219151679314798e+00
-3.853969287196780780e+00
-3.482984767559730077e+00
-4.350476999911420783e+00
-4.073696595527137809e+00
-4.680601465494450331e+00
-4.401107969688773380e+00
-3.368897688795025491e+00
-3.970160854341302503e+00
-4.204333405616952568e+00
-3.852432239343988929e+00
-4.645400987282894967e+00
-4.213164506580394431e+00
-4.108598579369570736e+00
-4.246259502485565385e+00
-3.860725386214101995e+00
-4.257912966987999148e+00
-4.918455211741753708e+00
-3.932751767590584535e+00
-4.361851255125443139e+00
-3.748429934165882660e+00
-4.068836067910472032e+00
-3.487031187255680287e+00
-4.409824870719558199e+00
-4.104293298870786089e+00
-4.560125693726656770e+00
-3.975928648733848103e+00
-3.764965019288488701e+00
-4.157909207053001488e+00
-3.829978116165253077e+00
