3.887507559958070966e-06 9.983819949857034151e-07 3.437702108761502156e-07 4.076354903401250883e-07 1.646003902794815869e-06 2.025509856164604263e-05 5.581795311590163032e-04 1.199234796952482716e-03 9.503923004103533760e-04 7.747931306223945942e-04 2.855825322350119200e-05 7.313679934991541228e-06
1.946146737663093638e-05 1.310165359735756350e-05 2.716623781381595265e-05 2.998643671594879807e-05 7.129527757534789378e-05 3.538699959978719423e-04 9.579522501547508423e-04 1.250980691260919009e-03 9.401426019808513824e-04 3.563374415021642824e-04 9.381587179504931361e-05 3.694762865327231238e-05
3.259792385233578480e-05 4.876100191044215786e-05 1.175946240413617839e-04 1.849492406215905583e-04 5.361837316479560597e-04 6.957560094181897093e-04 7.801342821659441830e-04 3.690615524469256174e-04 1.163878401732128167e-04 4.252493924285937241e-05 3.752393591152157444e-05 2.558593393286570490e-05
2.873291857670084515e-04 1.520471945350954329e-04 4.262206236240596277e-05 2.272761603211842835e-05 2.517154432504701463e-05 2.501601199854185838e-05 5.053969994473135765e-05 9.209095578413467934e-05 1.866977354155282707e-04 1.946618830813167018e-04 3.369598006302077582e-04 1.882430831171718298e-04
6.304289808607678946e-05 6.453658935075739849e-05 8.135848371988321597e-05 6.219181018889140039e-05 6.588139619959769466e-05 9.712496853392465189e-05 8.884992474272395367e-05 6.621403881483727634e-05 3.354909817992649630e-05 1.322821115642302949e-05 1.583899191626681897e-05 4.527723037413123019e-05
4.837316035343553936e-05 5.354195911257586711e-05 8.701536404668010964e-05 1.529222233604684916e-04 1.641865718318995704e-04 1.710028569560847209e-04 1.487023990501702003e-04 2.090628703011588696e-04 1.820080526243586972e-04 1.500394150082846596e-04 1.145415268443054186e-04 8.749864836749763871e-05
5.912258486621541336e-04 7.839348882759322127e-04 6.252465928809633824e-04 3.479498427556680521e-04 1.249149996566014786e-04 5.805883889298068092e-05 4.949929632163327511e-05 2.017046256784023095e-05 1.234908711104853795e-05 4.208604458619657481e-05 9.700828817653901824e-05 1.715830421790290143e-04
6.813706554485035680e-04 4.942565335061185070e-04 1.603522749661252529e-04 2.457099044611981044e-05 8.840616569258245069e-06 5.303235530014049978e-06 4.225037874844368344e-06 2.065990719198689302e-05 7.630644086119323869e-05 1.240911443179078320e-04 2.335999851666803278e-04 4.727013024011956230e-04
1.247657531809225602e-05 4.330979494939914918e-05 1.703026147361429274e-04 6.991129400754251622e-04 1.316121183127099813e-03 2.030336294264296296e-03 5.799495371849221551e-04 1.172458600702602977e-04 2.873965212727836295e-05 7.146404715937303094e-06 3.634767618924061247e-06 5.293772003861217587e-06
3.346313364615102932e-04 6.497627039683425126e-04 8.200374939754758894e-04 5.902536927949038033e-04 2.341436568891754847e-04 1.687151510947400453e-04 5.444056816072780953e-05 1.204043272492491304e-05 1.516605346823740441e-05 1.936809060010727238e-05 5.199888909871653095e-05 1.950881581134007899e-04
2.245259308974805693e-04 2.020268737794108933e-04 1.539213309806584950e-04 3.991224099370245840e-05 4.463114611728838063e-05 4.155214594617426542e-05 6.362607086115107066e-05 1.338736076350803105e-04 1.809055850451676427e-04 2.139316550226319415e-04 3.344003907479964561e-04 3.225593557732325833e-04
8.715849235996152538e-05 1.459246010343418106e-04 1.425196013462427076e-04 2.407666415844388747e-04 1.969787051797224466e-04 2.407179891137839803e-04 2.253544198417171756e-04 1.439267622555200196e-04 4.488010228331263551e-05 4.664016894725625751e-05 4.471605096113021673e-05 7.366376027298182053e-05
5.694827982098394900e-06 3.742094163748738915e-05 4.460550304099974886e-04 3.155548480312094558e-03 4.568910350300083023e-03 2.171056460759548338e-03 3.195958839191336801e-04 4.821275365096776950e-05 4.910493521385903487e-06 9.573193124083087294e-07 7.863878996297870401e-07 1.428246105820302282e-06
3.609206664243022361e-06 1.131013434710676819e-05 4.896187152562725452e-05 2.745460677213495482e-04 1.215859707187345049e-03 3.214212089528668478e-03 1.849975040977522604e-03 8.015018702164176251e-04 9.504599054551125142e-05 1.131586231191422354e-05 2.505752626672599321e-06 1.611202524464233743e-06
1.891868624561244695e-05 1.530490096287149917e-05 2.134030175507354381e-05 2.898890075478635612e-05 5.666114849947611487e-05 1.323725140595373277e-04 2.350889452012228423e-04 8.425406729978529964e-04 6.062939287740755964e-04 3.152177702845662894e-04 1.445366578261624523e-04 4.728254671269427995e-05
2.878549274342710829e-05 1.181341964437637056e-05 1.279624291305695588e-05 1.918902679923153382e-05 3.741896706316692479e-05 2.998646196560367152e-04 5.790605538975688183e-04 1.246663061962531094e-03 6.965296765161696751e-04 5.078672371407012354e-04 1.414669426631682582e-04 5.652119973489550301e-05
2.570780181763018205e-04 4.005602692943179108e-04 1.409367551048226167e-04 7.755675741290264755e-05 6.292543276402184124e-05 5.217412804313118434e-05 3.479810262445844554e-05 4.270754428234481708e-05 5.294609323933917322e-05 8.240598413938278802e-05 1.740585613845075307e-04 2.137160882147799614e-04
1.803587678174944637e-04 2.496679665769404688e-04 2.066411383274526035e-04 2.876785740155985956e-04 2.304592037315634091e-04 2.210343952182428962e-04 1.696782288412052736e-04 1.462061738752017147e-04 9.442559364395005598e-05 9.820962410914632916e-05 1.153824950107099539e-04 9.902680151598143078e-05
1.644409296114719316e-05 1.205347599554450342e-05 1.861014243019230770e-05 9.922155452563687962e-05 1.954091294063610461e-04 4.376630182964427848e-04 5.865762604306394047e-04 4.992275194241478815e-04 4.747440830437923086e-04 8.271724178945384328e-05 4.031493456924051879e-05 1.829701601439723407e-05
3.138287000953412825e-04 9.852965031378114232e-05 5.794444854784039009e-05 1.459821585829291159e-05 9.120915009723040787e-06 6.585683348072509040e-06 4.760056677944832045e-06 1.275930288635912720e-05 6.179516032228516537e-05 4.782178734529180311e-04 9.905544454109147922e-04 1.399956073187709742e-03
3.955477819104657462e-06 4.278884070615664883e-06 7.979457951757981028e-06 5.669126502322764384e-05 1.156025342533142182e-04 2.046758845361408129e-04 6.445748660886931394e-04 1.114443749555844810e-03 5.974157775755977806e-04 1.211511964416201652e-04 3.697913856363016705e-05 1.046283430471393860e-05
1.162319214218777275e-04 6.309110704830152077e-05 9.384968860223957593e-05 1.273973623639541506e-04 1.270679875442632376e-04 1.529056289221578698e-04 1.388979616295666340e-04 2.045870272473567398e-04 2.597120797870590631e-04 2.220426094467283125e-04 1.421725578243644521e-04 1.203892864165490088e-04
4.431628967021347828e-04 3.377724935535319920e-04 2.176955086527891680e-04 9.443929492239242418e-05 5.311596297086178519e-05 2.839558446401023136e-05 2.747261698693370536e-05 6.425272683771700115e-05 9.377167737683579586e-05 1.504143733987017427e-04 2.355945424879724796e-04 2.385939360520622748e-04
1.114207299603400553e-03 1.902837403078477601e-04 4.190299736742495601e-05 7.562836710642616164e-06 3.402359357989106714e-06 2.703251123412993214e-06 5.384965194843846258e-06 1.393510049705356996e-05 1.352610261177649787e-04 9.168388280200064078e-04 2.046053258706841040e-03 2.140309011292180694e-03
4.725515306084799336e-04 2.833281195178085818e-04 1.451715193122847265e-04 7.630352573626497886e-05 2.953478629754184302e-05 3.422755010149372454e-05 4.837184893001271414e-05 4.193520164046102608e-05 6.021862285774120545e-05 1.022573012213665689e-04 2.028818092719004941e-04 4.392901272882396312e-04
6.032243273060980578e-03 3.849861723926990397e-03 1.258961650079696952e-03 1.046647125658330525e-04 9.489587407067793035e-07 8.595038405862319198e-08 5.567209529279813290e-07 1.182195152422339178e-06 7.355546016443428927e-07 2.711807610635848887e-08 7.044867077780522216e-05 6.805154575668823048e-04
2.929291269829217771e-06 4.516752918523617338e-06 2.535705170432328538e-05 8.710955664892287430e-05 3.011105323883842412e-04 7.059497793481341911e-04 1.206151322179292284e-03 1.302493562638712800e-03 5.287908854704683349e-04 7.315305870747447860e-05 1.731489048350947117e-05 4.179252372398257501e-06
3.774910293224580170e-04 7.220016766872012831e-04 9.234525845302501111e-04 6.057539361062609738e-04 2.213965829968011774e-04 9.935598138458225537e-05 6.205655262746943748e-05 3.458574856228689904e-05 2.178883629866070585e-05 1.744576789104608833e-05 3.930390292828310586e-05 1.630892610011954250e-04
1.617650284180950464e-04 4.585667554960164686e-05 1.859734478923641914e-05 2.189890660245771427e-05 2.592995833442445644e-05 4.159676331979395535e-05 1.071391860638564391e-04 2.053761766014307788e-04 3.861323071622895496e-04 5.361750949043238290e-04 6.675175716524422466e-04 4.564767534548855982e-04
5.766228417658647581e-05 7.091039560651165783e-05 1.474633641892876892e-04 2.496246208466146722e-04 2.764032155825907225e-04 2.050788785437097906e-04 2.455511314603378353e-04 1.410625534201950186e-04 9.596897771011293017e-05 1.062207644390097559e-04 8.390480766986249705e-05 8.844411033173076692e-05
9.483351684362388264e-04 1.081731860881568832e-04 1.220188985238470208e-05 1.209863594317606779e-06 4.496274016491576653e-07 2.331171862150935038e-07 8.853270446338952888e-07 1.929113777459963311e-05 1.158616603639925677e-04 4.233715792864439233e-04 3.030849158873500249e-03 5.297242066222280013e-03
5.390943219053034951e-06 4.630653605162804528e-06 5.897078353941964565e-06 1.449361375747519846e-05 8.630708944419582316e-05 2.040860373659094632e-04 1.601952353413401591e-04 1.353935218300476070e-04 1.455606384636183820e-04 9.551384666233323829e-05 2.632048280576090158e-05 6.759679087258821823e-06
7.296585069547829481e-04 8.201424549138375524e-04 5.738740265901425648e-04 3.053974991532576303e-04 1.327259737676560962e-04 4.784111426061165152e-05 2.989950634175055061e-05 2.307515348923714710e-05 2.381991830550076356e-05 4.734362615817063944e-05 1.088130647193208346e-04 4.469365295513680792e-04
3.142769473216169496e-06 4.859299474337721142e-06 9.822834423130512779e-06 4.260070444481092039e-05 2.772051897015262293e-04 1.057743981134500345e-03 1.110665872082734198e-03 8.528602891012513915e-04 4.213555670041818266e-04 1.333380777129787012e-04 2.506932841913390544e-05 7.654050070487644121e-06
1.514852072296599226e-04 8.576699971205122746e-04 1.556522549950978924e-03 2.451171490339454622e-03 1.068982100031825059e-03 2.109891385387275772e-04 5.164180408530293483e-05 7.807719882338657886e-06 1.917911108592801456e-06 1.538896046759276786e-06 1.728803997306770415e-06 6.208582083920824404e-06
2.664072003017143686e-04 2.067578795395602555e-04 1.209883709031625408e-04 8.837368072019700981e-05 2.549736055368027204e-05 2.461218136348107476e-05 3.870010533633953033e-05 8.142884560686453944e-05 1.701117446077840393e-04 2.674100416441690595e-04 3.926351039589613505e-04 3.120767342817165916e-04
1.019948159520986742e-06 1.689209624119245546e-06 3.634144916622738148e-06 2.764550297031887087e-05 2.814756636225881946e-04 8.422346179741232357e-04 6.375816484439910141e-04 4.310415218543430047e-04 2.831915164632062601e-04 4.739399791502130617e-05 5.449321281871894293e-06 1.642342220329380601e-06
8.940326154799951028e-05 1.316441652798403395e-04 1.759332128670811101e-04 2.310128428568483108e-04 9.058960212040355450e-05 1.026058032335248974e-05 4.850054767940610901e-06 2.900620444591734529e-06 4.082343375660195452e-06 9.276556064383419749e-06 2.513369702941058455e-05 7.369187933250870000e-05
3.607498007879147636e-04 2.186146480615585094e-05 3.615192051033176365e-06 1.765169114836175082e-06 1.049012603542018620e-06 1.887469107837354527e-06 1.825187472194181318e-05 8.933452211755075480e-05 5.281802341323367294e-04 1.054371947127817491e-03 1.472911089223003693e-03 1.180705352319851020e-03
1.996649543936423001e-04 2.617650584032965339e-04 2.320305449572005808e-04 7.047762897243642669e-05 2.813721896216743692e-05 2.948613265452041675e-05 4.661376387125318652e-05 3.213922615185885520e-05 2.994974187893812819e-05 4.646092722879427320e-05 8.346190244936342660e-05 1.417813418663162921e-04
2.542780821287554584e-03 5.626135448200477590e-03 3.632656469129406061e-03 1.245087253682342901e-04 8.121961931713735730e-08 1.676512711886983265e-06 3.097560906329991816e-06 6.653496643766035118e-06 1.485134092202869452e-05 7.243283594797978894e-06 1.191109440076881855e-06 3.074923767813360874e-04
1.841579722733174568e-06 1.216890759425327290e-05 7.261953151965460100e-05 8.404219034782453926e-04 1.573764627675843224e-03 7.737580299752209144e-04 3.977645703297254449e-04 1.562950952598192997e-04 5.279333797894178055e-06 6.356624116578332359e-07 4.622231872124680364e-07 5.286407014601391634e-07
2.247832741426416582e-04 2.584351462592637621e-04 2.893528720738483464e-04 2.530338673560363332e-04 1.623920457941255713e-04 1.341191114292148757e-04 1.033109617518599397e-04 5.660526248863651671e-05 2.865505889486395715e-05 4.237538348452850182e-05 4.044002013922599962e-05 5.599072901455636126e-05
2.588439883512061156e-05 1.737841404662992791e-04 1.156139313998909811e-03 1.333803632967522522e-03 1.764930223670156022e-03 6.032756879644174354e-04 7.087786742110665562e-05 3.881922749248001388e-06 4.689012600867267915e-07 4.359507520689056117e-07 5.241335945950692160e-07 2.421882264579069507e-06
2.076019273124663978e-05 3.263955949938472888e-06 1.454088289950698510e-06 2.722628711702472009e-06 4.335718841222428205e-06 2.137081872566676450e-05 1.026230953996854351e-04 7.657481367441253692e-04 3.615288112798518277e-03 2.727097350014740223e-03 1.125589271335843524e-03 9.978482265734921642e-05
5.588600202017802434e-05 5.588749829043646863e-05 1.097116502765647532e-04 2.597694098036813044e-04 4.989408621811522275e-04 5.392841828725353746e-04 4.402597650809539679e-04 2.234934264806931643e-04 7.045585145634748769e-05 4.544538175900383355e-05 4.451314257520881977e-05 4.800918452216629181e-05
2.668560917726395291e-06 4.766213781256413932e-06 3.029038201277618891e-05 8.813211718998608421e-05 3.114502945796145616e-04 1.051154757335227841e-03 2.364345916741505960e-03 1.455564061005569206e-03 2.072882238129354680e-04 3.104017931483222327e-05 9.586487281400689312e-06 2.763927633487664917e-06
2.861307268198147284e-04 1.785066948060613876e-04 1.382020615718390470e-04 1.097351189082758230e-04 5.569546513416325602e-05 4.002958936611871946e-05 4.928931142076099342e-05 9.041357128052093914e-05 1.252957676728155736e-04 2.961657769568089293e-04 3.634140843228291016e-04 4.431914658673830878e-04
4.552095086649553154e-05 1.696130282576035025e-05 1.124013400870733845e-05 1.159986523696566435e-05 6.474489410747519377e-05 1.343908121329487739e-04 3.063174288738590217e-04 9.934146300015097002e-04 1.185697277630070939e-03 7.392979920690384435e-04 2.584329103508814377e-04 8.762889340506010484e-05
1.345156097319192602e-04 4.668084263630519403e-04 3.822716509736123086e-04 2.892388062021530892e-04 3.216366950636667600e-04 8.292896027841706221e-05 2.903440404416623112e-05 1.481587807139897334e-05 8.884089564355318502e-06 1.432416776925688337e-05 2.262755678554630347e-05 5.909059695938875952e-05
2.528417208670077231e-09 2.597712538718398951e-04 4.657663331810654186e-04 3.534385199905839300e-04 6.952558944742557147e-05 2.044422944830150387e-05 1.409925912444669448e-06 2.043837720304293975e-04 1.619479052068798766e-03 3.258743174978462418e-03 1.489761410455833854e-03 2.749811740476275357e-04
3.080790857357060366e-06 5.400922356035403040e-06 3.977048248024239095e-05 5.098854358868719133e-04 8.070473490217604674e-04 1.296586406213597227e-03 1.101172054266666553e-03 2.300505903753647058e-04 4.265494399373999032e-05 1.082652695464052945e-05 4.438389004246701801e-06 1.932663253994160179e-06
9.158644053792527201e-05 9.113483697703468861e-05 7.180680721985519162e-05 1.051800710086955929e-04 1.419545574711587703e-04 1.499949695159913073e-04 2.368124184028303218e-04 2.208298307522275851e-04 1.487268306503391872e-04 1.214397049204467901e-04 1.574912252904944309e-04 1.329830423863219478e-04
6.625869883057283814e-05 1.153271800314871026e-04 2.521725971982883229e-04 7.140369424392955817e-04 5.264396298543420416e-04 3.846810917200006795e-04 2.624221506224667586e-04 1.325529559880589116e-05 5.944488523813972811e-06 7.436986841984348979e-06 7.770966254237622804e-06 2.192878925310853784e-05
6.862081656050716483e-04 1.101675902649340783e-03 7.276399362397775218e-04 1.040148601266914529e-04 4.027432998760942283e-05 1.599891265188493818e-05 6.331951675405084017e-06 6.479088565339308971e-06 1.657805567726658899e-05 5.444010206209284072e-05 8.830082539631456113e-05 2.680095497849628236e-04
3.300909688465896038e-04 3.261073894956046195e-04 6.906440729685157476e-05 3.711605358265375763e-05 2.403504144003280456e-05 1.726585492357444017e-05 4.327469472455359361e-05 6.095612077929536883e-05 1.126750827971819671e-04 1.744115214996490141e-04 2.919071264907063595e-04 4.063662863918533937e-04
1.038783103325537293e-05 1.351628199717231748e-04 4.994962460640577908e-04 9.846523811958892303e-04 1.583492535976131462e-03 9.170034705811514137e-04 8.240920933954599958e-05 1.985979700582861764e-05 1.036743724621924670e-05 8.136176908791497875e-06 5.061616264482272268e-06 4.314948044214292745e-06
2.642099274345414137e-05 8.396938844892517498e-05 9.667879347225964281e-05 1.107567554819436408e-04 7.285444703665922700e-05 7.597702990590210351e-05 7.482854850230380721e-05 8.821392021753619471e-05 5.974366729963498959e-05 3.394205544232624806e-05 2.187589604901754673e-05 2.810204493345153451e-05
1.959679250371611104e-05 2.659004645206391361e-05 7.075791528318759350e-05 2.109240295959666841e-04 3.790270661811148299e-04 8.331123498748337509e-04 6.251461736943938639e-04 2.479064680752720586e-04 1.002429547562325499e-04 7.303653776391468054e-05 3.896919288139037658e-05 1.492697066688074282e-05
2.180973467959747319e-05 3.827943829062990154e-05 4.376347796950737820e-05 7.725884346487832974e-05 1.939753269238969559e-04 2.797099395445386879e-04 2.651670790215088637e-04 2.296972823550257601e-04 1.274957596664735371e-04 1.325555835010280338e-04 9.882050269599464577e-05 5.143671760177499259e-05
3.219002331789664356e-06 3.240084596026208611e-06 2.305166812657041198e-06 2.088613246193264313e-06 2.792231790424674412e-06 5.994176221645558711e-06 1.526108759736706521e-05 4.752316295874874812e-05 1.519441508795277817e-05 1.246706443271538812e-05 6.789540927002569774e-06 4.712053859319033875e-06
1.801651791702619132e-04 7.053632132030622222e-05 6.420342060642572775e-05 4.770849538766433235e-05 3.776203922094996932e-05 5.203199272106729360e-05 6.755586546340824146e-05 8.158692612388164587e-05 1.785167883815695644e-04 3.254271559610381784e-04 4.381857019924100091e-04 1.776985974838493751e-04
4.448827203358317821e-05 6.360401018720623152e-05 1.000995007136307326e-04 1.669505101264417046e-04 2.088732776880080223e-04 1.339381433991023839e-04 1.092694007429337240e-04 8.674967027769142896e-05 1.098861274078642182e-04 6.302208758715578381e-05 4.064676564859034903e-05 2.485111668224019749e-05
3.488459165884569605e-04 8.336976291064717749e-04 8.977448705081477864e-04 9.102089643894392072e-04 4.276298468953061704e-04 5.762987978316745364e-05 1.811798812404487381e-05 9.159741572238616991e-06 5.282754581573392118e-06 1.114917203557626130e-05 3.303937836626424343e-05 9.860621415993120074e-05
4.490365004476955875e-04 3.650525404866511903e-04 1.304890676966869508e-04 4.313097958587185272e-05 3.688698655783327591e-05 2.226831216158302830e-05 1.611365577485442528e-05 1.711411608398809715e-05 4.804612148883006417e-05 8.064694979989576974e-05 1.187126118001805421e-04 1.818041994437915969e-04
8.934837546188071494e-05 1.423122104423148215e-04 1.240088387612334783e-04 1.211579338462148264e-04 1.534192317593330139e-04 1.746130762709197592e-04 2.026553092840094447e-04 2.081364257263779930e-04 1.280295302015956981e-04 8.735415205605977782e-05 1.386280986426535224e-04 1.255072145627780431e-04
2.716788097960396017e-04 2.902772937903919971e-04 1.337315634555727515e-04 8.547750341209069472e-05 4.327859509912921682e-05 5.958291603134431070e-05 6.898072496232281929e-05 1.068614852791103045e-04 1.145660030466958036e-04 1.974028515934591937e-04 1.844659443327190942e-04 3.743293562745966438e-04
1.147778276830081252e-04 4.105603699691527794e-04 8.799036489552108800e-04 1.126119627741247733e-03 1.152914603280892798e-03 3.281731337808523529e-04 6.976886586501461615e-05 1.589765191349793997e-05 1.955469051969313825e-06 1.213597908415699573e-06 1.787176721447790277e-06 9.023627477094822721e-06
9.319661063561957698e-04 8.983836727412232914e-04 6.226224904484066892e-04 2.031167687237565367e-04 9.034834386422531177e-05 1.338330712113803264e-05 9.227784663327536559e-06 1.305804017247517002e-05 2.332334600774148807e-05 5.093372701496940027e-05 2.795349445594360487e-04 4.839057581325794700e-04
3.333698798242535721e-05 8.741967066776230389e-05 2.474973417663866269e-04 1.908840709203424313e-04 1.897975482767514592e-04 1.670968116204298406e-04 1.499048115980784767e-04 7.168435516266170458e-05 2.906831932210235335e-05 3.534601667499063572e-05 2.603587641036068676e-05 2.602605920688817945e-05
2.849805594439497761e-05 1.441123226070225459e-05 2.098996537731421944e-05 2.958555626303770267e-05 4.006720844082121790e-05 1.052641658878347871e-04 1.484171563757091198e-04 2.891492971705459216e-04 5.720959570546654480e-04 3.466780420844878079e-04 1.115180206771800324e-04 5.204346055869103418e-05
7.986419758749291505e-04 2.527342292170172843e-04 5.307856945143719918e-05 4.091604687300164428e-06 2.146287744974983739e-06 2.147691500855609869e-06 3.879292586418362557e-06 1.915085552675126372e-05 1.354244347605841245e-04 5.397000295554847411e-04 7.494498595778988905e-04 1.005697184939755408e-03
6.130128557012523333e-05 7.344538488282760698e-05 1.568239818777750487e-04 2.508775692378891831e-04 3.978606210116189079e-04 4.062883138514988639e-04 2.803835480154760859e-04 2.789025075106002570e-04 9.107482327099217961e-05 7.380394214520127601e-05 8.625746370473961566e-05 3.937638765736472228e-05
3.780862370386437301e-04 1.075789167329184318e-03 1.992590964012053156e-03 4.552421764903449245e-04 1.132408022047805290e-04 3.997632402929129827e-05 6.209406287264340181e-06 1.201901705407346429e-06 1.129124685510901676e-06 5.279379873755951447e-06 3.680705568543330352e-05 8.669850517353001743e-05
3.592305153957012567e-05 7.443448247951947084e-05 2.172123977060951548e-04 3.588325923200977102e-04 4.133593907744491738e-04 5.291656918628481060e-04 4.573531811864519877e-04 2.194645602822233922e-04 9.067052612990671547e-05 5.336038012697875337e-05 2.914699693956862317e-05 3.711419415284913643e-05
1.167306739823939640e-03 1.995139159108279443e-03 1.023984884799937880e-03 5.832354891614042894e-04 1.236175869896962896e-04 8.987094986217447886e-06 1.246770823936406154e-06 5.018148527607241972e-07 8.286129140437218708e-07 5.086015880984088908e-06 2.371382113267830300e-05 1.028415443176483005e-04
5.607977997691906703e-05 7.587751021778093978e-05 8.326579719030664296e-05 9.556976890003227325e-05 1.043824974366525967e-04 8.179985015926189860e-05 1.028837177981509524e-04 1.395479790453182977e-04 8.388073659293062865e-05 2.771531652664365909e-05 3.792614268825157724e-05 3.812585275854309916e-05
2.804632186437320813e-04 2.842267769419245323e-04 1.728437222371113154e-04 1.226412961581319744e-04 7.126155078135374701e-05 7.041337476913875522e-05 7.495648397508353916e-05 5.480684073480614486e-05 4.786092004763700675e-05 9.580176182511556467e-05 1.513413104522695911e-04 3.346332197983049156e-04
5.875200233085028964e-06 2.263648291329420184e-06 1.016968926801067753e-06 1.376526129076687285e-06 6.415325923928633906e-06 3.819187889750026379e-05 3.806416318101116377e-04 3.924335439923423577e-04 6.094555435340808739e-04 5.565760548937753217e-04 1.419330669409610865e-04 1.668999740237196602e-05
1.040399260954923100e-04 1.372188644317968949e-05 6.942580716596925463e-06 4.975099974214379942e-06 1.271213869711045214e-05 3.914112135489023809e-05 1.988600677795566562e-04 4.481164154399837145e-04 1.175077142129308822e-03 1.193136864214709584e-03 4.871272156842828931e-04 2.967293437443533732e-04
8.362634271643798088e-05 4.565240760389644537e-05 4.041527107875792283e-05 4.033586294994483189e-05 3.978440462314536370e-05 3.275292086656677129e-05 3.310299942593225423e-05 3.252282539156301096e-05 3.688747882614194546e-05 1.064459711156240336e-04 1.709704769714232389e-04 1.586215634269000634e-04
8.476959021042122745e-05 9.559045755184120759e-05 9.311508625051107902e-05 7.789421379251146858e-05 1.110183020264466719e-04 1.278324168209090111e-04 1.262184516459224199e-04 1.095510908947295095e-04 2.181228979526727587e-04 1.275983898979941064e-04 1.031487787451935024e-04 5.780060725055081707e-05
1.697794986968646758e-04 1.091583030472531048e-05 2.005339778094225822e-06 1.152843055367335752e-06 1.230743253770169805e-06 1.612510505561256852e-06 6.169098510604651756e-06 6.162394904082851138e-05 3.022870448377789850e-04 3.481796731239445515e-04 3.642288924065405068e-04 2.892925859523901998e-04
1.690449945086328583e-05 2.618469546211174318e-05 4.945392386513765363e-05 8.204011904725594720e-05 2.066049852229206779e-04 4.281310278483935108e-04 8.669827966274364084e-04 6.334683359042932995e-04 4.588931660377180651e-04 2.155534874539580855e-04 1.059533520912337389e-04 3.296181417438426162e-05
3.873744091325616594e-04 3.066156136389941878e-03 5.299420682627377366e-03 2.776574010353605529e-03 2.520358861689880252e-04 2.577300300953800800e-05 2.940815062051592009e-06 6.349014557680017406e-07 4.281986359419534258e-07 8.949720338952491223e-07 6.594973946982665475e-06 6.204461437119904708e-05
2.212197712937936283e-04 6.919125400843255543e-05 3.246297489196319966e-05 1.782680373120101386e-05 1.575644996382762118e-05 1.851888018917262349e-05 4.889765090679598804e-05 2.464833015819349127e-04 3.681118994282036412e-04 7.245445593831185277e-04 4.397546407782973303e-04 3.018829824258985068e-04
8.148161494398733443e-04 9.272323204059871714e-04 4.963946633167337251e-04 2.122720266205305173e-04 5.650433217947719585e-05 1.462323227768531329e-05 6.149069406867659371e-06 5.002617739147832921e-06 9.097375933738258852e-06 2.393521121848835834e-05 6.705750248814852145e-05 6.655121199037081041e-04
2.100852962614309610e-04 2.146529842572161937e-04 1.110987150212798682e-04 6.260844257800403801e-05 2.084386578454390442e-05 1.714788437841832717e-05 1.397773063602869724e-05 1.896130672581671571e-05 3.406098327148734598e-05 9.666174779452625415e-05 2.835155057579783833e-04 5.176786150032508397e-04
8.810979773448355255e-05 2.452613327949080949e-04 5.213911475599918499e-04 4.478323401302437444e-04 2.765327487084753323e-04 1.799881432560644396e-04 4.376829438521714975e-05 3.324087676477501278e-05 2.155770641160370912e-05 3.287488482315598516e-05 6.638946963554092316e-05 8.396638576918573566e-05
2.284141406879430379e-04 3.529980420559094656e-04 2.237450438473114899e-04 6.557382724791222482e-05 1.619165571231252952e-05 1.178704414937323652e-05 1.059639424994493099e-05 2.167183228449166745e-05 3.786330417171522664e-05 6.756391400708552919e-05 1.604343250678605306e-04 1.800694864794230294e-04
9.530696247332247524e-05 3.217458229035934287e-04 6.101790725510335134e-04 8.757351840898844938e-04 7.865035957670454261e-04 2.802441905424753752e-04 1.826664407577186552e-04 8.577244721919431280e-05 2.978080170468973194e-05 1.997294491499932852e-05 2.134726865828873846e-05 4.371842744529213072e-05
4.882010374147084810e-05 8.988786069926618715e-05 8.330613620794413926e-05 1.685926510275691356e-04 3.324779828089712724e-04 2.233708573658932037e-04 2.173365434938384698e-04 1.924037990306451775e-04 1.632270931749094393e-04 6.913801437386487886e-05 6.639492319451077555e-05 6.018074467476392008e-05
3.688400746288513562e-05 6.569527968422006568e-05 1.124886285570081705e-04 2.195621735848338944e-04 3.691060328259705790e-04 6.516411936385700264e-04 3.690653643678575729e-04 1.452361911792277255e-04 5.098390054075266218e-05 4.105184004812219311e-05 2.719297805226382191e-05 2.075103290381804882e-05
1.679156566369538435e-05 4.889992886369024227e-05 6.897176470097886379e-05 1.214363591186014545e-04 2.922078592331057837e-04 6.607592892920454179e-04 8.400422899815484764e-04 4.490283632376875118e-04 3.341190254626451393e-04 6.497079662841439456e-05 2.544736176025882263e-05 1.645972403012593968e-05
1.520494102815042939e-04 3.959230857480790038e-04 1.721204920129972644e-04 5.763960614865477617e-05 3.217295683010678079e-05 1.138464081560606706e-05 7.474941054754742199e-06 9.370904993888366609e-06 1.094275833233502325e-05 2.173098495103966752e-05 2.426741231384824509e-05 7.903791107469152898e-05
4.891524983841144227e-05 6.753910888858471811e-05 3.394295106750080373e-05 4.781466084619117137e-05 8.855352634104524242e-05 1.926602462655717526e-04 2.274308402897477050e-04 5.369711227730823017e-04 4.548964528609029554e-04 3.999845608352437356e-04 2.243745562111444745e-04 1.385460368298956036e-04
1.356702253841037486e-04 1.512617575165657244e-04 1.120698687716352530e-04 1.127848788889952556e-04 7.635170570427274360e-05 4.349815682412799323e-05 2.447246157631943842e-05 1.380401430522135512e-05 1.658485703808434291e-05 2.249206662620685480e-05 3.481496965444841904e-05 1.619632324624221899e-04
2.485108513729588579e-04 1.686433146345681598e-04 6.405678147347224852e-05 4.182167001816383315e-05 4.063195577471783143e-05 3.942047761325452045e-05 6.761441582097519362e-05 6.021271898853038004e-05 1.439014164474080421e-04 2.039953573439086149e-04 4.223162884342968461e-04 4.956459837397328644e-04
4.482127771473748114e-05 5.182979556610651769e-05 4.165252093918379216e-05 8.612703463283995513e-05 9.659356428227672253e-05 1.786868459744736905e-04 3.862520363082113349e-04 4.578450164620846978e-04 3.320312337683143235e-04 1.599471794556688497e-04 7.982427129294041024e-05 4.722184274403276914e-05
5.206653740615538838e-04 1.754777114004573693e-04 1.020458269018517634e-04 4.039426645624928343e-05 2.266068764469182200e-05 2.459741834415751151e-05 2.833104137423642113e-05 6.899952605261548450e-05 9.102501482378385972e-05 2.279712191073742151e-04 2.678127915458560176e-04 5.008744905698313959e-04
