9.405172886264046017e-02 2.106124134348668631e-01 -3.001055672318099221e-01 1.509834448871917589e-02 7.265897484960927299e-02 -1.950836318416499793e-01 -2.735050167092458739e-01 -1.018704678855083257e-01 -8.807169959000064885e-02 -8.989819817149240222e-02
1.939059343958212112e-01 2.394655943162441458e-01 3.822287754002558491e-01 8.322967183773194444e-01 -1.112613344203329385e-01 2.258975133934746082e-01 2.754407838680682508e-01 4.787439919453278375e-02 -8.987914701765330194e-02 -2.119864044555698768e-01
-6.670363611476949339e-01 -2.292849802873511422e-01 -2.023906427861099921e-01 -3.802932177061792429e-01 -2.588688403535958638e-01 1.145021129473322852e-01 6.167581150963869635e-02 1.984523797618404153e-02 -2.105770716750433869e-01 -4.350738368094204112e-01
-2.691844592611316589e-01 3.248860420537846849e-01 2.595254948291446651e-01 1.302042551565931461e-01 -2.670402892927637994e-01 1.465524962897743477e-01 -2.428357962936125436e-01 1.649373263238467502e-01 2.500614297141439540e-02 -1.382583059597754516e-01
4.185253825665842808e-01 2.636494099718446615e-01 -5.453497548681269791e-01 -4.020660759449115607e-01 -2.577781399723929612e-01 2.864922265436422102e-02 8.560496662054964401e-02 -2.202611160390852418e-01 -1.635171145607283161e-01 -1.805416277894802968e-01
4.758563803998531738e-01 2.005836801760290944e-01 1.496926023701349584e-01 -1.616440253304862462e-01 1.393303811486554245e-01 -8.085959409433793321e-02 -7.459263277494668221e-02 -3.239090276413724712e-01 5.898101999322661326e-01 -1.806334512428981742e-01
1.661970302410798947e-02 1.640995118151404308e-01 -4.683373757170345569e-02 -3.265618362266388686e-01 2.576411182780835238e-02 4.243855436993210217e-01 4.625290789895368793e-01 -3.533504093618312636e-01 6.192889275478509203e-01 1.066697885845906552e-01
-3.801562407135056915e-02 9.633952363411045494e-02 -2.767155302746247547e-01 -1.918367732911122406e-02 -3.223280491390936170e-02 5.056310935710045529e-01 -1.366426407997602954e-01 -3.791692421601922103e-01 -1.885154877261947248e-01 2.500216229614263784e-03
3.826550329804890432e-02 1.660468117835481872e-01 -1.859696036354043236e-01 8.827094954161152085e-02 -1.250886455180839386e-02 3.253231333470728986e-02 1.827990536485430140e-01 -3.649510957226961283e-01 -4.306102958770866018e-02 1.130483323818510105e-01
2.124142145862611963e-01 3.831097323293701784e-01 1.081553209345662292e-01 -6.166150388673297816e-02 5.561064114569962830e-02 -9.493815868936265889e-02 -1.472265468762450347e-01 1.365192073758027813e-01 5.965584610758455364e-01 -8.128335080180112970e-02
-1.567726356048712022e-01 -3.937672972291955675e-01 -4.654657360299961355e-01 -2.031986520875652957e-01 1.117087282257814007e-01 4.580665377779873371e-01 6.748275228478904653e-02 1.518713584517348558e-01 -3.130650890345213488e-01 -1.004805036611064739e-01
3.133069422787029823e-01 1.518928234892338580e-01 -9.937188324569819209e-02 -9.919130780271706582e-02 -5.243930296172261835e-02 4.809858430195824153e-01 -7.051002500446535565e-03 6.141438172529083417e-01 4.681467799336139213e-02 5.212779233321210848e-01
4.263811835057910310e-02 -1.579057491264325153e-01 -3.518785428749401922e-01 3.171528360073080366e-01 -2.467102901949907723e-01 -3.626865626336069071e-02 4.970955677721541344e-01 -8.816691205559451516e-02 1.091210921195888139e-01 3.003344265038525585e-01
-5.997106294469071175e-01 -3.233480384495194815e-01 1.944483086452059029e-01 -3.473836430776945650e-02 2.349598088287771502e-01 1.393758025671739398e-01 3.972668489970424544e-01 -4.232310340698642870e-01 -4.990858802299030783e-01 2.074225162806341283e-01
-1.811210646720319908e-02 -1.813098235280075632e-01 -1.144650570462107386e-01 -2.115634420934314197e-01 2.670785015141180496e-01 -5.805031055331675294e-01 -1.337294442677298134e-01 3.106142473372627277e-01 -1.949433270172630239e-01 8.093763688252910704e-01
-1.870104326614543122e-01 -3.679205720908733102e-01 4.823377250142498601e-02 2.282858291552508911e-01 -4.664327791184552097e-01 -8.548331138761137149e-01 -3.671806618905547048e-01 6.479751239653720740e-02 -2.607981153492547888e-01 1.836171335439468894e-02
-5.204396525175610799e-01 4.168502314393251161e-03 -4.262229512206277410e-02 2.716359534210380788e-01 -4.295690968081188887e-01 -1.401002465645517260e-02 -3.197938590606650977e-01 -1.437641967053635006e-01 1.610119175859595630e-01 -1.318938212021293979e-02
9.626550993596140471e-02 -1.352634410065400306e-01 6.700068528096561615e-02 -1.882738414692579076e-01 6.583423905997803915e-02 -1.054684553235613470e-01 -2.597497026427550079e-02 2.714979840808600664e-01 -2.950568397500503703e-01 2.122923122430431242e-01
3.402644515523310376e-01 -5.290975281491283599e-02 2.758150469514558667e-01 -1.969204015600126700e-01 2.055851211766691056e-01 -2.953578878870109503e-01 2.139155554185030728e-01 -1.709251498919469106e-02 -7.154680737293141191e-02 -4.853856660280301827e-01
-1.373439991945509808e-01 -5.859685918973948221e-02 -7.111653646784681093e-02 -2.378982190235639504e-01 -3.592129104175371124e-01 2.327031320782655954e-01 4.123927158230168699e-02 -3.318072839507676397e-01 -4.344867688285509733e-01 1.309044304174186713e-01
-1.435340575071089864e-01 7.249404249053957583e-02 6.587212598320827395e-01 -1.012697705024010464e-01 -3.093959708924837182e-01 -1.047364435181118679e-02 -1.598361341809372838e-01 -4.708788658349832845e-02 3.518583663117949567e-01 -2.341847051390446577e-01
3.796193644771818643e-01 -1.721432201499117631e-01 1.087588874135156369e-01 1.560157404861738095e-01 2.989193269191083857e-01 -1.133189252747293929e-01 2.106125971136562844e-02 -3.714421940523252030e-01 -5.099217950456952364e-01 -2.161187975580126652e-01
-2.051024212104606836e-01 -3.621304368456821909e-01 1.645991654468310916e-01 -2.753408660140032604e-01 -9.292433158624587020e-02 -1.300220216000832762e-01 2.002921241090334370e-01 3.107542803088619299e-01 2.032955928835995241e-01 6.093789929099214797e-01
1.102250923822646750e-01 -4.054785638498559774e-01 -3.755871779900422092e-01 1.053099373434620428e-01 -1.281134114399601898e-01 1.861426321116126659e-01 7.183922566465929249e-02 -2.179794364373084659e-01 3.069120066197632002e-01 -8.016790612183227749e-02
-1.314971181125329236e-01 4.498555491178201082e-01 -1.202335434845631656e-01 3.998728419631993325e-01 -1.065203431463302014e-01 1.189505817543103361e-01 2.039677080762007932e-01 5.068167322220936688e-01 9.570319023280886642e-03 -1.341105389312426677e-01
-8.299808479703928155e-02 -4.633463875691846701e-01 -1.502331453740530509e-01 -2.468633415068241799e-01 -1.250744188949687863e-01 1.344987052840282415e-01 -3.800978570754310337e-01 3.673780612852839411e-01 -2.750715437268658192e-01 2.841332274585168793e-01
-2.195897059802132401e-01 2.334831991229306403e-01 7.137967120692161049e-02 3.672166716252139862e-01 -5.166413058272198988e-01 2.176926948129642714e-01 1.866305363118221650e-01 1.941475869501231022e-01 -4.186426052748011273e-01 4.070903746310675086e-01
1.957215712552978493e-01 -6.698849965165588893e-02 4.311564631237452955e-02 -2.717569543562231016e-01 -1.197222528443182832e-01 1.521364441373735110e-01 -8.416062431476244166e-02 -2.346322442805216790e-01 -3.972744252089627781e-01 3.238436266891162596e-01
-1.666633604315345685e-01 7.619147794051901734e-02 -2.692538652427714160e-02 -1.241586387829961106e-02 2.840679721912110489e-01 -4.105159961485775888e-01 -4.266353429242797368e-02 1.675785791421791904e-01 -1.835541860949659737e-02 -4.282299347413468515e-01
-2.289727570638514786e-01 -1.875527347363390163e-01 -2.638305359992830779e-01 -1.425496570315450406e-01 7.292094995794871741e-03 -1.529443208692184974e-01 -3.302986609324723988e-01 -3.754552695118731909e-01 -8.434905989475308119e-02 -2.892038538237892142e-01
1.257786545234332309e-01 4.372373754270081903e-01 -4.720811162842557529e-01 3.310521953432832981e-02 7.040893941314179116e-01 -2.189918700301227150e-01 -6.099036641751068855e-01 2.425529486842600835e-01 6.068376990030503217e-03 -6.853247716293123792e-01
-3.542528124380687760e-01 -2.241480092719494097e-03 -4.310915496725942903e-02 -3.659190674840899771e-01 1.702544983414384372e-01 -2.171527269202413665e-02 -4.730818168096686538e-01 -4.352909199250041272e-01 3.236934135706465154e-01 4.507885466570546451e-01
-1.092379161782066482e-01 -5.420875721733281472e-02 -3.800307143547809003e-04 -1.545478630803896747e-01 -7.731627051234314651e-02 2.316672152368530191e-01 -1.732895766556817874e-01 3.064056980193628071e-02 -2.419307809810200549e-01 -1.807896597853212439e-01
-2.360797774621805831e-02 -9.888444623320158389e-02 5.343782787889961999e-02 6.041332248594390997e-01 5.068446528299907355e-02 -4.437753199914833968e-01 -4.757713529472038516e-01 -1.684967187359595955e-02 -1.004425874947533215e-01 3.201624809072604050e-01
2.148952858289667478e-01 6.837345068070989351e-02 2.380585830298483432e-02 -9.083705709151422558e-02 3.348581409110947815e-01 -3.233194059388966868e-01 7.131118396011451588e-02 2.711541161353271945e-01 6.870470563933236408e-01 -1.654652937100238030e-01
-2.488691973820109926e-01 1.639474144752310347e-01 -5.639221708690667079e-01 5.749557356422566601e-01 -6.006417531821409139e-02 1.097232469523985515e-03 3.024709816399349660e-01 9.216329957248964311e-01 -1.534627452253135294e-01 -2.828643448156537565e-01
-4.248321269502130515e-01 3.898602613135365158e-01 -1.589860911228912765e-01 -7.910048817519685013e-03 3.661428161991839292e-01 2.969822250306005662e-01 -2.047502051791446898e-01 2.422845102434086906e-01 2.311669934749275082e-02 6.042560894640850444e-01
3.544271333410190655e-02 2.598165493290359104e-02 4.457351485873090047e-01 2.606101449989272484e-02 5.398270589285615317e-01 1.600530768766551259e-01 2.806488473629516478e-01 1.720711850663955989e-01 -6.908146415060988088e-02 -6.185196193908128193e-02
-4.637251751630350194e-01 4.404723707238489272e-03 -1.487004792572300949e-01 2.661136845266900419e-01 -2.731261164784520856e-01 1.435839073350900219e-01 9.999743936500843366e-02 -7.426639046648803033e-02 6.755709302220976875e-01 -8.720642665213641787e-02
3.599436448054803978e-02 -1.671034744627934443e-01 -8.923547258123565307e-02 4.660628509482309112e-01 -2.710724636628914982e-02 1.565075617043819659e-02 -1.522619510350470967e-02 1.533004880028122630e-01 2.915464752929448622e-01 3.481093172596769203e-01
1.635643082571762441e-01 -3.477100930133015799e-01 1.562695732334269116e-01 5.412364394776313370e-01 -2.146416506405052771e-01 -2.702649838991929010e-01 3.177027027512690505e-01 4.457959665214892842e-01 1.689086458037558358e-01 2.188567551840691350e-01
1.890786977266300239e-01 3.719189172542520794e-01 -2.925644428573814237e-01 -1.818778214443396088e-02 2.226733019530962032e-01 -7.236507178778721350e-02 7.945184321130625837e-02 1.807719762898004345e-01 2.680013437626710959e-01 3.624615223461621211e-02
3.045327786409541271e-01 -2.068769883104134288e-01 -1.590565222348193641e-01 -5.525909651983385538e-03 6.963849417257851337e-01 3.401110956508663352e-01 8.169570531680324377e-02 6.109063634465615455e-02 1.313917337893710964e-02 -3.953052097403143145e-03
6.201974216529598100e-02 7.545036595874689000e-01 -2.682690461990491770e-01 -5.763364366521168680e-01 -1.606925195278016694e-01 6.161531137083702675e-02 4.851643058145800602e-02 3.206466502310482136e-01 2.739080744349538521e-01 2.778105866602419982e-01
3.733515977576394862e-01 -5.947946099892800764e-02 3.476211773883371436e-01 2.570363057835897691e-01 5.463790775206826128e-02 3.492038752547849123e-02 -1.437279386868320352e-01 8.626888658763263995e-02 -5.318954002022745486e-01 4.726734179061791163e-01
-1.554292440596596603e-01 9.336295283790160271e-01 -3.684227675756969189e-01 -4.981036003548571234e-01 1.610870275723326750e-01 -5.442458013671769984e-02 1.700371716960367152e-01 -2.104685293370515964e-01 -1.309488662786547630e-01 6.623840803357679274e-02
-1.754005319900101278e-01 5.669785623397618352e-02 -5.211983891751272857e-01 -2.934187736947367897e-01 -2.644698474961322890e-02 -1.986881931641376886e-01 1.089940303500387259e-01 3.701630494047646047e-02 3.092468879441978014e-01 1.557001066058399941e-01
4.188478580504269577e-01 1.526808133725011396e-01 1.911334120614329168e-01 -2.645869573209722048e-01 8.391164042568478865e-02 -7.562275355548371547e-02 2.697630680180976986e-02 1.140774629937391788e-02 -1.191191723817101450e-01 -2.695818680690268976e-01
-2.272000399425578784e-02 1.708862425985084033e-01 -6.355295014895281924e-02 -8.835435139551931494e-01 4.591393531605411638e-02 3.326981508356244843e-01 5.364623996554841456e-01 -3.901971531360941270e-02 -1.940721308498182252e-01 -1.707753594036477418e-01
-5.197545065703498141e-02 1.974849393111693663e-01 -4.126351821324085456e-02 2.814998520484898736e-01 1.729333332464854933e-01 -7.920093925880708485e-03 1.528167854389341218e-01 7.407596988583271813e-02 7.784321484511999567e-02 -4.097973631532013383e-02
8.063533125016791869e-01 -1.469937316043286313e-01 -2.685584698318310148e-01 -1.306148112031153552e-01 -1.182987862918841449e-01 7.720224518913736123e-02 -8.011836945492870066e-02 -2.723845923570006669e-02 -2.184864127978124737e-01 -1.263809750429861212e-01
-3.996124794933750835e-01 -4.331527798331354373e-01 4.670735979078599609e-01 -4.121240641359278506e-02 -3.272473011452892711e-01 2.833420158167219705e-01 1.128173182039847178e-01 -3.945181592011976490e-01 2.067716291477659230e-01 4.752043556695417781e-01
4.601821091623333748e-01 4.275079999395178243e-01 4.107760693204928759e-01 -1.576847704944360495e-01 1.936781917226440275e-01 -4.911063404947712402e-02 -2.425349071878796781e-01 1.715939972397069191e-01 4.274033203108912327e-01 1.659768377128109929e-01
8.097372784012132896e-02 3.706424363870571281e-01 -6.555149112823678570e-02 1.738990664082891990e-01 1.949460263519014747e-01 6.049751054697519725e-01 -2.264552720417995491e-01 -1.434508181674561400e-01 3.319435251287322641e-01 -4.126484481262591708e-01
4.276001498648160370e-01 3.929178220187302673e-01 -2.167814416463599014e-01 5.984038806628717566e-01 2.445313565311341975e-01 -1.852556004739752959e-01 -9.578512658683367709e-02 1.726497426752425235e-01 -4.864755869559746898e-02 1.301289454165847903e-01
-5.112919010065227615e-02 1.805612304118857370e-01 2.768801801083143332e-01 -2.015308446823156630e-01 -1.990744893738743970e-01 -1.994816208652587242e-01 -3.793869842470614651e-01 1.969090917606811930e-01 -1.167756850597592710e-01 3.687529152423709711e-01
-4.591105302178611902e-01 -1.189340143775477615e-01 4.629261350787073348e-01 4.051741996940507184e-01 -7.750895769331646312e-02 -4.367264357491015998e-03 -2.453424731261785174e-01 -5.879318012020903206e-01 -1.980005282271542211e-01 -3.297562040950979823e-01
-3.554871603646966305e-01 -4.095762713650259457e-01 -1.468066526521776272e-01 -1.078587908233198944e-01 2.597356820569255431e-01 4.652951957488283830e-01 1.512119036737337441e-01 -3.526226751180319696e-01 -2.578877652494750983e-01 -2.477002784483974540e-01
-1.515524129711242063e-01 9.273863411637076060e-02 -5.438846480297808254e-03 4.629872063809605809e-01 2.577668296676931536e-01 3.166132753208275030e-01 -8.301106233004795776e-02 2.840100461429730105e-02 -7.674426949709668433e-01 -7.574994267918641611e-02
2.221229793600346669e-01 6.415427795248137555e-01 8.715270098704834545e-02 -2.153192210606062196e-01 -1.598354445020775672e-01 1.807470758684511514e-01 -8.260589185460093242e-02 -6.543580313971504303e-01 -5.481578980163150927e-01 1.992234268644591244e-01
4.102448999076789837e-01 1.228952780238408600e-02 3.031459491052045097e-02 1.652648652369292648e-01 1.763906460936149820e-02 -6.261061771333094050e-01 -6.969434160275451706e-01 1.305849023643605722e-01 4.406787322690523812e-02 9.625327773845440693e-02
5.497720985832749152e-01 5.068488377352569074e-01 2.480973221063032530e-01 -2.337245716024848596e-01 -2.888103674360325002e-01 3.595399140141140037e-01 -2.908236728974851193e-01 -4.085684836955552068e-01 8.025672760395728689e-02 -1.637582816466221780e-01
2.379088520075922919e-01 1.873273548836810803e-04 6.334671844139050378e-01 3.851446946640205149e-01 2.110887352278641993e-01 -4.535917900593069430e-01 1.445382409186197203e-01 5.474342258505211500e-01 -2.565887852109594580e-01 3.619728737354949155e-01
5.302711232944371522e-01 -3.373837980160194761e-01 -7.085032748993765062e-02 -3.754563573642390878e-02 -6.525617108915019449e-01 3.567880801933727419e-02 -6.566314890275855298e-02 -2.206067487699330809e-01 1.640121731662880777e-01 1.145979299257486872e-01
3.120903354333052770e-01 1.275798618936514195e-01 1.002921955520973823e-02 2.619666920602751747e-01 -5.054258725439614297e-01 -2.806847810401991161e-01 -2.821414875526513377e-01 -2.261033103856532056e-01 -2.594935941967075888e-01 3.326038723855208601e-01
4.802526123531017377e-01 1.915955223367607138e-02 9.238132482899637232e-02 -3.295791598944540768e-01 -3.254215851820722594e-01 3.586182760269909786e-02 -3.730122483091307534e-02 9.110347797071347009e-02 1.295304763796177039e-01 3.371623165530247546e-01
-3.679495910244178769e-01 4.320220289579226880e-01 5.031527612404294025e-01 -1.932860188768403542e-01 4.871294288833499797e-01 1.180133350901768803e-02 7.590784240036975439e-02 1.838573730643868198e-01 1.091933642306850277e-01 -1.101649352663369580e-01
-2.958812120713873450e-01 1.807736438515074595e-01 -1.277578878657007477e-01 -5.268978585645065493e-01 8.173730009394897245e-02 1.189060760590009320e-02 -1.759349552389291305e-01 -1.156392388258269538e-01 -3.242945964458422425e-01 -1.854826073445397724e-02
3.063772909485705798e-01 4.298837579957520139e-01 -1.047590669642717992e-01 -3.101718566379956660e-02 2.518505755793382095e-01 6.095486142999991808e-01 6.639165365708754596e-02 -6.628851316780630387e-02 1.858817075071142744e-01 -4.037363127168842186e-02
2.822163508323116687e-01 -8.358998952600496524e-02 -2.352220946443554506e-01 -4.513719296973028317e-01 -6.679233930594216107e-01 7.460562218098194531e-01 -3.060937531469256068e-01 1.034216665227898936e-02 -7.798710666298520888e-02 -2.226530879929748130e-01
-1.501501175731837778e-01 2.685899399842793800e-01 2.696686960283793399e-01 -1.924129415690469525e-01 3.505197534213671529e-01 -2.837059002050431600e-01 1.650724459276607381e-01 -3.261778606406928183e-01 -1.785427883478512834e-01 -1.613241694468142973e-01
2.554647128322099503e-01 3.682256890582971676e-01 -6.771423666103114358e-02 -5.097623370721137137e-01 1.992716010230148604e-01 1.787415394858244133e-01 -3.077924737868533225e-02 4.779430193110505154e-02 -2.936031043627851944e-01 2.978518640393169048e-01
-5.813155131952473242e-01 -3.578340768800093996e-01 -3.490557112128531148e-01 -1.590505578005159959e-01 -4.135182531032213782e-02 -1.229183151323668954e-01 1.083224058951587215e-01 5.646099160194535393e-01 3.869901653658482377e-01 1.244652262366283957e-01
-1.179795823273193517e-02 -3.877399939860891043e-01 -2.782435931368451576e-02 1.504816005460745953e-01 1.829279644675967931e-01 1.746098297804716051e-02 1.724154718794534968e-01 1.302324054913347740e-01 3.272183770159851901e-02 3.681499040140049500e-02
-6.214180866646725442e-03 -5.549856110834761047e-02 -3.782647483923455289e-01 2.214066526304109828e-01 4.824415032097720615e-03 1.185715859143223749e-01 -1.532760771969383096e-01 5.984408651116435163e-01 4.429976452818040755e-01 3.053503755905124240e-01
-5.644572409193353985e-02 -3.525559944897185827e-01 -2.360651779880926782e-01 8.741846195117303209e-02 -5.898830106324531863e-01 -7.063908910247873596e-01 -3.841931717566854920e-01 -1.605004614734367729e-01 -1.742961599286150798e-01 -4.013417010065554735e-01
-1.869740592114090549e-01 -1.031856840028694405e-01 -5.380723637796037268e-02 -1.444795539994306044e-01 -1.590959003396126281e-01 2.366545504893779739e-01 3.399840928909197285e-02 -2.709953092134014252e-01 3.377527172595624627e-01 -5.295026719344829713e-01
-8.386271856829817864e-03 -1.236215063403509201e-01 1.849314078722034682e-01 -3.653512432211035721e-01 9.562044397777928750e-02 5.204932161072011593e-02 -4.361223427485939885e-02 1.029712765989544351e-02 -4.405595803853982750e-01 1.750746468377401555e-01
-5.797078100429564618e-01 3.408304828012680143e-02 6.563627068823859600e-01 2.828420168040309823e-01 8.829413093924540212e-02 -3.436226586748669098e-01 -1.883051178585199437e-01 1.860947938249986056e-01 -1.026274118338261626e-01 7.185518818297075005e-02
2.429746978749832559e-02 -4.972926531056657828e-01 3.002799415412166772e-01 -3.527998438498299305e-01 -2.021677492370202445e-01 -2.816299052710962147e-01 -2.947609516576321642e-02 3.609392112689907006e-01 -1.341512719158374223e-01 5.522225721307270074e-01
2.386768766626703453e-01 2.245171062721424693e-01 2.610839932311809775e-01 2.918824068568415253e-02 -1.135633822824885786e-01 -7.519308140474575963e-02 2.472719428212289405e-01 -7.733953198180144872e-02 2.903681839081825311e-01 -2.828069547790693639e-01
-3.539894446398713646e-01 -1.973103447510155262e-01 -7.547422115635990178e-03 -5.738960895628324177e-02 -5.575051682876068504e-02 3.723257206435913180e-01 1.531968695953551396e-01 4.876500284904233817e-01 8.400494817622364829e-01 -1.369719009383218444e-01
5.622514097273639821e-01 -3.643512930052914683e-02 3.052084215980055970e-01 2.912300673603779866e-01 8.034515567068017949e-01 -1.574360013725754903e-01 1.237230758897500116e-01 -1.762217456135188945e-02 5.945690459503717717e-02 -1.054214887677367013e-01
-5.062322805870195230e-01 6.063116921998890074e-01 -3.756861963321914133e-01 -8.906468921347444889e-02 -2.917772483186135690e-01 -5.748998118446605465e-01 2.220201977479100211e-02 -3.305095439555537640e-01 4.818002245943124422e-03 2.304999934812560769e-01
-2.195285545507155711e-01 -1.674397745006531713e-01 8.414400857686085700e-02 -5.998263902157218164e-01 3.701157096901021987e-02 -5.525007649898429074e-01 1.785787492360081663e-01 -1.717253237333493665e-01 2.024290005432320683e-01 7.548129773550789345e-02
-7.543783925166640258e-02 -2.064608340816597165e-01 2.568159495694220529e-01 1.132216421005289853e-01 4.439001676387682727e-02 8.940134400528584879e-03 4.065066651078084736e-01 -4.884669845603668570e-01 4.042955014370910871e-02 -2.133842603760410517e-01
2.617047811219809159e-02 2.660386189871524754e-01 -4.004712935740523672e-01 -2.154481813683360725e-01 -1.004590287976740992e-01 5.226647510853235090e-01 -1.076847331874180996e-01 -2.315103728370584424e-01 -3.941506536971999264e-01 1.064221209001394858e-01
-2.465813994285179778e-01 3.974214449492893819e-01 -2.737772351024893580e-01 -5.529955985128755247e-02 9.376738395858465192e-02 6.062483279537159153e-02 2.179166614597833618e-01 4.141913137364053310e-01 6.801749106161544822e-02 2.946382361426596042e-01
-4.006886308736217761e-01 5.959751898850870200e-01 8.149251486293877800e-02 -3.094737681975895938e-01 1.717136844833703768e-01 1.303061219000109794e-01 -4.784783304890245087e-02 -1.697779197514727167e-01 5.809998606887297745e-01 -7.672674163708476103e-02
4.146583811737089564e-01 -2.548871324619139678e-01 -1.098389369619334893e-01 -6.406060959522323905e-01 5.015254423319255306e-01 -1.435471981193444935e-01 2.039765136229684458e-02 -1.066211382788533335e-01 -5.780779696970456127e-01 -6.422703849401300014e-01
-2.500184567668125579e-01 -4.534905933478674545e-01 1.483487521878228133e-02 -1.730114881840889574e-01 -5.593192357980832780e-02 3.849634095467047712e-01 -2.587084268024824121e-02 -3.721069559198988408e-01 -3.465870813676245610e-01 -1.287949251310025467e-01
-1.398628418613599433e-01 -3.184550864206062148e-02 -2.764188540302202624e-01 2.679158165704753070e-01 9.370913505763787954e-02 3.647719868239170937e-01 -2.090799778493383429e-02 -3.251121449332540769e-01 -4.051603211364702140e-01 -3.245149625058499354e-01
2.518572435252826036e-01 2.649884234356038037e-01 -5.304681191130178330e-01 -8.006812671300704565e-02 -1.099249589249051695e-01 -4.479004317915755151e-02 -1.757077279078281540e-01 1.465246811737562216e-01 5.780166766371622883e-02 -2.569253644718428875e-01
-1.138894952116959874e-01 1.977079467202380592e-02 -2.214636653885202477e-01 3.747750065526996854e-01 -1.613648734901638460e-01 -2.050410914589574640e-01 2.215150931803888390e-01 2.200498057070956193e-01 -1.225081616000891771e-01 1.299492183293937952e-01
-2.484485260856311439e-01 4.271760854616339365e-01 5.622497842454914352e-01 6.686285422415247370e-02 -9.181162503647567752e-02 2.658249138855722782e-01 1.483021370314360071e-02 1.099109979363899620e-01 -7.590327333552798240e-03 -2.107686528164972040e-01
3.654213920953203742e-01 -6.720512165027860141e-02 -4.838578449086207711e-01 -5.021645116648002644e-02 -3.984270338533832390e-01 -2.613319136914458735e-03 9.635904067391853900e-02 -1.042863879479798139e-01 -5.940688926537411596e-02 8.261668085319016919e-02
-4.110635034048885639e-01 -1.062795541840754442e-02 3.294968569024915861e-01 -2.381763011441911382e-01 4.289433870076406752e-01 -6.723368080002256608e-01 4.134783547105152363e-02 -5.210586064441906362e-02 -1.175780650614405287e-01 3.507477109096076434e-02
-2.883472781663379281e-01 -6.767347938582813915e-01 2.826434640596294234e-01 3.683636836255658742e-01 1.400783761512761905e-01 -3.218994575147744730e-02 -8.714604404223909306e-02 -4.179198802664925716e-01 2.882923207602864912e-01 2.208796232671724272e-02
1.292827416401995666e-01 -1.062254836149766346e-01 4.220442394484386073e-02 1.034675928972971087e-01 -2.521111783890700453e-01 -7.848199013917650513e-01 2.444562021479225744e-01 6.951865866192429022e-02 -8.377561167381068763e-02 3.556952180630656990e-01
-1.528821735530853654e-01 4.582565735285709652e-01 1.455228119197805869e-01 -6.967863316373870686e-02 2.670584295653321005e-01 -3.226834372326172762e-01 -2.552410122561248884e-01 -1.972083128764651194e-02 -4.786140548271983902e-02 -2.344683063047525995e-01
