1.699464562148073621e-01 1.712976644986237418e-01 8.807520123863879502e-02 8.623309096273064356e-02 1.303317889812446173e-01 1.586902335178657919e-01 1.768357542261716486e-01 9.525526645278693805e-02 1.402852864361729679e-01 1.201352246501346949e-01
1.709334351531734408e-01 1.536986478083745555e-01 1.207378051608359315e-01 1.862918277887002927e-01 8.734511542963151187e-02 1.521938717500978255e-01 1.021848214169014668e-01 9.557954798929663154e-02 1.967006048582508049e-01 8.164473318296851245e-02
1.792346506227981418e-01 1.338051550107906551e-01 5.563528688278059769e-02 1.844309983226977145e-01 1.727530476614091426e-01 1.702229720689099612e-01 1.203323349321223923e-01 1.050412931001331596e-01 1.277879274285999844e-01 1.003519724121306883e-01
1.018916123518706918e-01 1.907656670844596891e-01 1.066895937291216234e-01 1.801706015108050507e-01 1.611370455238030353e-01 1.746667484491205291e-01 6.846186919829140571e-02 8.955947555554114037e-02 1.762173950564591973e-01 1.036237496138159575e-01
1.373472930915254908e-01 1.266981867177353338e-01 1.026139684435042054e-01 9.556671831107324544e-02 1.268442138792323926e-01 1.676630348014023775e-01 1.409595133661825928e-01 1.400284130695050866e-01 1.588212386465243098e-01 1.253318204326948349e-01
8.282787274867529914e-02 1.840627563319886251e-01 4.780580462345793841e-02 1.686796293132910574e-01 1.723252050539764990e-01 9.213208776154568902e-02 1.718966835230490986e-01 1.280872472231232018e-01 1.802399363796496623e-01 1.360379190710911679e-01
1.553121881864595877e-01 1.122526232757081188e-01 1.472699476776030414e-01 1.387113793747576929e-01 1.162753524953691747e-01 2.457135059258447329e-01 8.190002962314633927e-02 1.019672879174973595e-01 1.422161992615484372e-01 1.047267003280861197e-01
1.093388211848792951e-01 2.026558280437083248e-01 1.152412530706994620e-01 1.141285610307029852e-01 1.236117189725574189e-01 1.469239301927720287e-01 1.232378235095693414e-01 1.248777125303609653e-01 1.447218808980594573e-01 1.204193558281666521e-01
1.847124859631785465e-01 9.306200429844724287e-02 9.919948493681358948e-02 2.140433389107680995e-01 1.617271169721714308e-01 1.489238074347588592e-01 1.005927110118853968e-01 1.575421371647200142e-01 9.410880467855230191e-02 9.423238308309794808e-02
1.537608866248480755e-01 1.000396206380718966e-01 2.261060077808519642e-01 5.536376248319472421e-02 1.453179015519647233e-01 1.200868864261889490e-01 9.497444668501259235e-02 1.725071780207793615e-01 1.287932330450579088e-01 1.602791470821782471e-01
8.328125170890694762e-02 9.809109634908134978e-02 1.642193204008244867e-01 1.357977445996942090e-01 1.083633093315640034e-01 1.101603390787844056e-01 1.170289213067474826e-01 2.112050811796190586e-01 1.505840825822298001e-01 1.600896519900449622e-01
1.645328922201404753e-01 1.245502967469442057e-01 2.573142740118614658e-01 1.043196327199178014e-01 1.342461334893523262e-01 1.048445312722813827e-01 1.358022296179424437e-01 1.145544293827814447e-01 9.260999395237243248e-02 1.142941138718594485e-01
2.161139187318225074e-01 1.335124637390087687e-01 1.002870416246189889e-01 9.100973138169446419e-02 1.283306538921503703e-01 1.029790074904391728e-01 1.139094966068094628e-01 1.113563338852103651e-01 2.043602590518741324e-01 1.414620483579525911e-01
1.002510236088927087e-01 1.232530867507409811e-01 1.148606343358551107e-01 2.197537225321754550e-01 1.320844718660420802e-01 1.553645506116279051e-01 1.289574401994331432e-01 8.175187968858688148e-02 1.516689192079023474e-01 1.287293497769287920e-01
1.233155464121435813e-01 1.442629021305570913e-01 1.496223829511771075e-01 1.195643842018386527e-01 9.332821442127250955e-02 1.594135916975998879e-01 1.514749893077920462e-01 8.322714653815406483e-02 1.842528962537027248e-01 1.229625303054683039e-01
1.286686432408732372e-01 7.319166485464957683e-02 1.513684597091366768e-01 1.087785303429863321e-01 1.373987193931634765e-01 1.421573807154491997e-01 1.405152107466604849e-01 2.109002069610789176e-01 8.109162050589556470e-02 1.707892723569262861e-01
1.009972887994766283e-01 1.710454568087007021e-01 9.998533508400610226e-02 1.226174976564516905e-01 1.571618553006389196e-01 9.061735027116012142e-02 2.025974741618248587e-01 1.681062985051506031e-01 8.461653229837851065e-02 1.460785015069371029e-01
1.891753235712756998e-01 1.717937291826301116e-01 1.146944727377437745e-01 1.055166980257906950e-01 2.045985053801643305e-01 9.806616373272450393e-02 1.411016085813000254e-01 1.417732335404174315e-01 6.983108354777105287e-02 1.109248781778053444e-01
1.368069216279192424e-01 1.289468744588045390e-01 1.163491061351574485e-01 1.090592689238198132e-01 1.017255451925264953e-01 1.328008635247740488e-01 1.533996278805161428e-01 9.903579491384589817e-02 1.858578351998866340e-01 1.630973510441274255e-01
7.884450935514251968e-02 2.176245564062365689e-01 5.082661149890208008e-02 2.218151791202622181e-01 1.193866743305918021e-01 1.341053402958081175e-01 1.434515627901227219e-01 1.750381824759006666e-01 1.306215604668935770e-01 1.022544654118764662e-01
1.306224868057326016e-01 1.202290977346983092e-01 1.218610457420826049e-01 1.884614668223188461e-01 9.234869039840880311e-02 1.432377389118649202e-01 1.734973885971124175e-01 1.295684570855220041e-01 1.184112974126579482e-01 1.094801838796075483e-01
1.334192710177228014e-01 9.036799080986086807e-02 1.946885264083970668e-01 1.353963107181740122e-01 1.038655994427869211e-01 1.369473019759158694e-01 1.365981366319728718e-01 1.138265756641151094e-01 1.078760397887572747e-01 1.792109864754463655e-01
1.074275799670656589e-01 1.622019758666126688e-01 1.158492171982542646e-01 1.230525508652538236e-01 1.136694800077320266e-01 2.494891450280196099e-01 1.087976078053925488e-01 9.198433121810829782e-02 1.280073026760664145e-01 1.435347633359043140e-01
9.547641578888158009e-02 1.350750445588990156e-01 1.197453105102628118e-01 1.751709468919165347e-01 1.826117586101783097e-01 8.588426722104720856e-02 1.034034254810747705e-01 1.606134885361382714e-01 1.166903161623708690e-01 1.608389491897228019e-01
1.099435909145865115e-01 1.179437285186044765e-01 1.978083050847545821e-01 1.297354780250494499e-01 1.645506454671642471e-01 8.939717032183877587e-02 8.397419400826443281e-02 1.367576700278216040e-01 8.125839397722502133e-02 2.514631715756271979e-01
5.825399155097671366e-02 1.215873880924201178e-01 1.643873245227578939e-01 4.747759726041449885e-02 1.730740194236178031e-01 1.260580647641818819e-01 1.219313379814610104e-01 1.738242097594513702e-01 2.032588454916905985e-01 1.853046601202437416e-01
1.395097554918259541e-01 8.371083599175856149e-02 1.220449301680330556e-01 1.894800210203680668e-01 1.117158026535944176e-01 1.281208132204165184e-01 1.369997184374938670e-01 1.938723429598927794e-01 1.775426121040502292e-01 6.602306868663362915e-02
2.040897011401344163e-01 1.311250759534879629e-01 1.692696285836318426e-01 1.192975742207383477e-01 1.752900603686024239e-01 1.415333650079295957e-01 8.533243659364726785e-02 1.047577582117541484e-01 1.101076885381178511e-01 9.826033930975403008e-02
9.653421101296974505e-02 1.699473497851548276e-01 9.423573901092592575e-02 1.076216278695823897e-01 1.003962350334683118e-01 1.011188401173855334e-01 1.455740032223273306e-01 1.783913846888587340e-01 2.154094673607130639e-01 1.341791932871652104e-01
1.780372982490629752e-01 1.372616505418197408e-01 9.878215603907695985e-02 9.193724735186879771e-02 1.261508238033034746e-01 1.659658893586835327e-01 1.033860448122014691e-01 1.182753991205570954e-01 1.167635890129296583e-01 1.992120617398419891e-01
1.378683748068567361e-01 1.305816728953039241e-01 9.919684946885803933e-02 1.345664831244439974e-01 1.474414620445873292e-01 1.463467415572022590e-01 1.369361612407720141e-01 1.298138065701370802e-01 1.043800341597884984e-01 1.514424528789086732e-01
7.020086708172086631e-02 2.359673342319925649e-01 1.178015854355136394e-01 1.149234453052435379e-01 1.211326479458992439e-01 1.009926227776636043e-01 1.731127624599561043e-01 1.754393505392981278e-01 1.968293478599143498e-01 6.494319026675854367e-02
1.384729789920279286e-01 1.587986522037110326e-01 1.783008919097135714e-01 1.005562112441473754e-01 9.583252703625878832e-02 1.466613297794472637e-01 1.689614810810359247e-01 1.002618137766925488e-01 1.118665738893783040e-01 1.299958293058126602e-01
6.245547811483484479e-02 2.014242110096320926e-01 8.254739554446964556e-02 1.864810611999942469e-01 1.685305225525839390e-01 1.341842303738342013e-01 1.490904993005066348e-01 8.703960797182284936e-02 2.310842975133160504e-01 7.667723002597430504e-02
1.904979123661268425e-01 1.060808787410517789e-01 4.478915609953570270e-02 1.440638840230705764e-01 1.280637563218532948e-01 1.358872472646327489e-01 1.559953832758263215e-01 1.332686136879665528e-01 2.387147070445048147e-01 9.127339800983264029e-02
1.899892240010850608e-01 1.093221288711073991e-01 1.350478091175199014e-01 1.335395985080925774e-01 1.388690990230933842e-01 1.017236841851778123e-01 9.034398646770047669e-02 2.441581700890581297e-01 9.367288111795951666e-02 1.136790516065745993e-01
1.470370224485185451e-01 1.470138848064560799e-01 1.384071068191188858e-01 6.725985052556870958e-02 1.631036013542926100e-01 1.119864921467731700e-01 1.222097492659300760e-01 1.734826496958188080e-01 8.805040897516257237e-02 1.824434015593619784e-01
1.272563086462671078e-01 2.283055182621068768e-01 5.423657161502114243e-02 1.278625932155408040e-01 2.360749748461235809e-01 9.925910401349669065e-02 1.421253912615927373e-01 1.067166457954642905e-01 1.421716861056427361e-01 1.059891313771883364e-01
1.261197863631437488e-01 1.187075917050648965e-01 1.817785647150593209e-01 1.271017815713582078e-01 8.223069144728571700e-02 1.754815071174698204e-01 1.600915029983229765e-01 1.335095478531380941e-01 1.243752331694114449e-01 1.018794728564704904e-01
1.588571063319391130e-01 1.034652037547656445e-01 2.161891654654709838e-01 1.165882486881311825e-01 1.067281764962460938e-01 1.715252006110338234e-01 9.096858717557923524e-02 1.647422177309744440e-01 1.121107494496872414e-01 1.010211926521413922e-01
1.787773638386011832e-01 1.635579464974185604e-01 9.802014788922069899e-02 1.523527158912868773e-01 5.248275464979165056e-02 2.562542577021564849e-01 9.823459095017922360e-02 1.005805997660428053e-01 1.002949517013392716e-01 1.769975724171663212e-01
1.341802672788674211e-01 1.218443349660273123e-01 1.212809237544618668e-01 1.970922220444555895e-01 9.966519033144519146e-02 2.229281198716956958e-01 6.996624499304787692e-02 8.059062400304063678e-02 2.377687324520413592e-01 9.120271150212580502e-02
1.747202590304547942e-01 1.589245402030337040e-01 9.251771137924583166e-02 1.615707590374797498e-01 7.813847516543810656e-02 1.857818927251425611e-01 1.185315792385151501e-01 1.538754005396151259e-01 8.709241876969141261e-02 1.320217682876808907e-01
1.485912302654524286e-01 1.653373069644186177e-01 1.051874115382785968e-01 1.281911117203369810e-01 1.782008755607952244e-01 1.069125830897118129e-01 1.251791570132410880e-01 6.625662424426774499e-02 1.938351317409471586e-01 1.241102811031450787e-01
1.372321787409127858e-01 7.414119495467169640e-02 9.324290860318285024e-02 1.146975199413482471e-01 1.354829924688501219e-01 1.901964804702352130e-01 1.454663943012166338e-01 1.621193164878990955e-01 1.272915578159226901e-01 1.549337526538499266e-01
1.206834338653203498e-01 1.131375867712974409e-01 1.374415297105821554e-01 1.460569191561864322e-01 1.456909151595280616e-01 9.274028192723896002e-02 1.342958830208709764e-01 1.850474930634058712e-01 1.066050457238543470e-01 1.434674008770514819e-01
2.318049004340978769e-01 1.126695617935656313e-01 1.263061378054888551e-01 1.406214171574288463e-01 8.377639955308194275e-02 2.153580227176377371e-01 7.782143297420789085e-02 1.307724579338885307e-01 1.475739396341007037e-01 9.298581786211905509e-02
1.009992034109814807e-01 1.271450845455471268e-01 8.403825427245500967e-02 1.798327691054855404e-01 9.036915123136303463e-02 1.242914076954408503e-01 2.233762560971811750e-01 1.466541774383579577e-01 1.142347020198249546e-01 1.546988436627462493e-01
8.462481958932684123e-02 1.366043677525997646e-01 1.530986531940993212e-01 1.051855025066801563e-01 1.160516109195214446e-01 1.272198409994145518e-01 1.155858022452699724e-01 1.187960745367610260e-01 1.707262122464650034e-01 2.075148926892620982e-01
1.025202307399395302e-01 1.451746412623990956e-01 1.508431192852346114e-01 1.371932283247270790e-01 1.042047105970235060e-01 1.005745804464945881e-01 1.864173153762358759e-01 1.093251432717659843e-01 1.453964241479084596e-01 1.454766668419266995e-01
1.354193733830983681e-01 8.290722523775642672e-02 1.641297662289978310e-01 1.103321426269621014e-01 1.848294787261356709e-01 1.392026527266460589e-01 1.202166908931872058e-01 1.019208971670732822e-01 1.940836792346646578e-01 1.054975879607002176e-01
2.216324409817008734e-01 1.288442803517237389e-01 9.643313402315273342e-02 1.290063782586109986e-01 7.331701613057843570e-02 1.275732651737276624e-01 1.304110510276794421e-01 1.690932912767307006e-01 1.407191724007984535e-01 1.239144391290956937e-01
1.260242423990210747e-01 1.061402319689215140e-01 1.690087776018167343e-01 1.566478850856946048e-01 1.355527543095275678e-01 9.367357384002727994e-02 1.383562615217866498e-01 7.757257465806031982e-02 1.609716419385563424e-01 1.703200378279771110e-01
1.649046783117071313e-01 1.104637423650888239e-01 1.159231994573574204e-01 1.202583201839582949e-01 6.699693607334453183e-02 1.091117787315470933e-01 2.308902011617865457e-01 1.023050443018125866e-01 1.617843809578119463e-01 1.689536592655860037e-01
1.605655637610403641e-01 1.182063419037994584e-01 1.310920808914611546e-01 8.568502758758343718e-02 1.090325954173591572e-01 1.522508631490813724e-01 1.342013346523776018e-01 1.500330054360083931e-01 1.791091049072088826e-01 1.078661122123650978e-01
6.874485616567144186e-02 1.176787568385132682e-01 1.554131223112406035e-01 1.721944736024708655e-01 1.157952214746422737e-01 1.912025878637229614e-01 8.761391954863166631e-02 1.287309145483716555e-01 8.485565449983889508e-02 2.444218003200325506e-01
1.558408198276200196e-01 1.108726639124265889e-01 1.397042393017682294e-01 1.544160120229678135e-01 9.180289482581675820e-02 1.185273376263265843e-01 1.307295082259246899e-01 1.470635163414744095e-01 1.641073058096307324e-01 1.105110321328119372e-01
9.593310907454183356e-02 1.013950017518606694e-01 1.828047195816421555e-01 1.018140703716755302e-01 1.470310894446002214e-01 8.371569675449232195e-02 1.955208293678140641e-01 1.466026563304879959e-01 8.381742766747224405e-02 2.192704221811649368e-01
1.464134768668375053e-01 1.447998821121733726e-01 1.279204267300795839e-01 1.321834770799329983e-01 1.184648893320718599e-01 1.720481172639931056e-01 1.046383333854780107e-01 1.273995612167623248e-01 1.435333249797920430e-01 1.033319176550483998e-01
1.314250990463629032e-01 9.437063490849194325e-02 1.874133868917621237e-01 1.464457840652180765e-01 1.074563360724996031e-01 1.256249020986476839e-01 1.502974931899582201e-01 1.569660729092116069e-01 1.234653512475131915e-01 1.038965881878804176e-01
8.860524889615088717e-02 1.259451704454709331e-01 1.440653394270917098e-01 7.036558849839602559e-02 1.775850794032652613e-01 1.671128650404231641e-01 1.664680434299674605e-01 1.227229342940599904e-01 1.357513524628201351e-01 1.384164603996810294e-01
1.721521859897156559e-01 1.184303351696958662e-01 1.318545554995857461e-01 1.360487368556921872e-01 8.643673576363841704e-02 6.460859138300394100e-02 1.549474819190600483e-01 1.439100168129443802e-01 2.053100269205958006e-01 1.308182463479653224e-01
6.880186583299727210e-02 1.041979316983614179e-01 1.156171226427093329e-01 1.149935048338154991e-01 1.766472084951185850e-01 1.349055938219252682e-01 2.540386813143964417e-01 8.930525141103516640e-02 1.957001415238311948e-01 1.116062864681551386e-01
9.102119976389705380e-02 2.275271053478327143e-01 1.380013209640515992e-01 1.601864000365858520e-01 1.740680314846977661e-01 6.279342404330787164e-02 1.151983930414425816e-01 1.395165171537979809e-01 1.034854857309996101e-01 1.411093623022733889e-01
9.754768786530000624e-02 1.267364158685607145e-01 1.226821559793923322e-01 1.331600630381500616e-01 1.491609458962656065e-01 7.869437822444337594e-02 1.794457220873095782e-01 1.214336457733124208e-01 1.350898152633935589e-01 1.902665688003546407e-01
1.070798605665279069e-01 1.346090187793733961e-01 1.409804493951815341e-01 1.505292720968173792e-01 1.552518074221738709e-01 8.023039214379922013e-02 1.382077765044662510e-01 1.326567449492477291e-01 1.823551321378142076e-01 1.070912058792799354e-01
1.360578335246813986e-01 8.809483618100302782e-02 1.683557110797988809e-01 1.466069885379849280e-01 8.155665939565949485e-02 1.797843555555787010e-01 1.158648363382679125e-01 1.592891984354172230e-01 1.337445701404959275e-01 1.242176845400333740e-01
1.351210405068549447e-01 1.094695699063834571e-01 2.238493369575330627e-01 8.064415315161203857e-02 7.615277007506777995e-02 1.769845609310209122e-01 1.568253506928903307e-01 8.888770746456378657e-02 2.315451498315566625e-01 9.336466709397746311e-02
1.297236154869805536e-01 1.656572250187493545e-01 1.476478456038162190e-01 1.336260217623721769e-01 1.305326529062416363e-01 1.118806997046291607e-01 1.351041497965662919e-01 1.530855453398672905e-01 1.402671997756053113e-01 7.738005905319601807e-02
2.051370454905545593e-01 1.382715712514515360e-01 1.274968589961512355e-01 1.407203329445940176e-01 1.489094396154809763e-01 1.200002838751178663e-01 9.115041634709446228e-02 1.048857812528243838e-01 1.440380033330566356e-01 1.094454279095998239e-01
2.047847673351965159e-01 9.696561401045160344e-02 1.843090491271045239e-01 1.200569446466812212e-01 1.322743947431020695e-01 1.346757329713505202e-01 7.353982784528101391e-02 1.760044926830642842e-01 1.111634014888847888e-01 1.110983784465778279e-01
1.243907887334335383e-01 9.344849205303321082e-02 1.190879093657875865e-01 1.555255932262147311e-01 1.068566097255819330e-01 1.656301888307681602e-01 6.851282028592968476e-02 1.588246281360124745e-01 1.936343290144705021e-01 1.559929429111327204e-01
1.057912233245824341e-01 1.414553851671997431e-01 1.093159591918039658e-01 1.577001702392581695e-01 1.485821627894564900e-01 1.126898969662783051e-01 1.611386042815279029e-01 1.438656859972146651e-01 6.637930902507602204e-02 1.925564452917467029e-01
1.629957498652875869e-01 1.456360844564871804e-01 1.363306773472297562e-01 1.270253581545296717e-01 9.235707097491295536e-02 1.475167352233948126e-01 1.092724126029451653e-01 1.512676002888383164e-01 1.272528961719632534e-01 1.217131304095102201e-01
1.977130488055772461e-01 1.664041263141379789e-01 1.123103859308319241e-01 1.926502758833804063e-01 1.246580866981443353e-01 6.849391698624092417e-02 1.425095052383206495e-01 7.710840537175246701e-02 1.576553061791874932e-01 1.124484670305802431e-01
1.591793360678181724e-01 1.418921124403169087e-01 9.339428578417341420e-02 1.536817608079290021e-01 8.581592881016399110e-02 2.033284980766869032e-01 1.107034911788683101e-01 1.669312254804771189e-01 1.031951809942006776e-01 1.211462281491372389e-01
1.180999247339804548e-01 5.675773096640077120e-02 1.350550981083578628e-01 2.513529857271221135e-01 7.522723062218458767e-02 2.126650818919923747e-01 8.950274357428023020e-02 1.656649697719231873e-01 1.271013627446075378e-01 1.481802204933512224e-01
1.648324298330876292e-01 1.107693993957375861e-01 1.048818737249799932e-01 1.988513040803751020e-01 6.058721412772809234e-02 1.904452132933279196e-01 9.443112384718158059e-02 1.939563931468322455e-01 2.120351786187316123e-01 5.566974795606309534e-02
1.582043455767375151e-01 1.308314100052452023e-01 7.865928897748922233e-02 1.663115457201048419e-01 1.165266620761658406e-01 1.785562337771174624e-01 1.244342528041777196e-01 9.584983897014727472e-02 1.355614998812134930e-01 1.468996576807226617e-01
1.405486978466696790e-01 1.465330964797791902e-01 2.222411668055194189e-01 1.178894649186419258e-01 9.283821146522808210e-02 1.152725730756641032e-01 1.202317838265965361e-01 9.636828213216142025e-02 8.818621485830410722e-02 2.090764642940380891e-01
1.074459915133963300e-01 1.225045531071326244e-01 9.107131702154200315e-02 9.901849021638832460e-02 1.677185423258560626e-01 8.935679035322868780e-02 2.540976502453435315e-01 1.102363736670126659e-01 1.623076546924044905e-01 1.504496495379648024e-01
9.859256782693187615e-02 1.174072456610091297e-01 1.315970951107870435e-01 1.834545229675053624e-01 1.291926744019123718e-01 1.120027316967851377e-01 1.705114059561850803e-01 1.433374268711480326e-01 9.803992568979899569e-02 1.434236744499991223e-01
1.330534720964159923e-01 1.232259183236592559e-01 1.539937925466615121e-01 1.682184670542016813e-01 1.169250747822058734e-01 1.235742895951756626e-01 1.162494278640876788e-01 1.274025365216805428e-01 1.099107288113467668e-01 1.462850786114968105e-01
1.625176069239588905e-01 8.911020335309213780e-02 1.593016692421910796e-01 1.982818818023845409e-01 7.203533888527328954e-02 1.561049595177914917e-01 1.665436448330502583e-01 1.620236195999425755e-01 8.229389617575279259e-02 1.040284666706825650e-01
1.081566188341143570e-01 2.245649900990069614e-01 8.492366232380971214e-02 1.018506267865527670e-01 1.893551158951472246e-01 1.202008584185322998e-01 1.208972766876044158e-01 9.148452755302569073e-02 1.515730124123758071e-01 1.549886486711957723e-01
1.328455172972722864e-01 1.125162293096267502e-01 1.342509917503881822e-01 9.738523902416368339e-02 1.604402051877592827e-01 1.394875887932651159e-01 1.131251593341113804e-01 1.127229248380772486e-01 1.181452641502716006e-01 2.090396698620398119e-01
1.149552675101596921e-01 1.518588680281302838e-01 1.159327319312720567e-01 1.553280021193935989e-01 1.184751062069191174e-01 1.719039071176383382e-01 1.712398768195612930e-01 1.554718753091436090e-01 8.206096066287014990e-02 9.533461742850753151e-02
1.389252553936192458e-01 1.177158605716799034e-01 8.920501177439152385e-02 2.034501291023109171e-01 1.111927147979149266e-01 1.501285475240919376e-01 1.033023609825753919e-01 1.544849449327513891e-01 1.792176510604742978e-01 9.188277650005639841e-02
1.907833109626700385e-01 1.691951539070033483e-01 1.440829427741527335e-01 1.175877751975495655e-01 2.156159721245188288e-01 6.233559049159313747e-02 1.393266425773081740e-01 8.503952864268693457e-02 1.229010465671099006e-01 1.088239852586970202e-01
1.505050802898123263e-01 1.318122558222472596e-01 9.945647481824154701e-02 1.521519415228062277e-01 1.821340370546461751e-01 6.730123467423169970e-02 1.772080186055065842e-01 1.355967382507782260e-01 1.016213664357934338e-01 1.421444201488345493e-01
2.163439407854990115e-01 5.082276638043491113e-02 9.873001723095323201e-02 1.328557184556383719e-01 1.416312738618221712e-01 1.821554301361871797e-01 1.078099593651525717e-01 1.554610076487553116e-01 1.609869098391893127e-01 1.110193277746463619e-01
1.159012485921078472e-01 2.272071663686596188e-01 7.141076054482492497e-02 1.078812737777146147e-01 8.580388776713976373e-02 1.146517854699256322e-01 1.199622323353604081e-01 2.022007741307508266e-01 1.068739496292708396e-01 2.160345337680243949e-01
8.360016423965080379e-02 1.192993184812791152e-01 1.517130810735080604e-01 1.852187136779146481e-01 1.214091124870029237e-01 1.543928322881119031e-01 1.176296182559185693e-01 8.206557342346314232e-02 1.328138707152725639e-01 1.911400689507852246e-01
1.384880893988433559e-01 1.490122629385857711e-01 1.620761420776314354e-01 1.061250203945548060e-01 1.192584628243031214e-01 1.093814747991008335e-01 1.002436161848988261e-01 1.450598300465415214e-01 1.388971983832651969e-01 1.529557387374896327e-01
6.924725293656247560e-02 1.460584661001692597e-01 1.075268519797221434e-01 1.471230763460500690e-01 9.406404765720108307e-02 1.144413481117677184e-01 1.956106083856312683e-01 1.064966848308068481e-01 1.993307294458211698e-01 1.698182722868417649e-01
1.160055975341321710e-01 1.549897534091825846e-01 1.837334742364641338e-01 1.859459261679275166e-01 8.871317311614894396e-02 9.444915427885838821e-02 1.989227263573099536e-01 7.499993978709372511e-02 1.244513689451666738e-01 1.272990539946225741e-01
1.124503102551819705e-01 1.377576591032929065e-01 1.664352256791213347e-01 1.063941132416872520e-01 1.499470482714656272e-01 1.150392792951685228e-01 1.717867859974572531e-01 1.103756129545017395e-01 9.888885266292413156e-02 1.574369239629206663e-01
6.576985429399823113e-02 1.906136557895773964e-01 1.584201800107762903e-01 8.612837337375289781e-02 1.696257410888429851e-01 8.186189186651633698e-02 1.576421344652948753e-01 1.713933701137417831e-01 8.526346007613221090e-02 1.987950481730022534e-01
9.462061567143857654e-02 1.525502892451386094e-01 1.442780631058182828e-01 1.735649467493454723e-01 1.236813698315084309e-01 1.401007403166657506e-01 1.145239450314849972e-01 1.087766842950161211e-01 2.083511793285056923e-01 7.930176001763251936e-02
1.985990075052810888e-01 7.364068733665762867e-02 1.488005774436005901e-01 2.087754763344896458e-01 1.060577604845180655e-01 1.261484209461430639e-01 1.350802820056586639e-01 1.494741586536810773e-01 1.205610079464423390e-01 8.239586357222677959e-02
