-1.012677171231230666e+01
-9.652768317655997521e+00
-1.048694662711639047e+01
-1.137985207952365307e+01
-9.133686683724615563e+00
-1.140823715950925532e+01
-9.556909599600240668e+00
-9.730033217613359042e+00
-1.036604577438370356e+01
-1.017921604056851059e+01
-9.942547522169711272e+00
-9.221564600383210575e+00
-1.062820644320809826e+01
-9.584283740522797856e+00
-1.104456423501596696e+01
-9.738808838983096905e+00
-1.032511616305627733e+01
-1.095620656770447532e+01
-9.267211325629267193e+00
-9.911089610229428359e+00
-9.861076376566513702e+00
-1.011764878807570156e+01
-9.991222265605792074e+00
-9.772018745200218959e+00
-1.011867700033177364e+01
-1.014385550226231558e+01
-9.325291785600192895e+00
-8.528851493910316606e+00
-1.061982116388448460e+01
-1.000547327560549249e+01
-9.713949498855678044e+00
-1.137806935480021941e+01
-9.170561596548045813e+00
-1.028115194308187519e+01
-1.042336916718330109e+01
-1.013247209526579873e+01
-1.019289069333433595e+01
-9.010825023848667570e+00
-9.943669135246894442e+00
-1.060662656268303472e+01
-1.034484913076045842e+01
-9.039619034634467809e+00
-8.495355793825696722e+00
-1.043455991378722914e+01
-1.030250915828706759e+01
-9.659044912177732201e+00
-1.111106806090904797e+01
-1.007660121513808704e+01
-1.090273096764264338e+01
-1.004183427675960338e+01
-1.017394654860466829e+01
-8.623774308456736648e+00
-9.385640995389518793e+00
-9.879550347533712085e+00
-9.629621455352387116e+00
-1.142424351221238155e+01
-9.840013085879531829e+00
-9.642618944979147955e+00
-9.989263032052637215e+00
-1.036959345652879172e+01
-9.019744746992177653e+00
-1.075200030466072221e+01
-1.028263977557768882e+01
-8.992336534024868655e+00
-9.839766669499750762e+00
-8.517399796380958676e+00
-9.682621501297834499e+00
-1.111294801757582107e+01
-1.104357978041153743e+01
-1.016851143164739746e+01
-9.650363925099620488e+00
-9.835632128763547755e+00
-8.878571845995944400e+00
-1.071217744896281410e+01
-1.116832185982049630e+01
-1.070890244279522108e+01
-9.989606776570806090e+00
-9.065359704517909734e+00
-1.106579012288922748e+01
-1.064827925009229936e+01
-1.129744921374827626e+01
-9.324530023807174217e+00
-1.046496925078045237e+01
-1.028179028622511204e+01
-1.149796706721680550e+01
-1.132588145378018574e+01
-9.943853721178461669e+00
-1.057702354866073691e+01
-1.005012172734942766e+01
-9.589157650684420275e+00
-9.865261566173918695e+00
-9.830731754128517963e+00
-1.094483118855810844e+01
-9.530109184837611380e+00
-1.109655110781636367e+01
-9.883575027613494157e+00
-1.041658241553133024e+01
-9.849576190672541642e+00
-9.659820706636278231e+00
-9.984836224182357611e+00
