3.923226996637300124e-01 3.449893587136849682e-01 2.664493635888581791e-01 3.495569615152397946e-01 3.195754295262565048e-01 3.180504028293398289e-01 3.805549090984191585e-01 3.090030128294038447e-01 3.265211597037029900e-01 3.202900274120457080e-01 3.192106435732124936e-01 3.534760315461147329e-01
3.099071962929372259e-01 3.542073236649916912e-01 3.303170752702760393e-01 2.852501998969849684e-01 3.488420700429174515e-01 3.855739420067447742e-01 3.505243067687658365e-01 3.152955250930550291e-01 3.419820177274546236e-01 3.392003114235208061e-01 3.255001348351128643e-01 3.133998969772187060e-01
3.157171205567260164e-01 3.804524907071255568e-01 2.924815146587528281e-01 3.251366423498656677e-01 3.173329260222480519e-01 3.086976756852626291e-01 3.803332075763187770e-01 3.089907372812918940e-01 3.548441909149668838e-01 3.296146164076574347e-01 3.275658235659428819e-01 3.588330542738442097e-01
3.514100190674100399e-01 3.745449609435643756e-01 2.954599938640246615e-01 2.411345847319731339e-01 2.924391400838306510e-01 3.696397949923451165e-01 3.003215768456802826e-01 2.599128429314084832e-01 4.136049488302083188e-01 3.821668203465666269e-01 3.220463644640545464e-01 3.973189528989150010e-01
3.171144727010084541e-01 3.627325133154895020e-01 2.899014986395580529e-01 2.739232601369022690e-01 4.133091102230220248e-01 3.645867411782575118e-01 2.840273536866501636e-01 3.432107219582390401e-01 4.047036522956402593e-01 2.449276647100887272e-01 3.607675563956190268e-01 3.407954547595405947e-01
2.815628703008268285e-01 3.547248049886094767e-01 3.048806145326414807e-01 3.672667900753058823e-01 3.464093449795742630e-01 2.794516531242061674e-01 3.920573513721244963e-01 3.474878241618753472e-01 3.880794227058536050e-01 2.928295402651328039e-01 3.542544822702879403e-01 2.909953012235504954e-01
3.682650941266105149e-01 3.886421906810523241e-01 2.783541635020601590e-01 3.328588536799789166e-01 3.190301184058813577e-01 3.778225701706898754e-01 3.688658354035468934e-01 2.865588965201401606e-01 3.502323960296777616e-01 3.473830332400895671e-01 2.887243692919283511e-01 2.932624789483245786e-01
3.625299712618226811e-01 2.977954807287314098e-01 3.960583004871538471e-01 3.638800780786489164e-01 3.010368510210674198e-01 2.788540412812746672e-01 3.596085347604165428e-01 3.551057377651663516e-01 2.608298455862748666e-01 3.136070375194351390e-01 3.574433128480773436e-01 3.532508086619696175e-01
3.177540549009644222e-01 3.432681297643755958e-01 3.332606125591721091e-01 3.367605366933218436e-01 3.055223168787364330e-01 4.258852864118432002e-01 2.657212728535958690e-01 3.280628474195788624e-01 3.834854641529981123e-01 2.942892084220558591e-01 3.171321446837176428e-01 3.488581252596459348e-01
3.414690791239060053e-01 3.438254831320157745e-01 3.760486217876372050e-01 2.886035265973073694e-01 3.019698864114282455e-01 3.803687727443966216e-01 2.835703270542722088e-01 3.339951757307497715e-01 3.230360666456508767e-01 3.691004973020238222e-01 2.906796807936894433e-01 3.673328826769130528e-01
2.437869482070514626e-01 3.174013848511811897e-01 3.733359433291743024e-01 2.479327328321982160e-01 3.584172271916323260e-01 3.511591528338793289e-01 2.704022650955473783e-01 3.504377990413484190e-01 4.201717616609513817e-01 3.090562952695303789e-01 3.693024269344526433e-01 3.885960627530467559e-01
3.449054047202907980e-01 2.776783218739129477e-01 3.755314342573614073e-01 3.496288954272080973e-01 3.639667608326346837e-01 2.611051753363678452e-01 3.064704738327218014e-01 3.648880174916885877e-01 4.045419410992587839e-01 3.414297567823453838e-01 3.001142253886305289e-01 3.097395929575620932e-01
3.184904739007187180e-01 2.769498030622200013e-01 3.187002842681616044e-01 3.729740374269301939e-01 3.932436159057528524e-01 3.163601222851380457e-01 3.661831523077109796e-01 2.863766018107401501e-01 3.557062270371417201e-01 3.499845354846791157e-01 2.424397179495289822e-01 4.025914285612850474e-01
3.880442220100066564e-01 2.785664020051230594e-01 3.428602820167443999e-01 3.533051149035524863e-01 3.358177622131500728e-01 3.389267754216038764e-01 3.164466021916348404e-01 3.001768465942983299e-01 3.539330680883979174e-01 3.654597947685453985e-01 3.308735708652067453e-01 2.955895589217283903e-01
3.671830898319514147e-01 3.715013791189553105e-01 2.320474983807001568e-01 3.371982173464797006e-01 3.162031460733666366e-01 3.036473283677127433e-01 2.649847510710183762e-01 3.712618798741228465e-01 3.665690297487296800e-01 3.543524432789150191e-01 3.604188904286778072e-01 3.546323464793988967e-01
3.634560005468768784e-01 3.216695401585600855e-01 3.481437598281338364e-01 3.280802705488550797e-01 3.148001057077604581e-01 3.648415447805554712e-01 2.691354818009941141e-01 3.312504740177987794e-01 3.366840398572775728e-01 3.485417403197216824e-01 3.364996476636906708e-01 3.368973947697515015e-01
3.874309310867664613e-01 3.265900592124135748e-01 3.213491216300433106e-01 2.464407081682636058e-01 3.940248761748689210e-01 3.528993323779669455e-01 3.264974894107448011e-01 3.498651508297687118e-01 2.904643277279478908e-01 3.414083327613601782e-01 3.717654555791878868e-01 2.912642150406873909e-01
3.282376498990163816e-01 3.534940605248926837e-01 3.249071692180963145e-01 3.708813266912115436e-01 3.205928960688610441e-01 2.582091283480629773e-01 3.229770799446871621e-01 3.551881405520932455e-01 3.253783739256936314e-01 3.577770968635182181e-01 3.312703914713485132e-01 3.510866864925131781e-01
3.333211194027154711e-01 3.684162371573582173e-01 2.801452849715986293e-01 3.539279571251967016e-01 2.850984539528501616e-01 3.631479443737327117e-01 3.341696929918304138e-01 3.467146239619777193e-01 2.862388619392391420e-01 3.988409483348883122e-01 3.422512761518425317e-01 3.077275996367517252e-01
3.398555158555405242e-01 3.796005728336896423e-01 3.206205224638527529e-01 3.334133125749310089e-01 3.144993822126460059e-01 3.525825384591566025e-01 2.507440399439302414e-01 3.892749209540363187e-01 3.536848327217474441e-01 2.800548137753374189e-01 3.690277256834388897e-01 3.166418225216837690e-01
3.013033168183727462e-01 3.500054070318053823e-01 3.145880438775737753e-01 2.783037295012763535e-01 3.583070366964513087e-01 3.217942672754213751e-01 3.145397955139718205e-01 3.441068691331974905e-01 3.194840252723173957e-01 3.798518834754744389e-01 3.434467306697907563e-01 3.742688947343509320e-01
3.689388098947325445e-01 3.671580728671916538e-01 3.286890206184038821e-01 3.593547126944285353e-01 3.053133318796722451e-01 3.341750194999703605e-01 2.519956141991012144e-01 3.981650761612816058e-01 3.041522438967513842e-01 3.182542133798553774e-01 3.042473403746558391e-01 3.595565445339370392e-01
3.459758099197113301e-01 3.189827049309871820e-01 3.070003096142328580e-01 3.040392782841379038e-01 3.403870853648540695e-01 3.488181645571835077e-01 2.932617015769138913e-01 3.309471044001597861e-01 3.820390459395883176e-01 2.978216458214144047e-01 3.347030839634896338e-01 3.960240656273179005e-01
2.863730495126157738e-01 3.760866497221410643e-01 2.730593519609419983e-01 3.092732299645401528e-01 4.012714415316921412e-01 3.568061352639070316e-01 3.978249839008184408e-01 3.476092562125830399e-01 2.513711987873861742e-01 2.991215143121000453e-01 3.381740374865563337e-01 3.630291513447055918e-01
3.508555655198200007e-01 3.672869751075132916e-01 3.261446649402146569e-01 3.190103365528274559e-01 2.869078892511878753e-01 3.361943005586857658e-01 3.859955495065108821e-01 2.822342849421459743e-01 3.507413261473555921e-01 3.588763277261792783e-01 3.527841826199915598e-01 2.829685971275737733e-01
3.491284284085040546e-01 3.594164080289414809e-01 2.963053610369804636e-01 3.232610978437350235e-01 2.965680008200495266e-01 3.707146963605779666e-01 3.061734561118662490e-01 3.882317836344343909e-01 3.289941390856899184e-01 3.254485844329816358e-01 3.531466590799313132e-01 3.026113851563184687e-01
3.993259441403244625e-01 3.467584223883702910e-01 3.171065681699460903e-01 3.574522341707013218e-01 2.831238326745303402e-01 3.623957279231694861e-01 3.915284971168395689e-01 2.733242425870209269e-01 2.983575773884460380e-01 3.691399118130120893e-01 2.956058855012011488e-01 3.058811561264211942e-01
2.804487160028894532e-01 3.664159375710533961e-01 3.573887705011464244e-01 2.880669027166297136e-01 2.882192806219373571e-01 3.772191646366246931e-01 2.681147389698213535e-01 4.037100935001485258e-01 3.407082704731710376e-01 3.256823387715531704e-01 3.451523641313536950e-01 3.588734221036516403e-01
3.383895160981622574e-01 3.358786874523642108e-01 2.949788163643235483e-01 3.793930234715168215e-01 3.478286343836662908e-01 2.818286984428528541e-01 3.895336875605202032e-01 3.467376406493950514e-01 3.526580956973306979e-01 3.321338202722557420e-01 3.481838774557748373e-01 2.524555021518414266e-01
3.143483495391493632e-01 3.855810884252001136e-01 3.248788922550226443e-01 3.253095943574002558e-01 3.572622375002716399e-01 3.260096281620906145e-01 4.169703001375391072e-01 3.351990557392366954e-01 2.751899319067218630e-01 3.268231386930930404e-01 4.087773526906251509e-01 2.036504305936271964e-01
2.779896303640843613e-01 3.784324497682904354e-01 3.058473280400658689e-01 3.785057888878755605e-01 2.908456321059119665e-01 3.521032045537594302e-01 3.451387617482162828e-01 3.417173298125629199e-01 3.456437864878487143e-01 3.260690723816556669e-01 3.003474468538058217e-01 3.573595689959238597e-01
3.356054820536377159e-01 3.383152566810218032e-01 3.343607233518996469e-01 3.376123355043286756e-01 2.498243914549656275e-01 3.298899145269466038e-01 3.672663623518365728e-01 3.376053192719036256e-01 3.474911316708662601e-01 3.414402063019742473e-01 3.021776382860220656e-01 3.784112385445990157e-01
3.530866497027422835e-01 2.997804595128349958e-01 3.726769751401501907e-01 2.844338876267382688e-01 3.312392444596216068e-01 2.762604724141056178e-01 3.178190690520040773e-01 2.991404849876928007e-01 3.009374975724993795e-01 4.092844826554438709e-01 3.665537951172724851e-01 3.887869817589182930e-01
3.165391502885305242e-01 3.313429428569318325e-01 3.775755066160255136e-01 2.836559982040547379e-01 3.959776344668155534e-01 3.506580766267586302e-01 2.749990462615249376e-01 3.127937945776922968e-01 3.315152075360010553e-01 3.439303420884597395e-01 3.621509452472382873e-01 3.188613552299582876e-01
2.863419600161632994e-01 3.442094305711815849e-01 3.445361826718688070e-01 3.890699377935539771e-01 2.993690895211387204e-01 2.668643569550164241e-01 3.167255374175892979e-01 3.572515733087832102e-01 2.744035626261935312e-01 3.775979269727677279e-01 3.557735434648758854e-01 3.878568986808894614e-01
3.157222081215939058e-01 3.013707148961680682e-01 2.948436545878082571e-01 3.152425651562353881e-01 4.015181910551547384e-01 3.446102797102403859e-01 2.437991239481889227e-01 3.728296373029453270e-01 3.806765312758937925e-01 3.547572970832736927e-01 3.415214879043410034e-01 3.331083089581704515e-01
3.148343974545974588e-01 3.286168040100080345e-01 3.626593791894273666e-01 3.630546468492311663e-01 3.737902711006871881e-01 3.086180068275558019e-01 3.454041548286256313e-01 3.625560367000950079e-01 2.778734907414031063e-01 2.741346754688935294e-01 2.887497408083779526e-01 3.997083960211005316e-01
3.249449790933138238e-01 3.231143585167753907e-01 3.256894517807454870e-01 3.973950529726086867e-01 2.425694187540133329e-01 3.738068648990269804e-01 3.659948433861290873e-01 3.039835749105382900e-01 3.600182974705168348e-01 2.820836224903978673e-01 3.778872351444039768e-01 3.225123005815332400e-01
3.750581126725081038e-01 3.272025135842194787e-01 2.840925609237658911e-01 3.188205692406573810e-01 3.773821897827169258e-01 3.306413424912906240e-01 3.529399965718644228e-01 3.584389578937830501e-01 3.060792881014613998e-01 3.427153047233628680e-01 3.312213224383401822e-01 2.954078415760111320e-01
3.219828211193764833e-01 2.681278916798301992e-01 3.700688710002241755e-01 2.665105605988011273e-01 3.122841090515131035e-01 3.772486044481570544e-01 2.674246867990964782e-01 4.189901445619856890e-01 3.529737906380270851e-01 3.201508708216216359e-01 3.999814250847067432e-01 3.242562241966493453e-01
2.818709900331081708e-01 3.675136090742656125e-01 2.968939815499544999e-01 2.910320257866454430e-01 3.926545078730078742e-01 3.476009277557041699e-01 2.054277231680380900e-01 4.112304315768001151e-01 3.472324788188422273e-01 3.262769865048543161e-01 3.335791120263946752e-01 3.986872258323974627e-01
3.305684508894797813e-01 3.633918438017946784e-01 3.289971110393364873e-01 3.442569152251014897e-01 3.262742220950908822e-01 2.983842739062955163e-01 3.343111873888838792e-01 3.171165081597966395e-01 3.150193591538107407e-01 3.667453778123716535e-01 3.810516999438819941e-01 2.938830505841654173e-01
3.307235172065355888e-01 3.526658762463004138e-01 3.342747343090134993e-01 3.735494131127439221e-01 3.242759322939011701e-01 3.305825057417732804e-01 3.089899056831673096e-01 3.688909718583543995e-01 2.852542379696862973e-01 3.467176581375077671e-01 3.310873853144595813e-01 3.129878621265654304e-01
3.536078329299819911e-01 3.153212751266647462e-01 3.303017193065606594e-01 3.193537963318892059e-01 2.682105330919912212e-01 3.606922063300630477e-01 4.073502373953061806e-01 3.121949905607511733e-01 3.265507335012317047e-01 3.554297414959523560e-01 3.048473972636080442e-01 3.461395366660128814e-01
3.849735518806755019e-01 2.860085863342136658e-01 3.296158758075705131e-01 3.134703415834351747e-01 3.963754982214649503e-01 2.598496916316551664e-01 2.942178663411488815e-01 3.404164459869761794e-01 3.339639875368232147e-01 3.981682764504123617e-01 3.527814861426735726e-01 3.101583920829666940e-01
3.652207017678978374e-01 2.884454409770826899e-01 3.705513090946134791e-01 3.376712221337870856e-01 3.558458443834835450e-01 3.007194981718107618e-01 3.118234162241920737e-01 2.726580017084202501e-01 3.078123058955953839e-01 3.665905030530144382e-01 3.746010168031704279e-01 3.480607397869328601e-01
3.609090649963335173e-01 2.880959412198725866e-01 3.100385215647261661e-01 4.205849233211180760e-01 3.432334960780563105e-01 3.199668227774983831e-01 2.541273266865432534e-01 2.971216539917921340e-01 3.685684430326855998e-01 3.657910569100289444e-01 2.800992637742329983e-01 3.914634856471304603e-01
3.545577851947251391e-01 3.565848808380505663e-01 3.940215474676576624e-01 2.825466649886761994e-01 3.685341390895038316e-01 2.855287347332852721e-01 3.122146481397204965e-01 2.944984706611429859e-01 4.271839604598157147e-01 3.211291453588470124e-01 3.105503320946350065e-01 2.926496909739570440e-01
3.547984977090002934e-01 3.861840664759843555e-01 3.084245654007691240e-01 3.208866470488457856e-01 3.479420956008976162e-01 2.374276009818235278e-01 3.785632583670479612e-01 3.652935991206555100e-01 2.912370988660362148e-01 3.398815667169100552e-01 3.303063439085806019e-01 3.390546592247888902e-01
2.984952308913693120e-01 3.725230048446902531e-01 3.257749782381388348e-01 3.076167404394347660e-01 3.499233302003287860e-01 3.711833969401172606e-01 3.077462006630921065e-01 3.052386387773037280e-01 2.737431749957683902e-01 3.569939914779270418e-01 3.576447210466788817e-01 3.731165914851288234e-01
3.573317344281990438e-01 2.746292545331396884e-01 3.277370554600839148e-01 3.021494216831349666e-01 3.156143105200986398e-01 4.079866387895431101e-01 3.072315687867694933e-01 3.806399768896516767e-01 3.124907329038367210e-01 3.670359739794388232e-01 3.139019900038496069e-01 3.332513420222505407e-01
3.456406842080260167e-01 3.884503365609384695e-01 3.538903601827744216e-01 3.064363137547061466e-01 2.851283545479396664e-01 3.428267728908441780e-01 3.234151803091698252e-01 3.013778131102884394e-01 3.724775861633883300e-01 3.400461366028660337e-01 3.134479541264275637e-01 3.268625075426277449e-01
3.699418690991106984e-01 3.160619675522862160e-01 3.336952586529201015e-01 2.890174105585719966e-01 3.517055250901823804e-01 2.503957169895709156e-01 3.190921055760496117e-01 2.929900968976686393e-01 3.569056023013430501e-01 3.955087671890859524e-01 3.692022480879006974e-01 3.554834320052935315e-01
3.129998163749099227e-01 3.315252504518257926e-01 3.103429431287674234e-01 3.103207550556415506e-01 3.416447504480782937e-01 2.952912569230515816e-01 2.858264358457189847e-01 3.891159261027404836e-01 3.511713031944286301e-01 3.528567183628303905e-01 3.541516020465101389e-01 3.647532420654843732e-01
3.887315937834519008e-01 3.102954818318040542e-01 3.824499666995631042e-01 3.448746474484812308e-01 2.819931129094786493e-01 2.949533240393980571e-01 3.400066964853454277e-01 3.202597442777257442e-01 3.489504435197532950e-01 3.108952317518915986e-01 3.278055476850658123e-01 3.487842095680343535e-01
3.170176904048426225e-01 3.446506955224519220e-01 2.967978527480079620e-01 3.640328186521366582e-01 3.841984454674602922e-01 3.068300554842791628e-01 3.481834119985551812e-01 3.310319020797457545e-01 3.323411744785595978e-01 4.276178140543696049e-01 2.653820362137414013e-01 2.819161028958337978e-01
3.410011512123820032e-01 3.436213880479387917e-01 3.295207286870786012e-01 2.950077811037862263e-01 3.692735495652268995e-01 2.686674884176174505e-01 3.383372463257689478e-01 3.574735892607178722e-01 3.316512456724717284e-01 3.514170399404699663e-01 3.131077139164381018e-01 3.609210778500921979e-01
2.866970372311376525e-01 3.012900671197533686e-01 3.426140530371145632e-01 3.784785466487802785e-01 3.202396168867088777e-01 3.542590115477863288e-01 3.117676980561533417e-01 3.635616426961100212e-01 2.863735392236788635e-01 3.763333342145303018e-01 3.521260907599677026e-01 3.262593625782633233e-01
3.062714157948949745e-01 3.817124095457544164e-01 3.770494666229830538e-01 2.756264584983508237e-01 3.567962250737215513e-01 3.090684291349112822e-01 2.737604144528615890e-01 3.213800963534110822e-01 4.031063412409234825e-01 3.723587508406930868e-01 3.054458194197839371e-01 3.174241730217100543e-01
3.123319933095747292e-01 3.683733979258229096e-01 3.599131836267592255e-01 3.611189960399334709e-01 3.173651675281555784e-01 3.148327526236529561e-01 3.747035383232332206e-01 3.458259488820173977e-01 3.161654885305973939e-01 2.761476033631276583e-01 2.761615768981377506e-01 3.770603529489817696e-01
3.003602478452332969e-01 2.564828787519953246e-01 3.177482397232105349e-01 3.358692251228900805e-01 3.513518573439963211e-01 3.005268002880953637e-01 2.959564086935940197e-01 3.760972421409435329e-01 3.429557380949011525e-01 3.553737086853813731e-01 3.661119139983786130e-01 4.011657393113838843e-01
3.571943797332191584e-01 4.066879754272069158e-01 2.867928206043839912e-01 3.323099624613649605e-01 3.907841973085410814e-01 2.776489052076596686e-01 3.714088290633315026e-01 3.086463350920617965e-01 2.924924634750140084e-01 3.135624227461014102e-01 3.338116926199250489e-01 3.286600162611905684e-01
3.399837759936797377e-01 3.524705721673528358e-01 3.069053107514909673e-01 3.769689346556845400e-01 3.554600413436588280e-01 2.830516733899523518e-01 3.351376848009215981e-01 3.449500314134972823e-01 3.223135391809866523e-01 3.132736341274121594e-01 3.434382587370066742e-01 3.260465434383504335e-01
3.202364886444096781e-01 2.953211510626869707e-01 3.805017965634106547e-01 3.094956070465456621e-01 3.638777723204522085e-01 3.233279625820283387e-01 2.597033167788913577e-01 2.974342059885984879e-01 3.812975170763482358e-01 3.395625127366961871e-01 3.649942838973906922e-01 3.642473853025382513e-01
3.384896741451234314e-01 3.015384331721758238e-01 3.792578029163270470e-01 3.245983360408987162e-01 3.028778554774712028e-01 3.203237016244322999e-01 3.418563986953339628e-01 3.816635616637847339e-01 3.411302918830555475e-01 3.337501443773088772e-01 3.019634931667293243e-01 3.325503068373588111e-01
3.474364824968503851e-01 3.576352092783153247e-01 3.868237917651202729e-01 2.962001876307839288e-01 2.757800790377029632e-01 3.699478083414983187e-01 3.450842071970724456e-01 3.236870171844056232e-01 2.924605479299174915e-01 3.297500174220625024e-01 3.649460676943631632e-01 3.102485840219116331e-01
3.812664055602984492e-01 3.130534557024843290e-01 3.539594092934290614e-01 3.856815411734091925e-01 3.014670080921475481e-01 3.351634518726064327e-01 3.856338160088783606e-01 2.972545395568880755e-01 3.551475426764398868e-01 3.502917302936271460e-01 2.931254986327211376e-01 2.479556011370875335e-01
3.249141459038819013e-01 3.178253661128170870e-01 3.077616332149059053e-01 3.547990151484360921e-01 3.189431899159284600e-01 3.289718106803927178e-01 2.999605033758450112e-01 3.607077263411199719e-01 2.952361387307519958e-01 4.109209588086894516e-01 3.094602907712444839e-01 3.704992209959867555e-01
3.654111064194715541e-01 3.104047149093030478e-01 3.326746114928801346e-01 3.326637045099227752e-01 3.579863191718327675e-01 3.780549768919784226e-01 2.783941948683307799e-01 3.405214934391396775e-01 3.414521805788592324e-01 2.934649211806366065e-01 2.974258145807229248e-01 3.715459619569199123e-01
3.362751717472364232e-01 2.723684862981309851e-01 3.826420535310280924e-01 2.899444760461515891e-01 2.794491929781242057e-01 3.546702474795622173e-01 2.875615366437526688e-01 3.553957481735987023e-01 3.593317618923552170e-01 2.846857697921181263e-01 3.649020073127510755e-01 4.327735481052005784e-01
3.972060556452988722e-01 3.612739018758657217e-01 2.560605778313171932e-01 3.337768069158665307e-01 3.778700316878292886e-01 2.542768619928939544e-01 3.014264574915407335e-01 3.585122505974303597e-01 3.247020011077014767e-01 3.611289478050788149e-01 3.770590426739676704e-01 2.967070643752151571e-01
3.144046423495063802e-01 3.968577600827443153e-01 3.367393654523916924e-01 3.001696395660420347e-01 4.293084910157498602e-01 2.884231694214781094e-01 3.036219066440047909e-01 3.395651169032816163e-01 3.798066339271842229e-01 2.571848109540332827e-01 3.483307702464183420e-01 3.055876934371667963e-01
2.858176590168749476e-01 2.971903744760475141e-01 3.775197508980019379e-01 3.171231808898735682e-01 3.585388616482526047e-01 3.576165012957217559e-01 2.999387076252485462e-01 3.492943388511783320e-01 3.154068449804463548e-01 3.781986269973504067e-01 3.038444349469952566e-01 3.595107183739946199e-01
3.394148048474034951e-01 3.047720231090195186e-01 3.595975906496009511e-01 3.472040394299767407e-01 2.818553342553049568e-01 3.051248341919187146e-01 3.651649752190871956e-01 3.206515377853187410e-01 2.841959094331951152e-01 3.981770041111590830e-01 2.848115827473950423e-01 4.090303642206235546e-01
3.578129415341616548e-01 2.848855364484642605e-01 2.893979738888240449e-01 4.303038750809103918e-01 3.410242385166044610e-01 2.604839686311165581e-01 3.642837093776248314e-01 3.209678127241591961e-01 3.982048182104827583e-01 3.474493911174957872e-01 2.778482020259340768e-01 3.273375324442219236e-01
3.468647297557658771e-01 3.156338268078616727e-01 3.605064217177064712e-01 3.659039025997922190e-01 3.006229013695215224e-01 3.437106066808519600e-01 3.414165869179348056e-01 3.251253680541366653e-01 3.773428970450838360e-01 2.992987228942973754e-01 3.048669340344106748e-01 3.187071021226793865e-01
3.894855394805660787e-01 3.467647386222733608e-01 2.916690540696038059e-01 2.852600646608516866e-01 3.316299764668487193e-01 3.069295567914393508e-01 3.886889834317315273e-01 3.738135589337573395e-01 2.309533607211536332e-01 3.265723396056836036e-01 3.541047298352185679e-01 3.741280973808608912e-01
3.368515124778007075e-01 2.858914277074434684e-01 3.695825338830320272e-01 3.261900332742751485e-01 3.694020339272930942e-01 3.439570620841245763e-01 3.264641146367160962e-01 3.280197967401355941e-01 3.130196457606410076e-01 3.424139212390988618e-01 3.014090478188663491e-01 3.567988704505902220e-01
3.044453456184540996e-01 3.645414400648281372e-01 3.657186679932068474e-01 3.423027699642328114e-01 3.423163172316681657e-01 3.054400899132037606e-01 3.366747463225855386e-01 2.954282634238897254e-01 3.566514580269956602e-01 3.083964448986368234e-01 2.992232466249006295e-01 3.788612099174046288e-01
3.323060601169504080e-01 2.878432089327628285e-01 2.809467479234961651e-01 3.408698576351513188e-01 3.246021447610735189e-01 3.173868880015732752e-01 3.756696723155748541e-01 4.051681070989024969e-01 2.600812016319431486e-01 3.543173612852231757e-01 3.442909948651957652e-01 3.765177554321436082e-01
3.135389261957473583e-01 2.620770613684582084e-01 3.672363927067203715e-01 3.948689702524884604e-01 3.340322497258828571e-01 2.929263695450258220e-01 4.037476421995400133e-01 2.939328516888748966e-01 4.192405046693454262e-01 2.793312073873397416e-01 3.218598237835288978e-01 3.172080004770673201e-01
3.552297684490112184e-01 3.395203226099992033e-01 4.242727359908277096e-01 3.713742516548204087e-01 3.031551392070124806e-01 3.082034365958608024e-01 2.777750631705677153e-01 3.399443766249802268e-01 2.271953502217648468e-01 3.371571662111151335e-01 3.644247623857880258e-01 3.517476268782524507e-01
3.541898382827801117e-01 3.301499323752165038e-01 2.811977549438490764e-01 2.950890556413644505e-01 3.918506274248577670e-01 3.635472439195971406e-01 3.313130304374561907e-01 3.493266778354724433e-01 3.356110359823178402e-01 3.148673856664045423e-01 3.520951113382087549e-01 3.007623061524800634e-01
3.635619971633929914e-01 3.490989174196273970e-01 2.849831759848118762e-01 3.310589257994953627e-01 3.548753988190513908e-01 3.161212444461607984e-01 3.712283184020782612e-01 3.903274583100567741e-01 2.957791544887819479e-01 3.006584531169977925e-01 3.194605336802203710e-01 3.228464223693254254e-01
3.329508394237468694e-01 3.081245454010488327e-01 3.394194300865805980e-01 3.063109135274977302e-01 3.335679487976201396e-01 3.080263938145972880e-01 3.589596876578129425e-01 2.966463384142400961e-01 3.418697728499215382e-01 3.673404426480556539e-01 3.362082370201596726e-01 3.705754503587137538e-01
3.145040148917135348e-01 3.249828087148681766e-01 3.392229936668330059e-01 3.374578455379467212e-01 3.610245255520427854e-01 3.776184660991104280e-01 3.309987329154312485e-01 3.611541418230616585e-01 3.204002388931675438e-01 3.199821706453360171e-01 3.278816377902426527e-01 2.847724234702403989e-01
3.518985292537589737e-01 3.783477612592707207e-01 2.885692811499966370e-01 3.123724692893196653e-01 3.514413455541889331e-01 4.014197357736689620e-01 2.795313913152754903e-01 3.616834045852024282e-01 2.956045663962630909e-01 3.835719683675746228e-01 2.809966018260289244e-01 3.145629452294609329e-01
3.073650773643279988e-01 3.824227426746151237e-01 2.696380703169355408e-01 3.809546171747375531e-01 3.390101458810865220e-01 2.963033076812406352e-01 3.352892847954495048e-01 3.775238143330303942e-01 2.940465960255989608e-01 3.636935110817218764e-01 3.341238752562278314e-01 3.196289574150347756e-01
3.424949919957409605e-01 3.015308339388538261e-01 4.053177552077820156e-01 3.332252308486241543e-01 2.907908384861186413e-01 3.724661734125750967e-01 2.882225703939583772e-01 3.153089871265419841e-01 3.208639193489392638e-01 3.464159673422081420e-01 3.549209161438072191e-01 3.284418157548382178e-01
2.994371935512538663e-01 3.147985676917076092e-01 2.772885553441091222e-01 2.805175116396638746e-01 3.574967681580520917e-01 2.732942262478788020e-01 4.356986668999575096e-01 3.254566915183836340e-01 4.284233728684258558e-01 3.186396350090307528e-01 3.501755810728396368e-01 3.387732299987196716e-01
2.985182458471496991e-01 3.618525072035639334e-01 3.318922199420912267e-01 3.465625956619128867e-01 3.067887386736077859e-01 3.613762018057687930e-01 3.446809491994720087e-01 3.280853637693204039e-01 3.300518139466344647e-01 4.039903456921780101e-01 2.510423472463654826e-01 3.351586710119093815e-01
3.195319624420603910e-01 3.342327133145969742e-01 3.627703460485605658e-01 3.026053169898899609e-01 3.444056298519424519e-01 3.146856952869175883e-01 3.284572288718712318e-01 3.353281289629752027e-01 3.587429305188325479e-01 3.722775126398792933e-01 3.871071377630422305e-01 2.398553973094384173e-01
3.238042679341737173e-01 3.650543996972946403e-01 3.407622422069092050e-01 2.687040626485506234e-01 4.006850439656016727e-01 3.267416713354769353e-01 3.621781734877330128e-01 3.166343015756836188e-01 3.180083519142078430e-01 3.135231809488454591e-01 3.540798044419438129e-01 3.098244998435942810e-01
3.535247862014566089e-01 3.157485321532759737e-01 3.756580632215645310e-01 3.427118719187330909e-01 3.144182882131514312e-01 2.996913954615612052e-01 3.794860385152925009e-01 2.510906494874208805e-01 3.545350641662054492e-01 3.709210128457610667e-01 3.298694143869744244e-01 3.123448834286133846e-01
2.950067700475631494e-01 3.797368143061656820e-01 2.984749362079069379e-01 4.328270127089768882e-01 3.007732463799362987e-01 2.950205518138203642e-01 3.382462983781240329e-01 3.744648590070285277e-01 3.069741556416495931e-01 3.292082820588442815e-01 3.646799349893733999e-01 2.845871384606035170e-01
3.596710957219700910e-01 3.223675332989007769e-01 3.404718248310253936e-01 3.285011922714409782e-01 2.963043221434491503e-01 3.636963500736621890e-01 2.894092726104179336e-01 3.527896673999306731e-01 3.855333559072303684e-01 2.965646501380166389e-01 3.253286145519505568e-01 3.393621210520001430e-01
3.588782092333280271e-01 3.382274461290546430e-01 3.080327915682734008e-01 3.536303414317197302e-01 2.965048384679294102e-01 3.554046570670450489e-01 3.485167680385867772e-01 3.473611787219850755e-01 4.030995635340013372e-01 3.178005358837361904e-01 3.172687526244037937e-01 2.552749172999493332e-01
3.497682675121632223e-01 2.295245197261353010e-01 3.213271405884065013e-01 3.647945710762920402e-01 3.122100764167570208e-01 3.684123198047891679e-01 3.284597506898905284e-01 2.977774814548185822e-01 3.583917420295789635e-01 3.711077798883554157e-01 3.473884370292297241e-01 3.508379137835930250e-01
3.661368385773219880e-01 3.251247181622891613e-01 3.416232771157201031e-01 3.036644507747757737e-01 3.068067269081043436e-01 3.305265890764675918e-01 2.792323918436649399e-01 3.762775638176713011e-01 4.150055757793527644e-01 2.945286676306102525e-01 3.403631528590677635e-01 3.207100474549595126e-01
3.944782045626000766e-01 2.980877497178858748e-01 3.519635013151565794e-01 3.394791801414270838e-01 3.135448420287391125e-01 2.808308387764786307e-01 3.049387849045428478e-01 3.090664483262537954e-01 3.130532196871471662e-01 3.945820924516186823e-01 3.909753383449269815e-01 3.089997997432023524e-01
