-7.570496991831812572e+00
-9.102815087236862723e+00
-9.754328002885992888e+00
-8.095193116165619429e+00
-8.430320704164094181e+00
-6.385550310436224564e+00
-8.939373012329868473e+00
-9.079036083359353526e+00
-9.226223237438111013e+00
-9.760745160285107858e+00
-4.025260246243306028e+00
-8.676714736846605547e+00
-8.523036424402906874e+00
-7.214471225014907674e+00
-7.189150542258794019e+00
-8.442563475654491612e+00
-7.221216273051041412e+00
-9.542599629359335367e+00
-6.745752570606149412e+00
-7.800076883241699122e+00
-9.293754608566686670e+00
-8.178043397376663748e+00
-5.261664194870086853e+00
-7.736756508338268112e+00
-8.839231229394037825e+00
-7.282302022068534164e+00
-9.224398307933510566e+00
-9.656234727892943681e+00
-1.029842091962482975e+01
-1.096065565390030194e+01
-7.601368348197092395e+00
-7.125557468519639670e+00
-7.986320813081013270e+00
-6.400183663521422872e+00
-8.417986810818463894e+00
-9.459817137073237348e+00
-8.892890107657262178e+00
-8.599150869094405181e+00
-9.196604917962332593e+00
-8.907134042824452536e+00
-6.214886841754100111e+00
-9.014969910164797540e+00
-9.398916294356469692e+00
-7.731798496132520349e+00
-8.194804423929859638e+00
-7.669998588851399290e+00
-9.057434509904153330e+00
-7.944583992444562703e+00
-8.689588180626563130e+00
-8.930920694599389975e+00
-9.126333528944552853e+00
-7.725346808886147443e+00
-9.342660811943876098e+00
-1.025959267474509673e+01
-7.426334258009160472e+00
-8.395905011198356860e+00
-7.748752427175793045e+00
-9.171249435831736463e+00
-5.787147392807367119e+00
-5.154542120283132078e+00
-7.323079553325427149e+00
-1.005944643313153186e+01
-8.031387710173900629e+00
-1.067865819768328350e+01
-8.253931325676193254e+00
-8.962441317231270688e+00
-6.613199823882546013e+00
-9.232064227984169591e+00
-7.309646732019380977e+00
-4.823591357786153111e+00
-7.265349998457793390e+00
-4.180472470172744259e+00
-8.953533683539754762e+00
-6.510179306719124703e+00
-9.769525811721486264e+00
-1.038891605460205625e+01
-7.380764646475666879e+00
-7.481553355143486073e+00
-8.170899992410523893e+00
-8.678939126702509554e+00
-8.154711638238257621e+00
-6.931474988672393422e+00
-8.416704658055593313e+00
-7.236229253449284471e+00
-5.127997792867048155e+00
-8.411857628717447355e+00
-8.193584450517715112e+00
-1.069669782181588502e+01
-8.225301255359743990e+00
-7.202363742774172906e+00
-7.820632795997499720e+00
-7.199645111606058911e+00
-7.521993611020324266e+00
-1.019335177396816228e+01
-9.604278135045685616e+00
-9.447158709380090613e+00
-9.342838015449752120e+00
-6.684953231975382160e+00
-9.739847614113541496e+00
-8.785617077644486628e+00
