2.123697093318877710e-02 1.705614311457811366e-02 1.353004671298657473e-02 1.595526233135251618e-02 2.101177533824515747e-02 1.914720426423425007e-02 1.802607717816617078e-02 1.886453824168497426e-02 2.384398054491437477e-02 2.023173308060837242e-02 1.819774456158252882e-02 1.924221317972219999e-02
1.899711640972228874e-02 1.718179786624882827e-02 1.817845909822194891e-02 1.875504817741559943e-02 1.581678091611646297e-02 2.215823659727757938e-02 1.715482854004633795e-02 2.127381759713505363e-02 2.239412463246902296e-02 1.760057383957421354e-02 1.749001776242693068e-02 1.829362014679249832e-02
1.813450938525967837e-02 1.853755902941854605e-02 2.399860933265142438e-02 2.074945321540466042e-02 1.800886078787843764e-02 1.851279036637931696e-02 1.964914662717014149e-02 1.700173575308293328e-02 1.448664291862975829e-02 1.763059910974829753e-02 1.965432835430808156e-02 1.964598759945031942e-02
1.699048440339301705e-02 1.623925111835876692e-02 1.655375316288304824e-02 1.903486221495212863e-02 2.436917141304176943e-02 2.336955191474383853e-02 1.735536880377654828e-02 1.792680577456361168e-02 2.058380663990426462e-02 1.938504139153151076e-02 1.786627345486135540e-02 1.661635485766123702e-02
2.010296322612477662e-02 1.955866691999114809e-02 1.822737070994256969e-02 1.993385843729197221e-02 1.573313717328010328e-02 1.495570397786119381e-02 1.858840720949307690e-02 1.789032592842748973e-02 2.148278875657135337e-02 2.257364677570524586e-02 1.713566618752681778e-02 1.963901913841965829e-02
1.972136139537950666e-02 1.886018189807495832e-02 1.953424836985320767e-02 2.334872703968337085e-02 2.553629095234027924e-02 2.137730130674231691e-02 1.839017527409050543e-02 1.789921459779298188e-02 1.898361467740431602e-02 1.405199945329426402e-02 1.459617918616972279e-02 1.434931254323965066e-02
2.004871204402063067e-02 1.831635785353816215e-02 2.019685936412726757e-02 1.802960575135684890e-02 1.995841283643125935e-02 2.187618807796936141e-02 1.865609231430202797e-02 1.995192567538858069e-02 1.496586405334274575e-02 1.805183872870422604e-02 1.870885938981125748e-02 1.656885759096405480e-02
2.054535791021207952e-02 1.757738832181692315e-02 1.986995402611680187e-02 2.183940970711309437e-02 1.727780989519662330e-02 1.500128971268516014e-02 1.897542901738794724e-02 2.079213499018318229e-02 1.786030828272265267e-02 1.764474461435573335e-02 1.912023741307949595e-02 1.923075927532986659e-02
1.781459527717662097e-02 1.704283455008931414e-02 1.714218000530220998e-02 1.983967244679407660e-02 1.980443950397578479e-02 1.861851879994092657e-02 1.832918524722152234e-02 1.868316146150807155e-02 1.744215497257963279e-02 1.683001861482858255e-02 2.127018559976893292e-02 2.286168349186720045e-02
1.722943778833232326e-02 1.662349203789776145e-02 1.966064545001895356e-02 1.925907486589938100e-02 1.732002466413164188e-02 1.493557804068365406e-02 2.066448752544073481e-02 2.124668237468631607e-02 1.893966557941470855e-02 1.975506141944625288e-02 2.019426357042301834e-02 1.983737449453576440e-02
1.596894949490262894e-02 1.745382443666191469e-02 2.200501426557040924e-02 2.046239575546459494e-02 1.592211083671790650e-02 2.014103627680586747e-02 1.792173544002871252e-02 1.649116621386581896e-02 1.935568033742283978e-02 1.982667705374918307e-02 2.099246802307568049e-02 1.923969593391514424e-02
2.045159198520942606e-02 2.069795921767465449e-02 1.904156994288860871e-02 1.988009563138941338e-02 2.003955314893133416e-02 1.921813327340433919e-02 1.890031865333349423e-02 1.819720084980604863e-02 1.725132211810625690e-02 1.377946502974206761e-02 1.627100730982005555e-02 2.228703902743949666e-02
1.757167547041414354e-02 1.977212070858265849e-02 1.784445994985923295e-02 1.720735330348324016e-02 2.496663123260108030e-02 2.080941201258105014e-02 2.045981837317275079e-02 2.004121529860627277e-02 1.634893694081297061e-02 1.538296303394153484e-02 1.864216887072959669e-02 1.695735908850714777e-02
1.593639792768707791e-02 1.794220973377697384e-02 2.189244981823608091e-02 2.216881282501005634e-02 2.010890158409545450e-02 1.905606995206616389e-02 2.143316351101005879e-02 1.606403827881325991e-02 1.758003555151806466e-02 2.014340565465489591e-02 1.785325053838316203e-02 1.575658123690151097e-02
1.849718284955751205e-02 1.965159184178445761e-02 2.086319172340102973e-02 1.746612216614550073e-02 1.770291145875498018e-02 2.144944835064229588e-02 2.022323300899820167e-02 1.967803790569900430e-02 1.637858619007749247e-02 1.562691031494336732e-02 1.934386015891198865e-02 1.877784991279330545e-02
2.007082993239093713e-02 1.699442016630323821e-02 1.890255978644096030e-02 2.212297176215996530e-02 2.092518794846272984e-02 1.703013193717040075e-02 1.540596899376182362e-02 1.976146155675268315e-02 2.201301090849471648e-02 1.589725366719022676e-02 1.787090866047435361e-02 1.882301105920117928e-02
1.929694051003702157e-02 2.289925356541519866e-02 2.025221200791833473e-02 1.824134008935299200e-02 2.161791545771198433e-02 2.190364605421136687e-02 1.656324873348626742e-02 1.612827162153020535e-02 1.807658205493919978e-02 1.639588995002656813e-02 1.739605697658051439e-02 1.725808241190168735e-02
1.810072340815351011e-02 1.607518204993397745e-02 1.759139319647849004e-02 1.499938057962008423e-02 1.501810963901483061e-02 1.943899394858451118e-02 2.048932008553171202e-02 1.831737757225081545e-02 1.935851086076316105e-02 2.273377919987046303e-02 2.173985770105710605e-02 2.250449842504517739e-02
1.889346114536947369e-02 1.789813141699745508e-02 2.302956702243583523e-02 2.198922297186067104e-02 1.864323992012111020e-02 1.488770804962293026e-02 1.528564168148571246e-02 1.987498837590815151e-02 1.836655118763187711e-02 1.593957130507328568e-02 1.939103594953063212e-02 2.218935009594725366e-02
2.029655995613382363e-02 2.050888265779176114e-02 2.049910731353306315e-02 1.515376453516020273e-02 1.874588411322622439e-02 2.078773635859255953e-02 1.674415277000133179e-02 1.483070300987021986e-02 1.829559673339214640e-02 1.879672976050186101e-02 2.057454676133569846e-02 2.053706786650984217e-02
2.080672369047999182e-02 1.667920635460963530e-02 1.711373134202885324e-02 2.026932409583368649e-02 1.846576610130554186e-02 1.445924464380612083e-02 1.494990824991914921e-02 1.878875551713135930e-02 2.213874800521413791e-02 2.037828896090177269e-02 2.075943126276386802e-02 2.150938399952104230e-02
1.600878251951185979e-02 2.095598169071583028e-02 2.085400269941719426e-02 1.797994918786748053e-02 1.771949472497758027e-02 1.991807021821218743e-02 2.200908230432469317e-02 1.739224314202035895e-02 1.864996919085147239e-02 1.967684764113273102e-02 1.850948417254401693e-02 1.606138935648404945e-02
1.920954681845078726e-02 1.749883190292757587e-02 1.799689288038237855e-02 2.209835119383537702e-02 1.839128322425334292e-02 1.778739387907509947e-02 1.718554701303616830e-02 1.912322657821336966e-02 2.074609466844480957e-02 1.752275394583111684e-02 1.759141621160257435e-02 2.029579464751124843e-02
1.961734332273108727e-02 1.647689557651544484e-02 1.677731279618034643e-02 2.264214906622997320e-02 1.935604987725807885e-02 1.627716567434752543e-02 1.668009027295715846e-02 1.795760569920109434e-02 1.967153973938192205e-02 2.224706515441676399e-02 2.139715643796501199e-02 1.685487364013628711e-02
1.477147101211458320e-02 1.904508540515465614e-02 2.130592353718189710e-02 1.843636064347145553e-02 2.067850997235896535e-02 2.271572463907265554e-02 1.673683720657987220e-02 1.580839648165777850e-02 1.921434642452127597e-02 1.808568933839019982e-02 1.861592003220571487e-02 2.049760918971000115e-02
2.123519416481037259e-02 1.829453981844953239e-02 1.830223932502591383e-02 2.014505843112980588e-02 1.958467561265209156e-02 1.750520376824363580e-02 1.583951670613852059e-02 1.755813835808222104e-02 2.273558016177886984e-02 2.064895395757169669e-02 1.772480533593403032e-02 1.610732977145631559e-02
1.711778466819634942e-02 1.880583331194161240e-02 2.005913316005393521e-02 2.217422104613133230e-02 1.830688553772995969e-02 1.880894555700381512e-02 1.918590788986837201e-02 2.010404576263173995e-02 1.472249652414495819e-02 1.663890387346130678e-02 1.974143952167291272e-02 1.972003367091653900e-02
1.607900901858880932e-02 1.805546595138426275e-02 1.961077354144413754e-02 1.712192302228412316e-02 2.013574178537116954e-02 1.837126771557932858e-02 1.982393803744232630e-02 2.187490224915808121e-02 1.875319858734894249e-02 1.995664857846162626e-02 1.808566813412287519e-02 1.753421000550549336e-02
1.804464343736050108e-02 1.934457753515168160e-02 1.899197527657204773e-02 1.879384197293830494e-02 1.622117091166335248e-02 1.704685056783730723e-02 1.611511431688911200e-02 1.883201233605381192e-02 2.210765784585094762e-02 2.327162225860607281e-02 1.915169949426656984e-02 1.779326231877698811e-02
1.853595897067786963e-02 1.778745690410420133e-02 2.119665465414148631e-02 1.893166640212817775e-02 1.845516515958656178e-02 1.803711282192221876e-02 1.661182804181788111e-02 1.587585507806412929e-02 1.699142650878801564e-02 2.165500712903356550e-02 2.020372637711763397e-02 2.140242265521437315e-02
1.780302649731049444e-02 1.892373477174388863e-02 1.804856426213655510e-02 1.921931841425488646e-02 2.059722629196516011e-02 2.158656946396123391e-02 1.775719745718228396e-02 1.894021269730768522e-02 1.911300507392003564e-02 1.859462277595528776e-02 1.791424442630360284e-02 1.685529185445334976e-02
2.185047173313443836e-02 1.933169845975937773e-02 1.500189533570934694e-02 1.847187417399392961e-02 2.091093823178601790e-02 2.023360602556264001e-02 1.704477436857801051e-02 1.907827370961532459e-02 2.454546435834996376e-02 1.659138593179320872e-02 1.443712883420635029e-02 1.904879161189992898e-02
1.449013744727344413e-02 1.500052240488648596e-02 2.145738459131721343e-02 1.905636618476986080e-02 1.521599442199674142e-02 2.139347490495896800e-02 1.931929756082697430e-02 1.994891838401624540e-02 2.162460005009263220e-02 1.793712042835069603e-02 2.255382505800998874e-02 1.826125873788961990e-02
2.040672171244586539e-02 1.836144945888323193e-02 1.642222360280565230e-02 2.159012337400083303e-02 1.929193524931021794e-02 1.723225733393613998e-02 2.186388814251841520e-02 2.104413591923779206e-02 1.707244357720809000e-02 1.742423760544908884e-02 1.761628307440068694e-02 1.743977576124685833e-02
1.934800362443468008e-02 2.078107057295564691e-02 1.769276629852893287e-02 1.744066657829723699e-02 1.901854460511418279e-02 1.901527250141228642e-02 2.151449010655074462e-02 2.123987668601734144e-02 2.132902578407955968e-02 1.666741714897136337e-02 1.438905181675022467e-02 1.750831061436356959e-02
1.912592488457723686e-02 1.814591175027463477e-02 1.561340964296765825e-02 2.126120900164523916e-02 2.491170055308912501e-02 1.647306546178143802e-02 1.689301585158064015e-02 1.948676770737116370e-02 2.080927792953570291e-02 1.738134801700373308e-02 1.561279079595432988e-02 2.051062127896852161e-02
1.829117615511969761e-02 1.931558321603218942e-02 1.944580182736898449e-02 1.815168011009017646e-02 1.772420284674493252e-02 2.240847461278634711e-02 1.760817021966109772e-02 1.880431521580120530e-02 1.733788993089700400e-02 2.047835022049003528e-02 1.949936035822595962e-02 1.614875228854232431e-02
1.593765390043629104e-02 2.191050686182277607e-02 1.821795403978059349e-02 1.510395732840114080e-02 1.742447387454595931e-02 1.940550260763410778e-02 1.646761462660794803e-02 1.962601798502998027e-02 2.556664877986136036e-02 2.342598878044072769e-02 1.981645013154232152e-02 1.421796194326055418e-02
1.819340198937901415e-02 1.756518559072959770e-02 1.597825929891186908e-02 2.095192595624412873e-02 1.662562102221638166e-02 1.577081693977882768e-02 1.865701479478246855e-02 2.120038950027498120e-02 2.345532336293480041e-02 2.004850263073472763e-02 1.897013026886438386e-02 1.840795608554428656e-02
1.822832548707529685e-02 2.084629644508151011e-02 1.895346577040486064e-02 1.876681700665189939e-02 1.896584329646314182e-02 2.266713625419802119e-02 1.851603732161028956e-02 1.654328725698802835e-02 1.833774386223697636e-02 1.914297670649074690e-02 1.734811884603125812e-02 1.715159783806372712e-02
1.483365028606228875e-02 1.927218174366597189e-02 2.332625767383841864e-02 1.956696864335216723e-02 2.018457261379210180e-02 1.693712682313479670e-02 1.886325665418248088e-02 1.972428685504888993e-02 1.985441803929577712e-02 2.037151420622604001e-02 1.693300797141364042e-02 1.602620407851632067e-02
1.894488753869803116e-02 1.932812382940187618e-02 2.020085702446575149e-02 1.993139999950167135e-02 1.862637230565010460e-02 1.879377359670358211e-02 1.910963625212616646e-02 1.631658063313561752e-02 1.572408657282382480e-02 1.898707262572398025e-02 1.798108140885548711e-02 2.142169029739323521e-02
1.783686641180905197e-02 2.069080816822245136e-02 2.080210638762734071e-02 1.776632307915288964e-02 1.692169425072955619e-02 2.344680117501397182e-02 2.225924498568157550e-02 1.389194265872882583e-02 1.487516333712600794e-02 1.950385608274050886e-02 2.172512755645459454e-02 1.699180338156063355e-02
1.851662901938249881e-02 2.179090727962937346e-02 1.891451917698508053e-02 1.878260380752641567e-02 1.891912384527210528e-02 1.927219965119585793e-02 1.835253609496081961e-02 1.607519477911258793e-02 1.861145715586872557e-02 2.110351538049984668e-02 1.800299191242488162e-02 1.715284700942265594e-02
1.834735194542029199e-02 2.137254830765235661e-02 2.097391432330571875e-02 1.918081209637812964e-02 1.583537530115008279e-02 1.732559479488072346e-02 1.854954486536740388e-02 1.939199854196292302e-02 2.090926033310634008e-02 2.217105931431501836e-02 1.850449293021850725e-02 1.361277959078988596e-02
1.597544662945891980e-02 1.956044474470754191e-02 1.801119380664720909e-02 2.110344727532048603e-02 2.060144139441818026e-02 2.109475446663284723e-02 1.569281271072264089e-02 1.649730317683166525e-02 2.061457549238268974e-02 1.892904515966865528e-02 2.007918608462060106e-02 1.741106263837829612e-02
1.965908048356649132e-02 1.646818014130025862e-02 1.745831048181573086e-02 1.897505314580433949e-02 2.207611418676506260e-02 1.994886253628286657e-02 1.707533359922554922e-02 1.710538321845984228e-02 1.762615860660789527e-02 2.116378090242888865e-02 1.859939674346489449e-02 1.941635899953923425e-02
1.955534871621802950e-02 1.891151169202480442e-02 1.867745415328475600e-02 1.962522978869649104e-02 2.231211701444880610e-02 1.374663855386410935e-02 1.303014735628081622e-02 1.881989246285233064e-02 2.093233651830953695e-02 2.034469552766339159e-02 2.142567192726020642e-02 1.911541940239836965e-02
2.135673438737160229e-02 2.249851567242212858e-02 1.819699739864988342e-02 1.787752723558628382e-02 2.136422465012781727e-02 1.901177791218875909e-02 1.690033648549337658e-02 1.829211375601602629e-02 1.661026435430248971e-02 1.762053540276242725e-02 1.677615565069267428e-02 1.913957640047300734e-02
1.852449931755108595e-02 2.046550418160579879e-02 2.012142421274478593e-02 1.808851949755477251e-02 1.890890035028429395e-02 1.649835379005657257e-02 1.537988947468595276e-02 1.599689809110009173e-02 2.154744560894136102e-02 1.947902780812690166e-02 2.036152102067871270e-02 2.027702476398005743e-02
2.123188421184019417e-02 1.878362267546154069e-02 1.484470013411858663e-02 1.535064800977969067e-02 2.137876788007006881e-02 2.727346943225104556e-02 1.856663879667151684e-02 1.514707853773294977e-02 2.242290470525593049e-02 1.937412755547988918e-02 1.456963603237537014e-02 1.860006919241173964e-02
1.515454941831544805e-02 2.082207997246401932e-02 1.962147786943614289e-02 1.818475507969188887e-02 1.919699317768652769e-02 2.013236533622829449e-02 2.226072033434231545e-02 2.054626384933026795e-02 1.917497154943303278e-02 1.638493853639769182e-02 1.652996792657129843e-02 1.767343131475357376e-02
1.672122378535156537e-02 1.988645986624513334e-02 2.013258693297560048e-02 2.005832125766172924e-02 1.766859528948289473e-02 1.983091641575485814e-02 1.895817157970544967e-02 1.645208092964455665e-02 1.710801414439221124e-02 2.028837424777606147e-02 2.062823856498353578e-02 1.776048937584142479e-02
2.341877228367796743e-02 1.790020181734229554e-02 1.887153297522094555e-02 2.297570327835687237e-02 1.848843145626976811e-02 1.485839488008780865e-02 1.636969222375677172e-02 1.802526874532680776e-02 1.918706785384322391e-02 1.717966098556434826e-02 1.838630366228224608e-02 2.039790564288964519e-02
1.595058118471856523e-02 2.111259752360436504e-02 2.266491143018798532e-02 2.232704074409549641e-02 1.602771374934217410e-02 1.784908852516744332e-02 2.024342441014581606e-02 1.743953594589139899e-02 1.763193144340496551e-02 2.150185495057586535e-02 1.847003893222859752e-02 1.502556340998228296e-02
2.074866498947819382e-02 1.679167862341269038e-02 1.813937245539825466e-02 2.213933606869376500e-02 2.071700799826748512e-02 1.798557506202694625e-02 1.756737239387277244e-02 1.891464315762394696e-02 2.070375414678646622e-02 1.898127471881414299e-02 1.584887203420572502e-02 1.722646597781741368e-02
1.609829568819973189e-02 1.721721161629740510e-02 2.253116052950099313e-02 2.096243177783567446e-02 1.816505682582363751e-02 1.350702568031229844e-02 1.700497396755588572e-02 2.128048841995472396e-02 2.365990261777451212e-02 2.070180099445285624e-02 1.732805618714073834e-02 1.804885791352312668e-02
1.760200859377715477e-02 2.265259920246118566e-02 2.003847921662613857e-02 1.797481640327751665e-02 1.633436746049924532e-02 1.749582987203754034e-02 1.941388739250726400e-02 1.808322853119599324e-02 2.014976091878294129e-02 2.094191053632995722e-02 1.887626777197786224e-02 1.618269791224019941e-02
2.103149275057434112e-02 1.942638898728092298e-02 1.609871108157562639e-02 1.794095008880382952e-02 1.878212494989965967e-02 1.899387635720433190e-02 1.752699043620055061e-02 2.037147956127224879e-02 1.867793695985665511e-02 1.604358585446022042e-02 1.763111819860923440e-02 2.306148301779671964e-02
1.949582086162692657e-02 2.117501851488805611e-02 1.647386519037735350e-02 1.657448510985727597e-02 2.249006618119994694e-02 1.939639553519735202e-02 1.650716126425124872e-02 1.555769117976683706e-02 1.880299758767833840e-02 2.114992630274255617e-02 2.068120981172302461e-02 1.768212559198291053e-02
2.063499247116651336e-02 1.933478657728552458e-02 1.619665045176305052e-02 1.474462511862693892e-02 1.960160072530278338e-02 1.838116254386200007e-02 1.873676930092352949e-02 2.261775323334395266e-02 2.019501178225839230e-02 1.897706183078996800e-02 1.782195063227465584e-02 1.855529328832092664e-02
2.108536473440843911e-02 1.746799662340271092e-02 1.833165449643230083e-02 1.891503676085329322e-02 1.814175808128500045e-02 2.257878703066623291e-02 1.666232464350739934e-02 1.474218953213355179e-02 1.753341594778998896e-02 2.103016369711803099e-02 1.758344289071193250e-02 2.168558108577380711e-02
1.688986458601854368e-02 2.047793781207127642e-02 2.444569725635653903e-02 1.806687861709132051e-02 1.922173702887050237e-02 2.022627605081529778e-02 1.927335325415232767e-02 2.337769167524425887e-02 1.886201643057546645e-02 1.298791345355809410e-02 1.413243926081121822e-02 1.903048422017906624e-02
2.106077699935034880e-02 1.786142787654747960e-02 1.967400468467821878e-02 2.284009770945315612e-02 2.075702551261086187e-02 1.828656598227618515e-02 1.544773493014039122e-02 2.023808161484296972e-02 2.127885098939294103e-02 1.601991838561248049e-02 1.414670998794114939e-02 1.874707374914559924e-02
1.556424951654404067e-02 2.022158357091580552e-02 2.318781726738877030e-02 1.810331294854807677e-02 1.718253737925605484e-02 1.918637813809186132e-02 1.743311180556588944e-02 1.680368614371823693e-02 1.739719187903004255e-02 2.090457562316582266e-02 2.368449678492032251e-02 1.662350072289808800e-02
1.690311479090261457e-02 2.074895964866334958e-02 1.847992779325665150e-02 1.810341158564173630e-02 1.924229912004423240e-02 1.913374811078914078e-02 2.385631683454637886e-02 1.831064102649074959e-02 1.403707992280139351e-02 2.077944106979174449e-02 2.063542578516262826e-02 1.602734878547883851e-02
1.979857227279454776e-02 2.014000257336728134e-02 1.788931004943682818e-02 1.509068118235447689e-02 1.739139085659445472e-02 2.046813495586609355e-02 1.862977532300736164e-02 1.804362767557581709e-02 2.499657576169354162e-02 1.980553640242186178e-02 1.689887425654775302e-02 1.686532800502031637e-02
1.852108327585188716e-02 1.800849882713759925e-02 2.047998719770272383e-02 1.939048626714148793e-02 1.603429908970067236e-02 1.637909660291535924e-02 1.838034567056886365e-02 2.223402027260278427e-02 2.090334214486275904e-02 1.847529537439395256e-02 1.896036084257605309e-02 1.787526287278193293e-02
2.215345316598964220e-02 2.010645969536133462e-02 1.718429215409061211e-02 1.981937930361551276e-02 1.915075364323930163e-02 1.631979893261429129e-02 1.902688594399821673e-02 2.078399787530181217e-02 1.921259972156731319e-02 1.805696090612659427e-02 1.533708839033542243e-02 1.859315090782355864e-02
1.888430254307390047e-02 1.969110117534568147e-02 1.631157586640442220e-02 1.455296763095770274e-02 1.913328357664284551e-02 2.308778085440494482e-02 1.924300872665671638e-02 1.507497558622178553e-02 2.101813642030305601e-02 2.534018796647764110e-02 1.808124487799194283e-02 1.647731799583147111e-02
1.832946458574204532e-02 1.709352141326211591e-02 2.041546585777215608e-02 2.509917817299301204e-02 1.822695327752055228e-02 1.471782286414997400e-02 1.608381497753857622e-02 1.944050125259126280e-02 2.081475532377053198e-02 1.446074974846890508e-02 1.840857384665839022e-02 2.381512609432120953e-02
1.773569455395446887e-02 1.821001463426978259e-02 2.282990777092207962e-02 1.891936912716273358e-02 1.913254912070595087e-02 1.723101006713186056e-02 2.078640826136681982e-02 2.251487160677632937e-02 1.670201242387181831e-02 1.647122444777224942e-02 1.718386321039376552e-02 1.798333282841257236e-02
1.975110056062564373e-02 1.585691610383875919e-02 1.773252505651834107e-02 1.806951983239293846e-02 2.170413927945283317e-02 2.087052678993175925e-02 1.893046173843203339e-02 2.139525776331720197e-02 1.927747098092500583e-02 1.977465509107441052e-02 1.575566490136792730e-02 1.649106165158430864e-02
1.879060458493200803e-02 1.676967510904817799e-02 1.856808431867430081e-02 2.065361841001368479e-02 2.221377414129190042e-02 2.269304867879531201e-02 2.013736139815675702e-02 2.083965939781508292e-02 1.410110412805950023e-02 1.344165949300886453e-02 1.930920733357498892e-02 1.900831423228396128e-02
2.130184952515844915e-02 1.734732041501173272e-02 1.753318114596674054e-02 1.745829992008786705e-02 2.043553916607665152e-02 1.998928384679240014e-02 2.059300182750049835e-02 1.845089566350218216e-02 1.699634642663284609e-02 1.978607313396953810e-02 1.789184777613361116e-02 1.754173845192660147e-02
1.867628566761047465e-02 1.873455805502241903e-02 1.882609197361552120e-02 1.475974590709503396e-02 1.603307443998831794e-02 2.147816405647285168e-02 2.176450293653261342e-02 2.029857140431754262e-02 1.914187941390357861e-02 1.690626787311712981e-02 1.848707638298586683e-02 2.086050628059631443e-02
1.889948763081275226e-02 2.006643008765936556e-02 1.776497421268085491e-02 1.585436396051676661e-02 1.802785011791128988e-02 2.269868236907993803e-02 1.887677592357399695e-02 1.435720707148072095e-02 1.884438150843848608e-02 2.191943106509653891e-02 2.118419791766430055e-02 1.764862311673993933e-02
1.805058197860581748e-02 1.984692328583073651e-02 1.769114261470904753e-02 1.435724820791650647e-02 1.648770679371011627e-02 1.955235385976702295e-02 2.280658087961398225e-02 1.926665978067672660e-02 1.643060771714736218e-02 2.193168458290130005e-02 2.306010059539559745e-02 1.691236285817423676e-02
1.991074449312392816e-02 1.851355027391304170e-02 1.740079115557103748e-02 1.392391619975459627e-02 1.669812486121812628e-02 1.795538795254481707e-02 2.081383760533222355e-02 2.196491394575146930e-02 1.780836681282160078e-02 1.788635951857172127e-02 2.200744754138686532e-02 2.110717616174935529e-02
1.888408641833548562e-02 1.479421541695814281e-02 1.690442946191972676e-02 1.723939181349518068e-02 1.841556438562573159e-02 2.058137658559312452e-02 2.110644619641510386e-02 2.123644578887648807e-02 2.026339453321138878e-02 1.915642343780331672e-02 1.541669468362512688e-02 2.188021348163943919e-02
1.852894749086982790e-02 1.961485957404042121e-02 2.104578313307543108e-02 1.639514955699754653e-02 2.045019501559351693e-02 2.362052641881430201e-02 1.681641666799362986e-02 1.542579393444893851e-02 1.788520725482681956e-02 1.974570573096069009e-02 1.843198413899912319e-02 1.799139570394737639e-02
1.728353785979182267e-02 1.753736055143093747e-02 1.612109352647570978e-02 1.549426817364641697e-02 1.546418998797493768e-02 2.044290993561582309e-02 1.775710939650555417e-02 1.713866763663273590e-02 2.243016405646442585e-02 2.161808404171177908e-02 2.438739662907384032e-02 2.075347590555793806e-02
2.077846750265345543e-02 2.173221002511213987e-02 1.719273545684119400e-02 1.420909677527613588e-02 1.844085540163240694e-02 1.878847128987687354e-02 1.567388454392689562e-02 1.658115795820321037e-02 2.046918261162248426e-02 2.217908503273815016e-02 2.045196886543673709e-02 1.978446782001481996e-02
2.049860382490318808e-02 1.855084611361650093e-02 1.639542876181197817e-02 1.603755390430089064e-02 2.586595347747379370e-02 1.942691322411760346e-02 1.678546444978517779e-02 1.517387866458906089e-02 1.608324689780899278e-02 2.073221223627576965e-02 2.160581062759126675e-02 1.903475715318601880e-02
2.085823099600417688e-02 1.803097883210434682e-02 1.814029079044809922e-02 1.603472699910318475e-02 1.726314820590579141e-02 1.489091081088487513e-02 1.624412266535849025e-02 2.209506821761783243e-02 2.068464619850639979e-02 2.117253890409968170e-02 1.974013250265957767e-02 2.080801291799597857e-02
1.745141901027652542e-02 1.967946558074923011e-02 1.838113482206924984e-02 1.926108636331106544e-02 1.839970647331161738e-02 1.765390663380927289e-02 1.855622486211323807e-02 1.743330797682714206e-02 2.428263845414728450e-02 1.964496497483426279e-02 1.726056335429195648e-02 1.749423883474201039e-02
1.811699199422157902e-02 1.597302672785400057e-02 1.918223437325578679e-02 1.791585317142388445e-02 1.715339636694360181e-02 1.912534402566212766e-02 2.045540556588054323e-02 1.917282532748862747e-02 1.888044554021234278e-02 2.555544579917594372e-02 1.697945641338386921e-02 1.728456008416224751e-02
1.791419890658654812e-02 1.921639274950947412e-02 2.074387621980428031e-02 1.794158375322650600e-02 1.727657559915890539e-02 2.015592301661413635e-02 1.776948227086298099e-02 1.773493525499517456e-02 1.864581086277568300e-02 2.033134954105232997e-02 1.935185920494187847e-02 1.825089905652190619e-02
2.115121648979225930e-02 2.060521110240684170e-02 1.682067304053319612e-02 1.629070368124217044e-02 1.787046486948003221e-02 1.821775502136638997e-02 1.814779171783872935e-02 1.883515446326534254e-02 2.055512156475802071e-02 2.161349800833245807e-02 1.754591287805032374e-02 1.801731982274631591e-02
1.812813108325353820e-02 2.087412147578367183e-02 1.654826073280479815e-02 1.919111266947763628e-02 2.020884127333268804e-02 1.977064867422330049e-02 1.925763950371450761e-02 1.855000907965464671e-02 1.743540358142703015e-02 1.912840711407434030e-02 2.144203129820930823e-02 1.507010053747246184e-02
1.614314383455215177e-02 1.497854567795983000e-02 2.107714398826651681e-02 2.192245980019502313e-02 1.860600335014366349e-02 1.898607128222359886e-02 1.690926256742904255e-02 1.615270792553207685e-02 1.618102401009475361e-02 1.938302093253241667e-02 2.503902151270750998e-02 2.124834341737255258e-02
2.164676137165526953e-02 1.725023799826238408e-02 1.930979811029472776e-02 2.034364361239076810e-02 2.043299396596267442e-02 1.993909597805365239e-02 1.771316676341658930e-02 1.748946306032296560e-02 1.961621054489063806e-02 1.632797254619352753e-02 1.772436916353723260e-02 1.715212629260251184e-02
1.553213342526423534e-02 1.555761770352563460e-02 2.079427165416963125e-02 1.945529408103236282e-02 1.979622419304721131e-02 1.919418768993177982e-02 1.873126295173188974e-02 1.988349111271096523e-02 1.895703639136133919e-02 1.821235369658699005e-02 2.286000746621439164e-02 1.639430597039266690e-02
1.707647109731285501e-02 1.753306880310449845e-02 2.194586753728946030e-02 2.038896705717621605e-02 1.568820989098047500e-02 1.721535867818257265e-02 1.950448805889368545e-02 2.129470005075813702e-02 1.950206831704248342e-02 2.039880490857499604e-02 1.811000880136342736e-02 1.708402073438915203e-02
1.875058789983373442e-02 1.919840226332980571e-02 1.533431311401569491e-02 1.604506998396232342e-02 1.726964251337724521e-02 2.000631657009220923e-02 2.015521071476720008e-02 1.945299310205035603e-02 1.906588952394833170e-02 2.406956909055157218e-02 2.119282294477932774e-02 1.561575968585653812e-02
2.229927560738409129e-02 1.989687311894596661e-02 1.727413416127816792e-02 2.024184665677167261e-02 1.969355865087146773e-02 1.802565775467051407e-02 1.425454021433326252e-02 1.723163676570240235e-02 1.622647442434740905e-02 2.258923719034714936e-02 1.831911043744226947e-02 1.913616109408188687e-02
1.666000883158224102e-02 2.099591275962019860e-02 2.070164250493574179e-02 1.668474468646536854e-02 2.004002645644967912e-02 1.819258848666898895e-02 1.788804991839424222e-02 1.869105687846679686e-02 2.142991567923828097e-02 2.121888235922071014e-02 1.539220052285811095e-02 1.765640999771948480e-02
1.938961287957843838e-02 2.506324960776556976e-02 2.105302370529156530e-02 1.927615319072253572e-02 1.692915181123620313e-02 1.871144030649594947e-02 1.843256034000331431e-02 1.730103600273942555e-02 1.675812665837252136e-02 1.814477656932588640e-02 1.734337368996911530e-02 1.736556657609985427e-02
1.599923657873056695e-02 2.086993515974730831e-02 2.110119113948159125e-02 1.784645719821053786e-02 1.706914559918008487e-02 1.717478576734194837e-02 2.162765443354778064e-02 2.097247275102302397e-02 1.582031425186343140e-02 2.048032161546645830e-02 2.181787629969434913e-02 1.547406907688889457e-02
1.887705755744855177e-02 2.071644862553638500e-02 1.787257377071905379e-02 1.640683162555600649e-02 1.821624573525170571e-02 2.043687166021740387e-02 1.553818873279745952e-02 1.547172290852334361e-02 2.346182872828915522e-02 2.506141632540599684e-02 1.745693203601709001e-02 1.709938365787048997e-02
