2.639395255332914192e-01 2.408190692470332794e-01 2.219774201567316363e-01 2.337825522655975208e-01 2.646080054551198657e-01 2.480535304110107475e-01 2.503492410510994581e-01 2.457634501415191797e-01 2.777980738705094765e-01 2.533272489523029081e-01 2.495912243342325587e-01 2.499906585815538373e-01
2.522352405249344010e-01 2.416229568463294231e-01 2.447758132674278109e-01 2.584783278898719061e-01 2.223192081566666700e-01 2.812634246906686175e-01 2.312411451806612450e-01 2.668810341002250119e-01 2.670020388061900007e-01 2.420980325965693680e-01 2.448434014211874898e-01 2.472393765192743842e-01
2.487469579763871286e-01 2.447936159314216265e-01 2.778158876028641311e-01 2.568562210953364011e-01 2.471102661150452462e-01 2.481350347905771081e-01 2.547891754274236309e-01 2.424722045252398761e-01 2.245789457350129137e-01 2.474243941585727580e-01 2.529245791002440735e-01 2.543527175418671682e-01
2.427768799529968491e-01 2.358067570584287953e-01 2.402760592546266671e-01 2.498084123837333581e-01 2.757230863625118600e-01 2.725741095139370129e-01 2.404414008903725808e-01 2.460556801448430253e-01 2.600343058199550139e-01 2.513159304316610054e-01 2.474823581146614604e-01 2.377050200722629070e-01
2.532303133126233563e-01 2.573016305117475921e-01 2.425209440685181239e-01 2.616185843630429719e-01 2.315642995982525043e-01 2.279219249033169192e-01 2.545877613576009724e-01 2.419619364853158316e-01 2.623150795833502080e-01 2.726101591854530048e-01 2.350099520337511072e-01 2.593574145970221623e-01
2.629077317809910830e-01 2.457923050485357752e-01 2.558418336103248647e-01 2.690289999764421403e-01 2.822642203187374910e-01 2.595782729739840589e-01 2.513716198383969536e-01 2.404383112904427688e-01 2.598996400447750044e-01 2.159410404518794790e-01 2.392278013751782950e-01 2.177082232903090886e-01
2.638060416442138401e-01 2.412535531533306910e-01 2.624156337952706086e-01 2.430423568523365496e-01 2.553615368973208843e-01 2.688661769147970282e-01 2.420847713227545772e-01 2.658934209604669752e-01 2.218427662058858330e-01 2.505044832115227993e-01 2.518374263760691512e-01 2.330918326660399720e-01
2.637568415952753487e-01 2.403295571821515986e-01 2.561611922784514661e-01 2.651621517621264856e-01 2.430157698892809193e-01 2.276862018294436296e-01 2.531997822537678799e-01 2.598458445778905057e-01 2.445499614384379627e-01 2.441516920650612654e-01 2.543343263699440748e-01 2.478066787581657549e-01
2.412750959093144520e-01 2.452405562144926443e-01 2.387875403606073144e-01 2.572232068414218586e-01 2.541064570564521841e-01 2.501339380119869116e-01 2.469328042579763960e-01 2.501673824536376767e-01 2.441573495128498972e-01 2.385848285936771895e-01 2.618809584276544644e-01 2.715098823599289002e-01
2.433487449761156385e-01 2.367277444084445182e-01 2.576819245543082726e-01 2.489178376428156092e-01 2.484632310619342976e-01 2.232356600859807250e-01 2.643914482013011158e-01 2.598048831602524089e-01 2.502059464571168013e-01 2.559515770474816154e-01 2.559368139837460143e-01 2.553341884205074797e-01
2.341534450429954839e-01 2.431500764865080766e-01 2.647693592858963996e-01 2.622765328501300841e-01 2.279835781176177689e-01 2.640523885542078175e-01 2.428492611953727842e-01 2.368993217060751388e-01 2.561161791067996241e-01 2.531921666675701621e-01 2.605221381709564854e-01 2.540355528158741993e-01
2.530983529226304984e-01 2.631553367614031247e-01 2.487707881517281228e-01 2.561811890770212541e-01 2.558695408956129236e-01 2.520246769623589178e-01 2.517404106937600750e-01 2.450097115608403375e-01 2.464500431968161265e-01 2.208216150470753147e-01 2.356577759158317575e-01 2.712205588149102509e-01
2.448183768327353016e-01 2.550805759053200727e-01 2.486586835516522154e-01 2.342244359322620262e-01 2.871858890465472935e-01 2.532973369401436692e-01 2.604145719157819894e-01 2.563419766107398745e-01 2.387951786512623187e-01 2.278833590126249087e-01 2.561267346606832529e-01 2.371728809402512961e-01
2.376063363563370168e-01 2.436770641916798374e-01 2.663501255140723334e-01 2.644016729429146118e-01 2.591814739812027257e-01 2.456140846354615548e-01 2.706052193026542985e-01 2.295825039435157866e-01 2.469213202553955100e-01 2.571068656605705050e-01 2.452708419213886770e-01 2.336824912948086419e-01
2.500477822234064007e-01 2.524617247821172583e-01 2.626030724038053710e-01 2.416814656972383624e-01 2.433528073559258209e-01 2.661396488824027129e-01 2.533128400111634426e-01 2.570981525382358690e-01 2.381071602688963340e-01 2.306560364701155108e-01 2.566265827245018949e-01 2.479127266421942144e-01
2.615017338033343020e-01 2.369526156083865409e-01 2.529864900382940984e-01 2.646795168714066171e-01 2.606888395240448686e-01 2.416876006305549440e-01 2.320111901375086494e-01 2.525808502399282673e-01 2.715946401985965819e-01 2.274910176631532721e-01 2.530434215418033150e-01 2.447820837429977858e-01
2.513415218692931496e-01 2.703819274213528079e-01 2.572017847317529249e-01 2.455201847090403844e-01 2.638530101212739343e-01 2.663086327535478803e-01 2.369506669140487021e-01 2.357439572417356077e-01 2.508915661616798465e-01 2.333053312710736960e-01 2.468920816094309911e-01 2.416093351957689928e-01
2.459216333770812835e-01 2.335077845548849118e-01 2.483394160085923841e-01 2.291543170454899414e-01 2.289416297588929283e-01 2.553725417455292579e-01 2.581360327991202297e-01 2.471796497708185214e-01 2.514791783255464486e-01 2.714341357726113291e-01 2.596059541429339701e-01 2.709277266985049559e-01
2.508117841940393777e-01 2.426865733271411640e-01 2.735537419220218647e-01 2.617848226362791131e-01 2.516752931130470383e-01 2.297793318282487507e-01 2.295652867796117991e-01 2.578275032052758098e-01 2.484758015691098110e-01 2.335130018489287307e-01 2.540709594958299178e-01 2.662559000804755605e-01
2.594541347548675048e-01 2.535903397002003956e-01 2.661497259602478849e-01 2.235139996541216645e-01 2.543910601089687251e-01 2.587274069717538927e-01 2.413737525253656369e-01 2.251574944274457590e-01 2.539031740705657292e-01 2.453697818733873715e-01 2.615751365212322099e-01 2.567939934318512751e-01
2.623077553418079466e-01 2.373747831721764734e-01 2.419727311462240849e-01 2.576470504535023354e-01 2.498098403915604004e-01 2.255334088497794875e-01 2.316025661224662691e-01 2.486693394575589244e-01 2.678167147135279147e-01 2.554239234600379493e-01 2.613404579864729849e-01 2.605014289048849241e-01
2.335148372931528105e-01 2.626559331825893961e-01 2.593364270332915722e-01 2.454376390032512734e-01 2.462651955472118237e-01 2.523638439154752833e-01 2.700411225160109785e-01 2.382012222325285422e-01 2.527770571524229348e-01 2.530043684352633049e-01 2.492964306656519080e-01 2.371059230231401527e-01
2.501821247348280930e-01 2.461838543069951035e-01 2.417923781827656660e-01 2.717530829590419361e-01 2.424858217390825632e-01 2.494360345865180573e-01 2.402193316658174649e-01 2.513341082178818242e-01 2.611692889501062709e-01 2.429397901279422012e-01 2.429290858512651030e-01 2.595750986777641267e-01
2.615572856577035310e-01 2.358255468303280256e-01 2.370888072093664256e-01 2.725509032079364014e-01 2.508207996755900115e-01 2.366791729004975309e-01 2.407662517335946162e-01 2.457547855052158170e-01 2.540129072565081580e-01 2.650706739079841112e-01 2.672173845014560456e-01 2.326554816138145521e-01
2.195882362381180730e-01 2.560461272623685836e-01 2.624144806092819637e-01 2.468159677649702788e-01 2.577141360879876553e-01 2.725433469098603734e-01 2.362100909495048751e-01 2.340631969497707077e-01 2.553687372154302970e-01 2.460929810624025160e-01 2.448296117437037955e-01 2.683130872066061823e-01
2.699398063538931414e-01 2.421954518548101176e-01 2.500459133997015582e-01 2.564350463470755348e-01 2.541434771945849658e-01 2.430683797007354152e-01 2.367958796735014637e-01 2.405653241462683278e-01 2.726248413143385063e-01 2.550110148200828153e-01 2.502980669934102842e-01 2.288767982015909030e-01
2.372315477684156515e-01 2.555833898445453167e-01 2.506093428610149942e-01 2.719676174236982935e-01 2.420972882563077189e-01 2.560315897823635667e-01 2.455665091605305217e-01 2.651722965544580646e-01 2.212920601708974200e-01 2.443269515377844980e-01 2.519650614949947576e-01 2.581563451449876423e-01
2.341787380069420554e-01 2.461267489433895117e-01 2.583452003360192650e-01 2.355128109127403446e-01 2.628285139130692727e-01 2.447721280823980106e-01 2.542371311895300634e-01 2.683682292369874434e-01 2.450072340964343232e-01 2.603422748287309574e-01 2.431026137314885038e-01 2.471783767222605066e-01
2.441633796716606020e-01 2.554938062706263446e-01 2.479705616820148395e-01 2.551018847934393152e-01 2.316732664345587667e-01 2.471121848153620681e-01 2.322036452957207397e-01 2.532494123689004173e-01 2.631311590844971904e-01 2.736441998457439517e-01 2.487793509889989763e-01 2.474771487484700438e-01
2.479893637382533655e-01 2.422427481996315968e-01 2.655169973431589225e-01 2.480778109034287582e-01 2.494338103967351783e-01 2.470985083463999032e-01 2.382084145906718242e-01 2.371298077781502367e-01 2.372241805409413540e-01 2.692783054204970217e-01 2.514730631923887127e-01 2.663269895497312190e-01
2.442827979697134722e-01 2.528904533659201981e-01 2.441681148904025489e-01 2.545531538426787366e-01 2.555753300406128359e-01 2.677091604562388261e-01 2.401621254194153399e-01 2.543435319080776247e-01 2.501904557890349823e-01 2.494129843231253640e-01 2.463826726001570044e-01 2.403292193946183208e-01
2.619420101082272634e-01 2.566056604899838445e-01 2.257101485142344044e-01 2.526831097041943863e-01 2.571821809517357837e-01 2.593809673289002027e-01 2.412056579453931981e-01 2.477990106084839161e-01 2.818575099648067406e-01 2.350665430279577639e-01 2.265961623252985557e-01 2.539710390307845511e-01
2.306988092674047142e-01 2.256733397493030924e-01 2.667814446930735217e-01 2.529198353424905177e-01 2.242989087769371448e-01 2.712085138685483843e-01 2.481356990522411154e-01 2.539769390144910322e-01 2.703859873189387031e-01 2.373483855146433508e-01 2.748083226943306978e-01 2.437638147075973649e-01
2.603483829254162885e-01 2.498476549679469194e-01 2.325441702253061016e-01 2.683420081800806933e-01 2.516291773188955583e-01 2.391839783182930779e-01 2.673241578865183099e-01 2.610281940791583377e-01 2.389326374929797159e-01 2.450900285419101154e-01 2.456892430597771015e-01 2.400403670037102866e-01
2.495441928149559896e-01 2.629088290509196679e-01 2.428733838306211812e-01 2.430271341442681032e-01 2.531580054560492177e-01 2.481341107182324923e-01 2.662390836060310462e-01 2.585941090405659004e-01 2.645234911731785266e-01 2.391121156908166123e-01 2.242718514851627654e-01 2.476136929891948057e-01
2.454634453710265729e-01 2.535201230502130976e-01 2.293159502082414702e-01 2.615972449111432230e-01 2.821405789838201672e-01 2.324767352271361887e-01 2.442564618493462958e-01 2.520779031831304473e-01 2.599517187798151552e-01 2.452423202549828540e-01 2.288129305879010589e-01 2.651445875932526564e-01
2.497654882129933251e-01 2.521486137074768763e-01 2.522648863420615672e-01 2.507952179670112081e-01 2.378328491733903427e-01 2.768380180991249495e-01 2.347438095556010351e-01 2.592805497488646083e-01 2.366116935039813685e-01 2.616007208835311459e-01 2.537861671285669418e-01 2.343319856773944387e-01
2.332327207633116961e-01 2.687335675572927740e-01 2.459139884178549451e-01 2.304371843479473547e-01 2.429909942380580334e-01 2.563022700316559543e-01 2.346644365151436817e-01 2.545069743972834253e-01 2.828286098654759773e-01 2.673025936774762745e-01 2.596156669080941226e-01 2.234709932804038734e-01
2.452867986804524170e-01 2.496632515370207916e-01 2.276135332295625979e-01 2.697570621175762184e-01 2.336973938103389659e-01 2.357387880375283462e-01 2.508433593186924493e-01 2.593458567366634382e-01 2.736236077016683810e-01 2.543814380815791476e-01 2.517091168814221125e-01 2.483397938674901106e-01
2.441637772222529645e-01 2.636963728804305185e-01 2.470093193165869283e-01 2.545189126534742607e-01 2.456473303367353589e-01 2.733395344764338319e-01 2.455558200103082900e-01 2.396356011343136472e-01 2.474682496133109311e-01 2.535239305095107198e-01 2.406811353739243819e-01 2.447600164727176397e-01
2.264513998873350920e-01 2.521146990512221908e-01 2.750921350368049634e-01 2.477676708434987662e-01 2.637528641056350320e-01 2.351533918395654621e-01 2.533929931282811188e-01 2.542884350579329711e-01 2.537888255743118160e-01 2.608483201622545655e-01 2.371108856889116434e-01 2.402383796242334169e-01
2.463144277423269524e-01 2.550188489823166371e-01 2.553392840081029624e-01 2.570200948180483280e-01 2.482159129809874965e-01 2.502571256802397781e-01 2.524154735433625785e-01 2.385289346811580447e-01 2.301211589938542690e-01 2.586961902139658376e-01 2.384393825006561607e-01 2.696331658549940835e-01
2.478909687189074784e-01 2.580086138784116190e-01 2.597036198895917858e-01 2.465410607453836500e-01 2.380686073592749863e-01 2.717877704376515657e-01 2.700103543333691181e-01 2.184999948997725372e-01 2.335419560876697553e-01 2.509364305128125583e-01 2.676928549613483144e-01 2.373177681758075197e-01
2.454165178172299511e-01 2.683993644468702922e-01 2.468401259422625116e-01 2.527669520388261537e-01 2.496344833357288240e-01 2.520855201409801238e-01 2.497944160158471205e-01 2.346132459521961811e-01 2.488622539431954994e-01 2.635929445210745681e-01 2.434200806991124177e-01 2.445740951466745527e-01
2.532345760019349967e-01 2.608026057638402340e-01 2.595076650802548568e-01 2.550587352554953835e-01 2.318198526766871159e-01 2.443888207311714078e-01 2.485317711212391700e-01 2.533022963085650447e-01 2.600253341873121071e-01 2.648909405109071136e-01 2.529956479866611874e-01 2.154417543759407083e-01
2.300469358296386990e-01 2.617315402036813898e-01 2.391929732148145582e-01 2.678120456547341544e-01 2.526292306848901825e-01 2.676847720296518518e-01 2.294984201000280222e-01 2.383803153734425084e-01 2.626866113566927452e-01 2.465090121141975676e-01 2.590659581955901958e-01 2.447621852426398736e-01
2.566540458426343485e-01 2.347406565959063995e-01 2.466458501932264902e-01 2.485962399751747431e-01 2.672283926317102765e-01 2.554787085626304410e-01 2.400106600886210695e-01 2.448396521601651221e-01 2.396123314786490210e-01 2.667722011003347271e-01 2.455859900849877708e-01 2.538352712859590632e-01
2.563497135592421872e-01 2.487684540214716578e-01 2.532540589341311099e-01 2.476236422753498867e-01 2.760754955857375181e-01 2.166855631632050583e-01 2.191374684683969898e-01 2.524507295582605337e-01 2.604303190283102643e-01 2.547358087593950549e-01 2.670905257292192081e-01 2.473982209172760904e-01
2.589254966398693014e-01 2.707197187162710961e-01 2.451192325734424249e-01 2.445489060981748675e-01 2.640232010400963558e-01 2.514076734679582259e-01 2.373876250675718835e-01 2.535751505984625842e-01 2.335033141241468768e-01 2.494916451299035165e-01 2.362296900550109047e-01 2.550683464890936003e-01
2.467504854454073138e-01 2.586197740153657332e-01 2.585299369762611432e-01 2.429130633186528110e-01 2.551182271643290811e-01 2.351547663770180707e-01 2.368041024803399508e-01 2.297659748387644862e-01 2.706012190711553078e-01 2.479791359498005054e-01 2.600171426984597134e-01 2.577461716644481871e-01
2.599708438374443986e-01 2.508929630208561745e-01 2.290475014033365175e-01 2.333860664489941505e-01 2.594814968063980931e-01 2.903417777842932646e-01 2.489727829479776167e-01 2.257017478679520517e-01 2.722520442490651837e-01 2.524772018324616951e-01 2.238811138982328419e-01 2.535944599029889557e-01
2.221976814243013520e-01 2.677965880675265975e-01 2.506149627706407701e-01 2.472977874119406949e-01 2.532000930635913694e-01 2.547865921472401984e-01 2.679736281241017481e-01 2.565784275890391486e-01 2.540304764646706959e-01 2.372457499550192916e-01 2.358882809240078204e-01 2.523897320579326919e-01
2.367476095158395910e-01 2.591739830514161458e-01 2.525717050542592990e-01 2.608131333059056089e-01 2.402277174255350312e-01 2.581506456363529822e-01 2.499191744617636768e-01 2.385420183943994799e-01 2.408427191129334510e-01 2.584877577100282431e-01 2.581251604312814196e-01 2.463983759002901508e-01
2.773263583035281421e-01 2.414384888835029441e-01 2.506322804885760536e-01 2.710813304589867467e-01 2.483961675054689455e-01 2.272017174300004494e-01 2.417389442276337841e-01 2.430244429624798530e-01 2.557196645518012845e-01 2.386967272203405210e-01 2.522170813391224620e-01 2.525267966285520416e-01
2.332896482106806002e-01 2.651531741804699083e-01 2.628494439833359841e-01 2.734092234478004979e-01 2.301579484745756576e-01 2.474032383029094173e-01 2.577698666291587948e-01 2.434147272877965062e-01 2.418274457542138600e-01 2.668828372165288343e-01 2.461315433929127661e-01 2.317109031196144808e-01
2.651420951164665807e-01 2.355406467348332700e-01 2.479219092860160401e-01 2.667845636918168006e-01 2.585241876882252710e-01 2.455521301805421996e-01 2.451960863958835835e-01 2.495496306433557243e-01 2.596375949570480235e-01 2.519944286021841284e-01 2.349565066168824434e-01 2.392002200867520134e-01
2.358896022283766547e-01 2.394150234797095544e-01 2.725774060648865071e-01 2.551882889111204422e-01 2.538535049845956904e-01 2.150112248096174572e-01 2.459521120821582252e-01 2.592037337750012771e-01 2.737331910642508692e-01 2.599202543994638126e-01 2.401710046394525122e-01 2.490846535613587265e-01
2.416352092775559401e-01 2.719977546857593742e-01 2.526761622924306172e-01 2.486427563447516087e-01 2.367515811066638887e-01 2.424798729163012978e-01 2.558887230758254416e-01 2.439697991902756435e-01 2.583703863621405472e-01 2.595579517579682527e-01 2.510788818952475188e-01 2.369509210950810907e-01
2.551163826944737867e-01 2.592577209082960188e-01 2.310310571586348394e-01 2.503481294549239067e-01 2.463146619529377745e-01 2.560466079976713716e-01 2.388014412878996517e-01 2.620680987517794991e-01 2.473703851925988795e-01 2.376451597370338453e-01 2.407826385611645525e-01 2.752177163025845141e-01
2.531990464391075113e-01 2.634124382304598999e-01 2.377796803481031507e-01 2.352477290013565980e-01 2.732050753719305058e-01 2.484664046966935935e-01 2.418646943402197880e-01 2.310237610973106814e-01 2.524494997247974659e-01 2.588503775460616052e-01 2.622240325009407291e-01 2.422772607030219683e-01
2.600304044821982741e-01 2.518227977642559789e-01 2.401559168053141180e-01 2.230315825157981879e-01 2.603347857383387920e-01 2.455017653146085443e-01 2.483034086548485397e-01 2.714406192410853125e-01 2.536996107962916636e-01 2.523297995085379553e-01 2.453631746624843069e-01 2.479861345162360509e-01
2.597570815472808325e-01 2.422640561683168103e-01 2.472544693506425750e-01 2.557012225316144804e-01 2.389824756011761919e-01 2.767676724232053243e-01 2.338139884287338544e-01 2.318357817754856942e-01 2.398812476864709553e-01 2.683156072296842831e-01 2.361424973733074750e-01 2.692838998840944020e-01
2.353455846584400768e-01 2.579857278969888146e-01 2.808685689995406576e-01 2.404006487281306892e-01 2.541469414805147542e-01 2.596400572327279277e-01 2.476002887424512688e-01 2.746427085900206011e-01 2.509838586122761783e-01 2.172366718384262652e-01 2.224336664095337701e-01 2.587152768109487466e-01
2.618595809948844888e-01 2.434940379601092109e-01 2.545571353121606206e-01 2.708690499955668796e-01 2.555973176202728236e-01 2.529733894256898097e-01 2.275953375858537908e-01 2.600571247496308303e-01 2.614819298843674700e-01 2.369432688595294323e-01 2.229734695495615981e-01 2.515983580623729621e-01
2.344110495704962160e-01 2.557344432387655409e-01 2.729731204063102212e-01 2.444657735383710118e-01 2.419772616464996307e-01 2.543562219776863698e-01 2.408966748100795641e-01 2.415364233717445241e-01 2.438290079501408969e-01 2.572664796246122987e-01 2.770403515067747513e-01 2.355131923585122855e-01
2.393738311965718235e-01 2.633368091749120898e-01 2.452701609544507000e-01 2.468204903174742726e-01 2.561590780685693014e-01 2.462995166088417232e-01 2.768179398638642708e-01 2.495550788581170076e-01 2.179309318595283040e-01 2.655042437906094399e-01 2.576741630833643271e-01 2.352577562236912168e-01
2.574216888404993187e-01 2.541131378787149786e-01 2.493313863890298521e-01 2.278682762633767733e-01 2.443140508257507504e-01 2.576944520523880566e-01 2.522377541101341603e-01 2.398687232527492164e-01 2.859900899313967404e-01 2.489361599292145011e-01 2.441640007333036322e-01 2.380602797934419923e-01
2.523771823879352727e-01 2.432838926724163742e-01 2.600170094116276420e-01 2.535039720700832389e-01 2.342237092635444662e-01 2.399284802631207469e-01 2.460842241106452333e-01 2.675347035458379708e-01 2.604083704843428992e-01 2.465275350821091449e-01 2.539167568935510322e-01 2.421941638147873110e-01
2.652003303925504762e-01 2.584072191241579830e-01 2.386217872679478602e-01 2.574561320009192134e-01 2.524745768304405003e-01 2.348507287207985128e-01 2.529257676626187612e-01 2.608168123354495105e-01 2.489003299318511553e-01 2.513026655483198146e-01 2.282539296459916156e-01 2.507897205389557627e-01
2.506661331491323863e-01 2.542565649384064264e-01 2.388541583218855846e-01 2.259539393729182721e-01 2.531797793064562985e-01 2.688451244273878937e-01 2.551537417942602026e-01 2.266549209916726149e-01 2.616616511694359604e-01 2.815288649179054636e-01 2.435687145744413473e-01 2.396764070360956067e-01
2.440079160842100192e-01 2.441573323008140728e-01 2.550434188512178957e-01 2.819099499132294295e-01 2.446102290853096606e-01 2.295015634570690688e-01 2.379715951408220842e-01 2.491153700228338486e-01 2.672934590264951504e-01 2.209969221232135905e-01 2.494086477404260371e-01 2.759835962543635834e-01
2.476977301613379479e-01 2.420999329830463009e-01 2.762326406126943690e-01 2.432615622108177389e-01 2.586240577034953358e-01 2.380122202304655599e-01 2.600167783447532854e-01 2.703465545887688837e-01 2.358542033937501836e-01 2.407198630548271490e-01 2.417023489785727342e-01 2.454321077374656823e-01
2.621349535099917194e-01 2.273687746353527939e-01 2.520017094618387521e-01 2.418801982829465458e-01 2.662395024779201091e-01 2.602309092825350612e-01 2.474783243641224262e-01 2.674882305389106874e-01 2.467682141689052089e-01 2.603979056051121121e-01 2.322582697623951364e-01 2.357530079099661724e-01
2.545194673382885631e-01 2.370706007659597603e-01 2.506593554817677649e-01 2.580442322116904830e-01 2.650722541221289807e-01 2.715347213557042227e-01 2.507924383151611258e-01 2.666331946757860005e-01 2.221344774695744595e-01 2.180420170781078304e-01 2.595090462683340982e-01 2.459881949174853033e-01
2.697479702842532356e-01 2.359871324085740796e-01 2.496381598231139087e-01 2.388418086927912021e-01 2.625840295795905943e-01 2.519505311178016904e-01 2.613590353815425926e-01 2.485308303180349676e-01 2.382826208597416118e-01 2.577484189057631658e-01 2.461946172541920608e-01 2.391348453745926195e-01
2.481449838038166655e-01 2.486325721391971222e-01 2.542640889251037151e-01 2.259988383368228271e-01 2.353337454432371245e-01 2.651468796506530889e-01 2.628991097553758927e-01 2.564626069893055638e-01 2.541564248099846268e-01 2.385619610927551815e-01 2.480010553327587353e-01 2.623977337209912886e-01
2.522196726368649000e-01 2.554852164723157015e-01 2.457234792051064820e-01 2.350108125678339044e-01 2.452954020030302384e-01 2.689984737729079201e-01 2.528482496156649884e-01 2.214004514831081627e-01 2.553750367146039313e-01 2.614407518818113729e-01 2.643320155744766087e-01 2.418704380722773162e-01
2.495785217719817539e-01 2.538779601603829428e-01 2.469984395820282452e-01 2.230956567390600664e-01 2.427952656694115641e-01 2.505416277856071794e-01 2.705346679839196744e-01 2.533433288201792921e-01 2.351154100528234370e-01 2.652943641988366741e-01 2.727172950850836886e-01 2.361074621506795146e-01
2.581201812868985090e-01 2.454955784672206986e-01 2.493799806414729037e-01 2.168684056381255387e-01 2.463825339489040811e-01 2.428925859250895547e-01 2.601403160709760964e-01 2.662891147564864780e-01 2.446422668951208634e-01 2.430731991087908550e-01 2.686337269073963974e-01 2.580821103535151373e-01
2.485181175020785282e-01 2.265697325897571002e-01 2.443631398728062787e-01 2.413342283442630465e-01 2.471593399778543865e-01 2.603971033365489740e-01 2.595842955971398025e-01 2.633675767403337309e-01 2.532067577358909638e-01 2.598717868778023798e-01 2.227079131826365244e-01 2.729200082428774321e-01
2.503446327569801011e-01 2.498368817642960260e-01 2.674644471276365065e-01 2.323205401360939892e-01 2.590476933047015651e-01 2.751318182577505156e-01 2.367233984696281712e-01 2.337675269199674111e-01 2.460281706034409543e-01 2.550687215575794808e-01 2.476988137480360397e-01 2.465673553538995921e-01
2.403042914015424136e-01 2.467910582887439253e-01 2.341268826763028832e-01 2.374947870759376856e-01 2.271435478986242318e-01 2.642988860502837878e-01 2.429204658376270254e-01 2.384765023019814467e-01 2.728968893131645812e-01 2.577514533305356181e-01 2.786771323665317435e-01 2.591181034587193288e-01
2.579654872593241111e-01 2.648448367906062195e-01 2.438767601371798488e-01 2.215891949408276274e-01 2.520489117694563186e-01 2.500601721228818963e-01 2.329129676426801021e-01 2.393481062052159325e-01 2.585288646452378325e-01 2.656142615675736729e-01 2.575583904101075849e-01 2.556520465089100469e-01
2.629004717644071176e-01 2.444659249240012100e-01 2.451052778626942874e-01 2.254746288204346194e-01 2.942024952474394661e-01 2.441382161873803525e-01 2.457800672181151835e-01 2.298811667513778190e-01 2.359042558543479329e-01 2.587443934829601888e-01 2.665087167039956739e-01 2.468943851828396818e-01
2.622081223112422421e-01 2.425524527998579039e-01 2.525712902987052866e-01 2.302228219581196333e-01 2.483037995690687560e-01 2.278270308093965357e-01 2.346385637559980919e-01 2.705636985970927277e-01 2.544803308369792405e-01 2.645917627063112954e-01 2.528643098240793696e-01 2.591758165331621289e-01
2.405010515523231251e-01 2.577954759133269658e-01 2.455521138030431205e-01 2.540604488786613602e-01 2.486657292858937274e-01 2.411807385912221879e-01 2.558446102388570176e-01 2.346554974954379036e-01 2.835420533338709470e-01 2.492878139391476733e-01 2.435211633870469072e-01 2.453933035811776964e-01
2.498459387207627169e-01 2.302976332955715688e-01 2.565458050246969268e-01 2.448848068747038198e-01 2.410704993576508193e-01 2.525427465669357607e-01 2.570762566466178178e-01 2.557480322945632212e-01 2.422553905281238373e-01 2.918860415902987393e-01 2.316449955735740418e-01 2.462018535264936525e-01
2.455028467379253565e-01 2.511771701291549697e-01 2.608803111431693411e-01 2.461500258229114280e-01 2.394101195646303193e-01 2.615663237640981076e-01 2.410380676775336628e-01 2.474522923482147529e-01 2.477696920865392616e-01 2.591417456730245039e-01 2.513737548427908974e-01 2.485376502099994611e-01
2.610403904577974776e-01 2.598959694251276042e-01 2.388643899184216546e-01 2.379654530305581606e-01 2.459788688645468957e-01 2.470248871537095992e-01 2.469312998685666005e-01 2.513008720294245268e-01 2.562749980348419943e-01 2.665634253791192565e-01 2.411453893504036938e-01 2.470140564874829803e-01
2.487200472160135956e-01 2.643446957005126663e-01 2.325149056106771694e-01 2.562748550201246478e-01 2.559535510426036442e-01 2.545193266053384917e-01 2.521425568967951558e-01 2.499617571175810349e-01 2.436274431256471029e-01 2.477075851948589147e-01 2.709274560197686421e-01 2.233058204500767419e-01
2.390814449056953006e-01 2.259411372893050940e-01 2.639695857349488861e-01 2.649372021781244979e-01 2.466744081202607575e-01 2.547736790351624037e-01 2.380957288716246123e-01 2.376887947789568800e-01 2.373571230592968206e-01 2.510627695012941363e-01 2.807027266924513320e-01 2.597153998328893820e-01
2.750106600014935454e-01 2.333836199781897935e-01 2.587857812587552875e-01 2.547232210173734912e-01 2.589705955411556459e-01 2.549342595179682203e-01 2.471088649081149002e-01 2.386072028454634397e-01 2.622272859756668018e-01 2.292509762927247841e-01 2.549646498273465678e-01 2.320328828357533513e-01
2.423491438721844526e-01 2.256870431023588197e-01 2.677727411018709924e-01 2.474625016564717950e-01 2.589076298248850216e-01 2.505360342484229674e-01 2.500142947752194145e-01 2.541406463178780273e-01 2.554385724239758293e-01 2.392807657077126171e-01 2.799383120573386563e-01 2.284723149116822394e-01
2.433532110502850676e-01 2.413235148191534007e-01 2.660733131286532327e-01 2.597682079302743308e-01 2.301753940293481682e-01 2.457403645147236138e-01 2.507446037441778408e-01 2.651691679995291095e-01 2.498589264985535408e-01 2.616613516830029740e-01 2.441945140731225927e-01 2.419374305291721039e-01
2.523804977063702770e-01 2.542481125024317890e-01 2.279129415215746801e-01 2.404910153853755395e-01 2.400690420366076161e-01 2.578349477387855138e-01 2.545981003360657802e-01 2.566081097861150351e-01 2.471978267931808915e-01 2.762353861900777030e-01 2.630649306299773782e-01 2.293590893734402947e-01
2.650279697255487621e-01 2.582261361723295345e-01 2.372737098563040548e-01 2.636089226124296858e-01 2.484432174138057059e-01 2.547618945453027917e-01 2.161191645812370055e-01 2.568115402300401584e-01 2.239786291315816746e-01 2.805796784364272822e-01 2.403666003999420375e-01 2.548025368950537217e-01
2.324696934846579022e-01 2.633211649575243340e-01 2.618007835300645292e-01 2.336752190940336593e-01 2.620912216805042494e-01 2.435294177350845746e-01 2.472204969200026692e-01 2.495559179768450653e-01 2.605034307065152155e-01 2.674366769879360506e-01 2.239950685636040717e-01 2.544009083632373103e-01
2.482147782186777951e-01 2.842555429265447575e-01 2.549772547997976035e-01 2.579284264196438081e-01 2.360284566310328624e-01 2.533988710119832732e-01 2.461012799693827191e-01 2.453049475791174716e-01 2.371346566262629851e-01 2.503028990403626253e-01 2.400894543176460560e-01 2.462634324595583957e-01
2.364289589732786745e-01 2.612594569069090489e-01 2.609625266225140683e-01 2.436502644841518628e-01 2.450248860151623131e-01 2.387646150707523618e-01 2.636421879023125858e-01 2.645049136801439493e-01 2.293453354758000495e-01 2.602616840908409945e-01 2.667257455782721109e-01 2.294294251998536538e-01
2.474810131863114382e-01 2.616952570731394534e-01 2.442013183306731006e-01 2.399236271428678569e-01 2.440097405673229969e-01 2.625285555352427358e-01 2.310562767487213676e-01 2.317180242130530421e-01 2.720438832445688515e-01 2.807447276845030926e-01 2.388911013571866082e-01 2.457064749164163953e-01
