8.862130600763866717e-01 -2.776110665008147405e-01 -1.069400199116814498e+00 -5.558202973103985034e-01 4.071260239120359503e-01 -1.509788974324480337e+00 8.336071100942453738e-01 1.432269598808020739e+00 2.482863752023873882e+00 4.853506008059484955e-01 -4.291806455924671582e-01 -8.011521038200292502e-03
-2.293984895949278957e-02 4.315693438549160765e-01 -1.240585948176416986e-01 -3.100957680854219412e-01 -6.763960129586800152e-01 -5.106966542090449895e-02 1.758067316630442578e+00 4.213814583183830287e-01 1.964942296058409255e-01 1.117781995082287150e+00 -5.459850464219762056e-01 -2.005457588754055720e-01
-1.268047421633185179e+00 -2.951536679904769866e-01 7.964283291192670866e-01 -9.062088594587327517e-01 -9.233074969578343449e-02 4.186648409465994480e-01 -2.434032708503601761e+00 -1.330385313039133210e+00 -6.435095466376503648e-01 2.907021497171708574e-02 -2.186575232635203092e-01 1.294991716763049978e-02
-1.074402734518356883e+00 -2.372225620762416387e+00 -1.862062059495069866e+00 -2.207275333509335802e+00 -1.543962316815434610e+00 1.071715836292266744e+00 3.831498217545596385e-01 1.738165896656484799e+00 -4.200644583792658704e-01 9.093420260597060434e-01 4.292804797875770517e-01 -2.840262385286824731e-01
3.636452537055109291e-01 -8.523222531814923508e-01 -2.868548497193862401e-01 7.928484296948297150e-01 5.818785200266740620e-01 -1.007488028319530216e+00 -2.292214427278788769e+00 9.504758411551763597e-01 1.055511775929399487e+00 -1.553483630579850783e-01 -6.782104753944215858e-01 -2.577598776786536594e-01
1.052582627799258264e+00 1.498184641783709026e+00 -2.994399522031668259e-01 -2.381891512594616067e-01 -1.535564729436679210e-01 -2.677672752369197329e-01 -5.543553539815615494e-01 -9.802610268359278622e-01 1.320544114741890818e+00 6.724118854684250080e-01 7.325567610183611467e-02 5.405389168610208461e-02
1.738843741454596525e+00 5.102101309615343361e-01 -4.033856686900083033e-01 1.473894801930022425e-01 3.126008045412183578e-01 5.915441933289476983e-01 1.028925680014220578e+00 4.511853662205360105e-01 -4.467935172328786342e-01 -1.263796591059417107e+00 -7.845957813901107691e-01 8.407010199606285150e-01
3.875404425766349470e-01 4.653195460927652682e-01 -5.338357104407401854e-01 -7.643147203775375598e-01 -9.336108450584228446e-01 -2.178379355047457833e-01 -2.515357435509280298e-03 3.246308854890808338e+00 9.062483692799281343e-01 -7.689366432930161421e-01 2.839122059085595895e-01 2.277609451240726612e-02
-1.071028893867586262e+00 2.409365011156781311e-01 -9.744134094977177085e-01 -7.161963165072928739e-01 -2.922830210880655866e-01 1.410474379008316070e+00 1.391054898684820074e-01 5.667924130240047098e-02 -6.836156314844574755e-01 -5.027287525773009857e-01 -8.264064144733470618e-01 -6.929292615020640200e-01
2.574102530763559549e-01 -2.080511299362315381e+00 3.363667180696362780e-02 -1.125925467879846487e+00 1.903388484196900876e+00 1.489580842797509685e+00 -8.062596929335386076e-01 4.662604885815805900e-01 6.254894640631606384e-01 2.978221599143397569e+00 -1.390862065273491266e-01 -6.687487604931920959e-01
-1.320358354289575598e+00 1.745326832597124747e-02 -1.925102133520677050e+00 -1.356938709648686237e+00 3.299975954697715319e-01 -4.993980247924607041e-01 -2.459708796187693725e-01 -4.187700910887239836e-01 4.413924425366174131e-01 -1.387674339066558460e+00 -7.712919449523373272e-01 -1.091967044052220226e+00
5.288883514665286834e-01 1.654979262966298270e+00 3.244194732605278353e-01 9.971178208425843792e-01 7.798902700602747262e-02 -5.751872687364277814e-01 5.438183506267221801e-02 -4.862782891715557998e-01 -9.746483748976126904e-01 2.355592180803868230e-01 -1.161340191556527790e+00 3.136876880283770430e-01
3.951301108697204134e-02 -1.540829343842650800e+00 2.905340316248643528e-01 -8.693260514613465606e-02 -9.442716838119783462e-01 -6.605958194705517927e-01 -1.274185316401185153e+00 1.544158622958356375e+00 -6.287560091616889446e-01 -6.817946128310206078e-01 1.176150156323530899e-01 1.330531024463346146e+00
2.115415624438549830e-02 -5.271594936048705771e-01 -4.414431197207928093e-01 -1.868730875987320017e-01 1.896509884230418996e-01 1.505349995009162556e-01 -2.488754051885966045e-01 8.769488427806475528e-01 8.671148821287853747e-02 -6.735898370795233570e-01 1.055406947836702969e+00 1.531018139900075736e+00
-4.467275948821316511e-01 -7.842961986377231520e-01 2.763597630745578404e-01 -7.590461633943083042e-01 3.711512464283298618e-01 -4.511550670040227473e-01 1.599733657765170514e-01 4.565166744813596855e-01 6.820921677647598935e-01 -8.841829523154517423e-01 1.101363973791370077e+00 2.223184045154753818e-01
9.466349417686783507e-01 -3.166010009581400608e-02 1.683461928328022425e-02 1.625246853210372988e+00 -1.115018896233378021e+00 -4.639748304173255677e-01 -5.141594323008471523e-01 1.357921489433815188e+00 -1.327639285289304028e-01 1.035872469851793765e-01 3.136489972251974123e+00 3.259170834462289390e-01
-7.703358990314935761e-01 2.490935833044736203e-01 -1.111054608527425325e+00 3.662839252859717010e-01 4.792548738550423404e-01 -1.203598458478358113e+00 8.777805673938410269e-02 -1.469270499295165067e+00 4.965115033657436783e-01 -1.192062443301682206e+00 -3.305449885824935773e-03 -8.552559479498375028e-01
5.051240281226974105e-01 5.495098095424987283e-01 2.980850965635570282e-01 -2.836488493334877736e-01 1.833234215145906620e-01 4.801911725946216292e-01 -1.240418739969799455e+00 1.192464650649046165e+00 -1.012208947011828952e+00 -1.838249548138731315e+00 1.309763673922811344e+00 8.490489048974264596e-01
7.805884486189211546e-02 -1.504808668193795551e+00 -1.280473790552411950e+00 -3.897027969167943251e-02 -9.866066325099680234e-02 -5.799073621679738944e-01 4.834465553281990791e-01 -1.294410686642051278e+00 1.379620279467136390e-01 -1.408977619450186847e-01 3.462977719541620036e-01 8.098482037050627191e-01
9.479846292483129488e-01 7.766756637268746877e-01 -2.581234424262165289e-02 -1.039111576883265275e+00 -3.631267850004971098e-02 1.036989331833548800e-01 1.255818336198244178e-01 1.164712114091070450e-01 -1.433236538625282108e-01 -3.163755645250791448e-01 -3.887485337963026977e-01 1.930529765824210986e-01
4.185795868927294494e-01 -1.751786485224305912e-01 -4.899482897925011016e-01 -9.503481706445399135e-01 9.812114359717609702e-01 3.728099727087184068e-01 -1.388821642496292252e+00 -7.936137425307568383e-02 7.984173708506696610e-01 1.339048209628251662e+00 1.702230130695606247e+00 -6.460917096864386977e-01
5.249398427441701598e-01 1.515390735926318566e+00 -1.097885664582683329e+00 4.584633347300860473e-01 2.199356022731548399e-01 2.204741114142269254e+00 1.220857643026743933e+00 -2.127593607282331767e-01 -2.887679910557504059e-01 -7.726384830714706498e-01 8.446337374340093795e-01 5.493182727450374170e-01
-1.110202331165233813e+00 -6.016076732197070953e-01 -7.061985720240616660e-01 -1.220961837719859000e+00 -7.326485203201387186e-01 6.474204192053714113e-01 1.304929568968991704e+00 -3.143814991129624259e-01 7.091466073605370291e-01 7.827874519049056456e-02 3.125179476059239958e-01 -2.292794032961198436e-01
8.674230049070047466e-01 -7.773162231059030924e-01 -3.081422580070435902e-01 -6.371356642918771795e-01 -1.965842618790588359e-01 2.785988984348526931e-01 8.513324784715159410e-01 -5.320326408291179421e-01 -1.317532998043951242e-01 -2.107598048737661767e+00 -2.940428708928765622e-01 1.146209513692794113e+00
-9.944351267135869143e-01 -1.404496351161260481e+00 3.487095913703581185e-01 8.114429403637973826e-01 -6.744789202437357911e-01 -5.637133119336938947e-01 3.193753097648417416e-01 -1.135333907837248885e-01 2.609491865004847939e-03 -5.899008205548696981e-01 -3.270022047699394641e-01 7.886772158483430495e-01
-7.438991659556646319e-01 7.680423250286496639e-01 5.410411757416367928e-01 2.596215441382158762e+00 -1.206970616139098201e-01 -2.656964272937528335e-02 -6.896662141474488861e-01 -1.210365435405472034e+00 -1.073880849025046907e-01 1.642989162732353126e-01 2.620231884176308923e-01 1.173869062299910615e+00
1.377846761893879168e-01 -1.314763190204220333e-01 -1.040924468788623075e-01 -2.740909799242459144e-01 1.421485207013121421e+00 -1.167265539110636796e+00 -8.249759183350753311e-01 2.187958619233714153e+00 -9.001589317573172044e-01 -2.682093539361715684e-02 2.359204827585884789e+00 1.241274196955168163e+00
-8.116573093412724482e-01 -5.473097790466412427e-01 -1.505480966320671632e+00 5.674850994937901127e-01 4.142313625861282489e-02 -1.686595729429676005e-01 -1.994278862941944730e-01 -4.258882928533281320e-01 -1.106815505591846938e+00 -1.821979041337223659e+00 1.966710993476656066e-01 1.406386862008240257e+00
1.124939339242130076e+00 6.028183079649922504e-01 -2.401246136720086854e-01 2.073639324597338351e+00 -3.547611199881929300e-01 1.341135218778969351e-01 -8.401585812070514470e-01 -7.779548831115945529e-01 -1.845725755786695066e+00 7.672448596120512443e-01 -1.248438296773474399e+00 -3.226495987657473918e-01
6.995230843587516567e-01 4.804614562056537252e-01 3.668901927588318346e-01 -1.314562637169779669e-01 5.755004393820299935e-01 -9.862112710550141603e-02 6.721594751031726434e-01 2.650035407119957220e-01 -8.117486173701705665e-01 -4.503352198942641715e-01 -3.597408665560602459e-01 -1.018810008242575726e+00
1.696488470004379190e-01 1.193920482808690675e+00 -4.710065838518016634e-01 9.162984517227394932e-01 -1.345663293375578107e+00 -8.353175377549282299e-01 2.624484656429810214e-01 7.232211439474389714e-01 6.804604820884597727e-01 1.142610865686388921e+00 -5.947641206440927863e-01 -1.785578621285938361e+00
3.179211822909124852e-01 3.764377015024127776e-02 -6.609812366068351652e-01 -3.250595631816721731e-02 -5.759004650857035834e-01 -6.085983893672812783e-01 1.327880520002470366e+00 5.621591957866561851e-01 1.819240522642193714e-01 9.524354743706860971e-01 -2.507375802451363711e-01 -9.943982178384783710e-01
-6.548396081204796992e-01 7.158028517582230854e-02 -8.841668059402049140e-01 -1.710906987010702984e+00 1.554524874112269472e+00 1.473405104135820265e+00 -1.085482013522782507e+00 1.298012843050049048e+00 -2.027050268106143638e-01 6.363480052431225165e-01 -1.326087221846037556e+00 -1.036319877962456282e+00
-1.001808867109577283e+00 -1.938177145113984645e+00 -6.350472748095749298e-02 -8.676340097136965301e-01 -9.068536050891022882e-01 1.560404849225085266e+00 1.387202823434572574e+00 2.067053162137113542e+00 -4.820852208492547308e-02 -6.344827960756260765e-01 -1.774271616429277776e+00 -5.481816070312048872e-01
-7.555162531666341497e-02 5.879729241088703651e-01 1.186967097682870120e+00 7.619414221489119177e-01 -4.918888687185521968e-01 6.301663490207751739e-01 -5.255927001080696881e-01 3.427303420257615252e-01 1.436970562694401543e-01 2.129520519064991846e-01 -1.171001882312543652e+00 -1.035924980849704635e+00
1.457358011788177254e+00 1.186405695707635904e-01 -4.930524432834896831e-01 1.631596913918589853e-02 -5.867474736726742135e-01 2.328495989249988463e-01 3.663254868187827973e-01 1.138426488919759727e+00 1.122313949315708159e+00 8.169611370936981087e-01 1.265734085828216449e+00 -3.922312873495232832e-01
-5.084942214669025545e-02 -3.232958561577008172e-02 -6.476497958169942226e-01 1.472644629827692397e-01 1.025489416943687671e+00 6.370212216109306658e-01 -4.278480935088052051e-01 -9.347241937252686039e-01 2.038438227796676383e+00 3.415329321635289517e-02 -5.194107145253255842e-02 -3.075805180626465796e-01
-1.154630362423127721e-01 8.691138213797935941e-02 -5.374266411800944221e-01 -6.750788225652731844e-01 1.148842133260701504e+00 3.359983237408208367e-01 -1.935778015251684581e-01 -1.090503508506065256e+00 -8.194917370390164546e-01 2.846478460835857871e-01 -3.137064088819973673e+00 -1.380402609072801934e-01
-1.545605769919586203e+00 -1.224614773354236297e+00 1.455744733413557368e+00 1.775462346667239233e+00 1.170565530850199293e-01 -9.122116640007466026e-01 -2.020958346283193707e-01 -1.265171631809143271e+00 1.190354996130958964e+00 -5.281247395997362704e-01 -3.593599020365478847e-01 1.803190402489368349e+00
3.584086704929113076e-01 -6.430158354987088876e-01 -4.880290965832363714e-02 2.276354135204435303e-01 1.356414493945829802e+00 1.937788609385751037e+00 6.957335412776143313e-01 -7.059089086673201452e-01 -3.646485793077937076e-01 -6.002551057076905838e-01 6.783280149375069401e-01 -1.314998125736427381e-01
3.730155637219167986e-02 1.292489352887400411e-01 4.081133091263146051e-01 1.075775592710743300e+00 -1.778594302253971859e+00 -1.153987517730858947e+00 1.269958925877390676e+00 2.175973209276418907e-02 -3.031778503601464947e-01 3.027573366489190176e-01 -1.515948614295376529e-01 -6.739981087296454954e-01
1.047534347938110066e+00 -2.165487506502615567e+00 2.108430103290781954e+00 1.495450814366588332e+00 8.816814756459421254e-01 -1.000367709523995119e+00 6.230855651951955343e-01 1.256050669562576383e+00 3.982591231483789684e-01 1.006754434841660162e+00 1.796082957853299300e+00 -1.102335428824058328e+00
-5.320293001716103198e-01 -1.780472448965690901e-01 -4.876762902557222334e-01 1.048070069165252388e-01 -1.247740591447425329e+00 1.273617826093897398e-01 1.295321039070581826e+00 9.323763822642666677e-01 -6.801300179605621610e-01 7.503305938979633050e-01 -4.991413529134667848e-01 3.921948701562552597e-01
-2.632887257485491794e+00 -1.356531172315188050e+00 7.135629982030368135e-01 1.606653394154769487e-01 1.791403509174589681e+00 -6.275326260779423571e-01 1.241704067100662723e+00 -1.530513015779654262e-01 -3.297618577006129481e-01 1.374975507627906046e-01 8.001381245837403400e-01 -1.355504031432517742e+00
4.995317588341467024e-02 1.342980715929451119e+00 -1.389696319194579033e+00 -7.846430344408440727e-02 4.997538781340345460e-01 9.168973290886671401e-02 5.872602033575518021e-01 1.173391892186242957e+00 2.055678058550611809e+00 -1.108637334920500317e+00 8.884866073590004243e-01 1.748268015187615099e+00
-1.886384854649457987e-01 -1.045468070422454598e+00 6.156165141682927722e-01 2.022594094614096782e+00 -3.127112740196372975e+00 -1.192902002261365668e+00 -4.215820591989624111e-01 -4.968987973326873253e-01 8.166587436756701512e-01 1.940419248747270453e+00 -4.373946521169141399e-01 3.454395275915185248e-01
4.181516785987218765e-01 -6.169188620628611730e-01 7.767941628381748453e-02 -9.601450624841927350e-01 1.355987318114658113e-01 -9.528580988179740086e-01 -1.993381472871851579e-01 1.762443806448406869e-01 -8.153017808398973498e-01 -2.810677177924290060e-01 4.177730864810910716e-01 -3.010689038447802446e-01
4.166458562323161474e-01 1.234312094295438422e+00 4.128845468428892218e-01 -9.740834632350460209e-01 1.207891396849884780e+00 8.938481886057368930e-01 -1.706006409738331842e+00 9.766665410642254574e-01 -2.170626099940178508e-02 9.296592901270833709e-02 1.169077588005075219e+00 -1.097146631300654152e+00
1.144720600552920242e+00 -6.932653595079849573e-01 7.798061143277309482e-01 -5.139978608335223909e-01 3.516702285860702770e-01 -5.681225293187833758e-01 5.859517441807189364e-01 -1.603736920357448359e-01 3.402370380147617945e-01 1.323293246908521459e+00 1.432211589534585050e+00 6.479599939833868838e-01
1.898954393075559521e-01 -1.186122321256615431e+00 -2.904019477482693290e-01 8.904687276042611010e-01 5.210362376640367277e-01 1.294434648490359274e+00 -2.078367248350763585e+00 -5.303776646646185533e-02 2.446300785877544848e-01 8.486677878496758920e-01 -3.918521334779771603e+00 -2.098582780521506819e-01
1.547666784431750431e+00 3.688101865386124723e-01 8.205138357976293761e-01 -2.645615511273267106e+00 6.970026369775692565e-01 -1.188626388105984200e+00 2.367405496924527009e-01 5.107498232841102270e-01 7.992206264685107753e-01 -1.166283177169902957e-01 -1.437173466416517220e+00 -3.977243775300869921e-01
4.327217924045456132e-01 -1.098660370900197636e+00 2.023433356198448330e+00 7.436496808759444077e-01 1.568456144850350065e-01 -4.242749686015215849e-01 3.838675084490643097e-01 5.142471332163174313e-01 -1.834667777244623599e+00 1.059256770583533624e+00 -1.633154335451841577e-01 -5.697065514811174847e-01
4.320519096599933495e-01 2.123514585368924124e-01 1.197485720146278965e+00 1.021439862668430898e+00 6.803297817054484442e-01 -1.475711305512050486e-01 -2.869208236594781303e-01 1.309119314386545607e+00 1.071404090822922761e+00 9.028936607407336279e-01 -1.879582406039627951e-01 1.312639051684572067e+00
-7.315646875434861363e-01 -1.060794700552867287e+00 4.427529490779717469e-01 -2.229461853577678010e+00 -8.391537142641432023e-01 -2.307305491571640943e-01 -3.166432706603721781e-01 -3.898406154550504987e-01 -8.273341274867050954e-01 -7.369322386150034543e-01 -1.354519887877987383e+00 1.013562762119756266e+00
-1.428982083965386896e-01 9.374312753397360254e-01 -5.174512755788679419e-01 -2.943933923483770670e-02 7.275604849553954923e-01 1.709871155889947536e+00 4.031943643720475312e-01 5.064230326763791146e-01 -1.826194714050301426e+00 -5.558462697466682867e-01 4.129436317904843778e-01 3.663722648319601982e-02
8.235042095793283501e-01 5.516854839149503142e-01 -4.240979355916266735e-01 -6.993657902999195208e-01 1.306592914982614317e+00 -1.227371411216917618e+00 5.253238948677032560e-01 1.507658594951832853e+00 -1.473853310546262285e-01 -5.557081980856576342e-01 2.218925327324962282e+00 8.434620202442060233e-01
-2.585977929310416812e-01 -6.020919633511098157e-01 -6.549424010553099584e-02 8.955036083430029104e-01 4.593032858156264053e-01 9.244119213003511026e-01 -2.982167495079990349e-01 1.541076836294125618e+00 -1.619756908731561529e+00 -4.815842900452353414e-01 -1.636879309261561888e+00 8.673779521492460676e-01
-7.530087347858342994e-01 3.773014795180361369e-02 1.050470727061544096e+00 3.607398393752742627e-01 1.389233618691023686e+00 1.159480939495803609e-01 -1.910330356715072841e-01 -1.455702833914107597e+00 2.667588671656658320e-02 1.287868564553499295e+00 -2.573583561624447069e-02 1.184087914886943205e+00
-9.510965219324382103e-01 -8.134132121668451454e-01 -1.137065869335605495e+00 3.572696178381308818e-01 -1.406643289467112388e-02 1.097543024395730926e+00 1.276017485503097459e+00 -5.320540639709084862e-01 1.699639030593932953e-01 6.159080429058096939e-01 -2.138569244405837122e-01 9.452688638565663881e-01
2.077030955138363111e-01 -5.920112420161633970e-01 7.833225000759076462e-01 -4.581155059273778196e-01 3.405902236206405087e-01 -4.521531597534583224e-01 3.878782969667282088e-01 -7.709480833276972644e-01 -5.632048571799934678e-01 -1.467927139659419122e+00 1.772919835033305858e-01 -5.568474250388246727e-01
1.723984954655381596e+00 1.605975930088221260e+00 -7.818394197366348997e-02 1.483805145025564043e+00 -1.198939098342474585e+00 -3.754001991078692591e-01 1.024529135682712200e+00 1.422988919157173182e+00 -5.446047049659554773e-01 -1.530964186812562078e+00 1.836328041995183069e+00 9.995285235308057903e-01
1.464629275752562035e-02 1.492597030534429603e+00 9.702243217733721448e-01 1.251514678972415862e+00 -4.447821654425088700e-01 -1.575536322555829205e+00 -4.831982697734902299e-01 5.325638119696257666e-01 1.778704983533953565e-01 -3.532956368908819755e-02 1.400310532783898054e+00 -1.782406111303586060e-01
1.966319365970278454e+00 7.679744981045205643e-01 -4.778016179445594980e-01 -8.311249594003636831e-01 6.417761688137112175e-02 1.506328973848133912e-01 5.638087864976938646e-02 7.822566047386566579e-01 9.121284164930046900e-01 3.231492984224292320e-01 1.170411257472861566e+00 -2.313343456446970703e-01
5.655681414488499259e-01 -7.457766447429770018e-01 -9.481930638826936431e-01 -3.935405910173772615e-01 -1.790251340625037102e+00 -1.498487964194079591e+00 -4.889092495327346244e-01 -1.665753350720453607e-01 1.141979029879117480e+00 5.782695850176521324e-01 -6.778044361070703072e-01 5.606314550632486293e-01
1.494590647703835928e-01 6.206263465567533055e-01 -4.392180541929465720e-01 1.239580205355893083e+00 1.586800898250863567e-01 -1.035350999351709184e-02 2.378530803042179453e+00 2.091934140737314665e-02 -3.590515498938680605e-01 1.575493846380670027e-01 -6.345877407508743184e-01 -1.217801543458932843e-02
8.416187361310421000e-01 1.077486756743345486e+00 -1.093499051375474318e+00 2.263979531538365744e-02 1.044986212166371997e+00 1.646727413355310254e+00 -1.617599008604062361e+00 -4.395538641194808305e-01 6.528973021187263193e-01 3.469634098708546111e-01 1.475731384631828291e+00 -1.331465124204622041e+00
2.714631104299283088e-02 -6.550208365171925617e-01 5.607571296446238751e-01 6.176080602978303302e-01 -2.039459084608369110e+00 3.358503400970148101e-01 -6.487215473087351025e-01 -9.589523954181476961e-01 -8.487132456037607131e-01 1.573520609319400076e+00 -1.380448859484483926e+00 -2.117225660343714233e-01
-3.383669563035753836e-01 -4.425790651925615160e-01 -1.234583103864470122e+00 1.454821372418082071e+00 1.197073957067145811e+00 -5.098102762075488181e-01 1.638238972702454666e+00 8.615150545542188398e-01 -5.823539149497338752e-01 -3.699025523446249353e-01 4.036420905181076768e-01 -8.109307766928853800e-01
-6.833799707368182208e-01 -1.317896505210402192e-01 8.381862097875533157e-01 -6.065034238220306378e-02 1.779304593352401431e+00 1.536592524651122504e+00 1.185127515755464156e+00 1.466498610564229921e+00 -6.366290066669874070e-01 -9.030387346007402449e-01 7.978831880742102978e-02 4.332581812490014506e-01
-6.577851406195678319e-02 6.541012278214253239e-01 3.160319725043458927e-01 5.116401342063476854e-01 -5.836768262305985777e-01 7.066405922987518684e-01 -2.311992199048406443e-02 6.345455244179462051e-01 2.155329652762945081e+00 6.889090588169390073e-02 -3.216967429017553864e-02 -7.428807312607856872e-01
-1.163214970747247223e+00 2.743549659605412083e-01 -1.829424652303879642e-02 1.463733557320170409e+00 -7.820965621091313658e-02 1.855862320789268605e+00 -1.025030716680406379e-01 -1.295994666762425862e-01 -4.232313043043258727e-01 5.569359257681935071e-01 -1.912895600522251591e-02 -1.660449137563092759e+00
-8.144490036668368127e-01 -1.034020144845438638e-01 5.541229607351737946e-02 -1.270768898781537537e+00 1.439441269129091427e+00 -5.506388468269497044e-02 -9.005722358138515959e-01 8.181321936351923507e-02 -9.228211847784983934e-01 -9.946781364556349647e-01 -3.214684401507598155e-01 1.999495430215037298e-02
1.932849422469186784e+00 -9.146420494269741353e-02 1.025649346383447208e-01 -1.567558886153394893e+00 1.127492747547384627e-01 -2.284482004600261740e-01 -1.112767056732621163e-01 4.848237500814728262e-01 1.703658470466228869e-01 4.696421210863804818e-01 7.151792027969841037e-01 1.868607834594017136e-01
6.780043674610860549e-01 -1.129621675843385020e+00 1.052864411371025044e+00 -8.255476279115849803e-01 2.684771984819672941e+00 1.378474083484515944e+00 4.274758881241406128e-01 -4.284734266864889674e-01 2.284842214024492280e-01 1.043610844213803679e-01 4.118345269360469407e-01 -8.400312653478769764e-01
8.642591279392579651e-01 2.019536378756034090e+00 -2.032641029775670294e+00 1.525554705452372373e+00 4.658195961165106369e-01 2.378924049149441777e-02 2.180267755453006995e+00 -2.820016220630255921e-01 -1.128477755329321486e+00 -1.950119925295098700e+00 -9.350321510401088387e-01 -1.013256468872774763e+00
1.112204067524868778e+00 5.485551883465636935e-01 1.390410978348033844e+00 1.954141519518807699e-02 1.282047748279658617e+00 -1.429217799462582927e-01 -1.032494842072157804e+00 -7.558381274109272630e-01 -2.676391908887109095e-01 9.638793525310628274e-01 -4.937081164877811790e-01 -1.278467879231127258e+00
-1.857698927396171040e+00 -1.352347513948502833e+00 -6.233844884563037869e-01 -2.065415787067038433e+00 -6.049243103671023691e-01 -6.502969254653281350e-01 -1.247712662838239783e+00 -5.047947073903080728e-01 -1.750989360806941564e+00 1.775294494788241639e+00 1.203829423399508824e+00 5.953052570829278078e-01
-8.094892600513213798e-01 6.449152308350473151e-01 2.632127871373438621e-01 7.223679533402911357e-01 -8.609639922956193736e-01 -1.112980606498225500e+00 -3.253247061848852706e+00 -1.021354440806427677e+00 3.398565778079934430e-01 8.110101581286189854e-01 -3.588245216150677264e-01 1.345289700092825891e+00
4.037842526461062342e-01 -9.195751373772418358e-01 -1.340274955454576374e-02 -6.272892297607378376e-03 -1.086026466142828939e+00 -8.040162323731846472e-01 -8.251162083170122674e-01 -1.012690916797096552e+00 -7.250656395976796675e-01 1.152776008412681241e+00 -1.283263339254796243e-01 1.347069917538405992e+00
1.675480463865259839e+00 1.118780258447638287e+00 -1.408909597380432865e+00 2.134033462862860553e+00 5.877071826843667246e-01 -2.208904647236369811e+00 4.163901737798352820e-01 8.765622338710842287e-01 -1.151389554265240672e-01 -9.296242124260343243e-01 -1.552978513936608199e-02 9.532778302244460100e-01
-3.316507134549103730e-01 -6.266418768141301943e-01 7.426654837029350587e-01 7.804362830075968205e-01 -3.781560781120378856e-01 6.132967749082919307e-01 7.763467050456528407e-01 -1.025694784172121871e-01 4.533533131031505237e-01 -7.550748564304885502e-01 -1.428848410969448812e+00 7.615709382836179930e-01
1.105390588584441058e+00 1.325801258017893058e+00 -6.999656881859298574e-01 -1.902470450924211853e-01 5.387690757850240875e-01 5.652800242862781044e-01 -7.014367153007344813e-02 1.599163624719891708e+00 -9.277318424590829116e-01 -1.062124840757716182e+00 -1.807495721833346780e-01 5.001547602103491030e-01
8.074646483522562868e-01 -5.406080900619935070e-01 -1.083667318604399243e+00 -3.017098472798265263e-01 -4.555919472108982404e-01 -1.010103459686476496e-01 -5.557127029431795373e-01 -7.164143147144264034e-01 1.095478226363632679e+00 2.649342196369724456e-01 1.279203315623605786e+00 -7.772136316572189618e-02
1.812949555184095729e+00 6.559032654074561375e-01 -4.827384460834648339e-01 6.972889401728455949e-01 1.741563871222175930e-01 1.448454204231667486e+00 6.228142060354233678e-01 -7.065257751410253251e-02 -5.447683808849156373e-01 -1.605625036902590175e+00 -4.947373477448303580e-01 6.105639922650039075e-01
1.976705025022145623e+00 8.122547278933548442e-01 -2.497273013746766690e+00 1.894112198771151112e+00 -4.533207944770457631e-01 1.888832593632793211e-01 4.443087293442131713e-01 -1.727471445992531995e+00 1.527724138964708489e+00 -4.919318540564132647e-01 4.336906700392523933e-02 -1.271898618044525087e+00
4.443550715836743215e-01 8.760316257678093521e-01 5.325786232371414464e-01 2.794663943601837008e+00 9.001620442090948471e-01 -5.853262644701211492e-01 8.671394192860149008e-01 -2.067247038146281746e+00 1.002295847312129284e+00 -6.080167898900258328e-01 1.339027719013486051e+00 -4.460736476659684091e-01
-2.473511271561831926e+00 5.493142472017354949e-01 6.471205718672793372e-01 2.663001779732279140e-01 4.119232831074621792e-01 5.973166049735787464e-01 -2.214784350426294013e-01 -9.038034363398464999e-01 -2.989493181043692896e-02 3.778707948860813293e-01 3.758019138795813952e-01 -1.962787231858193815e+00
-9.298493930438823662e-01 -4.420002824358560956e-01 2.867908972288931158e-01 1.508053894619008073e+00 -3.914278320921320553e-01 -3.184200115428267308e-01 1.459655677908344495e+00 -6.771610880363991836e-01 7.855045106498879937e-02 3.252404436600583315e-01 -1.536886335056460107e+00 -1.711950551896721739e+00
3.634616466965071013e-02 -4.491992302495861900e-01 1.229366522889389302e+00 -3.617987899981935096e-02 -6.237754392291038341e-01 1.708348233917085235e+00 3.957518482879042176e-01 9.549627098926177782e-01 2.429585172722336650e-01 9.015900259054876464e-01 1.146407347428178847e+00 -1.475781233968899153e+00
2.370693917072572265e+00 1.917820390305589873e-01 -7.170143898356609036e-01 -1.081164401929739727e+00 9.952992332910429174e-02 -1.146346531411331693e+00 1.222024381455350861e+00 1.435099820149887129e-01 7.012423013992943321e-01 1.084986804823425022e+00 -6.753322882972025987e-01 9.222068427820262482e-01
-5.247547478966764212e-01 -1.052507054565160693e+00 -1.131868894743787823e+00 -5.305319031996668100e-01 -9.772608775793347746e-01 -6.907780777758033564e-01 6.060587155858431219e-01 9.446626841931612395e-01 -1.539637441399741291e-01 3.222500344659549876e-02 2.204699983299874266e-01 -1.101580406996712336e+00
2.555821261054953553e-01 2.510148630376160206e+00 -6.690699801318821249e-01 5.860286794923356447e-03 1.657343097478873872e+00 1.517628907446712416e+00 -6.425269149322094808e-01 -3.110673102978387949e-01 -1.528517838417428887e-01 1.284205054868128748e+00 1.557051890261519633e-01 -2.671578506083381321e-01
2.166565062422495469e+00 -4.565456695514702977e-03 1.601933305426835208e+00 2.072460239512319724e+00 4.275993020344516782e-01 -9.544422169000097433e-01 2.315959927836981347e+00 -1.710317994389987661e-01 7.045912091246065989e-01 1.373318810719698302e+00 1.691256086326337060e-01 1.275821001539728217e+00
1.756120777245376574e-01 -9.734877817887562790e-01 -5.386938011159188022e-01 -1.426184682369471046e+00 4.346541700184508583e-01 1.848763435506707964e+00 -9.566626576406914717e-01 -1.926154673999327827e+00 -8.680232965563379477e-02 1.184303494702055870e-01 -1.550541247105369669e+00 -2.055089006711512845e+00
-7.327172793984034760e-01 4.012447958255270786e-01 1.572320588751406234e+00 7.002582013902417524e-01 3.925680030779653551e-01 -3.310052393885368760e-01 -1.398308005449154789e+00 -6.013792451079839063e-01 9.565705521957219848e-02 -4.542931386381114933e-01 1.728319429718045419e-01 -2.205084162291755800e-01
-6.296871527066036922e-01 7.704085955020779745e-04 -2.295656957239531781e+00 4.893139493114360694e-01 4.767573411691105600e-01 3.164071066092721818e-01 -2.112822034823513828e+00 -2.243055254374633212e-01 8.269848592090521811e-01 -8.832958119846261447e-01 1.337729428720936697e+00 -8.910972054206689474e-01
-2.922035593164442058e-01 -1.964821880174797419e+00 -5.958387170792346366e-01 -5.094206826735174776e-01 -2.054192351728589272e-01 8.919165807611778574e-01 2.290443068215144429e+00 1.228325074400628436e+00 -7.043046641686081522e-01 -3.603252986321774931e-01 2.186690255087512913e+00 1.112637466474084347e+00
1.401489293015200310e+00 1.518675808877054001e+00 5.400140349214412883e-01 2.727980283155294616e-01 2.007612864124156182e+00 1.356981148047242014e+00 1.258389901675224687e+00 6.488570143051974881e-02 7.748371227248389559e-01 2.517533402414929844e-01 4.568569537067219688e-01 -3.337622611926792104e-01
-2.101684753746509760e+00 -5.503608695859246724e-01 -2.207039795320661912e-01 1.748534448557570009e+00 1.920515666191323190e+00 2.293868723099383167e-01 8.574590260879644266e-02 1.043000143367384114e+00 -2.630429259761974392e-01 1.210722969380440134e-01 -1.242196919290561086e+00 -4.746584205560478997e-01
2.724768801494782400e-01 9.659676286783198673e-01 6.040174855277363752e-01 9.811409882644755998e-01 4.598160699209378754e-01 2.155647277413512697e-01 5.025852856782709877e-01 2.162863942262998052e+00 -6.059830380872908151e-01 1.637576929875488529e+00 8.498181074840635008e-01 1.943764704847806418e-02
