6.582430048766954589e-02 3.538075383883201169e-02 1.455432772454509291e-02 6.566812747555129948e-02 2.596547414224690403e-02 1.305783572706226657e-02 1.596868085171438897e-02 1.606857769697619953e-02 2.783281808236346896e-02 6.443628576605207881e-02
5.157586454841159122e-03 6.123778673050673388e-02 4.141755591026735628e-02 4.672976705664818806e-03 1.996424424779266044e-02 1.083958452412365492e-01 1.081345461365488571e-02 1.421517109931536883e-02 4.841636822064626644e-02 8.251828056032678438e-02
7.157393576909346078e-02 1.267219593659787980e-02 9.103470469159526124e-03 3.127931529706133584e-02 4.082552596087715702e-02 7.965107110430887441e-03 5.827303657660162783e-02 4.176005366303719990e-02 1.868215738220677102e-02 5.312429378208803621e-02
1.550576030237055952e-02 5.582046093669588809e-03 2.254349909040083769e-02 6.512480379255427589e-03 1.885801018508710680e-02 1.021144269549568023e-01 7.074849321263239343e-02 1.554034160043110506e-02 1.110598085628603238e-01 2.238512449288243902e-02
4.405399926594093934e-03 3.515007964410642866e-02 5.056840598291069411e-02 9.565255102450311020e-02 2.210708765347821694e-02 7.160842957568298861e-02 2.847781536309643147e-02 1.384672441663276077e-02 2.522901339241532398e-02 1.641532149971629967e-02
1.523029982206329687e-02 8.402941347618583801e-03 2.064232665637199052e-02 5.388461426457885270e-03 2.156073082348412481e-02 7.141834735115806798e-02 2.426701039486246769e-02 4.603263542789247376e-02 6.588626156612438500e-02 8.655814676666870322e-02
1.167251020357098698e-02 1.653310827272524985e-02 2.272722548031714043e-02 7.197407044244519270e-02 4.491380613105755079e-03 2.795927357252514858e-02 2.343667880380741197e-02 5.787576056485319725e-02 2.719988304514096844e-02 9.252285336116410075e-02
3.995062814124753468e-03 4.678529234111525152e-03 6.443957946368353285e-02 9.641062485867007981e-02 3.257427777190381041e-02 2.042484011490882170e-02 3.766767896962726347e-02 4.594368388645139745e-02 2.993685577239149284e-02 2.777146357097564841e-02
9.080634657375977192e-03 1.354668521205882638e-02 2.428366959260475424e-02 5.252206418012639322e-02 6.575867631497828159e-02 4.023151271168113469e-02 8.167448555423555134e-02 9.587950886612055940e-03 5.512121672012670892e-02 6.473255177122035596e-03
1.529081522107572470e-02 3.809819214201895510e-02 1.109579791696394500e-02 8.797213539782019771e-04 1.263268809766149650e-02 1.473859870892300639e-01 5.668716046091837324e-02 9.850092996854775337e-03 5.490013277946864667e-02 8.460125792403846989e-02
9.759992463252698675e-03 4.582334433864528045e-02 1.592271670854412263e-02 1.319691806527898553e-02 5.883209966228849022e-03 6.831500851766078575e-02 5.848488673265718474e-02 3.474570197009361344e-02 6.105153560158481374e-02 2.459443393102908604e-02
8.014600074520664141e-03 2.161835318022496677e-02 6.948111076838334177e-02 4.960045611625687328e-02 2.507341068459521122e-02 2.834323384582502006e-02 4.689556586869248617e-02 2.471872366425465969e-02 4.480087903222933210e-02 1.968346645570042894e-02
3.281492338470547165e-02 1.786851890304299445e-02 4.130236648546400935e-02 8.549859339465034139e-03 1.362194802692084580e-02 9.252833355207430721e-02 3.210600488581535905e-02 6.863844206520117869e-03 3.661900188454859928e-02 8.776769150001394182e-02
5.278837936451361013e-02 5.901301331384551513e-02 3.307750374309080532e-02 5.061821804968099324e-03 5.319328674658053285e-03 5.100803029124444110e-02 3.680098886312542505e-02 2.487030204170002229e-02 3.211967689365410883e-02 5.159015922162676904e-02
5.236654048818741025e-03 3.841767379482149969e-02 8.009658716333178941e-02 2.114254012307245981e-02 1.943246012037267226e-02 5.896667772509235801e-03 1.434408434533582244e-01 2.391093756709378876e-02 1.334324681402758277e-02 2.572147210880402352e-02
3.095793351995544673e-02 4.752551484411995930e-02 2.073667928208267064e-02 2.438803487690772639e-02 9.875359813137694898e-02 1.414282948930344584e-02 2.551085647259409943e-03 4.581863479797815969e-02 1.013317607225888567e-01 5.711339460867122415e-03
2.487194742778509049e-02 6.398764246147517661e-03 1.094914498308137071e-02 1.106049197920581408e-02 9.790535047132908897e-02 2.719531853020742962e-02 3.875292610553085493e-02 6.855254678436134563e-02 3.251449542610422572e-02 4.011097559053483641e-02
1.448333374340170752e-02 3.778601584102515842e-02 3.707855725046838025e-02 1.630868942342475481e-01 2.399459296331757363e-02 8.151262277399106554e-03 4.169594442310201043e-02 5.010049627198427669e-02 7.661902536276079916e-03 1.312777091194917978e-02
1.673640777945357636e-02 8.157995665377314187e-02 5.721041240608047695e-02 3.192363650152175991e-02 8.374693486080646287e-02 2.616847852009986791e-02 1.949286246545503792e-03 8.120581782806557403e-03 1.984885661471438162e-02 3.920489368141261144e-02
1.456522079003621552e-02 4.265578900582040617e-02 2.165196414455890575e-02 3.135906624758788563e-02 1.189803236952742885e-02 3.648980303846570405e-02 4.787087252880826288e-03 3.434736939452472104e-02 5.861649093412008016e-02 7.023137650236051244e-02
1.739006203833498576e-02 1.949696619293132122e-02 3.043051198849502925e-02 2.071287008976607780e-02 4.305174814636950065e-02 3.162461417282065590e-02 2.721535793050899182e-02 1.957803081870196360e-02 1.593156722936618086e-01 1.596028096540850344e-02
8.223263886569701087e-02 1.492765529830356562e-02 2.219950310735802589e-03 1.478516375612933149e-02 4.205975790454557356e-02 4.868280739111929822e-02 4.265811494770220536e-02 2.130996422708539284e-02 3.142176543373849384e-02 6.259059815795263437e-02
7.607225545083481401e-03 7.582061987378373169e-02 3.273574340219313761e-02 7.519784811611032564e-03 4.450678808484331839e-02 8.675373005662448400e-02 6.796964152678779299e-03 4.515133319628270026e-02 4.285348545880618421e-02 1.398508865304562074e-02
1.943396402326401720e-02 2.596857092025982305e-02 1.990626359761707084e-02 3.652191601460766553e-03 2.204651650314156525e-02 8.642009117455559664e-02 2.000296915877638332e-02 1.012732947843450193e-01 6.651247327642766105e-02 9.442714178219390256e-03
1.248859444851968536e-02 1.579909719162772910e-02 8.188076575924901901e-02 3.540334158328603542e-02 4.915516405557348104e-03 2.922492385351008887e-02 6.360389259635971723e-03 7.808682316110908406e-02 3.068424579153528065e-02 5.556410718554789796e-02
3.719075053143110904e-02 1.226938571929233820e-02 1.850030012510976707e-02 1.247902005502100203e-02 3.751371578467130406e-03 4.785948353200867450e-02 3.649460027243349447e-02 3.435075958835082099e-02 4.490534449444130716e-02 1.122532758420387439e-01
7.229104644023914839e-02 4.965835877582764485e-02 1.472087549660404567e-02 1.101022229477355840e-01 1.119384128252272695e-02 3.544840174917733566e-02 5.897100241228939339e-03 9.757138505401751968e-03 1.827340964328992567e-02 4.467395545450698890e-02
3.304050481780088089e-02 5.687437547115885283e-02 5.749278966708230854e-03 3.232436795710894734e-03 3.157522774970702995e-02 8.640435945514937655e-02 2.249953891377580797e-02 6.070322274078814723e-02 4.959364036242633333e-02 2.073439194315716133e-02
4.222096614605616582e-02 2.968797471007279462e-02 1.050536636572457494e-01 3.397968499369991013e-02 7.449190323494185931e-03 4.238932854945011430e-02 1.169542289305758320e-02 8.939610002264808744e-03 5.930354133783914163e-03 6.469621346554524366e-02
4.341027788353753886e-02 3.611359234070361801e-02 3.166688896734360520e-02 1.114398282346369846e-02 4.858213240626603480e-02 1.790872002320302858e-01 1.489628494911269044e-02 2.458400879050417695e-02 1.584011314210673899e-02 5.099995657216730219e-03
1.311338553724065471e-02 1.929230248198805439e-02 5.027698754591583552e-02 3.776711948190248497e-02 3.147970543998880599e-02 1.821748585521069247e-02 1.219140397228119232e-01 2.480695752907649543e-02 3.663945687486834524e-02 1.154397715205914519e-02
6.988728088116698441e-03 1.618057844623824876e-02 4.569137481782106075e-02 1.431631974118342983e-02 1.849709091890253815e-02 4.875961830818934667e-02 7.772177479510997133e-02 4.767979708290569218e-02 6.657364068201104823e-02 1.605457382464814398e-02
1.729479089383734181e-02 1.665800589869891393e-02 2.368724287959434599e-02 4.072559697609105800e-02 6.506876438586810252e-02 9.775645904518235826e-03 9.611844457288450105e-02 4.073528539894002987e-02 5.470114052763876480e-03 2.924337709074127656e-02
5.851199970664321126e-02 1.172979146781212394e-02 1.191955889791828510e-02 1.523442223149480690e-02 1.826144619490423227e-02 2.320183494025102738e-02 4.570161421813611485e-02 9.541209396297131717e-02 3.385056566041592940e-02 3.781058168252279805e-02
5.290540861104912895e-02 2.879488821522400988e-02 5.116609980710523642e-02 2.340900481791445900e-02 7.483838847604826205e-03 2.854191175393630195e-02 4.614939276186764971e-02 9.294281976271033530e-02 1.541761310743659102e-02 1.152565370613692873e-02
2.948731439342594865e-03 3.810675638714835275e-03 3.083862237559446828e-02 5.709004316489500741e-02 5.673068088085382599e-02 1.547365596799607848e-02 2.704690456633557227e-02 7.251658420067955135e-02 3.734429934777110105e-02 7.244747216517437305e-02
4.404291868156497494e-03 4.541943413230205978e-02 5.540949831651957591e-02 3.691693907827725551e-02 1.237570496084995988e-02 9.683086908005680837e-02 3.574964220432165496e-02 1.050372426572162982e-01 6.854485612655632394e-03 4.422162205171514641e-03
2.699239517404960001e-02 4.814018213203968832e-02 5.391114463032389836e-02 7.563040166659595887e-02 2.380008607465612311e-02 1.736063673576453657e-03 1.938379206254852577e-02 3.139781089606936276e-02 7.050428300647092195e-02 8.775347741802708851e-03
4.248111522007081385e-03 4.342296186051269880e-02 8.467700851114588756e-02 1.637675583098854859e-02 4.615281973576292052e-02 6.759105461470452103e-02 2.998518133830837401e-02 9.062735570485550007e-03 6.419653223724623714e-02 8.798064640796323527e-03
2.231409009035496827e-02 1.244497748873053637e-02 1.566434146334708122e-02 1.026844933583071495e-01 3.133445000927108370e-02 4.190250526387752361e-02 3.711302486358961095e-02 1.592312183135366210e-01 7.174994902727258039e-03 5.363198282958274443e-03
1.633022505417006803e-02 1.812560915461943270e-02 3.406443633958275430e-02 8.313919112633167893e-03 3.074382016088295436e-02 7.746442027590562385e-02 8.761136661535714326e-03 1.542762752770845958e-01 2.822761414696660365e-02 2.127146234591159937e-02
1.072665307940262880e-01 2.134950714239051625e-02 2.914642706422899271e-02 7.478289573646804134e-02 3.509553210547612656e-02 2.792228981591010628e-03 2.893810232590354400e-02 2.914926131794358041e-02 2.136812895766166190e-02 1.320855902393745784e-02
4.265778071367575669e-02 4.333354946361191000e-03 3.613193682294605150e-03 3.388068972667756390e-02 7.418205325075337420e-02 5.786483334758654729e-02 5.681523780010171859e-02 2.241676747827983651e-02 6.414229225630401973e-03 7.885244823282103188e-02
3.741884762762543587e-02 4.146696476492187089e-02 6.437178480864472196e-02 2.326297121930948064e-02 4.092421387627877966e-02 3.822626481647801999e-02 1.532302918756374421e-02 3.595433200774795363e-02 1.637287999322990101e-02 1.492433419727348318e-02
7.441038297505030152e-02 2.940233148345169217e-02 5.709242579388257299e-02 6.859782573235531991e-03 8.848218158003321723e-04 2.560737803243813213e-02 4.972265670007870730e-02 4.793146953310557790e-02 3.758569615989236501e-02 3.924858451200965992e-02
4.318706098712900288e-02 3.226099010966284458e-02 4.924505635107377655e-02 3.827723056411928837e-02 8.538049475186989395e-03 4.484716104222258304e-02 6.402654087407784467e-02 1.947123440185299231e-02 4.018673920991006066e-03 3.941606450410950480e-02
2.518206682326008458e-02 2.396391319465469502e-02 3.572317996152934300e-02 1.339558517694725177e-02 1.711259458616648521e-02 3.430076925966121792e-02 4.934629852091175495e-02 6.163958063290193856e-02 3.044142303656785162e-02 3.484278296794922347e-02
5.052573418029113889e-02 2.563870988894468433e-02 1.306470337949673377e-01 3.086259179509476258e-02 1.994871252905143499e-02 4.475019650898555412e-02 9.887045689826104780e-03 7.140211611557796198e-03 1.357973744971559954e-02 4.614644058971444779e-02
1.094306245542191747e-01 3.055105365007376034e-02 2.982341055599019297e-02 2.995175165151235663e-02 5.895022088188535229e-03 9.258517182345955832e-02 4.600748516880513728e-02 3.977900205165812303e-02 4.893180360731006276e-03 4.706778347824935524e-03
4.164061023228629588e-02 4.515906970034400114e-03 9.921257712574708607e-03 6.444639006019409200e-02 3.856360689369491002e-02 1.621117001372474747e-02 1.089208629567925829e-01 3.771914386900847294e-02 1.244704370872677136e-02 4.200951315709808981e-02
4.864247498091577027e-02 1.238170049013690155e-01 9.915896663215293880e-03 2.302493821801337992e-02 2.355928095745153661e-02 2.384264239367524935e-02 2.640539892055914287e-03 3.070371364836588582e-03 6.566099989696660977e-02 7.412896467868682060e-02
4.009110292832192279e-02 7.782865149999858290e-02 1.156644493868615869e-02 4.406520235548658238e-02 3.682130742865356854e-02 1.654830809274820264e-02 3.694589365631487099e-02 5.369224655798397750e-02 1.292239105203856625e-02 1.348708807770709200e-02
4.870525378086217050e-02 8.773716989419536039e-02 5.378051130627428678e-02 7.233668139434102674e-03 4.690134336148360505e-02 3.673809468021148328e-02 6.005676746985694377e-03 3.925034712133659322e-03 4.955924379764362758e-02 1.317786599908776432e-02
4.151047241850542441e-02 9.588382669807537020e-03 3.971037022836467270e-03 3.236575286539960378e-03 3.395559962974067925e-02 9.542171777385533016e-02 2.111405374943493146e-02 2.959130227802518956e-02 4.605258417732062404e-02 1.252171941683092316e-01
4.718412526653283090e-02 8.931367418272789793e-02 4.257811105216776498e-03 7.031366074670484904e-03 2.907236016906689091e-02 3.388348121693428999e-02 3.000619438669985262e-02 2.993700504942216345e-02 9.733234069866539273e-02 1.154428957308663642e-02
9.967192381153131345e-03 1.209940508922773550e-01 7.517516626339023310e-03 1.630613698185126234e-02 1.037602589414783442e-02 4.576940619762300683e-02 9.128505207516277031e-02 6.220022373872478513e-03 7.293385710228042496e-02 1.609966957498750947e-02
2.194995638650870662e-02 7.161464824542883301e-02 5.260038614853725092e-02 4.971299580810887436e-03 3.722221994146571178e-02 1.404693542060814378e-02 2.857781620398289202e-02 1.464544324518438079e-01 1.123360728657180063e-02 5.408223657792330351e-03
3.706362910852226134e-02 4.844035920867534317e-02 2.667509835198459550e-02 8.733708148810995220e-02 1.698927383800303854e-03 2.894047210507715712e-03 8.555284122352332932e-03 4.313178296141170071e-02 6.731209879666909257e-02 6.948450438122415196e-02
3.253963394441432289e-02 1.658050446437018821e-01 1.781184756451529433e-02 4.879431854000844913e-03 5.325065264336039522e-03 2.145946000620917171e-02 1.235116616205255702e-01 9.954314861959741995e-03 4.597285630683280166e-02 2.168805168425589833e-02
1.575311254612202574e-02 3.929229507754870149e-02 5.241821001647906791e-02 7.112983757988723676e-02 1.674853332704983461e-02 2.165797095137038386e-02 4.508439340627068415e-02 1.701359056071708939e-02 5.066458480988716984e-02 1.031669654924035825e-02
1.871735793573530912e-02 4.536799668244837630e-02 1.562281610783514130e-02 1.016617244682720307e-02 3.129465012613386055e-02 7.372445380804423798e-02 7.206177332296029303e-02 2.653339176782620185e-02 4.629771379944985776e-02 1.108457496137601334e-02
5.548410167937641718e-02 2.359486268195895228e-02 1.337156036951851409e-02 2.033481300270047198e-02 3.766325802697484404e-02 4.625965460026328774e-03 1.669840015183018667e-01 3.314308187166541131e-02 2.170701325178034727e-02 2.010403370878029172e-02
1.432823191915312266e-01 3.130098687152953196e-02 1.188563688348176321e-02 7.913256953526189019e-03 4.813554578927854710e-02 1.560022770895127392e-02 9.584459149806009992e-02 4.407324327381548223e-02 1.371644269528727970e-02 6.411281980645734332e-03
5.459739109224146653e-02 2.078248360785020163e-02 7.152282939528149114e-03 2.779053673482132555e-03 6.163368561430614123e-02 5.680265527732556580e-02 1.964357043405907596e-02 4.042478053328282112e-02 8.221457895558999251e-02 7.832365923722798759e-03
1.168010127738116216e-01 4.132890849143152495e-02 9.076404167701583245e-03 3.147243624315412824e-02 3.405144857250486795e-02 4.191292069756007502e-03 2.561512707716584285e-03 6.244473671496421352e-02 3.390649352723175414e-02 5.483160222943633810e-02
1.209129433298122835e-02 6.254451444272006444e-02 4.771118069094188244e-03 2.627456615595446382e-02 8.252541724991904748e-02 3.303506079573474696e-02 3.968463121841761705e-03 3.292146539861579013e-02 8.812343670923575289e-02 2.681298413340953146e-02
1.269260493840331655e-02 7.767879219066965713e-02 7.783945149785705120e-03 8.226176815437098722e-02 5.648137135545459181e-02 7.243602459498940660e-03 2.062736526776636284e-02 3.714597528350305905e-02 8.719652361689922415e-02 4.953740808660378123e-03
3.113625487518091248e-02 2.516608384524447045e-02 6.866909141353008672e-02 1.521019472104011283e-02 1.279038444813693914e-02 1.542135202814060068e-03 3.097114435599349763e-02 9.001094624639492670e-02 6.023586016969556881e-03 9.392919942621193174e-02
1.372959895684919968e-02 3.010809543497504348e-02 7.587984717811942573e-03 3.735033404557162179e-02 4.568039139428725637e-02 7.592382957845045244e-02 7.799142889206056584e-02 1.061368836965316878e-02 1.483159263660802432e-02 3.399149157128604493e-02
7.724074436719507997e-02 8.986057576602224373e-02 2.589159840765787798e-02 3.216947218125473101e-02 3.575264749986528656e-02 4.759420315977320147e-03 1.305856583619220343e-02 6.188371008421193059e-02 2.379051270465983373e-02 2.548636543362751885e-03
6.399854586910788158e-03 6.338362981237440075e-02 4.617979801807451518e-02 8.818182698556777457e-03 5.689809902747921394e-02 2.806145810079200414e-02 8.049971846437051909e-03 1.097643753171706482e-02 1.597459733589598474e-02 2.145053703387383437e-01
2.005112656851976149e-02 1.511598861718102017e-02 1.223116984734643961e-02 5.008199982425335164e-03 7.162671401627646040e-02 9.443051827941213033e-03 4.146548889314730091e-02 1.333602602790493752e-01 4.434889813123492341e-02 1.224993662414736173e-02
3.057148081386919236e-02 3.418963475693766185e-02 1.666730763472200338e-02 9.097011945251299442e-03 2.975593388881950935e-02 5.211721359831882061e-02 6.115983540045922227e-03 3.221707618123501732e-02 1.177776249870158554e-01 3.487916024519703562e-02
5.978734122192314732e-02 3.830877347655071291e-02 1.635724001438174091e-02 2.783164562051720567e-03 1.061196736423753589e-02 3.367825959203635949e-02 9.303990713751909836e-02 1.787110580278699137e-02 2.551493511710549097e-02 7.360593467908482790e-02
8.942653192563829526e-03 1.799501043437792824e-02 3.146768174404847296e-02 2.890049073810431468e-02 3.539994783234964165e-02 1.097506694736045257e-02 5.366112799395962585e-02 3.197171752100970432e-02 6.884023420229759549e-02 4.711755639890154168e-02
1.245847018816183260e-02 3.548027639962875873e-02 2.615365832528704360e-02 3.455243614043644607e-02 1.739784265325149083e-03 3.733142137496222798e-03 1.596598841141999570e-02 1.419900114165210392e-01 6.989774530552653187e-02 4.995082368888212332e-02
2.752350345608490720e-02 2.175755586483901424e-02 3.027233406808917116e-02 1.168167801734031758e-01 5.277911060603186766e-02 7.390305165059904771e-03 1.723955554461489154e-02 4.548768260725517820e-02 1.580341222941874721e-02 2.570616523418595145e-02
1.643695924557456861e-02 3.945261302327286723e-02 9.433199954140691901e-02 1.999263049418924243e-02 4.307145936275651871e-02 5.897948115052697310e-02 2.442573928758009702e-02 1.260971673435932333e-02 2.104193394916509946e-02 1.893029727694562486e-02
5.211833751535986659e-02 3.918577874748480766e-02 3.968870750259435518e-03 2.573172937758676920e-02 3.476072322739837822e-02 2.253071372107863860e-02 1.468173177367286808e-01 2.017072060075186107e-02 5.773542724365737094e-03 4.251906934339848981e-02
1.128565219692318367e-03 4.413708109170047522e-02 4.169672417743724990e-02 5.121165548145813901e-02 2.766815090624301365e-02 4.467634468847681006e-02 2.733482225063435869e-02 3.122102095051720871e-02 1.250646619839758666e-01 4.632857823434902503e-03
2.804045736848790812e-02 1.498769055543270126e-02 3.761757280101779566e-02 1.735145044530631703e-02 6.799941318201012733e-03 7.985228444890732358e-02 2.776160533496832561e-02 3.491169164964051663e-02 1.187870843700837425e-01 1.111616004565601362e-02
2.349657806361425683e-02 8.182996545406751032e-02 4.718731899643694577e-02 6.063929190844231931e-03 1.759577362216626500e-02 7.411128957908045753e-03 1.937063546159491917e-02 4.056710239033931020e-02 6.509412752270363201e-02 2.835825385998673800e-02
1.888408105890055505e-02 3.868346946933027154e-03 1.985537838109235984e-03 7.276275174987593963e-02 7.816083077082387753e-02 4.625806499552828632e-02 1.172977366590547132e-01 1.264566249485341541e-02 1.769539289941068211e-02 3.645656451528452718e-02
1.785649794500069817e-02 7.190566411256649193e-03 3.881215583398436170e-02 1.875703718628894678e-02 1.248938429726097199e-02 2.133161916063220503e-02 4.735710167471539334e-02 4.165852804416292354e-02 1.429430645578467496e-01 2.848310152172463250e-02
5.009718631564677449e-02 4.421136425256278618e-02 1.309534845279756478e-02 1.573379628481143266e-02 2.115472646578404892e-02 3.217926183319078787e-02 8.481181692191139265e-02 1.947039005622897695e-02 5.109047659434867023e-02 1.113462641286818572e-02
6.725308396533216139e-03 5.541414209068209508e-03 2.994871604924242287e-02 2.885222200424978831e-02 1.663945190303927485e-02 1.053764711401261878e-01 6.182627200059758604e-02 4.006949429882560726e-02 6.796571446538891836e-02 1.564765993306514724e-02
1.081382538584212474e-02 2.641882898605770955e-02 2.644770082963322083e-02 9.600225796254208827e-03 2.286390847012029770e-01 2.351676810929273151e-02 1.122238408299801662e-02 1.009909452672528574e-01 2.392600605512423123e-02 1.451013926530480246e-02
9.588909695097605837e-03 1.298806762188929598e-02 5.449366582947614418e-03 1.238733072536590471e-02 8.094617663364123139e-02 1.572190889365278690e-02 5.129124445097443807e-02 4.135346056632088763e-02 7.621168024399616048e-02 6.482627068813516524e-02
4.955529824309826831e-02 6.204144985629615229e-03 1.701437848717227835e-02 1.042032265720830297e-01 1.061589737465344803e-02 1.604410442123514052e-02 9.363406482969510725e-02 6.070314539939782039e-02 4.312107854925612861e-03 3.791016859672748790e-02
3.963780520672864627e-02 3.750715242420999546e-02 7.007039529077343197e-03 1.251519267993717044e-01 1.519440359563111603e-02 2.042113491188235833e-02 3.468127617116970041e-02 1.435775269455142646e-02 2.873482728157951069e-02 4.634351322507231780e-02
8.531595617337831353e-03 1.466505479890405431e-02 6.538304686723781130e-03 1.762270390823630212e-02 1.412729284823944706e-02 5.339143115175744303e-02 1.103474225916699636e-01 5.339020475584427272e-02 5.475538111295714938e-02 1.948632121591662922e-02
1.219173533969816203e-01 5.914496811256100134e-02 3.362219499228746508e-03 6.832555428719210011e-02 1.265814166080731634e-02 1.022546717301634454e-02 9.517101071693560843e-03 5.856987076855659641e-02 2.645329120622258792e-02 1.008266783325591047e-02
3.471738840565581803e-03 1.069476646894385180e-01 4.746810051957987830e-02 2.034903073303893570e-02 5.369272892422283228e-02 4.219034490537280219e-02 1.278693637019289245e-02 9.785617351951081053e-03 2.258385161248822534e-02 3.678330251725876743e-02
2.183089156226230773e-02 3.010777659302883713e-02 1.464530356029720287e-02 9.894076664248019348e-02 1.717924464472491905e-02 3.141583157152677552e-02 1.645293002853596975e-02 5.010870763466783451e-03 1.535855345582825757e-02 2.181937582080843985e-01
7.980082697421105042e-02 3.080942182228681506e-02 4.132486291670166290e-02 7.762248083177719638e-02 6.416099374247034165e-03 3.817078685518146379e-03 3.114227833419338023e-02 5.338558161233752930e-02 1.574862145111401851e-02 3.237916339766470225e-02
1.339384499933550798e-01 2.547067385096415254e-02 2.969953431773300710e-03 6.540891721370940479e-03 1.979425315364839039e-02 3.866214458382322139e-02 4.156912353690453421e-02 1.726616624439328285e-02 5.338712182602806111e-02 5.237093163627350167e-02
8.071331928781191878e-03 4.162104786679449164e-02 5.552302752116956147e-02 5.439750372140034207e-02 5.789571111148764104e-02 6.054083787905870095e-02 4.060101055517040952e-02 1.631966013698066004e-03 1.184843541850879450e-02 2.038590424232870901e-02
8.790086411485653617e-03 1.326112988729635789e-02 2.419036657107614952e-02 1.844356111052776123e-02 6.577683184513144488e-02 3.498491801172019106e-02 6.847061879159177522e-02 8.418599734919335331e-02 1.331249291248033650e-02 2.204929874667254514e-02
5.304998710899726244e-02 3.136314306016926845e-02 2.445603736166863246e-02 7.514035823970668937e-02 1.552824934618059378e-02 2.016121177870858899e-02 2.333732904375543371e-02 1.400835222421662266e-02 2.580413075606388662e-02 5.714712496835033795e-02
4.626116749565267749e-02 4.647883224219302722e-02 8.332318529267046872e-03 4.369163587953083482e-03 6.742207997398769539e-03 3.037668842176329681e-02 7.288915061059592082e-02 2.122894954134710299e-02 1.978585065079313532e-01 2.121151016256053040e-02
