-4.655616291316659497e-04 5.465965378157016108e-01 -7.089668142200156176e-01 -1.119771864398877159e-01 -4.193797290883539142e-01 -4.167558304488802601e-01 4.275242099887290870e-01 -3.930974737485566917e-01 -1.536244063541760962e-01 -1.781416089788081247e-01 4.124153285068711816e-01 4.024183487605486054e-01
4.297357897615809441e-01 -1.250293999346735185e-01 4.389726000125581673e-01 -6.226487932190305497e-01 4.581608876251632156e-01 -2.438226020587319909e-01 9.868530918967642895e-01 -3.370494135432419158e-01 -1.167143657962972148e+00 -2.366619186354905757e-01 -3.234131710175899288e-01 3.805098171037302190e-01
7.945265616206077797e-02 -2.820770946728510808e-01 -6.857886669710555605e-02 9.624402787021973937e-01 2.204320583146239243e-01 4.393803165128146171e-02 -2.596347174170935412e-01 2.349569342177230680e-01 5.321120363472507941e-01 -2.623663470561165556e-01 -2.234038610881566578e-01 2.976008977587797366e-01
9.265486585262016073e-01 4.542505524464783284e-01 3.156014132523264348e-01 -1.915361914938345789e-01 9.688546216467935901e-02 -2.135768130201247950e-01 4.867246655923037658e-03 1.060282700593146027e-01 -4.994300288962669199e-01 3.800092714132246446e-02 5.162912303228374133e-01 9.910987463342930959e-02
-1.493120459624456942e+00 4.576079583077461432e-01 -6.971541104601067240e-02 6.057318006809219169e-01 8.171994746644860586e-01 -9.994000886766793990e-01 -4.870300293754019627e-01 -3.559095178402150172e-01 -3.751909630668339712e-01 -5.745649842467702717e-01 -4.488721601940638406e-01 -6.099659220368977008e-01
-2.786982824210837983e-01 9.426974302103786618e-01 5.249105637490542346e-04 -6.127199640005364101e-01 -3.374786167284394844e-01 -3.124493744645941429e-01 -4.085127667311505562e-01 1.605793461803458333e-01 2.298847563103999236e-02 4.389738547985398420e-01 1.708429098738325491e-01 3.333382842054078421e-01
-3.333881682664937562e-01 4.352250052925356605e-01 1.009697506373343101e+00 9.282834706894137478e-01 -3.163355089825765076e-01 2.176513835057805601e-01 -3.732557193158267395e-01 8.248097336259012369e-02 4.512994430376165433e-01 6.572162878406824227e-01 4.202856489045132538e-01 5.072650497407806824e-01
-8.378960810704376427e-02 -7.132800493972470957e-01 1.203926231993963425e+00 -4.698618558577893345e-01 2.497196215370111883e-01 -2.551701696025221455e-01 -5.587920988757052454e-01 -3.755126809415866296e-01 -4.900580006725896443e-01 8.082577524118943202e-03 3.344619206609121820e-01 -6.405060905090419476e-01
2.952382475116314131e-01 4.502391341438725103e-01 -2.556638863755263391e-01 1.257819532554925457e-01 -8.456517536924916534e-02 7.833653214472968696e-02 2.057930461083389284e-01 2.378303900883160238e-01 -5.486419703653480084e-01 6.457372095391741840e-02 -3.064101704995328967e-01 2.695300450166613349e-01
2.210704873597778564e-01 9.944650594234402674e-02 2.044576507497756351e-02 -1.968858156275097582e-01 5.552589054250218759e-01 4.519227761408757538e-02 -7.567218142721637841e-01 -1.104908096776071325e-01 1.441569898802950445e-01 7.829121637102406384e-01 -1.026517113922527542e-02 1.481476311950089275e-01
5.766917021524233800e-01 -5.259286300863704744e-01 -2.773393822979883239e-01 -1.200092720683259423e-01 -5.937457512118048120e-02 -2.512903205623217562e-01 1.566894204632758303e-01 4.880862482601260877e-01 6.035338107140606478e-01 7.749901130853813491e-01 -4.617062325083664542e-01 -5.557595777148834904e-01
-1.735959096727567041e-01 -3.136144996965880005e-01 1.567992281098362362e-01 -1.321664113108053096e-01 -2.581118982631011582e-01 -1.675093436444308748e-01 -6.893029487477233541e-01 5.265521121886694855e-01 -8.580726290583666760e-01 -2.107024942147115443e-01 4.464280960428994027e-01 -8.987060770396273490e-01
-1.831448512357135294e-01 -2.175327027215346321e-01 2.041605548714705842e-01 9.652728344967419216e-02 -7.418390826386522807e-01 4.853560833480000114e-01 -4.255330354720214536e-02 3.402499576653998381e-01 -1.976667836910669662e-01 3.322906825429685074e-01 1.736378101153167319e-01 5.513080534388550280e-01
-5.741687487077135055e-01 -7.112870381594208480e-01 3.106768202186526162e-01 -3.881978467995103599e-01 6.680475494233075739e-01 7.843342256407162538e-02 -5.963527844600657185e-02 5.536469476579167770e-01 -1.503050682949431671e-01 1.441903783968674357e-01 4.005818833637372900e-01 -2.411944694145238266e-01
7.943810986544903585e-01 -1.868181535083649758e-01 5.170676808155301174e-01 -1.683942566413329234e-01 -1.737102704276579923e-01 2.068972976110172723e-01 3.856270018423914592e-01 1.509092137013815504e-01 -9.250091687041168687e-01 3.620373258006057693e-01 -3.320436874896291468e-01 6.711159060900191431e-01
9.399468311004098853e-01 8.519881215392516305e-02 -2.683805907899153038e-03 -9.147965489489762181e-01 9.914448980451784355e-01 -2.027923110562253051e-01 4.041727683913990399e-01 1.114632844933519523e-01 2.793099705274759148e-01 2.652751710390575113e-01 -4.630370234273031849e-02 3.050577769138138606e-01
-6.087457834606395668e-01 4.477312612054126784e-01 -9.990236552375406642e-01 -5.487936859716181504e-01 -3.165664606820128291e-01 2.525424633705381505e-01 1.182647440866612332e+00 2.377756537783179414e-02 -9.215512644454676439e-02 2.098900204957940829e-01 -4.265846381523675790e-01 -7.307685089903004361e-02
1.521383623879613706e-02 1.388480329768944088e-01 -4.104228377689234097e-01 -3.733990970221710004e-01 3.444902371913309835e-01 3.839450370429695059e-01 6.412191008487008181e-01 1.803190384128543489e-01 7.501497764272349045e-01 -4.860489488111716105e-01 6.932773184161569180e-01 2.590817893365219837e-01
-2.325079356830303257e-01 -1.404349361665502005e-01 -9.127079981923515994e-01 1.917011596456971168e-01 -1.410677945125011490e-01 -4.212095996731690661e-01 1.011987923123323752e+00 6.559523881167009796e-01 5.805668957134467734e-01 -3.568674990826422588e-01 9.328860058198763794e-02 -1.036509080413379330e-01
3.885509276039443294e-01 3.032409262527205329e-01 -2.236393650371879815e-01 7.949900053354211904e-01 -2.475954485398129401e-01 -1.457153126584077515e-02 -1.126639463207729230e-01 9.811891671615015353e-02 3.002656831260266390e-01 -2.273366136777959789e-01 4.563517535933326458e-02 4.584180282918186577e-01
2.163131064709284679e-01 1.787544530476082860e-01 -1.286908205529624927e-01 4.873364104016056353e-01 2.455730614857030980e-01 -1.721436409705541515e-02 -8.424684449542240230e-03 6.731717733399104897e-02 8.370829929996218555e-01 5.746598424317337361e-01 7.229056835911726320e-02 1.729786442011753134e-01
5.951300739316063293e-01 8.896008535953122687e-01 1.844314078511882782e-01 -1.425194038652924100e-01 7.015175905471771056e-01 2.779029787381847028e-01 -7.383092803679676130e-01 -1.329794932395705065e-01 -1.251774964135041746e-01 1.482648388127641714e-01 7.935953463141443009e-01 5.401780789882302258e-01
2.226009793087363464e-01 -6.053791193667377307e-02 -1.653453112428570071e-01 4.153342663616232944e-01 4.969442109180036149e-01 7.514872456681286339e-01 -6.093283637040733947e-01 2.466981499458508753e-01 -7.131162694939928715e-01 3.315690855709587104e-01 -7.251134079218100048e-01 2.473088823607182685e-01
-3.767718195938080661e-01 6.815318629526480043e-01 -6.746843813126048028e-02 7.935016172356620379e-01 -8.993991381054008971e-02 2.104201867773616841e-01 -5.721395630915581121e-01 5.517159935821336347e-01 3.818174305387451173e-01 -5.566706279205411306e-02 1.728725813036624537e-01 2.587929855281373079e-02
-2.515476133449314963e-02 -2.413857921476801061e-01 4.637427980682594653e-01 1.040819406191175051e-01 -4.211449846038494149e-01 -3.484720628670480158e-01 -6.596977475832443982e-01 -3.363788137290606856e-02 4.050789954818875827e-01 -9.222046378454852311e-01 3.821703111503567118e-01 -8.453678934607663509e-01
4.328921567768883455e-02 4.525326316521920966e-01 4.233499102044541718e-01 1.803789299637295618e-01 -2.326186241246458730e-01 8.777778670389890792e-02 7.228749832864272973e-01 -1.354996812999549605e-01 -2.438907418568884156e-01 -1.388766055211459738e-01 -2.361959227756505186e-01 5.184669119563529716e-01
-6.799371402435820944e-01 9.611423692075757308e-02 1.926090403001774476e-01 -8.844450881007668297e-01 -1.287918108347285984e-01 -6.764109627671167635e-01 -2.745986454060641013e-01 -5.458967213394083640e-01 -2.422447351703914675e-01 -6.829658681753734140e-01 2.779112956614705476e-01 -1.569041489167181391e-01
3.682159115957829854e-01 6.668268020247328752e-03 1.532601025605577205e-01 4.315481946176580874e-01 -1.250958444889016530e-01 -1.710339096334939912e-01 3.428868213836649415e-01 -6.750964235889799214e-01 8.910697241039906846e-02 -1.777128126760806892e-01 6.335756187170247244e-01 -9.758959224956861300e-01
-6.733744422346701897e-02 1.026173975256789023e-01 -1.943447381831997223e-01 6.058245209624743000e-01 -1.165060055429471414e-01 -1.019880761138511227e+00 9.215885411954114967e-03 5.170127911533138887e-01 -1.555479289604611015e-01 -1.679177521220118763e+00 -2.587735249762696931e-03 8.501067420727291823e-01
2.196204044204166234e-02 1.593249684692940593e-01 3.827803486644659747e-01 -4.818876745626957114e-01 -4.891503591242307158e-01 4.688186007703443181e-01 -7.934602490504314432e-01 -2.706185420843097988e-01 7.548796053566707576e-01 6.214586030787280224e-01 -3.132883400199791557e-02 -2.249562953723203973e-01
2.564572896938278612e-01 -7.230474757748589498e-01 -7.019595938127229928e-01 -2.420624718634953043e-01 -3.568467302380342043e-01 2.977548170647258408e-01 3.716597267553111705e-01 -3.697868118288243910e-01 1.080509791132621411e-01 -5.812027419432355124e-01 5.064647989124769767e-01 4.600259209043574549e-01
9.123219514797789587e-03 1.913257177459757805e-02 6.172923688499845074e-01 -5.524515958933380322e-01 -2.903782755512611669e-01 2.699460144735117972e-01 -3.669224771472138213e-01 -3.284584473109398162e-01 4.505661996505399003e-01 8.477163035420133275e-01 6.329530240062857249e-01 -4.656259545755002116e-01
-3.432929827333510708e-01 4.124344422180850622e-01 -1.686735377501470401e+00 4.868317534477791808e-01 2.490767790722075992e-01 4.039257302056372123e-01 -2.555135867544949813e-01 3.594618824489351216e-01 4.920236201619150873e-01 8.050632414976331974e-01 3.743141363898602192e-01 -3.366795720299653460e-01
-6.839376684723365296e-02 -1.842472206843590865e-01 -2.181895305759017079e-02 5.139227782017126156e-01 2.077624959576757913e-01 -4.613023366659869118e-01 4.477476473510877408e-01 -1.949634809182607675e-01 -4.528269157381482057e-01 2.922072955500596425e-01 -3.477056903677018251e-01 2.182904179164596170e-01
-3.017069559959885128e-01 -7.124100210024019164e-01 -4.468021723848092375e-01 -3.285645836697677624e-01 -3.015198671004286068e-01 -9.304854459540993356e-03 -1.779816869026696613e-01 -8.168697533388113996e-01 7.309061700771406489e-01 -2.981258016409819023e-01 3.602252269740395807e-01 -7.539783518803313545e-01
-4.324647189398669322e-01 6.888879298352363900e-01 1.092155800381271469e+00 -2.215877203083895519e-01 1.375982876805159905e-01 5.661402835122669730e-01 1.186198506233187705e-01 -2.873746765849560791e-01 -8.447296816739613412e-01 -3.485620134742491993e-01 9.644788792330871718e-02 -1.966621308533224866e-01
-2.652162952455494604e-01 3.000702396219743218e-01 -3.725677052604854933e-01 -3.404306214518580953e-01 -5.207641943279494035e-01 -3.646438819559552277e-03 -6.830368077530588611e-01 -2.600383748563602215e-01 -2.404751733326946916e-01 -1.122563107028276663e+00 4.230921863596164845e-01 -4.742196506571488279e-01
6.785324407600233920e-01 2.168902208570763768e-01 -5.194256606823453026e-01 2.746945259255952898e-01 2.624521964416265951e-01 -6.364971875653665512e-01 9.050148920420484355e-01 -6.121659419901419596e-01 1.453655317235306721e-01 -4.109884017711747939e-01 8.586635838718958968e-02 -4.341896480326430940e-01
5.608202760264546782e-01 -2.392547093521032661e-02 -2.155627492737188788e-01 -3.913394884631399284e-02 2.444547005498787229e-01 -1.051303416190868117e-01 -9.326407151529041428e-01 -5.298872972857403552e-01 9.510283444978110401e-01 5.897297830958352360e-01 -6.542473029530130324e-01 1.638429478156419039e-01
-2.355729187007842354e-02 3.483493639230772487e-01 3.053732692098855561e-01 -3.144490364641406299e-01 -3.005639324777562571e-01 -9.055455682657059802e-01 2.247092946679019043e-01 4.833655714619991550e-01 -8.740770957168481764e-03 -8.989406086026142662e-01 5.740024313384335664e-02 -5.750521846176902263e-02
-3.116108349958943702e-01 -1.415941010757891250e-01 -6.248626494312815582e-01 -3.435984944058173007e-01 -6.609721019593176594e-01 1.465407500566983101e-01 2.719815461794412026e-01 -5.701372176656532842e-01 -2.672319245596633044e-02 2.539849064696154124e-01 2.565083313118162733e-01 5.810502074162268160e-01
3.437708749695892463e-01 6.101776549471966682e-01 -3.521076145125006662e-01 -2.236634003530779957e-01 2.321957881488003750e-01 -5.041144199500356970e-01 8.722877732673649243e-02 3.971903540170823588e-01 6.475660546846238874e-02 2.437117517427118268e-02 3.456645873819133019e-01 -6.704644309610683361e-01
2.887065898886201354e-01 2.258201314625397360e-01 -2.362205422744608763e-01 2.252642354352097920e-01 5.830897092257457670e-01 5.118138965051513001e-01 4.677310827658298642e-01 -4.128773811704498087e-01 -6.330663903157311978e-01 -3.958481724212022795e-02 2.060734074157652418e-01 5.892842112099403451e-01
4.720559668391058894e-01 5.019219050725116649e-01 3.707507816482117913e-01 1.795255072297527454e-01 2.577949203199196848e-01 -7.582860352536671122e-01 6.975033461409723134e-01 -1.104226302287009798e+00 7.411972250928273720e-01 -3.843578667095744195e-02 1.112639970817776325e+00 3.261738436374562733e-01
1.426617398739215559e-01 -7.872898364745470334e-02 3.884263237897953025e-01 8.733457575394940053e-02 -1.172667547782765274e+00 -1.326858785057816181e-01 3.800967322996965936e-01 -2.665707069067420609e-01 -1.547411515497169321e-01 5.760587345031282364e-02 -6.008627761358599217e-01 2.715793929230944093e-01
-6.026598218817085240e-01 -5.467573485050243320e-01 4.196379758363790180e-01 -6.397279957743960965e-01 -1.048933892298643533e-01 3.597426729566225445e-01 5.798226651694295963e-01 1.077879608131501049e-01 5.278266448786188558e-01 4.487769918434033056e-01 2.247494947788801489e-01 -9.143991352812029516e-02
4.871915617833977863e-01 3.231510632383081116e-01 -3.392720956804424204e-01 -1.161143482295256213e+00 -7.563543156945409240e-01 5.448214138550547814e-01 -1.904633359919821745e-01 3.995987556225468751e-01 -7.033757914379534792e-01 2.103402412024873991e-01 -1.160272903415024703e-01 7.738378316199599760e-02
1.372569266833410795e-01 1.239447049815483481e+00 4.027938169862298468e-01 -1.397252468690413085e-02 1.216792090844033059e+00 -5.623460975144926044e-01 2.622162460781243126e-02 3.848898758564500144e-01 -6.866659983358125441e-01 -1.065362074737898485e-01 -4.543195695420634284e-01 -8.590335973940285141e-01
6.604985769652897964e-01 -4.220943169664196915e-01 -2.861981226252254262e-01 8.188076010399876481e-02 3.444752868368566867e-01 1.353351643318076170e-01 -3.946697626919316582e-01 3.179071286256709428e-01 3.024700998004616892e-01 6.901137794222323985e-01 -3.076979940227485000e-01 1.812992792401796893e-01
3.056366420081934598e-01 1.364396159028785638e-01 9.669729863544554993e-01 2.168462845232150271e-01 -5.668039457680833504e-01 9.452272091483497271e-03 2.756235147184264433e-01 4.860950114502401997e-01 -2.936824150405305534e-01 -7.373965750756203974e-01 -9.472098263654132877e-01 4.406125886923941137e-01
4.559143062380895950e-01 -2.735577939064970376e-01 -6.899763159304992399e-01 5.244787690755521314e-01 -2.117103282595095004e-01 4.364702269638517929e-01 -9.857285923990540821e-01 2.357238023290923190e-01 -5.527461101061675874e-01 3.975140881800378612e-01 -4.534494022169437422e-01 -4.485982911150923069e-01
2.915333493746580795e-01 5.817746137673895229e-02 9.553832620850363777e-02 -5.684124404405518360e-01 -1.027785397396323575e+00 -2.114784026168795295e-01 -4.570959906265546074e-02 -2.392556052965345015e-01 1.459753353667003206e-01 5.571648871985914603e-02 -4.613454055553641298e-01 2.457239497251124949e-01
4.119140665185587746e-01 -8.758107609972595742e-02 -1.668560130496135052e-01 5.284571243911618810e-01 -1.232299494117362393e+00 7.161914524601380450e-01 2.347874811923595373e-01 -1.306770963755059523e-01 -1.033804600005478885e-01 6.072386222323482574e-01 -4.379890739196815597e-01 -3.823229691064281011e-01
6.652641691192304751e-01 -5.046108114649724419e-01 2.313505239068661956e-01 -6.784771131260626253e-01 8.699332775662816930e-01 1.857554799804820855e-01 -5.491387344060988385e-02 -1.586278213780814919e-02 5.260206072637667596e-01 3.086500363621308418e-01 -2.851225166672802236e-01 1.198761337487855849e+00
-2.500676188343826101e-01 1.383144310828520462e-01 -6.437004435269122471e-01 7.292006374682071801e-01 -5.943699349231174045e-02 -1.195459387664072476e-01 1.280493278470065666e-01 -8.022486938700823522e-01 4.625719232741847819e-01 -1.391311718104158102e+00 2.191278368784418118e-01 -5.425278722540056719e-01
-6.475315094936544558e-01 4.540965865465874107e-01 -7.272522496240039214e-01 -6.510292558557104203e-02 2.018904847532361768e-01 -5.159318120388624029e-01 -7.672449956361490075e-01 -6.522615109703941982e-01 -2.268347784392437672e-01 4.221072465489196235e-01 -8.734765028759252647e-01 6.232929079282244489e-01
2.552847887011353012e-01 -5.839677654571641119e-01 -7.179835776013679394e-02 -8.107340257108548442e-01 5.592989116680142647e-01 6.972621077361974562e-01 2.885916544332693401e-01 -4.352146360606797271e-01 -1.943059731324086326e-01 1.376097348077170712e-01 3.105279802774774025e-03 -1.001626708540129529e-01
-5.997652192082761902e-01 -3.160787124013169080e-01 5.058369429252870253e-01 -2.936886845067728236e-01 2.068937619131929750e-01 -1.784973179625139461e-01 -6.334049568495818405e-02 -5.773841740261357325e-01 -3.627439262165664535e-02 -2.080418586330894382e-01 -5.304382243642496997e-01 8.333917560129963098e-01
3.134536347330638684e-01 -5.608410562715058223e-01 5.258497289828474308e-01 8.127644409947009096e-01 1.263200706170213516e+00 -2.463051075798634859e-01 -2.783654162915922170e-04 -5.898214829626481359e-01 3.116329722341127373e-01 1.096606977072323436e-01 -3.414766974984692061e-01 -1.736472841263160538e-01
1.656760194077118919e-03 -3.057100474632909459e-01 8.309667691089527020e-02 4.741691659787647950e-01 -3.201951409252689063e-01 -7.096589814700867693e-01 -2.527322431119413126e-01 -7.668207827596515980e-01 7.936289572757871946e-01 -1.041262113766709962e+00 -2.775093694715060066e-01 5.572746925476413926e-01
6.595183757846205530e-02 -4.642802018570424405e-01 -5.046449267786484727e-01 8.840932216902477880e-02 4.102397382117085600e-01 1.303777289401253370e-01 5.700431038129247785e-01 -2.416474553222871385e-02 2.049437166883469608e-01 3.244249799354710917e-01 5.654863974260462278e-01 9.740551420854726139e-02
-6.951021742817291571e-01 -2.692118127828269092e-01 9.455502833961811071e-02 -1.021881587749938654e-02 1.149151091003975250e-01 1.067393506865002895e+00 5.759826170257204697e-02 2.735717633999684706e-01 9.714278803062181833e-01 1.552349671092672634e-01 4.102840764429736553e-01 3.644305295912619314e-01
-2.183430619249515925e-01 -1.009062895039118946e-01 -1.715967190352247762e-01 2.115461167432350353e-01 -3.474640119842068442e-01 -8.184663374914717682e-02 -1.011775518889310721e+00 -3.359943986291194506e-01 8.075788159420559387e-01 -5.993424350721593408e-01 -2.169104406915207395e-01 -1.681258718043124323e-01
-5.966277425119875799e-02 7.677826508404021755e-02 -1.301921268687658673e+00 -3.545428080381191616e-01 -8.634035155054750055e-01 2.174425714570950852e-01 -4.324566832379087011e-01 1.093840414419278428e-01 -7.919932000269194750e-02 -2.566760954475992840e-01 -3.583958880596047059e-01 7.323357678776132307e-01
-9.690113718479315130e-02 -3.710117378589317116e-01 4.311853415355795249e-01 -3.775344168813738605e-02 4.334680997571063732e-02 -7.212141507078140279e-01 -7.477461837586339699e-02 -6.890897318712821407e-02 -1.083214376867374235e-01 -2.282903473498280322e-01 3.124409057988423166e-01 -1.048060695559163147e-01
8.896944259189725202e-01 1.592011664498134693e-01 9.039034275066414326e-01 8.427653943366211209e-01 -1.547864945452867569e-02 -2.002989717484367216e-01 4.476922899029314173e-01 6.093671645647723567e-01 7.043504168271228494e-01 -9.768468252476147917e-02 4.137970275189304936e-01 -7.900886353813880991e-02
2.620018778232319767e-01 -2.470128006337146964e-01 -4.959004671617662230e-01 1.391952313883847159e-01 5.195841199980768144e-04 -2.605773327527680094e-01 -2.997823529039411183e-01 9.800001155046997869e-01 1.939052477085207449e-01 2.333353221651175979e-01 1.332282873512317389e-01 -6.614080517858813568e-01
-6.408490943715164923e-01 9.283165090584739876e-02 4.931805581809693417e-01 -1.067460519666836749e+00 2.369023799792917551e-01 5.571451643613744009e-01 2.600143025003732178e-01 2.528402453956281049e-01 -3.444925832657201314e-01 6.027215404693010425e-01 4.906045859668046183e-01 1.762326007842352285e-02
3.737393503310779685e-01 1.066706711038656052e-01 3.474736508816738123e-01 5.724797595989046251e-01 4.271867344042108994e-01 4.497328643426633937e-02 1.096009301740408365e-01 6.097783854789059349e-02 -4.666223545820105678e-02 6.715825241368454657e-02 -1.158622640763676687e-01 -2.761373637220332355e-01
6.428611562661253054e-02 -8.531714406076182367e-02 -1.605145431424784552e-01 -1.241355019323891890e-01 -5.646879454222519801e-01 5.899946182187348898e-01 2.554618634840610247e-01 -4.261841877806723522e-01 6.503896551354151345e-01 5.243922511723319024e-01 9.539274382970318600e-01 -2.635597500369701862e-01
2.389370692564404125e-02 1.248691393582793963e-01 -4.159992665951077750e-01 -6.137621544004734364e-02 1.071621740972181769e-01 3.387063737808828634e-01 -5.823678644713242702e-01 -3.977233097523525940e-01 -4.570809408835682652e-01 1.993827345936601547e-01 -9.839168117282416359e-01 6.569940110228068564e-01
-8.160176228572302293e-01 4.200295743249180536e-01 -5.084268768926211157e-01 -1.260074384190930930e-01 1.143652915403883252e+00 -9.126430012185554608e-02 6.368758060405871335e-02 -6.681921742787971796e-01 2.037762454383573729e-01 -2.420187567827278841e-01 -3.343188026658451273e-01 3.515649756290531447e-01
-1.168947225308127474e-01 1.789879050008592321e-01 1.100202957113872726e+00 1.046365370555224217e-01 -3.610945785448808204e-02 -3.288022529034647090e-01 -5.786301875518119475e-01 7.777511288991779959e-02 6.575310164539137636e-01 2.949679784959778894e-01 7.975454367345463647e-01 7.458022582810127643e-01
-3.826533424000326811e-01 -3.736449113873445138e-01 -7.618550500050567109e-01 8.383015905799036382e-02 -2.633126527765390912e-01 1.631266489345582771e-01 7.161278648114718370e-01 -1.276541261727441937e-02 -3.959751157122089887e-02 2.431235498860039382e-02 5.351368806657494717e-03 2.446559255044245262e-01
4.344993383805069720e-01 -4.368069936883036131e-01 5.206222049332018958e-02 1.240088492829882760e-01 -4.419774545903892848e-01 1.648117184205080965e-01 -3.882036894074678002e-01 6.143710131630536475e-01 -5.630971938717553860e-01 -2.463119784529158376e-02 -2.036628789854025290e-02 -4.272691290680742937e-01
5.794557766173263902e-01 -3.635646465047551734e-01 -4.630413280782756935e-01 7.695101036224458735e-01 -9.132594938719739153e-01 9.457872552653218134e-01 6.166002616943969672e-01 5.144776361006972998e-01 -5.740169995031311201e-01 -5.645161036598579374e-01 5.239052496849975205e-01 -2.327284856748612629e-02
3.529755618504626293e-03 -3.767807719563687208e-01 6.890794783586801087e-01 2.878640092977375886e-01 -5.803708538273205653e-01 -2.826601742848590115e-01 -8.846291145697523506e-01 3.338172873613720060e-01 -1.730203724867272197e-01 7.191941034555497936e-01 -7.591832431248395352e-01 -9.595939028321080755e-02
5.065524788815009005e-01 1.873131489414097128e-01 -2.421872417010104417e-01 1.003503352014804562e-01 9.063717280546394750e-02 -8.185763480227898903e-01 -8.996776090728346720e-01 9.162525324782822000e-01 -4.994086752083883723e-02 2.409481781249465659e-01 -3.292172644724492003e-01 7.638579503399131609e-02
4.036437413237976557e-01 8.505970157848017354e-01 -6.268781698279349834e-01 5.234845576530845479e-01 -2.939611807754484787e-02 4.855485500230069529e-02 6.374207751644815900e-01 -2.642326430229653411e-01 -3.241225982936075112e-01 7.455224813734118161e-01 -5.807739901244595160e-01 3.393584742313929259e-01
9.211900692759276976e-02 9.128560895699914246e-01 6.329102226919899321e-01 -2.360655719725018517e-02 4.435803375962711348e-01 4.068236685196894298e-01 3.710330879124904557e-01 7.340744029073376087e-01 2.050744898678431016e-01 5.048600318751532701e-01 -2.151484320006039341e-01 -1.155301955172122197e-02
9.127132051886934772e-01 -8.028287930843960307e-01 5.866235594469317860e-01 -4.515126203444097541e-01 -5.571850282685298500e-02 2.277065286020775181e-01 6.644715486375656344e-01 -5.349691907434027671e-01 1.661152969342640784e-01 3.346507541545674647e-01 1.231691733943153511e-02 -7.522767058625202952e-02
-5.383395356936255816e-01 5.311984431102386578e-02 -1.948180715724953938e-01 -4.872614494243674571e-02 6.278997014928586196e-02 -4.092547442080448072e-01 1.827591446374253747e-01 -4.577497000173989528e-01 3.386537088598468026e-01 -3.460181838813562033e-02 4.589953835741278909e-01 4.754841086943443762e-01
5.672566892559702811e-01 2.242774720231435204e-01 -7.042554292484787259e-01 6.222559784352466039e-01 4.492476434055662771e-01 6.996834579043135216e-01 -3.323342260449218544e-01 2.948514068679880529e-01 4.416647044458142934e-01 -7.074042271382373626e-01 -2.585651043823232742e-01 1.626269738599470938e-01
8.814082584845439605e-01 2.422510742011046714e-01 -6.812081639382615572e-01 3.984393324809597514e-01 8.332075620437427999e-01 1.100881333868910378e-01 6.947363126375906139e-01 6.795228067867316035e-01 1.184307753314334383e-01 -2.839664407426427672e-01 1.404494020445993807e-01 -7.976327732796327508e-02
4.348718885701937653e-01 5.104749538745839699e-01 -4.249846588793087902e-03 -1.523181410034422090e-01 2.715880232909365088e-02 1.863713009923663455e-02 5.785578050647544046e-01 -1.436109498408432439e-01 -1.035476688408551310e-01 9.819772336573443505e-01 -2.437737339443779572e-01 -3.975551812147608277e-02
-4.162826016419619857e-02 4.091529544182995193e-01 -1.798761056883034226e-01 -9.452059086673293697e-02 -3.907517443617019026e-01 5.583861927212664389e-01 -3.720981547674105383e-01 5.051807149709447442e-01 1.029892574731432198e-02 -2.268914310770286380e-01 5.537778955006968790e-02 -5.973071171559504178e-01
-3.779129575470755592e-02 7.517700176926599143e-02 8.720325934364673293e-01 -8.676560582471397609e-01 -4.407539636596820576e-01 -2.440981877395602961e-01 2.424268897912418286e-01 -7.338145492899857125e-02 -1.382108128401689506e-01 -2.983639721536576750e-01 8.487787533388448935e-01 7.557432977356352000e-01
2.610151450486973834e-01 7.936956174733807157e-02 -5.269085898489340725e-01 3.786659456828775916e-01 -9.294540415201026085e-02 1.552692733964525784e-01 -2.859737694195346042e-02 -6.625519097899852383e-01 -2.530866180359917506e-01 2.929723172241923135e-01 -6.889371632810049606e-01 4.253989531722714434e-01
-7.997245587348443818e-01 3.842868098255309284e-01 6.091354531766469682e-01 -3.883582830498351068e-01 -1.114301201916543915e+00 3.423425798448040958e-01 3.997471746164047990e-01 -2.023528851495711989e-01 3.420874624317299384e-01 -3.807142894510386344e-01 -5.680488519679008919e-01 -6.482413325180595987e-01
3.782519671879229772e-01 -4.798158783382182324e-02 -2.422989338028483097e-01 -5.073020503330864100e-02 7.195846752308788785e-01 -5.537914622765757189e-01 -3.556461733031913708e-01 2.254552619998484719e-01 1.258276155941880359e-01 -4.362995364420952926e-01 3.760338250710839603e-01 -7.484690783635288003e-02
1.118114900562392933e+00 2.358498262524915956e-01 8.108503501819941048e-03 -3.304601353518629159e-01 1.962112478598232179e-01 -4.429808529287364016e-01 -2.796155618147531940e-02 6.841917434638057349e-01 6.636894345366627090e-02 -6.730114427394920940e-01 5.166125984845604258e-01 -2.569281088426980109e-01
-7.383675425623137563e-03 -2.282280063698749473e-01 2.187271834744899113e-01 8.580130951230448000e-01 3.688824623135832925e-01 -1.682322816147880651e-01 1.264711915389629127e-01 2.092774570401200185e-01 4.996994029146432093e-01 2.488013880973617142e-01 1.870117040830076849e-01 4.890425365251626494e-02
-1.230817759735094719e-01 -1.625724876863074431e-01 -1.098093898471332430e+00 4.537237170106386275e-01 8.599664567790091807e-01 2.916258340421692963e-01 -5.790833491105795705e-01 2.770699883564474719e-01 -3.848124539561848523e-01 3.646598547582260430e-01 -7.167418665017116775e-01 -4.575377309743610676e-01
5.068471743244630512e-02 1.008269275560675693e+00 -6.585859556161326456e-01 1.844966002503397456e-02 -6.901505658402147525e-02 6.943749952849099794e-01 2.236976667781176709e-01 6.843022064346416800e-01 -9.288522232724630290e-02 1.047567181909790229e-01 -8.385050152340334240e-01 3.859997422183255589e-01
-3.283728878358236486e-02 5.130993402748541543e-01 -3.925087865173495505e-01 2.614492366452976224e-01 -5.653788258117425913e-01 -1.055407399403627267e-01 -2.306339558361648334e-01 -7.287921994903728828e-01 -3.292180770456916705e-01 4.480599021749452349e-01 2.360196278461632047e-01 -1.072995288213368370e-01
-6.258919608479920349e-01 4.778062481148959706e-01 4.659252156134873202e-01 1.100896700023537900e+00 -3.934865718514986010e-01 -4.392319027594503433e-01 -4.069299568043762555e-02 -6.014321312683489351e-01 -1.053334252800181420e-01 -6.008647646921689844e-01 1.023292838325512211e+00 1.284082850114206975e+00
7.681020172157325410e-02 -5.960653391167382020e-01 -2.770167139897953823e-01 -4.134136411213388262e-01 -2.356229173919485997e-01 -9.824858155139752636e-02 -4.732577692367985756e-01 -4.347273052289694073e-01 5.695808938623305728e-01 -6.751028889664553168e-01 -3.265347434786758374e-01 -1.591551587083388786e-01
-3.589938468175381953e-02 1.095573798760343553e+00 2.921235176551387758e-01 9.316658590870630086e-02 -1.244591142452960847e-01 -1.062659735952411338e-02 -6.449930193940683898e-01 -9.329707227746854015e-01 3.983092487531490061e-02 2.630840961576394466e-01 3.514523436191118178e-01 -4.409096334637541137e-01
-3.526122722254675101e-02 -6.075101215212892480e-01 -3.819734257180011361e-01 3.564845172819637864e-01 6.107233269946006349e-01 -2.922478883374113323e-01 -1.593752510719484983e-01 -7.537393870506705618e-01 -1.784633685428639038e-01 -3.859534662690902174e-01 -7.434631985747591765e-01 3.094597297156296278e-01
7.762458592320113648e-02 2.814486502667895018e-01 8.767527070474319117e-01 2.238270049986289256e-01 2.898293118530458901e-01 -2.448022193356781950e-01 5.667157213757764156e-01 2.583878361484969743e-01 -1.670151462815840093e-01 -2.961529152991168035e-01 1.950484099789845660e-01 3.125128574952926730e-01
